10000.000000000 0.000000 0.000000 0.000000 0.000000 0.000000 0.000000 1.000000
10000.033333000 0.010922 0.004817 -0.001562 0.005087 -0.002607 0.009530 0.999938
10000.066666000 0.021486 0.008924 -0.002653 0.010502 -0.005041 0.017991 0.999770
10000.099999000 0.032312 0.013871 -0.004186 0.015769 -0.008580 0.023425 0.999564
10000.133332000 0.043380 0.019586 -0.006279 0.021999 -0.012444 0.024404 0.999383
10000.166665000 0.054216 0.024397 -0.007907 0.027747 -0.016736 0.025002 0.999162
10000.199998000 0.065610 0.030856 -0.010476 0.034651 -0.021445 0.020780 0.998953
10000.233331000 0.076642 0.036604 -0.012513 0.041494 -0.026465 0.016392 0.998654
10000.266664000 0.088977 0.042927 -0.014714 0.048145 -0.031871 0.007871 0.998301
10000.299997000 0.100266 0.049438 -0.017256 0.055844 -0.037421 -0.001725 0.997737
10000.333330000 0.112584 0.055846 -0.019454 0.063205 -0.043750 -0.012875 0.996958
10000.366663000 0.125140 0.063129 -0.022142 0.071257 -0.049994 -0.025253 0.995884
10000.399996000 0.137575 0.069372 -0.024450 0.079130 -0.056102 -0.038232 0.994550
10000.433329000 0.150175 0.076471 -0.027295 0.087497 -0.062726 -0.050363 0.992912
10000.466662000 0.162538 0.082645 -0.029549 0.095679 -0.068994 -0.063477 0.990987
10000.499995000 0.174959 0.090035 -0.032209 0.104406 -0.075779 -0.075343 0.988777
10000.533328000 0.187596 0.097242 -0.034943 0.112829 -0.081955 -0.086407 0.986452
10000.566661000 0.200099 0.103472 -0.037359 0.120474 -0.089019 -0.097656 0.983883
10000.599994000 0.212324 0.110817 -0.039980 0.129061 -0.095375 -0.107825 0.981132
10000.633327000 0.224768 0.117254 -0.042261 0.137240 -0.102262 -0.117450 0.978219
10000.666660000 0.249657 0.130009 -0.046808 0.151832 -0.115904 -0.133400 0.972480
10000.699993000 0.261541 0.135340 -0.048844 0.159082 -0.122991 -0.140981 0.969376
10000.733326000 0.274367 0.141531 -0.051117 0.165807 -0.129722 -0.147154 0.966450
10000.766659000 0.285746 0.147202 -0.053024 0.171650 -0.136779 -0.152340 0.963649
10000.799992000 0.297783 0.151710 -0.054413 0.177096 -0.143907 -0.157419 0.960805
10000.833325000 0.310612 0.156858 -0.056366 0.182408 -0.150992 -0.162274 0.957912
10000.866658000 0.322054 0.160755 -0.057177 0.186892 -0.158077 -0.165925 0.955276
10000.899991000 0.333448 0.164516 -0.057995 0.191238 -0.165135 -0.168952 0.952688
10000.933324000 0.344851 0.168312 -0.058787 0.194713 -0.172608 -0.171892 0.950130
10000.966657000 0.355921 0.171415 -0.059141 0.197420 -0.179633 -0.174196 0.947846
10000.999990000 0.366569 0.174819 -0.059439 0.200173 -0.186465 -0.176534 0.945514
10001.033323000 0.376748 0.176170 -0.059031 0.201509 -0.193089 -0.178061 0.943613
10001.066656000 0.387368 0.178601 -0.058891 0.202538 -0.200081 -0.179424 0.941676
10001.099989000 0.396817 0.179437 -0.058100 0.203162 -0.206672 -0.180500 0.939911
10001.133322000 0.406377 0.180156 -0.057013 0.202929 -0.213184 -0.181556 0.938302
10001.166655000 0.415361 0.179274 -0.055183 0.201761 -0.219864 -0.182635 0.936801
10001.199988000 0.424464 0.178211 -0.053341 0.200057 -0.226536 -0.183335 0.935440
10001.233321000 0.433192 0.176525 -0.051241 0.197342 -0.232775 -0.184015 0.934351
10001.266654000 0.440974 0.174937 -0.049075 0.195011 -0.238619 -0.184953 0.933179
10001.299987000 0.449161 0.171523 -0.045652 0.190571 -0.244987 -0.185683 0.932301
10001.333320000 0.461505 0.162834 -0.038592 0.180883 -0.255817 -0.187947 0.930868
10001.366653000 0.467415 0.157169 -0.034213 0.174880 -0.261508 -0.189392 0.930140
10001.399986000 0.473078 0.151694 -0.029872 0.168579 -0.266071 -0.190880 0.929706
10001.433319000 0.478189 0.144696 -0.024507 0.161353 -0.271378 -0.192566 0.929106
10001.466652000 0.483425 0.137420 -0.019023 0.154486 -0.276072 -0.194385 0.928511
10001.499985000 0.488360 0.129504 -0.012824 0.147061 -0.280723 -0.196526 0.927872
10001.533318000 0.492986 0.120579 -0.006336 0.139056 -0.285244 -0.199214 0.927153
10001.566651000 0.498548 0.110681 0.000904 0.131080 -0.289996 -0.201845 0.926272
10001.599984000 0.503312 0.101819 0.007532 0.123403 -0.294151 -0.204097 0.925522
10001.633317000 0.507580 0.091348 0.014993 0.115337 -0.297713 -0.207284 0.924715
10001.666650000 0.513318 0.081545 0.022640 0.108021 -0.302187 -0.210285 0.923469
10001.699983000 0.518534 0.070669 0.030199 0.100738 -0.305629 -0.213496 0.922422
10001.733316000 0.523732 0.059223 0.038767 0.093648 -0.309773 -0.216770 0.921022
10001.766649000 0.528755 0.048685 0.046453 0.087053 -0.312937 -0.220243 0.919775
10001.799982000 0.534718 0.036797 0.054917 0.081558 -0.316218 -0.223868 0.918280
10001.833315000 0.541590 0.024982 0.063681 0.075914 -0.320161 -0.227518 0.916498
10001.866648000 0.548838 0.013905 0.072046 0.071758 -0.323252 -0.231275 0.914806
10001.899981000 0.556554 0.001938 0.080987 0.068090 -0.326944 -0.234905 0.912848
10001.933314000 0.564441 -0.010315 0.089880 0.065328 -0.330166 -0.239160 0.910783
10001.966647000 0.573248 -0.021449 0.098709 0.063930 -0.333349 -0.242822 0.908752
10001.999980000 0.592379 -0.044645 0.116328 0.063617 -0.339739 -0.250891 0.904204
10002.033313000 0.603474 -0.055438 0.125183 0.065151 -0.342745 -0.255074 0.901786
10002.066646000 0.614348 -0.067373 0.134236 0.067531 -0.345422 -0.259147 0.899426
10002.099979000 0.626352 -0.078349 0.143285 0.070640 -0.348627 -0.263618 0.896647
10002.133312000 0.638027 -0.088638 0.151511 0.075230 -0.350888 -0.267713 0.894174
10002.166645000 0.650985 -0.099719 0.160780 0.079928 -0.353824 -0.272621 0.891122
10002.199978000 0.663341 -0.109937 0.169541 0.085380 -0.356017 -0.277638 0.888189
10002.233311000 0.675287 -0.120912 0.178897 0.090750 -0.358399 -0.282590 0.885132
10002.266644000 0.688933 -0.131744 0.188588 0.097034 -0.360815 -0.287956 0.881748
10002.299977000 0.701250 -0.142031 0.197214 0.103045 -0.362725 -0.293629 0.878405
10002.333310000 0.713488 -0.152247 0.205834 0.109499 -0.364290 -0.299475 0.874996
10002.366643000 0.724847 -0.162219 0.214125 0.116035 -0.365701 -0.305497 0.871476
10002.399976000 0.737286 -0.172660 0.222773 0.122523 -0.367026 -0.311537 0.867885
10002.433309000 0.747565 -0.182501 0.230838 0.128827 -0.367967 -0.318007 0.864220
10002.466642000 0.758147 -0.192626 0.239009 0.134784 -0.368757 -0.324478 0.860561
10002.499975000 0.768574 -0.202438 0.247197 0.140335 -0.369765 -0.331228 0.856661
10002.533308000 0.778288 -0.212208 0.255083 0.145694 -0.370487 -0.338460 0.852618
10002.566641000 0.786278 -0.222646 0.262967 0.149911 -0.371387 -0.345315 0.848738
10002.599974000 0.793276 -0.231912 0.270206 0.153786 -0.371601 -0.352236 0.845099
10002.633307000 0.799280 -0.241685 0.277380 0.156843 -0.372193 -0.359264 0.841310
10002.666640000 0.809289 -0.261503 0.291486 0.160425 -0.373821 -0.372595 0.834083
10002.699973000 0.811817 -0.270507 0.298741 0.160940 -0.374711 -0.379145 0.830626
10002.733306000 0.813098 -0.280378 0.305370 0.160009 -0.375426 -0.385703 0.827457
10002.766639000 0.814938 -0.290807 0.311490 0.158629 -0.376990 -0.391964 0.824063
10002.799972000 0.814831 -0.300053 0.316404 0.156691 -0.377613 -0.398444 0.821035
10002.833305000 0.814873 -0.309635 0.323233 0.154000 -0.379185 -0.403833 0.818182
10002.866638000 0.813979 -0.319204 0.328840 0.150840 -0.380519 -0.409732 0.815213
10002.899971000 0.813852 -0.327878 0.334579 0.147584 -0.382079 -0.415052 0.812383
10002.933304000 0.812392 -0.337159 0.340501 0.143463 -0.383841 -0.419901 0.809795
10002.966637000 0.812323 -0.346025 0.346129 0.139185 -0.385707 -0.424115 0.807455
10002.999970000 0.811419 -0.354482 0.351654 0.134889 -0.387406 -0.428868 0.804856
10003.033303000 0.811522 -0.363838 0.356574 0.130266 -0.389534 -0.432643 0.802567
10003.066636000 0.811503 -0.372531 0.362289 0.125376 -0.391428 -0.435903 0.800658
10003.099969000 0.811456 -0.381169 0.368093 0.120607 -0.393278 -0.439567 0.798478
10003.133302000 0.812346 -0.388344 0.374504 0.116190 -0.395346 -0.442334 0.796582
10003.166635000 0.813333 -0.396317 0.379971 0.111733 -0.397410 -0.445042 0.794681
10003.199968000 0.816458 -0.403718 0.385533 0.107485 -0.399283 -0.447389 0.793009
10003.233301000 0.819465 -0.411059 0.391079 0.103451 -0.401250 -0.449566 0.791320
10003.266634000 0.824788 -0.419032 0.397120 0.099615 -0.403367 -0.451587 0.789583
10003.299967000 0.830976 -0.425906 0.403481 0.096641 -0.405565 -0.452881 0.788084
10003.333300000 0.848189 -0.439546 0.414917 0.092080 -0.409184 -0.455838 0.785049
10003.366633000 0.857908 -0.445144 0.421375 0.090609 -0.411058 -0.456382 0.783924
10003.399966000 0.869352 -0.451420 0.427786 0.089394 -0.413046 -0.457353 0.782451
10003.433299000 0.881851 -0.457227 0.433151 0.088854 -0.414743 -0.457851 0.781323
10003.466632000 0.894671 -0.462773 0.439427 0.088746 -0.416181 -0.458415 0.780239
10003.499965000 0.908287 -0.468844 0.445055 0.088681 -0.417672 -0.459596 0.778754
10003.533298000 0.921061 -0.474315 0.451560 0.089219 -0.419307 -0.460430 0.777320
10003.566631000 0.934844 -0.479903 0.456365 0.089398 -0.420599 -0.460644 0.776474
10003.599964000 0.947514 -0.485457 0.462598 0.089913 -0.421644 -0.461985 0.775049
10003.633297000 0.960556 -0.490871 0.467348 0.090397 -0.422815 -0.462533 0.774028
10003.666630000 0.971323 -0.495841 0.473087 0.090828 -0.423761 -0.463439 0.772917
10003.699963000 0.982415 -0.500835 0.477432 0.091314 -0.424404 -0.464466 0.771890
10003.733296000 0.991637 -0.505925 0.482122 0.091590 -0.425030 -0.465687 0.770777
10003.766629000 0.999823 -0.511142 0.486463 0.091480 -0.425589 -0.467191 0.769570
10003.799962000 1.006750 -0.517446 0.490190 0.090844 -0.425647 -0.468882 0.768584
10003.833295000 1.011082 -0.522602 0.494175 0.090434 -0.425905 -0.470856 0.767281
10003.866628000 1.013205 -0.527498 0.497433 0.089180 -0.425822 -0.473139 0.766069
10003.899961000 1.012636 -0.533004 0.500111 0.087627 -0.425373 -0.475279 0.765173
10003.933294000 1.009936 -0.539104 0.502726 0.085368 -0.424722 -0.478542 0.763755
10003.966627000 1.004435 -0.545006 0.503543 0.082276 -0.423610 -0.481932 0.762579
10003.999960000 0.983883 -0.557450 0.505451 0.074547 -0.421116 -0.490314 0.759406
10004.033293000 0.968579 -0.563112 0.505191 0.069553 -0.418972 -0.494971 0.758043
10004.066626000 0.950443 -0.570277 0.504952 0.063539 -0.417030 -0.500193 0.756211
10004.099959000 0.930701 -0.577082 0.504507 0.057516 -0.414990 -0.505901 0.754016
10004.133292000 0.907872 -0.583741 0.503827 0.050456 -0.412212 -0.511739 0.752103
10004.166625000 0.883761 -0.590739 0.502524 0.043430 -0.409458 -0.517743 0.749934
10004.199958000 0.857400 -0.598916 0.502002 0.036202 -0.406361 -0.524797 0.747093
10004.233291000 0.829952 -0.606773 0.500960 0.028493 -0.403371 -0.531832 0.744066
10004.266624000 0.802409 -0.614952 0.499742 0.020591 -0.399871 -0.538678 0.741286
10004.299957000 0.773922 -0.623345 0.499062 0.012442 -0.396722 -0.545309 0.738305
10004.333290000 0.744683 -0.632559 0.499826 0.004468 -0.393722 -0.553173 0.734141
10004.366623000 0.715988 -0.641403 0.501044 -0.003197 -0.390261 -0.560456 0.730462
10004.399956000 0.687634 -0.651261 0.502307 -0.010971 -0.386911 -0.568328 0.726074
10004.433289000 0.658887 -0.660275 0.505282 -0.018501 -0.383457 -0.574934 0.722544
10004.466622000 0.632766 -0.670537 0.509314 -0.025359 -0.380712 -0.582764 0.717496
10004.499955000 0.606777 -0.680795 0.513631 -0.032483 -0.377039 -0.589851 0.713345
10004.533288000 0.582941 -0.692052 0.519704 -0.039273 -0.374193 -0.596434 0.709016
10004.566621000 0.561219 -0.702993 0.527377 -0.045069 -0.371652 -0.603517 0.703996
10004.599954000 0.541008 -0.713836 0.536138 -0.050664 -0.368715 -0.609848 0.699691
10004.633287000 0.523589 -0.726032 0.546355 -0.056421 -0.365774 -0.614976 0.696298
10004.666620000 0.498193 -0.749871 0.573439 -0.064829 -0.361361 -0.625484 0.688466
10004.699953000 0.489646 -0.763113 0.589170 -0.068381 -0.358988 -0.629142 0.686026
10004.733286000 0.483746 -0.776430 0.606496 -0.072241 -0.356849 -0.632094 0.684030
10004.766619000 0.480986 -0.788854 0.624835 -0.074807 -0.354683 -0.633961 0.683152
10004.799952000 0.480555 -0.802239 0.645364 -0.076903 -0.352805 -0.635135 0.682802
10004.833285000 0.481840 -0.816019 0.666270 -0.078599 -0.351440 -0.636436 0.682101
10004.866618000 0.484340 -0.829922 0.687531 -0.080412 -0.349140 -0.635933 0.683538
10004.899951000 0.488832 -0.842863 0.709751 -0.081170 -0.347632 -0.634370 0.685666
10004.933284000 0.495073 -0.856200 0.732239 -0.081247 -0.346837 -0.632731 0.687572
10004.966617000 0.501403 -0.869510 0.754742 -0.081644 -0.344533 -0.628527 0.692521
10004.999950000 0.509670 -0.881900 0.778135 -0.080331 -0.344022 -0.624013 0.696996
10005.033283000 0.517974 -0.894892 0.800666 -0.078401 -0.343977 -0.619064 0.701636
10005.066616000 0.526459 -0.907788 0.823175 -0.075606 -0.344528 -0.613650 0.706412
10005.099949000 0.535378 -0.919169 0.844760 -0.071723 -0.344613 -0.604942 0.714243
10005.133282000 0.544337 -0.931123 0.865416 -0.066209 -0.346692 -0.597167 0.720286
10005.166615000 0.552393 -0.942922 0.885867 -0.058989 -0.349715 -0.589773 0.725526
10005.199948000 0.559951 -0.952960 0.905160 -0.049535 -0.354179 -0.579451 0.732352
10005.233281000 0.567691 -0.963350 0.923440 -0.038261 -0.361859 -0.571956 0.735160
10005.266614000 0.573406 -0.971916 0.939170 -0.026133 -0.367882 -0.560920 0.741181
10005.299947000 0.578912 -0.980657 0.954908 -0.010571 -0.379629 -0.553054 0.741554
10005.333280000 0.584251 -0.994383 0.978270 0.020515 -0.401737 -0.535910 0.742285
10005.366613000 0.584609 -1.000493 0.986799 0.035362 -0.414669 -0.530296 0.738638
10005.399946000 0.583565 -1.005170 0.994525 0.050036 -0.427674 -0.524593 0.734434
10005.433279000 0.581823 -1.009445 1.000620 0.064181 -0.441198 -0.519565 0.728888
10005.466612000 0.578292 -1.014079 1.005193 0.074141 -0.453347 -0.518048 0.721530
10005.499945000 0.573689 -1.017110 1.007681 0.083166 -0.462453 -0.514561 0.717250
10005.533278000 0.568173 -1.019795 1.009835 0.090712 -0.472746 -0.513602 0.710279
10005.566611000 0.562243 -1.021983 1.010733 0.096992 -0.482012 -0.512915 0.703687
10005.599944000 0.555269 -1.024124 1.011520 0.101484 -0.489539 -0.512798 0.697919
10005.633277000 0.547596 -1.026508 1.010934 0.104578 -0.496596 -0.513992 0.691569
10005.666610000 0.539207 -1.027919 1.009639 0.106669 -0.501415 -0.514685 0.687243
10005.699943000 0.531059 -1.029750 1.007746 0.108111 -0.506590 -0.516294 0.681997
10005.733276000 0.523149 -1.030826 1.005224 0.109297 -0.510242 -0.517174 0.678409
10005.766609000 0.514023 -1.032378 1.003300 0.109818 -0.514628 -0.519224 0.673428
10005.799942000 0.504833 -1.034086 1.000847 0.110168 -0.517633 -0.520679 0.669934
10005.833275000 0.496704 -1.036585 0.998113 0.110404 -0.520515 -0.522087 0.666559
10005.866608000 0.487615 -1.038162 0.995908 0.111189 -0.523517 -0.522887 0.663443
10005.899941000 0.479239 -1.040762 0.994622 0.111578 -0.525954 -0.523776 0.660743
10005.933274000 0.471798 -1.044205 0.992566 0.111338 -0.528231 -0.525360 0.657703
10005.966607000 0.464261 -1.047315 0.991055 0.112022 -0.529881 -0.525460 0.656177
10005.999940000 0.451163 -1.056293 0.990698 0.113891 -0.534436 -0.525652 0.651994
10006.033273000 0.445743 -1.060986 0.991918 0.115515 -0.536531 -0.524697 0.650756
10006.066606000 0.441061 -1.067180 0.993287 0.116586 -0.538648 -0.524403 0.649052
10006.099939000 0.437197 -1.073088 0.995552 0.118290 -0.540651 -0.523267 0.647993
10006.133272000 0.433250 -1.079757 0.998423 0.120072 -0.542659 -0.522010 0.647001
10006.166605000 0.429855 -1.087426 1.001969 0.121773 -0.545020 -0.521044 0.645475
10006.199938000 0.427498 -1.094372 1.006567 0.124301 -0.548012 -0.519437 0.643752
10006.233271000 0.425020 -1.102260 1.010290 0.125994 -0.549667 -0.518101 0.643088
10006.266604000 0.423056 -1.110706 1.015616 0.128414 -0.552009 -0.516153 0.642170
10006.299937000 0.421172 -1.118960 1.020959 0.130513 -0.554459 -0.514698 0.640802
10006.333270000 0.419243 -1.127288 1.026133 0.133206 -0.556865 -0.512467 0.639949
10006.366603000 0.418324 -1.135805 1.031414 0.135401 -0.558667 -0.510607 0.639405
10006.399936000 0.416084 -1.144989 1.037139 0.137116 -0.560607 -0.509344 0.638348
10006.433269000 0.414765 -1.154280 1.043217 0.139268 -0.562964 -0.507684 0.637129
10006.466602000 0.413462 -1.163757 1.049095 0.141180 -0.565033 -0.506233 0.636030
10006.499935000 0.412045 -1.172803 1.055928 0.143011 -0.567642 -0.505030 0.634251
10006.533268000 0.409975 -1.181790 1.061782 0.144532 -0.569250 -0.503824 0.633424
10006.566601000 0.408865 -1.190943 1.067590 0.145869 -0.571247 -0.503074 0.631915
10006.599934000 0.406657 -1.200215 1.073249 0.146875 -0.573041 -0.502530 0.630489
10006.633267000 0.404395 -1.208929 1.079765 0.148102 -0.574987 -0.501790 0.629017
10006.666600000 0.398210 -1.226690 1.090653 0.147775 -0.577685 -0.503240 0.625454
10006.699933000 0.394454 -1.234648 1.095660 0.146827 -0.578431 -0.504635 0.623861
10006.733266000 0.390560 -1.241958 1.100911 0.146330 -0.579527 -0.505752 0.622053
10006.766599000 0.386466 -1.250756 1.106434 0.144238 -0.580844 -0.508750 0.618861
10006.799932000 0.382644 -1.258585 1.111208 0.142701 -0.582009 -0.511087 0.616192
10006.833265000 0.377959 -1.266383 1.115696 0.141103 -0.583236 -0.513531 0.613360
10006.866598000 0.374484 -1.273567 1.120089 0.139574 -0.583891 -0.515691 0.611271
10006.899931000 0.369871 -1.281088 1.124546 0.136946 -0.585049 -0.519497 0.607525
10006.933264000 0.365320 -1.288726 1.129094 0.134905 -0.586110 -0.522536 0.604344
10006.966597000 0.362012 -1.295686 1.133549 0.133551 -0.587957 -0.524933 0.600763
10006.999930000 0.358364 -1.303339 1.138452 0.131763 -0.590191 -0.528096 0.596177
10007.033263000 0.354971 -1.310274 1.142505 0.130745 -0.591541 -0.529977 0.593388
10007.066596000 0.351584 -1.317204 1.146770 0.130165 -0.594190 -0.531634 0.589374
10007.099929000 0.349245 -1.324948 1.150506 0.129623 -0.595957 -0.532979 0.586487
10007.133262000 0.346787 -1.332009 1.155235 0.130062 -0.599465 -0.533530 0.582298
10007.166595000 0.345233 -1.339515 1.159882 0.131794 -0.603337 -0.532447 0.578891
10007.199928000 0.343764 -1.346748 1.164377 0.134017 -0.606659 -0.530616 0.576585
10007.233261000 0.343137 -1.354336 1.169658 0.136366 -0.610843 -0.528664 0.573402
10007.266594000 0.343446 -1.362121 1.174581 0.140096 -0.615359 -0.524970 0.571063
10007.299927000 0.343644 -1.370004 1.179850 0.143748 -0.619684 -0.521227 0.568903
10007.333260000 0.347757 -1.386671 1.191276 0.153774 -0.629057 -0.510217 0.565968
10007.366593000 0.351994 -1.395224 1.197017 0.159552 -0.633534 -0.503701 0.565211
10007.399926000 0.355782 -1.404109 1.203083 0.164962 -0.637763 -0.497459 0.564430
10007.433259000 0.361318 -1.412188 1.208350 0.170771 -0.641042 -0.490721 0.564885
10007.466592000 0.366327 -1.420935 1.214598 0.175608 -0.644654 -0.485185 0.564074
10007.499925000 0.372422 -1.429899 1.220932 0.180506 -0.647263 -0.479423 0.564466
10007.533258000 0.379388 -1.439382 1.227349 0.184991 -0.650104 -0.474231 0.564134
10007.566591000 0.386342 -1.448719 1.234303 0.188861 -0.652515 -0.469705 0.563856
10007.599924000 0.394303 -1.457919 1.241338 0.192685 -0.654467 -0.465191 0.564042
10007.633257000 0.400983 -1.468308 1.249017 0.195674 -0.656251 -0.461713 0.563798
10007.666590000 0.408862 -1.477557 1.256255 0.198143 -0.657716 -0.457924 0.564318
10007.699923000 0.416603 -1.487098 1.263583 0.200438 -0.659029 -0.455217 0.564166
10007.733256000 0.424376 -1.497504 1.271049 0.202204 -0.659848 -0.453179 0.564219
10007.766589000 0.431975 -1.507839 1.278966 0.203735 -0.660576 -0.451382 0.564257
10007.799922000 0.439582 -1.517979 1.287092 0.204692 -0.661200 -0.450210 0.564116
10007.833255000 0.447172 -1.528544 1.294481 0.205904 -0.661488 -0.449718 0.563729
10007.866588000 0.454735 -1.538803 1.302425 0.206280 -0.661619 -0.449280 0.563788
10007.899921000 0.461625 -1.549027 1.309479 0.206168 -0.661275 -0.449408 0.564131
10007.933254000 0.468359 -1.558722 1.316836 0.205841 -0.661046 -0.449811 0.564197
10007.966587000 0.473378 -1.569846 1.325682 0.204827 -0.660768 -0.450897 0.564024
10007.999920000 0.483416 -1.590918 1.340403 0.201978 -0.659222 -0.454221 0.564194
10008.033253000 0.487782 -1.601341 1.348105 0.200088 -0.658167 -0.456469 0.564285
10008.066586000 0.490893 -1.612766 1.355970 0.198082 -0.657119 -0.459651 0.563631
10008.099919000 0.494203 -1.622667 1.362123 0.195582 -0.655527 -0.462687 0.563872
10008.133252000 0.495225 -1.634157 1.369137 0.192594 -0.654336 -0.466129 0.563450
10008.166585000 0.496886 -1.644173 1.375794 0.189587 -0.652721 -0.469632 0.563435
10008.199918000 0.497913 -1.653898 1.381766 0.186524 -0.650918 -0.473274 0.563494
10008.233251000 0.497293 -1.664241 1.388462 0.183634 -0.649362 -0.477535 0.562644
10008.266584000 0.496032 -1.673469 1.394586 0.180356 -0.647652 -0.481407 0.562375
10008.299917000 0.494901 -1.682120 1.400418 0.177007 -0.645698 -0.485283 0.562356
10008.333250000 0.492084 -1.690928 1.405397 0.173545 -0.643946 -0.489445 0.561836
10008.366583000 0.489109 -1.699237 1.410739 0.169987 -0.642021 -0.493608 0.561484
10008.399916000 0.485421 -1.707475 1.415258 0.166514 -0.640101 -0.497711 0.561095
10008.433249000 0.479954 -1.714188 1.419169 0.163161 -0.638071 -0.501647 0.560887
10008.466582000 0.474485 -1.721434 1.422954 0.159539 -0.636101 -0.505852 0.560390
10008.499915000 0.468654 -1.727088 1.425740 0.156345 -0.634142 -0.509655 0.560064
10008.533248000 0.460993 -1.731848 1.427715 0.153244 -0.631891 -0.513246 0.560187
10008.566581000 0.452260 -1.736408 1.429626 0.149751 -0.630063 -0.516426 0.560267
10008.599914000 0.443685 -1.740895 1.431438 0.146879 -0.628570 -0.519789 0.559594
10008.633247000 0.433571 -1.742963 1.432434 0.144364 -0.626724 -0.522687 0.559619
10008.666580000 0.411156 -1.746553 1.431750 0.139322 -0.623859 -0.526658 0.560376
10008.699913000 0.397819 -1.746232 1.430788 0.137479 -0.622522 -0.528753 0.560344
10008.733246000 0.384586 -1.746432 1.429246 0.135650 -0.621491 -0.529885 0.560865
10008.766579000 0.370550 -1.745020 1.427710 0.134081 -0.620509 -0.530675 0.561582
10008.799912000 0.354797 -1.743861 1.424436 0.132545 -0.619518 -0.531509 0.562252
10008.833245000 0.339307 -1.741127 1.421878 0.131981 -0.618745 -0.532036 0.562737
10008.866578000 0.322760 -1.739080 1.419468 0.131128 -0.618457 -0.532160 0.563135
10008.899911000 0.305089 -1.737538 1.416085 0.130066 -0.618092 -0.532423 0.563535
10008.933244000 0.286199 -1.735475 1.413253 0.129575 -0.617885 -0.532894 0.563429
10008.966577000 0.266601 -1.733111 1.410240 0.129007 -0.617872 -0.532574 0.563876
10008.999910000 0.246744 -1.732158 1.406665 0.128587 -0.617702 -0.533045 0.563714
10009.033243000 0.226788 -1.730556 1.403932 0.128780 -0.617923 -0.532795 0.563663
10009.066576000 0.204841 -1.729844 1.400506 0.128252 -0.618221 -0.532588 0.563653
10009.099909000 0.183285 -1.729782 1.398531 0.128759 -0.618918 -0.532990 0.562391
10009.133242000 0.160519 -1.731268 1.396051 0.128472 -0.619461 -0.533381 0.561488
10009.166575000 0.136324 -1.733190 1.395004 0.128348 -0.620753 -0.533826 0.559662
10009.199908000 0.113231 -1.735435 1.394035 0.128559 -0.621901 -0.534765 0.557439
10009.233241000 0.088352 -1.739030 1.393741 0.128792 -0.623155 -0.535837 0.554950
10009.266574000 0.063068 -1.745015 1.394133 0.128269 -0.624891 -0.537801 0.551206
10009.299907000 0.036451 -1.751695 1.394536 0.128213 -0.626353 -0.540252 0.547148
10009.333240000 -0.016174 -1.769853 1.398379 0.127668 -0.630862 -0.546372 0.535903
10009.366573000 -0.044425 -1.781346 1.401624 0.127362 -0.633878 -0.550690 0.527938
10009.399906000 -0.071810 -1.793052 1.405270 0.126749 -0.636495 -0.555441 0.519898
10009.433239000 -0.100420 -1.806791 1.408764 0.125482 -0.639405 -0.561390 0.510154
10009.466572000 -0.129213 -1.819873 1.412702 -0.124333 0.642366 0.567444 -0.499914
10009.499905000 -0.159586 -1.833848 1.417449 -0.123436 0.645875 0.574310 -0.487623
10009.533238000 -0.187900 -1.847262 1.420755 -0.121917 0.649171 0.581538 -0.474897
10009.566571000 -0.218123 -1.859015 1.423885 -0.120429 0.651839 0.589564 -0.461538
10009.599904000 -0.248378 -1.871489 1.426339 -0.118630 0.654201 0.598483 -0.446952
10009.633237000 -0.278202 -1.881761 1.428418 -0.117109 0.656046 0.607161 -0.432717
10009.666570000 -0.309410 -1.891426 1.428781 -0.114749 0.656950 0.617902 -0.416469
10009.699903000 -0.340261 -1.899608 1.427905 -0.112656 0.657343 0.628024 -0.400992
10009.733236000 -0.371272 -1.904479 1.426391 -0.110140 0.656252 0.639158 -0.385590
10009.766569000 -0.401184 -1.907262 1.422484 -0.107766 0.653606 0.649884 -0.372607
10009.799902000 -0.432725 -1.907599 1.417929 -0.104865 0.649249 0.661304 -0.360770
10009.833235000 -0.463901 -1.904996 1.410405 -0.101908 0.642354 0.674352 -0.349637
10009.866568000 -0.495102 -1.899026 1.400693 -0.097921 0.632202 0.687694 -0.343234
10009.899901000 -0.526065 -1.888874 1.389420 -0.094059 0.619976 0.700813 -0.340064
10009.933234000 -0.557612 -1.874949 1.374518 -0.088998 0.602635 0.715004 -0.343045
10009.966567000 -0.589104 -1.856539 1.358182 -0.083183 0.582643 0.727586 -0.352457
10009.999900000 -0.650841 -1.806131 1.315170 -0.066455 0.530837 0.742034 -0.403957
10010.033233000 -0.681391 -1.774911 1.289379 -0.055329 0.501071 0.740303 -0.444767
10010.066566000 -0.711662 -1.739460 1.261753 0.040947 -0.469573 -0.725505 0.501464
10010.099899000 -0.741823 -1.701472 1.231237 0.025902 -0.438915 -0.699332 0.563576
10010.133232000 -0.770819 -1.659752 1.199982 0.012097 -0.409832 -0.657582 0.632042
10010.166565000 -0.800431 -1.616447 1.167127 0.000617 -0.382612 -0.606027 0.697380
10010.199898000 -0.829505 -1.572180 1.134136 -0.006021 -0.359590 -0.553305 0.751340
10010.233231000 -0.858359 -1.526119 1.099745 -0.006911 -0.340492 -0.505142 0.793000
10010.266564000 -0.887058 -1.480558 1.064547 -0.005540 -0.324329 -0.460781 0.826112
10010.299897000 -0.916157 -1.434428 1.030593 -0.001083 -0.311202 -0.425440 0.849796
10010.333230000 -0.944517 -1.389117 0.996853 0.004856 -0.301312 -0.396159 0.867321
10010.366563000 -0.971964 -1.345684 0.964760 0.010818 -0.293964 -0.373710 0.879664
10010.399896000 -0.998651 -1.304473 0.935364 0.017294 -0.288671 -0.357117 0.888165
10010.433229000 -1.025792 -1.265454 0.906029 0.022481 -0.283687 -0.342434 0.895408
10010.466562000 -1.052182 -1.230182 0.879162 0.026567 -0.279842 -0.330351 0.901028
10010.499895000 -1.077651 -1.198619 0.854894 0.030254 -0.277100 -0.322844 0.904473
10010.533228000 -1.104206 -1.171843 0.833565 0.032553 -0.274955 -0.317450 0.906954
10010.566561000 -1.129219 -1.149141 0.816425 0.034667 -0.273294 -0.313047 0.908906
10010.599894000 -1.153977 -1.132337 0.801867 0.035368 -0.271948 -0.310570 0.910132
10010.633227000 -1.178249 -1.122238 0.792863 0.035260 -0.271678 -0.311324 0.909959
10010.666560000 -1.226063 -1.121689 0.786623 0.031245 -0.270470 -0.313721 0.909642
10010.699893000 -1.248234 -1.132606 0.790203 0.027665 -0.271020 -0.317931 0.908132
10010.733226000 -1.270380 -1.149172 0.798733 0.023435 -0.271616 -0.324007 0.905922
10010.766559000 -1.292359 -1.172376 0.810357 0.017624 -0.272232 -0.329739 0.903798
10010.799892000 -1.312191 -1.199866 0.826281 0.012143 -0.273743 -0.337825 0.900440
10010.833225000 -1.332785 -1.232501 0.845463 0.005738 -0.275180 -0.347001 0.896568
10010.866558000 -1.351427 -1.269483 0.866489 -0.001247 -0.276923 -0.358956 0.891326
10010.899891000 -1.368816 -1.310605 0.891594 -0.008079 -0.279896 -0.372505 0.884779
10010.933224000 -1.385973 -1.354302 0.918484 -0.015138 -0.282907 -0.387125 0.877422
10010.966557000 -1.401712 -1.400777 0.946020 -0.022357 -0.286661 -0.403061 0.868831
10010.999890000 -1.416614 -1.449217 0.976269 -0.028826 -0.290996 -0.421980 0.858151
10011.033223000 -1.429718 -1.500691 1.007417 -0.034517 -0.296675 -0.443638 0.844972
10011.066556000 -1.441508 -1.551602 1.039656 -0.039262 -0.302815 -0.467178 0.829762
10011.099889000 -1.452466 -1.603998 1.071914 -0.042621 -0.309693 -0.493748 0.811472
10011.133222000 -1.462089 -1.655254 1.104804 -0.044726 -0.317347 -0.519058 0.792382
10011.166555000 -1.469662 -1.707370 1.137347 -0.045098 -0.325742 -0.546147 0.770443
10011.199888000 -1.476729 -1.757132 1.169908 -0.044098 -0.334567 -0.573345 0.746589
10011.233221000 -1.481656 -1.806485 1.200933 -0.041683 -0.343355 -0.597884 0.723122
10011.266554000 -1.484875 -1.854144 1.231254 -0.037323 -0.352885 -0.622522 0.697528
10011.299887000 -1.485988 -1.898667 1.259804 -0.032867 -0.361374 -0.641031 0.676319
10011.333220000 -1.483197 -1.977634 1.311605 -0.023346 -0.376208 -0.664681 0.645074
10011.366553000 -1.479724 -2.011683 1.334163 -0.018880 -0.382225 -0.669418 0.636732
10011.399886000 -1.474363 -2.044019 1.354651 -0.014711 -0.387645 -0.672126 0.630684
10011.433219000 -1.467865 -2.072439 1.373961 -0.010820 -0.392129 -0.671266 0.628903
10011.466552000 -1.461234 -2.098136 1.390336 -0.007305 -0.395617 -0.667388 0.630894
10011.499885000 -1.453102 -2.121663 1.406674 -0.002980 -0.398804 -0.663068 0.633472
10011.533218000 -1.445024 -2.143108 1.420494 0.000507 -0.401575 -0.657271 0.637755
10011.566551000 -1.436178 -2.161475 1.433578 0.003879 -0.403498 -0.649684 0.644271
10011.599884000 -1.427500 -2.178549 1.444650 0.007438 -0.405137 -0.641058 0.651808
10011.633217000 -1.419460 -2.193372 1.455331 0.010503 -0.406185 -0.632958 0.658990
10011.666550000 -1.410758 -2.207793 1.464765 0.013618 -0.407568 -0.623546 0.667003
10011.699883000 -1.403629 -2.220377 1.472679 0.016454 -0.408029 -0.615588 0.674013
10011.733216000 -1.397490 -2.232124 1.481002 0.019891 -0.408938 -0.607788 0.680417
10011.766549000 -1.392560 -2.242369 1.487118 0.022392 -0.408723 -0.600730 0.686707
10011.799882000 -1.388714 -2.252645 1.493033 0.024474 -0.408501 -0.594313 0.692329
10011.833215000 -1.386057 -2.262828 1.499785 0.026819 -0.409068 -0.589716 0.695830
10011.866548000 -1.385919 -2.272248 1.504706 0.028313 -0.408813 -0.585252 0.699679
10011.899881000 -1.388159 -2.281745 1.510345 0.029155 -0.408628 -0.582586 0.701974
10011.933214000 -1.391360 -2.291017 1.515808 0.029387 -0.408294 -0.581053 0.703427
10011.966547000 -1.397857 -2.301784 1.520306 0.028932 -0.407822 -0.581400 0.703433
10011.999880000 -1.419714 -2.324285 1.531505 0.025603 -0.406811 -0.587332 0.699207
10012.033213000 -1.435030 -2.336449 1.537048 0.022777 -0.406234 -0.593314 0.694574
10012.066546000 -1.452556 -2.349170 1.542713 0.019131 -0.405515 -0.601295 0.688212
10012.099879000 -1.472481 -2.363102 1.548758 0.015247 -0.405052 -0.611358 0.679663
10012.133212000 -1.494404 -2.376740 1.554359 0.010868 -0.404431 -0.623273 0.669215
10012.166545000 -1.519464 -2.390068 1.560538 0.006311 -0.403539 -0.636423 0.657330
10012.199878000 -1.545549 -2.404421 1.566037 0.001976 -0.403125 -0.652447 0.641716
10012.233211000 -1.572628 -2.418621 1.571266 -0.002169 -0.402614 -0.670339 0.623332
10012.266544000 -1.601857 -2.432778 1.577421 -0.005610 -0.402546 -0.690907 0.600477
10012.299877000 -1.631718 -2.446408 1.581588 -0.008348 -0.402046 -0.712398 0.575133
10012.333210000 -1.663652 -2.459910 1.587140 -0.009591 -0.402320 -0.736889 0.543177
10012.366543000 -1.695227 -2.473306 1.591248 -0.009342 -0.402542 -0.762270 0.506771
10012.399876000 -1.728591 -2.484835 1.595018 0.007345 0.402652 0.788286 -0.465213
10012.433209000 -1.762205 -2.496432 1.598656 0.002980 0.403143 0.815059 -0.416108
10012.466542000 -1.796130 -2.507627 1.600997 -0.003959 0.403793 0.841597 -0.358678
10012.499875000 -1.830051 -2.517396 1.603349 -0.012910 0.404261 0.865133 -0.296566
10012.533208000 -1.863856 -2.526509 1.605367 -0.023056 0.404483 0.884285 -0.232168
10012.566541000 -1.898143 -2.533688 1.606078 -0.034655 0.403406 0.900045 -0.161188
10012.599874000 -1.932080 -2.541577 1.606968 -0.045832 0.402693 0.909515 -0.092304
10012.633207000 -1.965257 -2.546695 1.606961 -0.057371 0.400978 0.914003 -0.022900
10012.666540000 -2.027341 -2.551998 1.603746 -0.077497 0.394089 0.909954 0.103300
10012.699873000 -2.057001 -2.552357 1.600651 -0.085727 0.389852 0.902669 0.160794
10012.733206000 -2.085671 -2.551197 1.595423 -0.093524 0.383733 0.892474 0.217928
10012.766539000 -2.113076 -2.548247 1.590535 -0.099892 0.377784 0.880185 0.269396
10012.799872000 -2.140116 -2.544585 1.585234 -0.105372 0.371415 0.865612 0.318848
10012.833205000 -2.165557 -2.539836 1.578154 -0.109879 0.364451 0.849710 0.364823
10012.866538000 -2.189580 -2.533163 1.571397 -0.113159 0.358037 0.832695 0.406968
10012.899871000 -2.213375 -2.526190 1.563072 -0.115595 0.351053 0.814313 0.447542
10012.933204000 -2.236673 -2.518577 1.554933 -0.117181 0.344275 0.794940 0.485607
10012.966537000 -2.258481 -2.508856 1.546387 -0.117686 0.337869 0.776040 0.519382
10012.999870000 -2.279140 -2.499874 1.537275 -0.116928 0.332595 0.757625 0.549284
10013.033203000 -2.298995 -2.489328 1.527506 -0.115743 0.326963 0.739535 0.576877
10013.066536000 -2.318494 -2.478630 1.517506 -0.113403 0.322799 0.722983 0.600198
10013.099869000 -2.336259 -2.466717 1.507013 -0.110967 0.318695 0.707329 0.621132
10013.133202000 -2.354414 -2.455174 1.495643 -0.107482 0.315611 0.692321 0.639945
10013.166535000 -2.370380 -2.443348 1.485322 -0.103764 0.313810 0.680290 0.654188
10013.199868000 -2.386015 -2.430668 1.473741 -0.100104 0.311772 0.668203 0.668044
10013.233201000 -2.400999 -2.418243 1.463579 -0.096187 0.311310 0.659047 0.677858
10013.266534000 -2.415601 -2.405499 1.451870 -0.091593 0.312073 0.651090 0.685787
10013.299867000 -2.428068 -2.393872 1.440112 -0.087930 0.313308 0.645692 0.690788
10013.333200000 -2.452225 -2.369634 1.417121 -0.080158 0.318965 0.640014 0.694419
10013.366533000 -2.462989 -2.357720 1.406582 -0.076451 0.323240 0.639426 0.693401
10013.399866000 -2.472656 -2.346334 1.395378 -0.073193 0.328349 0.640940 0.689946
10013.433199000 -2.481985 -2.334195 1.383616 -0.069795 0.333906 0.642657 0.686022
10013.466532000 -2.489806 -2.323252 1.373086 -0.066954 0.339899 0.645714 0.680470
10013.499865000 -2.497240 -2.311512 1.361916 -0.064275 0.346468 0.649661 0.673624
10013.533198000 -2.504851 -2.301019 1.350324 -0.061327 0.353662 0.653852 0.666063
10013.566531000 -2.511278 -2.289428 1.339294 -0.058646 0.360787 0.658086 0.658268
10013.599864000 -2.516906 -2.277862 1.328557 -0.056212 0.367962 0.662692 0.649833
10013.633197000 -2.521221 -2.265762 1.317647 -0.054285 0.374858 0.667544 0.641030
10013.666530000 -2.525521 -2.253764 1.306676 -0.052143 0.382341 0.672390 0.631656
10013.699863000 -2.529848 -2.241654 1.295673 -0.049906 0.389425 0.676439 0.623127
10013.733196000 -2.533470 -2.228998 1.285676 -0.047940 0.396615 0.681034 0.613670
10013.766529000 -2.535537 -2.216612 1.274954 -0.046333 0.403238 0.685065 0.604929
10013.799862000 -2.537714 -2.203448 1.264604 -0.044786 0.409938 0.689356 0.595595
10013.833195000 -2.539543 -2.189627 1.253946 -0.043267 0.415902 0.692518 0.587854
10013.866528000 -2.540507 -2.175850 1.243534 -0.041978 0.421356 0.695574 0.580408
10013.899861000 -2.541404 -2.161149 1.232666 -0.040854 0.426220 0.698321 0.573598
10013.933194000 -2.542514 -2.145937 1.222768 -0.039601 0.431215 0.700725 0.566984
10013.966527000 -2.541981 -2.130268 1.212430 -0.039028 0.434839 0.702969 0.561451
10013.999860000 -2.541502 -2.096671 1.193080 -0.037726 0.440858 0.706105 0.552845
10014.033193000 -2.539812 -2.078938 1.182884 -0.037774 0.442348 0.707546 0.549801
10014.066526000 -2.539311 -2.060401 1.173461 -0.037291 0.443945 0.708029 0.547921
10014.099859000 -2.537454 -2.041229 1.163576 -0.037436 0.444415 0.708739 0.546610
10014.133192000 -2.534632 -2.022290 1.154062 -0.037661 0.444582 0.709316 0.545710
10014.166525000 -2.531644 -2.001962 1.144785 -0.037922 0.444223 0.709549 0.545682
10014.199858000 -2.528706 -1.982130 1.134886 -0.038207 0.443443 0.709416 0.546468
10014.233191000 -2.524326 -1.961314 1.125485 -0.038578 0.442618 0.709262 0.547310
10014.266524000 -2.520088 -1.940784 1.115211 -0.039152 0.440940 0.708944 0.549033
10014.299857000 -2.514513 -1.919226 1.105558 -0.039633 0.439259 0.708288 0.551188
10014.333190000 -2.508974 -1.898152 1.095043 -0.040132 0.437095 0.707252 0.554195
10014.366523000 -2.502093 -1.876429 1.084328 -0.040724 0.434552 0.705987 0.557753
10014.399856000 -2.494397 -1.854861 1.073953 -0.041537 0.431646 0.704817 0.561417
10014.433189000 -2.486623 -1.833251 1.063496 -0.041847 0.429380 0.703254 0.565080
10014.466522000 -2.477342 -1.811695 1.051944 -0.042480 0.426062 0.701125 0.570167
10014.499855000 -2.467472 -1.789617 1.041512 -0.042666 0.423378 0.698901 0.574863
10014.533188000 -2.457212 -1.768709 1.029461 -0.043061 0.419976 0.696183 0.580600
10014.566521000 -2.445113 -1.746755 1.018380 -0.043304 0.416854 0.693431 0.586098
10014.599854000 -2.432383 -1.725829 1.005419 -0.043451 0.413743 0.690535 0.591684
10014.633187000 -2.418757 -1.705147 0.992736 -0.043326 0.410458 0.686841 0.598244
10014.666520000 -2.388815 -1.664816 0.967541 -0.042238 0.404853 0.678901 0.611068
10014.699853000 -2.371976 -1.644833 0.953560 -0.041433 0.401831 0.674283 0.618189
10014.733186000 -2.355026 -1.624925 0.939533 -0.040348 0.399297 0.669618 0.624937
10014.766519000 -2.337319 -1.606539 0.925436 -0.038994 0.396887 0.664676 0.631796
10014.799852000 -2.318155 -1.587545 0.911085 -0.037410 0.394583 0.659453 0.638769
10014.833185000 -2.299414 -1.569800 0.896457 -0.035371 0.392857 0.654219 0.645298
10014.866518000 -2.279590 -1.552231 0.882080 -0.033461 0.391004 0.649140 0.651623
10014.899851000 -2.261001 -1.535578 0.867857 -0.030833 0.390171 0.643876 0.657449
10014.933184000 -2.241207 -1.518138 0.853473 -0.028077 0.389438 0.638672 0.663060
10014.966517000 -2.221879 -1.502757 0.839176 -0.025476 0.389250 0.634462 0.667303
10014.999850000 -2.203170 -1.486445 0.824106 -0.022207 0.389288 0.629505 0.672075
10015.033183000 -2.185046 -1.471887 0.810113 -0.018923 0.390064 0.625249 0.675690
10015.066516000 -2.167057 -1.456633 0.796917 -0.015363 0.391734 0.621657 0.678123
10015.099849000 -2.149262 -1.442758 0.783237 -0.011866 0.393687 0.618473 0.679972
10015.133182000 -2.132565 -1.429591 0.769834 -0.008692 0.396158 0.616224 0.680626
10015.166515000 -2.117314 -1.416580 0.757594 -0.005063 0.399717 0.614319 0.680303
10015.199848000 -2.102895 -1.403906 0.744201 -0.001771 0.403214 0.612801 0.679625
10015.233181000 -2.089128 -1.392282 0.732576 0.001155 0.408175 0.613098 0.676390
10015.266514000 -2.077585 -1.381403 0.720823 0.003644 0.413484 0.614082 0.672251
10015.299847000 -2.066446 -1.370744 0.710628 0.006213 0.419695 0.615567 0.667004
10015.333180000 -2.050585 -1.351755 0.691992 0.010080 0.433915 0.621502 0.652190
10015.366513000 -2.044368 -1.343972 0.682489 0.010920 0.441144 0.625547 0.643400
10015.399846000 -2.040676 -1.335719 0.674895 0.012084 0.449327 0.629533 0.633757
10015.433179000 -2.037683 -1.328793 0.668006 0.013015 0.457792 0.633987 0.623151
10015.466512000 -2.035516 -1.321750 0.660975 0.013044 0.465636 0.638959 0.612163
10015.499845000 -2.034822 -1.315030 0.655288 0.013399 0.473690 0.643280 0.601356
10015.533178000 -2.034568 -1.308575 0.649568 0.013368 0.481553 0.648164 0.589755
10015.566511000 -2.034129 -1.302438 0.644152 0.013152 0.488949 0.652711 0.578554
10015.599844000 -2.034713 -1.295348 0.639364 0.013027 0.495790 0.656654 0.568180
10015.633177000 -2.035646 -1.289278 0.634950 0.012824 0.502656 0.660610 0.557464
10015.666510000 -2.035647 -1.283345 0.630994 0.012037 0.508515 0.664591 0.547345
10015.699843000 -2.036325 -1.276007 0.626888 0.011663 0.513959 0.667815 0.538268
10015.733176000 -2.036386 -1.269866 0.623630 0.010946 0.519250 0.671223 0.528885
10015.766509000 -2.035219 -1.263296 0.620134 0.010052 0.523840 0.674453 0.520196
10015.799842000 -2.034044 -1.256199 0.616634 0.009051 0.527635 0.677605 0.512222
10015.833175000 -2.032000 -1.248612 0.614210 0.008364 0.531409 0.680134 0.504927
10015.866508000 -2.028694 -1.240834 0.610911 0.007129 0.534108 0.682982 0.498211
10015.899841000 -2.024386 -1.232538 0.607994 0.005912 0.536659 0.685561 0.491903
10015.933174000 -2.018800 -1.223744 0.604898 0.004633 0.538646 0.687991 0.486321
10015.966507000 -2.011299 -1.213550 0.602834 0.003371 0.540193 0.690158 0.481521
10015.999840000 -1.990902 -1.191542 0.596290 0.000270 0.540916 0.695357 0.473168
10016.033173000 -1.978272 -1.178271 0.593145 -0.001228 0.540291 0.697582 0.470599
10016.066506000 -1.963733 -1.165252 0.590572 -0.002770 0.539861 0.699947 0.467565
10016.099839000 -1.948530 -1.151226 0.586072 -0.004529 0.538105 0.702277 0.466079
10016.133172000 -1.931211 -1.136142 0.582487 -0.006553 0.535930 0.704886 0.464619
10016.166505000 -1.912990 -1.121275 0.579118 -0.008462 0.533911 0.707365 0.463144
10016.199838000 -1.893108 -1.105447 0.574198 -0.010842 0.530235 0.710072 0.463176
10016.233171000 -1.872359 -1.089262 0.570393 -0.013234 0.526839 0.712871 0.462688
10016.266504000 -1.851380 -1.072210 0.566088 -0.015670 0.522724 0.715453 0.463293
10016.299837000 -1.830400 -1.055204 0.561768 -0.018050 0.518047 0.717660 0.465044
10016.333170000 -1.807897 -1.038233 0.556283 -0.020932 0.512905 0.720452 0.466304
10016.366503000 -1.785786 -1.020578 0.551764 -0.023751 0.507152 0.722739 0.468914
10016.399836000 -1.763202 -1.002664 0.545958 -0.026646 0.500799 0.724747 0.472475
10016.433169000 -1.740602 -0.984125 0.540854 -0.029653 0.493989 0.726492 0.476765
10016.466502000 -1.718897 -0.966029 0.534799 -0.032798 0.486685 0.727946 0.481826
10016.499835000 -1.696277 -0.948690 0.529430 -0.036511 0.478891 0.729305 0.487283
10016.533168000 -1.675392 -0.931033 0.523161 -0.039887 0.470397 0.729402 0.495085
10016.566501000 -1.654531 -0.912372 0.516768 -0.043285 0.461526 0.729447 0.503019
10016.599834000 -1.633568 -0.894271 0.510319 -0.046926 0.451890 0.728615 0.512556
10016.633167000 -1.614539 -0.875763 0.503497 -0.050377 0.441861 0.726448 0.523923
10016.666500000 -1.579416 -0.839915 0.487229 -0.056887 0.421165 0.719512 0.549260
10016.699833000 -1.563318 -0.822330 0.479378 -0.059961 0.410582 0.714048 0.563882
10016.733166000 -1.548359 -0.805210 0.470626 -0.062774 0.400155 0.707614 0.578980
10016.766499000 -1.533633 -0.787749 0.460223 -0.065269 0.388995 0.699753 0.595624
10016.799832000 -1.519439 -0.772128 0.449685 -0.067249 0.379182 0.691570 0.611089
10016.833165000 -1.506008 -0.756341 0.439387 -0.069233 0.368755 0.681689 0.628114
10016.866498000 -1.492896 -0.738981 0.429682 -0.070432 0.359106 0.671260 0.644587
10016.899831000 -1.480021 -0.722085 0.421138 -0.070982 0.350550 0.660665 0.659998
10016.933164000 -1.467671 -0.704887 0.410397 -0.071107 0.341762 0.649021 0.675955
10016.966497000 -1.454783 -0.687701 0.401589 -0.070522 0.334817 0.638801 0.689099
10016.999830000 -1.441630 -0.670101 0.392111 -0.069568 0.327646 0.627389 0.702987
10017.033163000 -1.428379 -0.652438 0.382489 -0.068422 0.321413 0.617061 0.715016
10017.066496000 -1.414185 -0.635181 0.372303 -0.067056 0.316142 0.607943 0.725233
10017.099829000 -1.399670 -0.616839 0.362481 -0.064889 0.311520 0.598375 0.735318
10017.133162000 -1.383383 -0.598579 0.353241 -0.062960 0.307667 0.590441 0.743476
10017.166495000 -1.366653 -0.580158 0.342580 -0.061139 0.304244 0.583285 0.750651
10017.199828000 -1.348981 -0.561362 0.332922 -0.059027 0.302016 0.577379 0.756264
10017.233161000 -1.329099 -0.542570 0.322664 -0.057379 0.300007 0.572486 0.760896
10017.266494000 -1.309258 -0.523244 0.312972 -0.055164 0.299319 0.568643 0.764205
10017.299827000 -1.286286 -0.504415 0.302936 -0.053682 0.298818 0.565850 0.766576
10017.333160000 -1.235862 -0.463419 0.284173 -0.051682 0.299505 0.563987 0.767818
10017.366493000 -1.208285 -0.442983 0.274025 -0.050804 0.301257 0.565349 0.766188
10017.399826000 -1.179013 -0.422404 0.265194 -0.050071 0.303432 0.567377 0.763875
10017.433159000 -1.148616 -0.401639 0.256371 -0.049434 0.305727 0.569307 0.761562
10017.466492000 -1.116126 -0.381255 0.247867 -0.049715 0.308336 0.572909 0.757781
10017.499825000 -1.083982 -0.361712 0.239922 -0.049749 0.311594 0.576934 0.753380
10017.533158000 -1.050743 -0.341278 0.231757 -0.050009 0.314663 0.581131 0.748848
10017.566491000 -1.017955 -0.322663 0.224548 -0.049715 0.319016 0.586086 0.743143
10017.599824000 -0.984341 -0.304183 0.217608 -0.049881 0.323055 0.591261 0.737264
10017.633157000 -0.951318 -0.287082 0.211735 -0.049893 0.327528 0.596921 0.730699
10017.666490000 -0.918537 -0.270914 0.206402 -0.049876 0.332036 0.602438 0.724108
10017.699823000 -0.886035 -0.255581 0.201466 -0.050165 0.335916 0.607599 0.717961
10017.733156000 -0.854040 -0.241978 0.197534 -0.050379 0.340272 0.613190 0.711108
10017.766489000 -0.823491 -0.230081 0.194314 -0.050096 0.344984 0.618249 0.704446
10017.799822000 -0.794145 -0.218197 0.191535 -0.049714 0.348691 0.622990 0.698445
10017.833155000 -0.765748 -0.209054 0.190125 -0.049493 0.352722 0.627461 0.692409
10017.866488000 -0.740340 -0.201722 0.190620 -0.049037 0.356999 0.631724 0.686347
10017.899821000 -0.715162 -0.196383 0.190981 -0.048892 0.360036 0.635128 0.681613
10017.933154000 -0.694048 -0.193963 0.192695 -0.048082 0.363830 0.638217 0.676753
10017.966487000 -0.673495 -0.193140 0.195401 -0.047726 0.366105 0.640316 0.673562
10017.999820000 -0.642354 -0.199457 0.204541 -0.046015 0.370218 0.642196 0.669631
10018.033153000 -0.631461 -0.206634 0.210868 -0.044993 0.371875 0.642439 0.668548
10018.066486000 -0.622493 -0.216074 0.218378 -0.044212 0.372882 0.642353 0.668122
10018.099819000 -0.615037 -0.226883 0.226732 -0.043351 0.373188 0.641360 0.668961
10018.133152000 -0.609472 -0.240149 0.236319 -0.042481 0.373003 0.639762 0.670648
10018.166485000 -0.606483 -0.255525 0.246773 -0.041370 0.373390 0.638517 0.671688
10018.199818000 -0.603962 -0.271999 0.258004 -0.040656 0.373351 0.637106 0.673091
10018.233151000 -0.602657 -0.289527 0.269718 -0.040012 0.372626 0.634915 0.675597
10018.266484000 -0.602273 -0.308719 0.282528 -0.039505 0.371970 0.633516 0.677300
10018.299817000 -0.602798 -0.328580 0.295399 -0.038778 0.371340 0.631839 0.679251
10018.333150000 -0.603595 -0.348620 0.308485 -0.037907 0.370236 0.630541 0.681107
10018.366483000 -0.605003 -0.370407 0.322500 -0.037439 0.369633 0.629137 0.682757
10018.399816000 -0.605202 -0.392211 0.336684 -0.037569 0.368693 0.628368 0.683965
10018.433149000 -0.605601 -0.414089 0.350906 -0.037610 0.368260 0.627978 0.684554
10018.466482000 -0.605994 -0.435940 0.365166 -0.037986 0.367267 0.627490 0.685513
10018.499815000 -0.604542 -0.458170 0.380052 -0.039212 0.366897 0.627698 0.685452
10018.533148000 -0.602568 -0.479473 0.394077 -0.039879 0.366646 0.628550 0.684766
10018.566481000 -0.599581 -0.500198 0.408245 -0.040805 0.366670 0.630456 0.682944
10018.599814000 -0.594512 -0.521235 0.422647 -0.042500 0.366872 0.633403 0.679999
10018.633147000 -0.587205 -0.540957 0.436695 -0.044373 0.367481 0.637089 0.676096
10018.666480000 -0.567000 -0.576908 0.463216 -0.049519 0.369889 0.648318 0.663637
10018.699813000 -0.553107 -0.592499 0.475643 -0.052284 0.371662 0.655071 0.655755
10018.733146000 -0.537984 -0.607296 0.487776 -0.055802 0.373567 0.662827 0.646525
10018.766479000 -0.520691 -0.621724 0.499964 -0.059128 0.376631 0.672582 0.634261
10018.799812000 -0.502095 -0.634529 0.511496 -0.062723 0.379755 0.683274 0.620475
10018.833145000 -0.481835 -0.645740 0.522297 -0.065802 0.383138 0.694580 0.605338
10018.866478000 -0.460296 -0.656323 0.532733 -0.069474 0.386381 0.706707 0.588599
10018.899811000 -0.437830 -0.665818 0.543837 -0.073136 0.390742 0.719415 0.569573
10018.933144000 -0.414525 -0.674212 0.552978 -0.076392 0.394619 0.732826 0.549005
10018.966477000 -0.390398 -0.682767 0.562468 -0.079476 0.398889 0.747259 0.525523
10018.999810000 -0.365780 -0.689508 0.570851 -0.081812 0.403150 0.762465 0.499424
10019.033143000 -0.340857 -0.695583 0.578735 -0.084009 0.407334 0.776912 0.472684
10019.066476000 -0.316781 -0.701559 0.586415 -0.085599 0.411839 0.791220 0.443883
10019.099809000 -0.291534 -0.705752 0.593114 -0.086892 0.415901 0.806438 0.411260
10019.133142000 -0.267066 -0.710035 0.599758 -0.087528 0.419838 0.820605 0.377734
10019.166475000 -0.242382 -0.713420 0.605940 -0.087971 0.423814 0.833915 0.342386
10019.199808000 -0.219709 -0.716484 0.611530 -0.087257 0.427256 0.846876 0.304369
10019.233141000 -0.196694 -0.718665 0.616623 -0.085559 0.430431 0.859287 0.262745
10019.266474000 -0.174207 -0.721466 0.620663 -0.084187 0.432679 0.870031 0.220788
10019.299807000 -0.153702 -0.722564 0.624614 -0.081236 0.434249 0.879855 0.175167
10019.333140000 -0.116118 -0.723965 0.631213 -0.074047 0.435806 0.893536 0.078640
10019.366473000 -0.099045 -0.725159 0.633605 -0.068913 0.435385 0.897242 0.025462
10019.399806000 -0.083805 -0.724485 0.635787 -0.062929 0.434141 0.898160 -0.029515
10019.433139000 -0.068600 -0.724634 0.638163 -0.055866 0.433186 0.895193 -0.088648
10019.466472000 -0.056658 -0.725012 0.639248 -0.048640 0.431353 0.889220 -0.144417
10019.499805000 -0.044537 -0.724818 0.640964 -0.040277 0.429714 0.878552 -0.204621
10019.533138000 -0.033674 -0.724246 0.642366 -0.032615 0.427693 0.864497 -0.262032
10019.566471000 -0.023846 -0.724632 0.644230 -0.025075 0.425539 0.846914 -0.317844
10019.599804000 -0.014747 -0.725257 0.644818 -0.018313 0.423032 0.826621 -0.370683
10019.633137000 -0.006670 -0.725228 0.646095 -0.013327 0.420288 0.805264 -0.418008
10019.666470000 0.000107 -0.725703 0.647410 -0.008868 0.417803 0.782958 -0.460803
10019.699803000 0.007724 -0.726542 0.649043 -0.006620 0.415504 0.760470 -0.498997
10019.733136000 0.013362 -0.727671 0.650599 0.004456 -0.412834 -0.738741 0.532738
10019.766469000 0.019454 -0.729939 0.652906 0.003871 -0.411118 -0.717680 0.562053
10019.799802000 0.024843 -0.731956 0.655081 0.003098 -0.408929 -0.696635 0.589464
10019.833135000 0.029784 -0.734770 0.657462 0.003680 -0.406550 -0.677219 0.613252
10019.866468000 0.034489 -0.738432 0.660620 0.004700 -0.405160 -0.659551 0.633100
10019.899801000 0.039526 -0.743358 0.665876 0.006382 -0.404168 -0.643959 0.649557
10019.933134000 0.043698 -0.748755 0.669917 0.007596 -0.402178 -0.628737 0.665497
10019.966467000 0.048515 -0.754406 0.675642 0.009046 -0.400766 -0.614099 0.679843
10019.999800000 0.058205 -0.768400 0.688638 0.011970 -0.398088 -0.591136 0.701385
10020.033133000 0.062926 -0.777433 0.696550 0.012760 -0.396914 -0.581259 0.710236
10020.066466000 0.067246 -0.787382 0.704804 0.013607 -0.395773 -0.572845 0.717654
10020.099799000 0.072380 -0.796969 0.714328 0.014194 -0.394161 -0.564563 0.725055
10020.133132000 0.078454 -0.808006 0.723764 0.015149 -0.393084 -0.557941 0.730724
10020.166465000 0.084037 -0.819476 0.734463 0.015317 -0.392530 -0.551996 0.735517
10020.199798000 0.089782 -0.831475 0.744417 0.015050 -0.390964 -0.545988 0.740822
10020.233131000 0.095122 -0.843733 0.755644 0.014526 -0.389609 -0.541275 0.744993
10020.266464000 0.101558 -0.856628 0.766377 0.013998 -0.388480 -0.537270 0.748484
10020.299797000 0.106492 -0.869690 0.777911 0.012966 -0.387547 -0.534796 0.750754
10020.333130000 0.112921 -0.882036 0.789492 0.013139 -0.386787 -0.532045 0.753095
10020.366463000 0.119157 -0.894330 0.800930 0.012211 -0.386517 -0.530688 0.754205
10020.399796000 0.126586 -0.907448 0.811888 0.011112 -0.386422 -0.529846 0.754863
10020.433129000 0.132856 -0.919772 0.823495 0.010648 -0.387103 -0.529276 0.754921
10020.466462000 0.139782 -0.931719 0.833722 0.009675 -0.387771 -0.529528 0.754413
10020.499795000 0.147155 -0.943335 0.844778 0.009477 -0.390496 -0.532353 0.751014
10020.533128000 0.153915 -0.955204 0.854989 0.009738 -0.394906 -0.535839 0.746211
10020.566461000 0.160981 -0.964966 0.864913 0.010629 -0.400033 -0.539344 0.740924
10020.599794000 0.168199 -0.975314 0.874104 0.012713 -0.405906 -0.543470 0.734656
10020.633127000 0.175914 -0.984006 0.882230 0.016386 -0.415333 -0.547632 0.726174
10020.666460000 0.191782 -0.999686 0.897506 0.028228 -0.438212 -0.554031 0.707264
10020.699793000 0.199219 -1.006341 0.904656 0.035310 -0.450984 -0.556850 0.696624
10020.733126000 0.207128 -1.012025 0.909502 0.042933 -0.462335 -0.556793 0.688755
10020.766459000 0.214884 -1.016545 0.914350 0.051429 -0.473798 -0.554639 0.682090
10020.799792000 0.223083 -1.020774 0.917844 0.058935 -0.484599 -0.552625 0.675497
10020.833125000 0.231447 -1.024861 0.921472 0.065718 -0.494151 -0.551451 0.668878
10020.866458000 0.240368 -1.027586 0.924192 0.072402 -0.501663 -0.548225 0.665238
10020.899791000 0.248384 -1.030129 0.926645 0.077175 -0.507242 -0.545938 0.662346
10020.933124000 0.257675 -1.031887 0.928777 0.082440 -0.513403 -0.543221 0.659190
10020.966457000 0.266192 -1.032813 0.930019 0.086943 -0.518296 -0.541754 0.655982
10020.999790000 0.275761 -1.033850 0.931818 0.090751 -0.522238 -0.539233 0.654415
10021.033123000 0.284357 -1.034863 0.933246 0.093382 -0.525208 -0.538770 0.652046
10021.066456000 0.293407 -1.035337 0.933466 0.094902 -0.527547 -0.538161 0.650439
10021.099789000 0.302611 -1.034594 0.934015 0.096857 -0.529099 -0.537494 0.649441
10021.133122000 0.311773 -1.034072 0.934166 0.098180 -0.530061 -0.537251 0.648659
10021.166455000 0.320847 -1.033272 0.934593 0.099262 -0.531725 -0.536840 0.647471
10021.199788000 0.330137 -1.033069 0.934085 0.099704 -0.532128 -0.537695 0.646361
10021.233121000 0.340547 -1.031632 0.934262 0.100612 -0.533540 -0.537196 0.645471
10021.266454000 0.349767 -1.030865 0.934813 0.100695 -0.534529 -0.538623 0.643448
10021.299787000 0.359391 -1.029920 0.934068 0.100276 -0.534902 -0.539289 0.642644
10021.333120000 0.378038 -1.028300 0.935525 0.099046 -0.536237 -0.541595 0.639777
10021.366453000 0.388550 -1.026977 0.935754 0.098276 -0.536824 -0.542901 0.638294
10021.399786000 0.397991 -1.026861 0.935250 0.096703 -0.536880 -0.544087 0.637478
10021.433119000 0.406898 -1.026963 0.936311 0.095450 -0.538040 -0.546530 0.634591
10021.466452000 0.416927 -1.026456 0.936820 0.093795 -0.538340 -0.547849 0.633446
10021.499785000 0.425933 -1.026566 0.937924 0.092385 -0.539225 -0.550267 0.630799
10021.533118000 0.435985 -1.026684 0.939315 0.090156 -0.539645 -0.552516 0.628794
10021.566451000 0.444889 -1.026815 0.940285 0.088279 -0.540004 -0.554182 0.627284
10021.599784000 0.454684 -1.027696 0.942152 0.086410 -0.540634 -0.557177 0.624341
