10000.000000000 0.000000 0.000000 0.000000 0.000000 0.000000 0.000000 1.000000
10000.033333000 0.010732 0.004746 -0.001621 0.005123 -0.002532 0.009470 0.999939
10000.066666000 0.020879 0.008812 -0.002787 0.010586 -0.004838 0.017862 0.999773
10000.099999000 0.031457 0.013696 -0.004385 0.015884 -0.008313 0.023241 0.999569
10000.133332000 0.042649 0.019239 -0.006574 0.022108 -0.012207 0.024208 0.999388
10000.166665000 0.053457 0.023965 -0.008498 0.027851 -0.016497 0.024797 0.999168
10000.199998000 0.065030 0.030511 -0.011251 0.034791 -0.021275 0.020600 0.998956
10000.233331000 0.076246 0.036306 -0.013357 0.041666 -0.026384 0.016225 0.998651
10000.266664000 0.088960 0.042739 -0.015490 0.048359 -0.031938 0.007744 0.998289
10000.299997000 0.100661 0.049287 -0.018051 0.056082 -0.037657 -0.001826 0.997714
10000.333330000 0.113397 0.055819 -0.020240 0.063481 -0.044166 -0.012924 0.996921
10000.366663000 0.126431 0.063140 -0.022954 0.071546 -0.050622 -0.025255 0.995832
10000.399996000 0.139350 0.069155 -0.025346 0.079383 -0.056921 -0.038188 0.994485
10000.433329000 0.152524 0.076094 -0.027963 0.087767 -0.063782 -0.050306 0.992823
10000.466662000 0.165576 0.082164 -0.030304 0.095937 -0.070300 -0.063381 0.990877
10000.499995000 0.178825 0.089205 -0.032896 0.104622 -0.077362 -0.075179 0.988644
10000.533328000 0.192375 0.096053 -0.035803 0.112990 -0.083821 -0.086203 0.986294
10000.566661000 0.205910 0.101901 -0.038429 0.120547 -0.091213 -0.097358 0.983702
10000.599994000 0.219155 0.108591 -0.041280 0.129036 -0.097872 -0.107535 0.980922
10000.633327000 0.232113 0.114566 -0.043870 0.137160 -0.104942 -0.117154 0.977982
10000.666660000 0.257849 0.126508 -0.049016 0.151618 -0.118897 -0.133041 0.972202
10000.699993000 0.271178 0.131353 -0.051037 0.158819 -0.126412 -0.140603 0.969034
10000.733326000 0.284479 0.137238 -0.054360 0.165475 -0.133198 -0.146789 0.966090
10000.766659000 0.296288 0.142099 -0.056232 0.171130 -0.140457 -0.151914 0.963280
10000.799992000 0.309577 0.146445 -0.057227 0.176648 -0.147932 -0.156994 0.960346
10000.833325000 0.320558 0.152348 -0.058719 0.182198 -0.154767 -0.161888 0.957415
10000.866658000 0.333594 0.155419 -0.059656 0.186500 -0.162214 -0.165400 0.954750
10000.899991000 0.346107 0.158476 -0.061234 0.190689 -0.169463 -0.168445 0.952127
10000.933324000 0.355288 0.162377 -0.062303 0.194168 -0.176598 -0.171467 0.949584
10000.966657000 0.365389 0.165104 -0.063438 0.196760 -0.183420 -0.173872 0.947318
10000.999990000 0.375738 0.168023 -0.064401 0.199397 -0.190200 -0.176264 0.944985
10001.033323000 0.385272 0.169603 -0.064183 0.200784 -0.196730 -0.177868 0.943052
10001.066656000 0.396915 0.170662 -0.065113 0.201452 -0.203909 -0.179257 0.941119
10001.099989000 0.404555 0.171909 -0.064800 0.202116 -0.210186 -0.180352 0.939385
10001.133322000 0.413397 0.173021 -0.063911 0.201920 -0.216591 -0.181368 0.937775
10001.166655000 0.423556 0.171464 -0.062182 0.200673 -0.223533 -0.182528 0.936187
10001.199988000 0.431586 0.170365 -0.060998 0.198869 -0.229968 -0.183249 0.934872
10001.233321000 0.440222 0.168901 -0.059553 0.196112 -0.236177 -0.183936 0.933771
10001.266654000 0.448001 0.166488 -0.058110 0.193575 -0.241981 -0.185026 0.932598
10001.299987000 0.455738 0.163752 -0.054570 0.189202 -0.248323 -0.185689 0.931696
10001.333320000 0.466571 0.154683 -0.049004 0.179243 -0.258794 -0.188079 0.930335
10001.366653000 0.472077 0.149342 -0.044603 0.173260 -0.264447 -0.189520 0.929587
10001.399986000 0.477406 0.143954 -0.040648 0.166898 -0.268919 -0.191041 0.929156
10001.433319000 0.481811 0.137048 -0.035699 0.159630 -0.274101 -0.192820 0.928551
10001.466652000 0.486934 0.129793 -0.030114 0.152711 -0.278832 -0.194653 0.927924
10001.499985000 0.491531 0.121673 -0.024375 0.145153 -0.283400 -0.196889 0.927281
10001.533318000 0.496244 0.112879 -0.017254 0.137160 -0.288077 -0.199559 0.926485
10001.566651000 0.501414 0.103499 -0.010253 0.129229 -0.292739 -0.202250 0.925580
10001.599984000 0.505973 0.094584 -0.004015 0.121449 -0.296830 -0.204547 0.924826
10001.633317000 0.510216 0.084080 0.003756 0.113352 -0.300453 -0.207749 0.923970
10001.666650000 0.515907 0.073944 0.011274 0.105930 -0.304947 -0.210816 0.922682
10001.699983000 0.520423 0.063374 0.018479 0.098622 -0.308225 -0.214122 0.921642
10001.733316000 0.526151 0.051792 0.027207 0.091479 -0.312507 -0.217396 0.920168
10001.766649000 0.531255 0.041101 0.035245 0.084837 -0.315756 -0.220893 0.918862
10001.799982000 0.537207 0.029040 0.043918 0.079280 -0.319079 -0.224539 0.917325
10001.833315000 0.543598 0.017145 0.052756 0.073604 -0.322987 -0.228271 0.915508
10001.866648000 0.551216 0.005615 0.061281 0.069349 -0.326177 -0.232072 0.913752
10001.899981000 0.558594 -0.006291 0.070435 0.065686 -0.329861 -0.235706 0.911767
10001.933314000 0.566477 -0.018947 0.079721 0.062841 -0.333167 -0.239992 0.909645
10001.966647000 0.575597 -0.029929 0.088968 0.061480 -0.336467 -0.243578 0.907568
10001.999980000 0.594702 -0.053601 0.107431 0.061092 -0.343023 -0.251632 0.902931
10002.033313000 0.606244 -0.064698 0.116909 0.062608 -0.346208 -0.255789 0.900440
10002.066646000 0.616974 -0.076829 0.126264 0.064968 -0.348931 -0.259846 0.898057
10002.099979000 0.629207 -0.087996 0.135856 0.068073 -0.352256 -0.264258 0.895237
10002.133312000 0.641134 -0.098743 0.144693 0.072636 -0.354673 -0.268340 0.892707
10002.166645000 0.654555 -0.110427 0.154705 0.077292 -0.357829 -0.273221 0.889570
10002.199978000 0.667469 -0.121267 0.164070 0.082690 -0.360223 -0.278187 0.886574
10002.233311000 0.679760 -0.132557 0.173622 0.088041 -0.362710 -0.283064 0.883496
10002.266644000 0.693393 -0.143687 0.183521 0.094300 -0.365156 -0.288398 0.880111
10002.299977000 0.705864 -0.154356 0.192567 0.100268 -0.367177 -0.294013 0.876746
10002.333310000 0.718675 -0.165187 0.201886 0.106692 -0.368960 -0.299802 0.873272
10002.366643000 0.730516 -0.175678 0.210954 0.113224 -0.370585 -0.305770 0.869685
10002.399976000 0.743032 -0.186709 0.219705 0.119640 -0.371974 -0.311804 0.866083
10002.433309000 0.753968 -0.197188 0.228524 0.125912 -0.373148 -0.318203 0.862353
10002.466642000 0.764067 -0.207641 0.236619 0.131814 -0.373884 -0.324672 0.858734
10002.499975000 0.775257 -0.217996 0.245877 0.137374 -0.375182 -0.331324 0.854746
10002.533308000 0.785096 -0.228468 0.254189 0.142650 -0.376034 -0.338509 0.850683
10002.566641000 0.793330 -0.239322 0.262363 0.146835 -0.377048 -0.345328 0.846772
10002.599974000 0.800942 -0.249177 0.270290 0.150667 -0.377478 -0.352175 0.843079
10002.633307000 0.807369 -0.259488 0.277993 0.153695 -0.378241 -0.359184 0.839225
10002.666640000 0.817383 -0.280253 0.292474 0.157143 -0.380028 -0.372518 0.831935
10002.699973000 0.820187 -0.289950 0.299904 0.157560 -0.381066 -0.379099 0.828401
10002.733306000 0.821673 -0.300180 0.307223 0.156629 -0.381974 -0.385651 0.825128
10002.766639000 0.823067 -0.310865 0.313043 0.155178 -0.383492 -0.392017 0.821691
10002.799972000 0.822554 -0.320114 0.317563 0.153165 -0.384043 -0.398501 0.818687
10002.833305000 0.822863 -0.329878 0.324761 0.150459 -0.385726 -0.403892 0.815750
10002.866638000 0.821973 -0.339570 0.330428 0.147261 -0.387107 -0.409811 0.812722
10002.899971000 0.822180 -0.348293 0.336532 0.144016 -0.388777 -0.415131 0.809801
10002.933304000 0.820547 -0.357448 0.342359 0.139881 -0.390523 -0.419998 0.807172
10002.966637000 0.820458 -0.366212 0.348262 0.135607 -0.392437 -0.424211 0.804766
10002.999970000 0.819436 -0.374499 0.353736 0.131316 -0.394117 -0.429005 0.802112
10003.033303000 0.819320 -0.383768 0.358609 0.126675 -0.396227 -0.432802 0.799775
10003.066636000 0.819114 -0.392214 0.364256 0.121803 -0.398072 -0.436127 0.797807
10003.099969000 0.818706 -0.400835 0.369934 0.117011 -0.399867 -0.439863 0.795573
10003.133302000 0.820084 -0.408186 0.376886 0.112587 -0.402110 -0.442547 0.793589
10003.166635000 0.821243 -0.416023 0.382501 0.108127 -0.404204 -0.445233 0.791641
10003.199968000 0.824364 -0.423333 0.388241 0.103875 -0.406100 -0.447583 0.789913
10003.233301000 0.827303 -0.430546 0.393722 0.099849 -0.408035 -0.449804 0.788172
10003.266634000 0.832748 -0.438679 0.399748 0.095963 -0.410142 -0.451866 0.786379
10003.299967000 0.838385 -0.445029 0.405859 0.093022 -0.412194 -0.453206 0.784887
10003.333300000 0.855462 -0.458945 0.417458 0.088426 -0.415805 -0.456212 0.781766
10003.366633000 0.864980 -0.464369 0.424085 0.086977 -0.417644 -0.456748 0.780634
10003.399966000 0.876619 -0.470819 0.430825 0.085750 -0.419676 -0.457721 0.779109
10003.433299000 0.889149 -0.476635 0.436427 0.085228 -0.421389 -0.458200 0.777959
10003.466632000 0.901763 -0.482554 0.442890 0.085053 -0.422821 -0.458769 0.776865
10003.499965000 0.915549 -0.488634 0.449069 0.085042 -0.424387 -0.459913 0.775335
10003.533298000 0.928479 -0.494575 0.455856 0.085522 -0.426081 -0.460742 0.773859
10003.566631000 0.942420 -0.499638 0.461631 0.085820 -0.427474 -0.460814 0.773014
10003.599964000 0.955147 -0.505480 0.468228 0.086316 -0.428572 -0.462141 0.771558
10003.633297000 0.968343 -0.510605 0.473606 0.086899 -0.429799 -0.462626 0.770518
10003.666630000 0.979008 -0.515648 0.479598 0.087313 -0.430764 -0.463500 0.769407
10003.699963000 0.990166 -0.521002 0.484213 0.087741 -0.431447 -0.464501 0.768371
10003.733296000 0.999551 -0.526214 0.489132 0.087997 -0.432116 -0.465676 0.767254
10003.766629000 1.006989 -0.531332 0.493106 0.087911 -0.432510 -0.467299 0.766054
10003.799962000 1.014241 -0.538017 0.497192 0.087206 -0.432652 -0.468948 0.765046
10003.833295000 1.018441 -0.543353 0.501386 0.086805 -0.432934 -0.470946 0.763703
10003.866628000 1.020218 -0.548407 0.504700 0.085514 -0.432829 -0.473241 0.762489
10003.899961000 1.019625 -0.553470 0.507203 0.084057 -0.432311 -0.475427 0.761585
10003.933294000 1.017390 -0.559512 0.510482 0.081827 -0.431805 -0.478606 0.760122
10003.966627000 1.011476 -0.565150 0.511018 0.078760 -0.430598 -0.482065 0.758944
10003.999960000 0.991102 -0.577630 0.513020 0.071013 -0.428159 -0.490501 0.755676
10004.033293000 0.975537 -0.583213 0.512056 0.066006 -0.425884 -0.495284 0.754294
10004.066626000 0.957409 -0.590422 0.511965 0.059971 -0.424003 -0.500570 0.752366
10004.099959000 0.937543 -0.597424 0.510991 0.053880 -0.421901 -0.506400 0.750103
10004.133292000 0.914596 -0.603978 0.510183 0.046817 -0.419120 -0.512312 0.748119
10004.166625000 0.890515 -0.610946 0.508698 0.039751 -0.416372 -0.518356 0.745896
10004.199958000 0.863769 -0.619555 0.508300 0.032395 -0.413342 -0.525514 0.742922
10004.233291000 0.836124 -0.627331 0.506996 0.024650 -0.410326 -0.532626 0.739821
10004.266624000 0.808585 -0.635042 0.505634 0.016808 -0.406818 -0.539504 0.736989
10004.299957000 0.779600 -0.643505 0.504595 0.008567 -0.403611 -0.546236 0.733929
10004.333290000 0.750411 -0.652438 0.505740 0.000648 -0.400727 -0.554104 0.729648
10004.366623000 0.721873 -0.660996 0.506261 -0.007014 -0.397183 -0.561424 0.725948
10004.399956000 0.693290 -0.670892 0.507710 -0.014836 -0.393901 -0.569330 0.721447
10004.433289000 0.664356 -0.679704 0.510525 -0.022382 -0.390415 -0.575983 0.717857
10004.466622000 0.638218 -0.689590 0.514756 -0.029162 -0.387729 -0.583802 0.712735
10004.499955000 0.612096 -0.699827 0.519269 -0.036300 -0.384108 -0.590925 0.708484
10004.533288000 0.588320 -0.710879 0.525706 -0.043027 -0.381352 -0.597502 0.704068
10004.566621000 0.566270 -0.721759 0.533418 -0.048846 -0.378805 -0.604621 0.698966
10004.599954000 0.546051 -0.732559 0.542642 -0.054411 -0.375969 -0.610946 0.694573
10004.633287000 0.528480 -0.744715 0.553189 -0.060154 -0.373070 -0.616091 0.691109
10004.666620000 0.502726 -0.768454 0.581148 -0.068535 -0.368768 -0.626595 0.683148
10004.699953000 0.493928 -0.781585 0.597196 -0.072058 -0.366380 -0.630270 0.680685
10004.733286000 0.487923 -0.794724 0.615014 -0.075859 -0.364267 -0.633217 0.678669
10004.766619000 0.484936 -0.807022 0.633702 -0.078376 -0.362072 -0.635110 0.677788
10004.799952000 0.484333 -0.820384 0.654644 -0.080436 -0.360180 -0.636308 0.677430
10004.833285000 0.485744 -0.833970 0.676056 -0.082009 -0.358841 -0.637580 0.676756
10004.866618000 0.487938 -0.847816 0.697834 -0.083794 -0.356513 -0.637097 0.678221
10004.899951000 0.492161 -0.860337 0.720193 -0.084456 -0.354851 -0.635548 0.680461
10004.933284000 0.498307 -0.873647 0.743337 -0.084480 -0.354083 -0.633893 0.682399
10004.966617000 0.504331 -0.886863 0.766276 -0.084836 -0.351701 -0.629736 0.687417
10004.999950000 0.512212 -0.899442 0.790247 -0.083576 -0.351167 -0.625248 0.691926
10005.033283000 0.520032 -0.912614 0.813139 -0.081696 -0.351036 -0.620354 0.696606
10005.066616000 0.527974 -0.925665 0.835980 -0.078962 -0.351496 -0.614982 0.701436
10005.099949000 0.536360 -0.937165 0.857753 -0.075131 -0.351436 -0.606329 0.709375
10005.133282000 0.545055 -0.949241 0.878857 -0.069608 -0.353482 -0.598547 0.715505
10005.166615000 0.552549 -0.961346 0.899508 -0.062481 -0.356411 -0.591168 0.720824
10005.199948000 0.559527 -0.971468 0.918272 -0.053032 -0.360602 -0.580892 0.727817
10005.233281000 0.566935 -0.982334 0.937086 -0.041861 -0.368377 -0.573316 0.730654
10005.266614000 0.572446 -0.990969 0.952867 -0.029710 -0.374346 -0.562204 0.736824
10005.299947000 0.577791 -0.999910 0.968621 -0.014163 -0.386126 -0.554212 0.737262
10005.333280000 0.582909 -1.013744 0.992507 0.016973 -0.408444 -0.536712 0.738123
10005.366613000 0.583171 -1.019824 1.001400 0.031839 -0.421554 -0.530861 0.734483
10005.399946000 0.581858 -1.024454 1.009347 0.046509 -0.434698 -0.524936 0.730286
10005.433279000 0.579954 -1.028674 1.015674 0.060653 -0.448380 -0.519673 0.724718
10005.466612000 0.576322 -1.033361 1.020514 0.070597 -0.460712 -0.517949 0.717279
10005.499945000 0.571653 -1.036595 1.023161 0.079572 -0.469946 -0.514312 0.712953
10005.533278000 0.566072 -1.039313 1.025430 0.087090 -0.480377 -0.513183 0.705901
10005.566611000 0.560088 -1.041514 1.026271 0.093356 -0.489739 -0.512372 0.699225
10005.599944000 0.553158 -1.043612 1.026972 0.097834 -0.497337 -0.512147 0.693390
10005.633277000 0.545514 -1.046080 1.026325 0.100890 -0.504483 -0.513243 0.686950
10005.666610000 0.537206 -1.047314 1.024899 0.103017 -0.509341 -0.513875 0.682563
10005.699943000 0.529073 -1.049197 1.022947 0.104416 -0.514581 -0.515404 0.677246
10005.733276000 0.521229 -1.050142 1.020419 0.105606 -0.518286 -0.516208 0.673614
10005.766609000 0.512152 -1.051757 1.018121 0.106107 -0.522676 -0.518249 0.668557
10005.799942000 0.502936 -1.053428 1.015706 0.106432 -0.525742 -0.519641 0.665011
10005.833275000 0.494845 -1.055949 1.013136 0.106645 -0.528712 -0.520969 0.661575
10005.866608000 0.485802 -1.057406 1.010718 0.107450 -0.531718 -0.521730 0.658428
10005.899941000 0.477471 -1.059951 1.009315 0.107859 -0.534174 -0.522582 0.655693
10005.933274000 0.469964 -1.063612 1.006899 0.107569 -0.536426 -0.524200 0.652603
10005.966607000 0.462457 -1.066404 1.005804 0.108306 -0.538166 -0.524179 0.651063
10005.999940000 0.449382 -1.075478 1.005422 0.110164 -0.542759 -0.524295 0.646832
10006.033273000 0.443581 -1.080426 1.006426 0.111726 -0.544825 -0.523394 0.645555
10006.066606000 0.439198 -1.086373 1.007819 0.112893 -0.546945 -0.523017 0.643863
10006.099939000 0.435378 -1.092260 1.010108 0.114610 -0.548940 -0.521841 0.642815
10006.133272000 0.431072 -1.099343 1.013193 0.116262 -0.550996 -0.520581 0.641780
10006.166605000 0.427548 -1.106782 1.016286 0.118047 -0.553242 -0.519651 0.640274
10006.199938000 0.424982 -1.114169 1.021301 0.120440 -0.556318 -0.517958 0.638532
10006.233271000 0.422495 -1.121821 1.025296 0.122223 -0.558005 -0.516539 0.637871
10006.266604000 0.420110 -1.130208 1.030864 0.124627 -0.560364 -0.514527 0.636963
10006.299937000 0.418359 -1.138261 1.036587 0.126808 -0.562857 -0.512959 0.635598
10006.333270000 0.415977 -1.147264 1.041817 0.129332 -0.565273 -0.510788 0.634693
10006.366603000 0.414858 -1.156025 1.047393 0.131460 -0.567103 -0.508877 0.634158
10006.399936000 0.412661 -1.165033 1.053567 0.133252 -0.569103 -0.507514 0.633084
10006.433269000 0.411365 -1.174328 1.060093 0.135408 -0.571504 -0.505746 0.631877
10006.466602000 0.409811 -1.183736 1.066274 0.137316 -0.573584 -0.504233 0.630790
10006.499935000 0.408334 -1.192648 1.072995 0.139177 -0.576135 -0.503003 0.629036
10006.533268000 0.405772 -1.202193 1.079422 0.140533 -0.577831 -0.501759 0.628173
10006.566601000 0.404264 -1.211588 1.085296 0.141766 -0.579817 -0.501015 0.626657
10006.599934000 0.402058 -1.220736 1.091607 0.142853 -0.581703 -0.500374 0.625172
10006.633267000 0.399839 -1.229376 1.098611 0.144113 -0.583713 -0.499552 0.623665
10006.666600000 0.392987 -1.247689 1.109175 0.143653 -0.586329 -0.501138 0.620035
10006.699933000 0.388845 -1.255773 1.114219 0.142631 -0.587053 -0.502560 0.618432
10006.733266000 0.384910 -1.263299 1.119730 0.142153 -0.588207 -0.503662 0.616546
10006.766599000 0.380936 -1.271766 1.125516 0.140124 -0.589547 -0.506588 0.613325
10006.799932000 0.376542 -1.279914 1.130105 0.138472 -0.590675 -0.509021 0.610595
10006.833265000 0.371597 -1.287715 1.134736 0.136875 -0.591916 -0.511463 0.607706
10006.866598000 0.368542 -1.294124 1.139529 0.135512 -0.592599 -0.513480 0.605641
10006.899931000 0.363671 -1.301379 1.143838 0.132916 -0.593707 -0.517336 0.601838
10006.933264000 0.358959 -1.308782 1.147761 0.130886 -0.594629 -0.520483 0.598651
10006.966597000 0.355411 -1.316186 1.152250 0.129413 -0.596484 -0.522864 0.595039
10006.999930000 0.351397 -1.324094 1.156968 0.127539 -0.598692 -0.526081 0.590374
10007.033263000 0.347762 -1.331400 1.161076 0.126434 -0.600060 -0.528021 0.587483
10007.066596000 0.344233 -1.338532 1.165847 0.125825 -0.602801 -0.529614 0.583359
10007.099929000 0.341458 -1.346705 1.169381 0.125144 -0.604521 -0.531025 0.580436
10007.133262000 0.338999 -1.353671 1.174424 0.125584 -0.608077 -0.531456 0.576217
10007.166595000 0.337276 -1.361343 1.178777 0.127252 -0.611885 -0.530373 0.572807
10007.199928000 0.335797 -1.368351 1.184039 0.129607 -0.615325 -0.528395 0.570417
10007.233261000 0.334908 -1.376308 1.189527 0.131845 -0.619526 -0.526387 0.567204
10007.266594000 0.334998 -1.384122 1.195894 0.135569 -0.624269 -0.522463 0.564749
10007.299927000 0.335322 -1.391730 1.200005 0.139137 -0.628364 -0.518705 0.562801
10007.333260000 0.339061 -1.409011 1.210544 0.149073 -0.637553 -0.507671 0.559976
10007.366593000 0.342885 -1.417580 1.218161 0.154777 -0.642293 -0.500835 0.559168
10007.399926000 0.347254 -1.426626 1.223519 0.160353 -0.646317 -0.494593 0.558516
10007.433259000 0.352959 -1.434348 1.229859 0.166157 -0.649700 -0.487593 0.559048
10007.466592000 0.356873 -1.444601 1.236541 0.170965 -0.653357 -0.482188 0.558024
10007.499925000 0.363208 -1.453048 1.243612 0.175739 -0.656024 -0.476172 0.558577
10007.533258000 0.369802 -1.463014 1.251530 0.180179 -0.659030 -0.470822 0.558160
10007.566591000 0.376093 -1.471671 1.258904 0.184116 -0.661474 -0.466148 0.557907
10007.599924000 0.383725 -1.481019 1.267383 0.187947 -0.663552 -0.461452 0.558066
10007.633257000 0.390378 -1.492195 1.273185 0.190819 -0.665066 -0.458190 0.557976
10007.666590000 0.397738 -1.501152 1.281229 0.193300 -0.666581 -0.454268 0.558521
10007.699923000 0.404881 -1.511169 1.289611 0.195588 -0.667974 -0.451526 0.558283
10007.733256000 0.412534 -1.521331 1.298349 0.197438 -0.668890 -0.449336 0.558303
10007.766589000 0.419721 -1.531055 1.305588 0.198956 -0.669504 -0.447542 0.558468
10007.799922000 0.426819 -1.542095 1.313073 0.199812 -0.670030 -0.446506 0.558361
10007.833255000 0.434019 -1.551228 1.322076 0.201077 -0.670499 -0.445725 0.557968
10007.866588000 0.441099 -1.561379 1.331967 0.201520 -0.670785 -0.445116 0.557951
10007.899921000 0.447485 -1.572999 1.337735 0.201376 -0.670262 -0.445510 0.558317
10007.933254000 0.454481 -1.581509 1.345642 0.201039 -0.670040 -0.445813 0.558463
10007.966587000 0.459569 -1.592401 1.352148 0.200055 -0.669420 -0.447225 0.558431
10007.999920000 0.466650 -1.615707 1.372480 0.196714 -0.668650 -0.450233 0.558122
10008.033253000 0.473397 -1.623919 1.377052 0.195406 -0.666998 -0.452647 0.558606
10008.066586000 0.475259 -1.637005 1.385796 0.193108 -0.666071 -0.456152 0.557660
10008.099919000 0.478974 -1.646110 1.391976 0.190785 -0.664423 -0.459190 0.557931
10008.133252000 0.478092 -1.659214 1.400094 0.187371 -0.663477 -0.462688 0.557324
10008.166585000 0.480212 -1.668932 1.406507 0.184492 -0.661730 -0.466290 0.557360
10008.199918000 0.481735 -1.677904 1.412606 0.181597 -0.659879 -0.469903 0.557471
10008.233251000 0.480688 -1.687798 1.419591 0.178842 -0.658335 -0.474199 0.556549
10008.266584000 0.479287 -1.698193 1.425189 0.175263 -0.656600 -0.478189 0.556323
10008.299917000 0.477988 -1.706856 1.431711 0.171966 -0.654675 -0.482201 0.556157
10008.333250000 0.474937 -1.716063 1.435222 0.168445 -0.652749 -0.486575 0.555689
10008.366583000 0.472220 -1.723438 1.441794 0.165076 -0.650912 -0.490615 0.555302
10008.399916000 0.468116 -1.731658 1.446237 0.161660 -0.648947 -0.494820 0.554875
10008.433249000 0.462575 -1.738579 1.449752 0.158184 -0.646851 -0.498914 0.554659
10008.466582000 0.456564 -1.745424 1.454782 0.154545 -0.645022 -0.503063 0.554067
10008.499915000 0.450703 -1.750672 1.457845 0.151503 -0.643079 -0.506890 0.553678
10008.533248000 0.442682 -1.755500 1.460057 0.148186 -0.640907 -0.510413 0.553857
10008.566581000 0.434380 -1.759629 1.461042 0.144994 -0.638888 -0.513806 0.553898
10008.599914000 0.425362 -1.764220 1.463002 0.141917 -0.637439 -0.517163 0.553239
10008.633247000 0.415265 -1.766268 1.464374 0.139496 -0.635657 -0.520058 0.553191
10008.666580000 0.392640 -1.769558 1.463535 0.134464 -0.632778 -0.524116 0.553908
10008.699913000 0.378966 -1.769465 1.462212 0.132542 -0.631391 -0.526365 0.553821
10008.733246000 0.365843 -1.769410 1.460504 0.130728 -0.630354 -0.527474 0.554378
10008.766579000 0.351880 -1.768111 1.457901 0.129164 -0.629223 -0.528444 0.555106
10008.799912000 0.335978 -1.767146 1.454727 0.127553 -0.628282 -0.529292 0.555735
10008.833245000 0.320727 -1.764037 1.451810 0.127060 -0.627464 -0.529845 0.556246
10008.866578000 0.304099 -1.762009 1.448824 0.126190 -0.627118 -0.530024 0.556664
10008.899911000 0.286858 -1.760041 1.445102 0.125236 -0.626717 -0.530261 0.557104
10008.933244000 0.268375 -1.757123 1.442607 0.124956 -0.626581 -0.530608 0.556989
10008.966577000 0.248813 -1.755047 1.439689 0.124343 -0.626650 -0.530263 0.557377
10008.999910000 0.228918 -1.753668 1.435370 0.123979 -0.626370 -0.530801 0.557262
10009.033243000 0.208708 -1.751863 1.431810 0.124159 -0.626479 -0.530659 0.557233
10009.066576000 0.186630 -1.751268 1.428362 0.123545 -0.626834 -0.530402 0.557215
10009.099909000 0.165371 -1.751314 1.426093 0.124088 -0.627549 -0.530785 0.555925
10009.133242000 0.142631 -1.752199 1.422760 0.123918 -0.627940 -0.531245 0.555081
10009.166575000 0.118199 -1.754294 1.422246 0.123683 -0.629396 -0.531597 0.553144
10009.199908000 0.094381 -1.756709 1.420392 0.123781 -0.630408 -0.532759 0.550846
10009.233241000 0.070103 -1.759883 1.419168 0.124174 -0.631531 -0.533838 0.548422
10009.266574000 0.044379 -1.765692 1.420150 0.123595 -0.633398 -0.535682 0.544588
10009.299907000 0.017689 -1.772421 1.419701 0.123552 -0.634755 -0.538211 0.540509
10009.333240000 -0.035372 -1.790616 1.423376 0.122929 -0.639307 -0.544218 0.529152
10009.366573000 -0.063832 -1.801688 1.426980 0.122716 -0.642391 -0.548432 0.521053
10009.399906000 -0.091490 -1.813500 1.430722 0.122097 -0.645064 -0.553117 0.512879
10009.433239000 -0.120093 -1.827416 1.433843 0.120811 -0.647939 -0.559048 0.503035
10009.466572000 -0.148906 -1.840361 1.437845 -0.119673 0.650935 0.564981 -0.492705
10009.499905000 -0.179294 -1.854328 1.442243 -0.118752 0.654411 0.571787 -0.480316
10009.533238000 -0.207970 -1.867788 1.445514 -0.117195 0.657716 0.578954 -0.467426
10009.566571000 -0.238040 -1.879554 1.448684 -0.115757 0.660410 0.586837 -0.453961
10009.599904000 -0.268421 -1.892108 1.451296 -0.113968 0.662817 0.595619 -0.439230
10009.633237000 -0.298325 -1.902202 1.452568 -0.112464 0.664515 0.604272 -0.425002
10009.666570000 -0.329562 -1.912055 1.453088 -0.110129 0.665470 0.614916 -0.408533
10009.699903000 -0.360574 -1.920347 1.452141 -0.108050 0.665862 0.624965 -0.392903
10009.733236000 -0.391926 -1.925750 1.449792 -0.105387 0.664664 0.636154 -0.377392
10009.766569000 -0.422116 -1.928765 1.445610 -0.102988 0.662014 0.646894 -0.364225
10009.799902000 -0.454002 -1.929136 1.440416 -0.100030 0.657587 0.658354 -0.352340
10009.833235000 -0.485349 -1.926553 1.431822 -0.097038 0.650538 0.671536 -0.341209
10009.866568000 -0.516737 -1.920447 1.421493 -0.093100 0.640328 0.685035 -0.334722
10009.899901000 -0.547861 -1.910310 1.409921 -0.089296 0.628129 0.698317 -0.331410
10009.933234000 -0.579357 -1.895755 1.394731 -0.084480 0.610785 0.712756 -0.334340
10009.966567000 -0.610768 -1.876518 1.378111 -0.078958 0.590785 0.725668 -0.343723
10009.999900000 -0.672146 -1.823591 1.333928 -0.063055 0.538694 0.741369 -0.395228
10010.033233000 -0.701474 -1.789867 1.309529 -0.052895 0.509134 0.739978 -0.436368
10010.066566000 -0.729667 -1.752189 1.282124 -0.039510 0.477679 0.725670 -0.493625
10010.099899000 -0.758370 -1.713058 1.250025 0.025037 -0.446745 -0.700234 0.556296
10010.133232000 -0.785526 -1.667249 1.216836 0.012458 -0.416993 -0.659075 0.625766
10010.166565000 -0.814642 -1.621440 1.180290 0.001522 -0.388704 -0.608093 0.692192
10010.199898000 -0.843734 -1.576733 1.140310 -0.004830 -0.363960 -0.556401 0.746946
10010.233231000 -0.873211 -1.529034 1.100749 -0.005309 -0.343462 -0.508848 0.789353
10010.266564000 -0.902831 -1.482154 1.060971 -0.003642 -0.326054 -0.464977 0.823087
10010.299897000 -0.932360 -1.433997 1.025574 0.001347 -0.312463 -0.429839 0.847115
10010.333230000 -0.960552 -1.385826 0.991772 0.008104 -0.302472 -0.400578 0.864860
10010.366563000 -0.987767 -1.340854 0.959698 0.014440 -0.295197 -0.378166 0.877292
10010.399896000 -1.014445 -1.298297 0.930238 0.021170 -0.289935 -0.361572 0.885864
10010.433229000 -1.041720 -1.257918 0.900739 0.026578 -0.284940 -0.346912 0.893171
10010.466562000 -1.068272 -1.221308 0.873772 0.030875 -0.281083 -0.334821 0.898852
10010.499895000 -1.094016 -1.188528 0.849276 0.034714 -0.278285 -0.327342 0.902330
10010.533228000 -1.120681 -1.160776 0.827802 0.037116 -0.276156 -0.321939 0.904829
10010.566561000 -1.145874 -1.137153 0.810451 0.039340 -0.274484 -0.317550 0.906793
10010.599894000 -1.170823 -1.119562 0.795733 0.040108 -0.273126 -0.315063 0.908036
10010.633227000 -1.195324 -1.108964 0.786415 0.039989 -0.272833 -0.315813 0.907868
10010.666560000 -1.243685 -1.107869 0.779508 0.035914 -0.271558 -0.318208 0.907585
10010.699893000 -1.265808 -1.118714 0.782889 0.032304 -0.272161 -0.322409 0.906056
10010.733226000 -1.288299 -1.135414 0.791044 0.027973 -0.272693 -0.328485 0.903855
10010.766559000 -1.310493 -1.158921 0.802267 0.022055 -0.273287 -0.334222 0.901733
10010.799892000 -1.330400 -1.186881 0.817853 0.016446 -0.274815 -0.342306 0.898350
10010.833225000 -1.351272 -1.220175 0.836606 0.009855 -0.276220 -0.351476 0.894466
10010.866558000 -1.370184 -1.257932 0.857261 0.002650 -0.277924 -0.363415 0.889202
10010.899891000 -1.387816 -1.300072 0.882074 -0.004451 -0.280890 -0.376934 0.882611
10010.933224000 -1.405193 -1.345012 0.908725 -0.011829 -0.283921 -0.391515 0.875194
10010.966557000 -1.421125 -1.392653 0.936136 -0.019352 -0.287707 -0.407409 0.866526
10010.999890000 -1.436025 -1.442527 0.966086 -0.026177 -0.292129 -0.426274 0.855725
10011.033223000 -1.449993 -1.495792 0.996627 -0.032471 -0.297688 -0.447945 0.842421
10011.066556000 -1.462270 -1.548851 1.028602 -0.037875 -0.303874 -0.471422 0.827035
10011.099889000 -1.473300 -1.603068 1.061312 -0.041719 -0.310984 -0.497819 0.808533
10011.133222000 -1.483140 -1.656072 1.094486 -0.044293 -0.318818 -0.522971 0.789237
10011.166555000 -1.490726 -1.709579 1.127614 -0.044999 -0.327459 -0.549846 0.767082
10011.199888000 -1.497776 -1.760466 1.161154 -0.044290 -0.336641 -0.576739 0.743023
10011.233221000 -1.503653 -1.811985 1.192662 -0.042557 -0.345611 -0.601133 0.719292
10011.266554000 -1.506397 -1.860276 1.224855 -0.038232 -0.355741 -0.625342 0.693494
10011.299887000 -1.507175 -1.905449 1.255501 -0.033764 -0.364842 -0.643444 0.672109
10011.333220000 -1.504735 -1.985447 1.310768 -0.024356 -0.380510 -0.666490 0.640633
10011.366553000 -1.501633 -2.020039 1.334724 -0.019961 -0.386830 -0.671041 0.632193
10011.399886000 -1.496737 -2.052857 1.355734 -0.015831 -0.392289 -0.673664 0.626128
10011.433219000 -1.490639 -2.081716 1.375587 -0.011954 -0.396820 -0.672745 0.624344
10011.466552000 -1.484501 -2.107742 1.392291 -0.008446 -0.400285 -0.668876 0.626343
10011.499885000 -1.476754 -2.131667 1.408984 -0.004122 -0.403475 -0.664538 0.628952
10011.533218000 -1.469075 -2.153497 1.423078 -0.000625 -0.406229 -0.658771 0.633245
10011.566551000 -1.460573 -2.172079 1.436198 0.002787 -0.408060 -0.651232 0.639824
10011.599884000 -1.452182 -2.189373 1.447281 0.006390 -0.409609 -0.642653 0.647438
10011.633217000 -1.444471 -2.204440 1.457925 0.009482 -0.410555 -0.634612 0.654692
10011.666550000 -1.436114 -2.219007 1.467146 0.012644 -0.411781 -0.625288 0.662791
10011.699883000 -1.429253 -2.231705 1.475009 0.015526 -0.412142 -0.617389 0.669872
10011.733216000 -1.423161 -2.243352 1.483222 0.019104 -0.412947 -0.609604 0.676382
10011.766549000 -1.418491 -2.253809 1.489070 0.021629 -0.412602 -0.602622 0.682744
10011.799882000 -1.414788 -2.264054 1.494825 0.023800 -0.412269 -0.596255 0.688438
10011.833215000 -1.412163 -2.274211 1.501723 0.026222 -0.412815 -0.591626 0.692008
10011.866548000 -1.412199 -2.283769 1.506583 0.027738 -0.412505 -0.587197 0.695896
10011.899881000 -1.414621 -2.293339 1.512079 0.028607 -0.412246 -0.584579 0.698214
10011.933214000 -1.417584 -2.302395 1.517865 0.028993 -0.411973 -0.582983 0.699692
10011.966547000 -1.424457 -2.313451 1.522280 0.028459 -0.411448 -0.583365 0.699704
10011.999880000 -1.446676 -2.336327 1.534105 0.025042 -0.410563 -0.589268 0.695395
10012.033213000 -1.462260 -2.348559 1.539444 0.022170 -0.409905 -0.595247 0.690773
10012.066546000 -1.479943 -2.361500 1.545533 0.018451 -0.409299 -0.603172 0.684337
10012.099879000 -1.500102 -2.375851 1.551889 0.014448 -0.408953 -0.613215 0.675660
10012.133212000 -1.522120 -2.389735 1.557923 0.009993 -0.408477 -0.625064 0.665087
10012.166545000 -1.547402 -2.403499 1.564587 0.005292 -0.407760 -0.638144 0.653051
10012.199878000 -1.573987 -2.418524 1.570675 0.000701 -0.407555 -0.654118 0.637203
10012.233211000 -1.601499 -2.433330 1.576618 -0.003676 -0.407289 -0.671900 0.618589
10012.266544000 -1.631476 -2.448335 1.583780 -0.007459 -0.407563 -0.692350 0.595389
10012.299877000 -1.661816 -2.462587 1.588582 -0.010420 -0.407328 -0.713705 0.569737
10012.333210000 -1.694207 -2.476787 1.595243 -0.011900 -0.408024 -0.737918 0.537450
10012.366543000 -1.727268 -2.491904 1.600221 -0.012325 -0.408656 -0.763117 0.500501
10012.399876000 -1.763088 -2.505395 1.604164 0.011263 0.409018 0.789025 -0.458276
10012.433209000 -1.797412 -2.517805 1.613235 0.007355 0.411207 0.814753 -0.408696
10012.466542000 -1.832646 -2.530423 1.620371 0.000842 0.413466 0.840277 -0.350685
10012.499875000 -1.866934 -2.541596 1.626615 -0.008285 0.415315 0.862839 -0.288017
10012.533208000 -1.902271 -2.551955 1.632163 -0.018257 0.416800 0.880951 -0.223314
10012.566541000 -1.938269 -2.560011 1.636192 -0.029769 0.416897 0.895625 -0.152207
10012.599874000 -1.974202 -2.570072 1.641067 -0.040803 0.417755 0.903807 -0.083358
10012.633207000 -2.007914 -2.574088 1.641852 -0.052838 0.416170 0.907636 -0.014427
10012.666540000 -2.069983 -2.576105 1.639566 -0.074607 0.408789 0.902829 0.110566
10012.699873000 -2.100504 -2.576178 1.636329 -0.083088 0.404556 0.895209 0.167429
10012.733206000 -2.126589 -2.573835 1.631313 -0.092209 0.398000 0.884862 0.223859
10012.766539000 -2.153500 -2.568855 1.624583 -0.099105 0.390991 0.872749 0.274980
10012.799872000 -2.180832 -2.564949 1.617437 -0.104906 0.383983 0.858201 0.324103
10012.833205000 -2.014279 -2.428356 1.655403 -0.121160 0.381109 0.843848 0.357766
10012.866538000 -2.039274 -2.421859 1.645986 -0.124620 0.373502 0.827566 0.400125
10012.899871000 -2.064491 -2.415182 1.635691 -0.127173 0.365638 0.809778 0.440903
10012.933204000 -1.833262 -2.224013 1.685201 -0.124196 0.369354 0.799115 0.457787
10012.966537000 -2.041216 -2.354952 1.597122 -0.121358 0.351409 0.783249 0.498301
10012.999870000 -2.063512 -2.346241 1.586483 -0.120573 0.345675 0.765588 0.529005
10013.033203000 -1.917293 -2.228277 1.624576 -0.119379 0.344224 0.757227 0.542094
10013.066536000 -1.939967 -2.218422 1.614015 -0.116794 0.340189 0.741447 0.566468
10013.099869000 -1.841933 -2.151444 1.612989 -0.115927 0.336530 0.733278 0.579320
10013.133202000 -1.628540 -1.982673 1.657215 -0.106829 0.337755 0.736443 0.576334
10013.166535000 -1.899632 -2.135705 1.606147 -0.106918 0.339136 0.703921 0.614859
10013.199868000 -1.999896 -2.176079 1.598577 -0.105059 0.342865 0.685219 0.633941
10013.233201000 -2.017474 -2.163912 1.587805 -0.100929 0.342472 0.676380 0.644234
10013.266534000 -2.014376 -2.139088 1.572276 -0.094679 0.343683 0.668771 0.652429
10013.299867000 -2.073853 -2.150096 1.570113 -0.091988 0.345577 0.663069 0.657613
10013.333200000 -2.101458 -2.127698 1.546700 -0.084433 0.351313 0.657138 0.661528
10013.366533000 -2.113637 -2.116551 1.536159 -0.080795 0.355654 0.656306 0.660489
10013.399866000 -2.124734 -2.106214 1.525097 -0.077646 0.360856 0.657444 0.656903
10013.433199000 -2.135386 -2.094876 1.513302 -0.074313 0.366450 0.658809 0.652811
10013.466532000 -2.144291 -2.084899 1.502906 -0.071603 0.372508 0.661431 0.647008
10013.499865000 -2.153051 -2.073953 1.491668 -0.068949 0.379089 0.664889 0.639891
10013.533198000 -2.161740 -2.064588 1.480189 -0.066137 0.386333 0.668523 0.632021
10013.566531000 -2.169383 -2.053895 1.469144 -0.063520 0.393506 0.672235 0.623873
10013.599864000 -2.176295 -2.043142 1.458342 -0.061114 0.400711 0.676277 0.615098
10013.633197000 -2.181745 -2.031805 1.447201 -0.059239 0.407586 0.680601 0.605926
10013.666530000 -2.187301 -2.020519 1.436029 -0.057125 0.415068 0.684871 0.596160
10013.699863000 -2.192940 -2.009184 1.424818 -0.054938 0.422170 0.688362 0.587291
10013.733196000 -2.197892 -1.997077 1.414674 -0.052948 0.429382 0.692373 0.577448
10013.766529000 -2.201330 -1.985194 1.403712 -0.051347 0.436021 0.695859 0.568357
10013.799862000 -2.204872 -1.972722 1.392989 -0.049821 0.442719 0.699591 0.558651
10013.833195000 -2.208154 -1.959459 1.381923 -0.048331 0.448673 0.702269 0.550613
10013.866528000 -2.210640 -1.946105 1.370862 -0.047008 0.454095 0.704902 0.542863
10013.899861000 -2.213106 -1.931866 1.359421 -0.045893 0.458940 0.707233 0.535807
10013.933194000 -2.215640 -1.917156 1.348846 -0.044696 0.463897 0.709260 0.528916
10013.966527000 -2.216942 -1.901674 1.337786 -0.044052 0.467507 0.711163 0.523205
10013.999860000 -2.220134 -1.868663 1.316616 -0.042714 0.473465 0.713798 0.514294
10014.033193000 -2.220272 -1.851157 1.305548 -0.042741 0.474959 0.715084 0.511118
10014.066526000 -2.222109 -1.832605 1.294981 -0.042128 0.476536 0.715429 0.509216
10014.099859000 -2.222046 -1.813768 1.284001 -0.042318 0.476997 0.716096 0.507828
10014.133192000 -2.221079 -1.794991 1.273196 -0.042560 0.477123 0.716658 0.506896
10014.166525000 -2.220412 -1.774635 1.262727 -0.042738 0.476797 0.716864 0.506896
10014.199858000 -2.219424 -1.754956 1.251368 -0.043046 0.475975 0.716811 0.507717
10014.233191000 -2.217114 -1.734139 1.240417 -0.043413 0.475127 0.716733 0.508590
10014.266524000 -2.215219 -1.713622 1.228803 -0.043929 0.473486 0.716518 0.510376
10014.299857000 -2.211806 -1.692070 1.217613 -0.044434 0.471826 0.715989 0.512607
10014.333190000 -2.208432 -1.670975 1.205551 -0.044951 0.469687 0.715134 0.515711
10014.366523000 -2.204106 -1.649037 1.193154 -0.045462 0.467184 0.714076 0.519392
10014.399856000 -2.198528 -1.627299 1.181002 -0.046309 0.464276 0.713144 0.523191
10014.433189000 -2.192893 -1.605548 1.168732 -0.046679 0.462017 0.711786 0.526994
10014.466522000 -2.186050 -1.583674 1.155321 -0.047307 0.458734 0.709927 0.532287
10014.499855000 -2.178463 -1.561339 1.143071 -0.047564 0.456114 0.707924 0.537160
10014.533188000 -2.170627 -1.539878 1.129131 -0.047936 0.452733 0.705490 0.543156
10014.566521000 -2.160886 -1.517291 1.116012 -0.048189 0.449642 0.703031 0.548860
10014.599854000 -2.150564 -1.495809 1.101005 -0.048361 0.446565 0.700401 0.554689
10014.633187000 -2.139296 -1.474501 1.086225 -0.048300 0.443323 0.696999 0.561537
10014.666520000 -2.113934 -1.432899 1.056705 -0.047414 0.437828 0.689591 0.574912
10014.699853000 -2.099394 -1.412244 1.040420 -0.046743 0.434873 0.685244 0.582358
10014.733186000 -2.084770 -1.391574 1.024137 -0.045779 0.432396 0.680844 0.589398
10014.766519000 -2.069367 -1.372390 1.007796 -0.044535 0.430070 0.676144 0.596561
10014.799852000 -2.052491 -1.352504 0.991129 -0.043090 0.427853 0.671148 0.603859
10014.833185000 -2.035834 -1.333852 0.974208 -0.041211 0.426185 0.666110 0.610708
10014.866518000 -2.018096 -1.315133 0.957389 -0.039400 0.424344 0.661262 0.617342
10014.899851000 -2.001692 -1.297357 0.941052 -0.036852 0.423586 0.656134 0.623462
10014.933184000 -1.983993 -1.279028 0.924337 -0.034271 0.422941 0.651042 0.629357
10014.966517000 -1.966715 -1.262756 0.907881 -0.031784 0.422840 0.646887 0.633824
10014.999850000 -1.950101 -1.245676 0.890623 -0.028699 0.422973 0.641975 0.638857
10015.033183000 -1.933983 -1.230258 0.874599 -0.025532 0.423846 0.637705 0.642678
10015.066516000 -1.917633 -1.214170 0.859036 -0.022183 0.425516 0.634053 0.645306
10015.099849000 -1.901522 -1.199689 0.843473 -0.018880 0.427572 0.630765 0.647273
10015.133182000 -1.886601 -1.185857 0.828174 -0.015821 0.430124 0.628348 0.648013
10015.166515000 -1.872845 -1.172062 0.813714 -0.012328 0.433616 0.626279 0.647764
10015.199848000 -1.860775 -1.158934 0.799393 -0.009025 0.437405 0.624421 0.647065
10015.233181000 -1.848266 -1.147091 0.785914 -0.006292 0.442360 0.624415 0.643726
10015.266514000 -1.838031 -1.135724 0.772509 -0.003860 0.447626 0.625082 0.639444
10015.299847000 -1.828233 -1.124547 0.760933 -0.001327 0.453822 0.626145 0.634024
10015.333180000 -1.814347 -1.105879 0.740844 0.002286 0.468172 0.631088 0.618496
10015.366513000 -1.809182 -1.098273 0.731052 0.003084 0.475467 0.634567 0.609300
10015.399846000 -1.806548 -1.090573 0.723436 0.004163 0.483767 0.637903 0.599193
10015.433179000 -1.804048 -1.083658 0.716033 0.005081 0.492122 0.641808 0.588110
10015.466512000 -1.802564 -1.076662 0.708456 0.005143 0.499815 0.646253 0.576642
10015.499845000 -1.802791 -1.070200 0.702625 0.005558 0.507837 0.649969 0.565341
10015.533178000 -1.803049 -1.064388 0.697072 0.005476 0.515666 0.654236 0.553203
10015.566511000 -1.803074 -1.058339 0.691457 0.005270 0.522906 0.658205 0.541578
10015.599844000 -1.804316 -1.051177 0.686314 0.005218 0.529580 0.661623 0.530823
10015.633177000 -1.805760 -1.045259 0.681682 0.005032 0.536281 0.665045 0.519704
10015.666510000 -1.806329 -1.039763 0.677599 0.004233 0.542032 0.668490 0.509219
10015.699843000 -1.807518 -1.032041 0.673065 0.003978 0.547223 0.671349 0.499822
10015.733176000 -1.808149 -1.025793 0.669452 0.003294 0.552302 0.674283 0.490198
10015.766509000 -1.807662 -1.019326 0.665629 0.002480 0.556782 0.677085 0.481190
10015.799842000 -1.807689 -1.011471 0.661067 0.001742 0.560266 0.679951 0.473040
10015.833175000 -1.806334 -1.004140 0.658100 0.001086 0.563906 0.682175 0.465452
10015.866508000 -1.803439 -0.996626 0.653835 -0.000186 0.566401 0.684807 0.458508
10015.899841000 -1.798240 -0.990948 0.650907 -0.002077 0.569139 0.686946 0.451864
10015.933174000 -1.793076 -0.986576 0.639785 -0.004358 0.570186 0.689592 0.446466
10015.966507000 -1.786231 -0.975461 0.636777 -0.005471 0.571574 0.691666 0.441442
10015.999840000 -1.768040 -0.953167 0.628055 -0.008419 0.572272 0.696490 0.432822
10016.033173000 -1.756466 -0.939299 0.623521 -0.009849 0.571625 0.698648 0.430161
10016.066506000 -1.743293 -0.925602 0.619438 -0.011290 0.571160 0.700860 0.427134
10016.099839000 -1.729167 -0.910902 0.613221 -0.012965 0.569375 0.703273 0.425502
10016.133172000 -1.713183 -0.894779 0.607809 -0.014809 0.567165 0.705952 0.423953
10016.166505000 -1.696027 -0.879188 0.602328 -0.016634 0.565046 0.708587 0.422316
10016.199838000 -1.677646 -0.862404 0.595258 -0.018832 0.561331 0.711478 0.422316
10016.233171000 -1.658444 -0.845125 0.589309 -0.020991 0.557936 0.714380 0.421816
10016.266504000 -1.638934 -0.827006 0.582691 -0.023248 0.553780 0.717223 0.422349
10016.299837000 -1.619632 -0.808878 0.576012 -0.025418 0.549064 0.719705 0.424155
10016.333170000 -1.598718 -0.790802 0.568217 -0.028096 0.543922 0.722769 0.425399
10016.366503000 -1.578169 -0.771996 0.561400 -0.030757 0.538191 0.725344 0.428113
10016.399836000 -1.557268 -0.752876 0.553190 -0.033414 0.531877 0.727754 0.431699
10016.433169000 -1.536407 -0.733146 0.545660 -0.036197 0.525076 0.729988 0.436007
10016.466502000 -1.516402 -0.714031 0.537005 -0.039159 0.517742 0.731970 0.441169
10016.499835000 -1.495538 -0.695496 0.529038 -0.042596 0.509883 0.733991 0.446611
10016.533168000 -1.476353 -0.677397 0.521043 -0.045953 0.501645 0.734561 0.454601
10016.566501000 -1.457191 -0.657646 0.512128 -0.049194 0.492775 0.735305 0.462687
10016.599834000 -1.438028 -0.638506 0.503389 -0.052685 0.483199 0.735198 0.472468
10016.633167000 -1.420760 -0.618843 0.494038 -0.055995 0.473135 0.733907 0.484137
10016.666500000 -1.389901 -0.581315 0.473737 -0.062365 0.452690 0.728529 0.510321
10016.699833000 -1.375894 -0.562895 0.463548 -0.065389 0.442124 0.724005 0.525421
10016.733166000 -1.363012 -0.544481 0.453143 -0.068170 0.431775 0.718366 0.541178
10016.766499000 -1.350566 -0.526020 0.440703 -0.070666 0.420685 0.711426 0.558483
10016.799832000 -1.338565 -0.509199 0.427943 -0.072587 0.410790 0.704154 0.574587
10016.833165000 -1.326352 -0.494776 0.413823 -0.075238 0.400206 0.695320 0.592202
10016.866498000 -1.315091 -0.477598 0.401598 -0.076840 0.390572 0.685712 0.609383
10016.899831000 -1.304507 -0.459800 0.391406 -0.077496 0.382103 0.675843 0.625482
10016.933164000 -1.294216 -0.441312 0.378859 -0.077708 0.373271 0.664960 0.642229
10016.966497000 -1.283106 -0.422883 0.369110 -0.077223 0.366430 0.655282 0.656027
10016.999830000 -1.272281 -0.402658 0.357722 -0.075995 0.359100 0.644554 0.670688
10017.033163000 -1.261189 -0.383370 0.346286 -0.074815 0.352832 0.634745 0.683382
10017.066496000 -1.249161 -0.364361 0.334311 -0.073346 0.347533 0.626084 0.694162
10017.099829000 -1.236889 -0.344125 0.322564 -0.071070 0.342890 0.616925 0.704825
10017.133162000 -1.222483 -0.324150 0.311529 -0.069116 0.339033 0.609303 0.713463
10017.166495000 -1.207837 -0.304005 0.298845 -0.067216 0.335594 0.602436 0.721061
10017.199828000 -1.192021 -0.283677 0.287277 -0.065113 0.333394 0.596712 0.727010
10017.233161000 -1.174057 -0.263254 0.274977 -0.063437 0.331407 0.591975 0.731923
10017.266494000 -1.156082 -0.242493 0.263154 -0.061257 0.330767 0.588193 0.735439
10017.299827000 -1.134896 -0.221939 0.250801 -0.059756 0.330264 0.585470 0.737957
10017.333160000 -1.088086 -0.177767 0.226820 -0.057804 0.330978 0.583569 0.739297
10017.366493000 -1.062288 -0.156013 0.214022 -0.057015 0.332797 0.584788 0.737576
10017.399826000 -1.034790 -0.133984 0.202389 -0.056352 0.335040 0.586646 0.735132
10017.433159000 -1.006096 -0.111622 0.190575 -0.055787 0.337366 0.588419 0.732690
10017.466492000 -0.975447 -0.089560 0.179202 -0.056068 0.340054 0.591834 0.728665
10017.499825000 -0.944948 -0.068332 0.168270 -0.056116 0.343339 0.595631 0.724011
10017.533158000 -0.913269 -0.046411 0.156936 -0.056462 0.346436 0.599608 0.719211
10017.566491000 -0.882133 -0.026040 0.146974 -0.056143 0.350873 0.604247 0.713177
10017.599824000 -0.849977 -0.005806 0.137234 -0.056321 0.354969 0.609102 0.706979
10017.633157000 -0.818364 0.012824 0.128706 -0.056346 0.359552 0.614417 0.700028
10017.666490000 -0.787009 0.030842 0.120945 -0.056253 0.364154 0.619595 0.693058
10017.699823000 -0.755801 0.048236 0.113152 -0.056414 0.368012 0.624516 0.686559
10017.733156000 -0.724802 0.063220 0.106705 -0.056682 0.372453 0.629734 0.679339
10017.766489000 -0.695117 0.077281 0.100947 -0.056259 0.377092 0.634536 0.672310
10017.799822000 -0.666391 0.089348 0.095937 -0.056254 0.381067 0.638838 0.665965
10017.833155000 -0.638318 0.100165 0.092227 -0.056048 0.385051 0.643014 0.659642
10017.866488000 -0.613303 0.108332 0.091000 -0.055696 0.389462 0.646930 0.653222
10017.899821000 -0.588389 0.115227 0.089624 -0.055527 0.392520 0.650084 0.648256
10017.933154000 -0.567294 0.119015 0.089901 -0.054670 0.396330 0.652870 0.643191
10017.966487000 -0.546391 0.121232 0.091152 -0.054320 0.398532 0.654839 0.639850
10017.999820000 -0.514246 0.117123 0.098793 -0.052647 0.402724 0.656380 0.635773
10018.033153000 -0.502157 0.110884 0.104571 -0.051657 0.404309 0.656613 0.634606
10018.066486000 -0.492152 0.102058 0.111966 -0.050923 0.405345 0.656470 0.634153
10018.099819000 -0.483690 0.092445 0.120497 -0.050008 0.405700 0.655382 0.635123
10018.133152000 -0.476311 0.079762 0.130192 -0.049227 0.405459 0.653939 0.636823
10018.166485000 -0.471865 0.064700 0.141347 -0.048145 0.405973 0.652670 0.637879
10018.199818000 -0.467992 0.049061 0.153101 -0.047315 0.405946 0.651287 0.639371
10018.233151000 -0.464571 0.032125 0.165221 -0.046746 0.405127 0.649251 0.641997
10018.266484000 -0.462170 0.012988 0.179180 -0.046305 0.404586 0.647886 0.643747
10018.299817000 -0.460682 -0.006656 0.192992 -0.045616 0.404005 0.646257 0.645795
10018.333150000 -0.459443 -0.026487 0.207276 -0.044751 0.402983 0.645004 0.647743
10018.366483000 -0.458581 -0.048002 0.222566 -0.044320 0.402417 0.643644 0.649475
10018.399816000 -0.456518 -0.069524 0.237838 -0.044456 0.401489 0.642916 0.650761
10018.433149000 -0.454361 -0.091093 0.252966 -0.044526 0.400990 0.642605 0.651370
10018.466482000 -0.452529 -0.112634 0.268517 -0.044905 0.400009 0.642165 0.652381
10018.499815000 -0.448351 -0.134351 0.284288 -0.046137 0.399548 0.642448 0.652299
10018.533148000 -0.444165 -0.155212 0.299377 -0.046764 0.399309 0.643277 0.651582
10018.566481000 -0.438863 -0.175453 0.314425 -0.047636 0.399298 0.645147 0.649675
10018.599814000 -0.431492 -0.195854 0.329769 -0.049223 0.399486 0.648019 0.646575
10018.633147000 -0.421829 -0.214687 0.344297 -0.050956 0.399978 0.651673 0.642451
10018.666480000 -0.397585 -0.248843 0.372009 -0.055711 0.402335 0.662529 0.629348
10018.699813000 -0.381814 -0.263371 0.384675 -0.058260 0.404061 0.669050 0.621058
10018.733146000 -0.365002 -0.276931 0.396898 -0.061473 0.405884 0.676545 0.611364
10018.766479000 -0.345757 -0.289969 0.409168 -0.064494 0.408834 0.685884 0.598547
10018.799812000 -0.325395 -0.301475 0.420652 -0.067742 0.411852 0.696111 0.584139
10018.833145000 -0.304000 -0.310956 0.432367 -0.070298 0.415361 0.706718 0.568404
10018.866478000 -0.280733 -0.320185 0.442450 -0.073613 0.418463 0.718225 0.551020
10018.899811000 -0.256611 -0.328152 0.453581 -0.076877 0.422725 0.730166 0.531273
10018.933144000 -0.232113 -0.334890 0.462656 -0.079565 0.426500 0.742729 0.510021
10018.966477000 -0.206305 -0.341788 0.471622 -0.082108 0.430487 0.756262 0.485806
10018.999810000 -0.180288 -0.346836 0.479768 -0.083799 0.434528 0.770374 0.459007
10019.033143000 -0.153923 -0.351319 0.487446 -0.085387 0.438495 0.783703 0.431557
10019.066476000 -0.128729 -0.355421 0.494973 -0.086250 0.442741 0.796720 0.402216
10019.099809000 -0.101947 -0.358094 0.501344 -0.086868 0.446473 0.810574 0.368897
10019.133142000 -0.075937 -0.360915 0.507322 -0.086821 0.449975 0.823334 0.334821
10019.166475000 -0.048933 -0.362420 0.511898 -0.086747 0.453116 0.835337 0.298954
10019.199808000 -0.024450 -0.363918 0.515816 -0.085345 0.455714 0.846863 0.260508
10019.233141000 0.000574 -0.364659 0.520186 -0.083012 0.458268 0.857556 0.218397
10019.266474000 0.025097 -0.365961 0.523334 -0.080994 0.459799 0.866637 0.175970
10019.299807000 0.049048 -0.365622 0.526476 -0.077803 0.460498 0.874663 0.129822
10019.333140000 0.093017 -0.364721 0.532046 -0.070027 0.460549 0.884273 0.032445
10019.366473000 0.116018 -0.363368 0.532843 -0.065413 0.458704 0.885919 -0.021429
10019.399806000 0.132686 -0.360502 0.534037 -0.058475 0.456398 0.884531 -0.076718
10019.433139000 0.151255 -0.358410 0.535241 -0.051189 0.454161 0.879035 -0.135703
10019.466472000 0.164987 -0.357807 0.537748 -0.043488 0.451835 0.870378 -0.190778
10019.499805000 0.178867 -0.353386 0.537188 -0.034616 0.448265 0.857286 -0.250842
10019.533138000 0.192662 -0.349234 0.536890 -0.027034 0.444499 0.840728 -0.308003
10019.566471000 0.205418 -0.346496 0.536201 -0.019678 0.440397 0.820739 -0.363388
10019.599804000 0.217139 -0.344232 0.534977 -0.013173 0.436179 0.798078 -0.415508
10019.633137000 0.227352 -0.341399 0.534634 -0.008479 0.431816 0.774543 -0.462110
10019.666470000 0.235510 -0.339995 0.535036 0.004177 -0.427971 -0.750203 0.504003
10019.699803000 0.244711 -0.338029 0.534045 0.002386 -0.423814 -0.726046 0.541510
10019.733136000 0.251475 -0.337653 0.533984 0.000456 -0.419734 -0.702827 0.574332
10019.766469000 0.257805 -0.339274 0.536328 -0.000210 -0.417105 -0.680417 0.602541
10019.799802000 0.264085 -0.340017 0.538816 -0.000752 -0.414117 -0.658021 0.628900
10019.833135000 0.269280 -0.341465 0.540969 -0.000052 -0.410682 -0.637556 0.651815
10019.866468000 0.273958 -0.344274 0.543949 0.000967 -0.408358 -0.619033 0.670851
10019.899801000 0.279298 -0.348171 0.549275 0.002745 -0.406562 -0.602728 0.686600
10019.933134000 0.283892 -0.352463 0.552950 0.004059 -0.403673 -0.586843 0.701888
10019.966467000 0.289235 -0.357381 0.558477 0.005537 -0.401490 -0.571605 0.715571
10019.999800000 0.300242 -0.369823 0.570980 0.008520 -0.397469 -0.547839 0.736083
10020.033133000 0.305989 -0.378368 0.578796 0.009291 -0.395783 -0.537643 0.744453
10020.066466000 0.311495 -0.387552 0.586998 0.010181 -0.394153 -0.528947 0.751502
10020.099799000 0.317822 -0.396402 0.596584 0.010738 -0.392119 -0.520377 0.758508
10020.133132000 0.325060 -0.406697 0.606049 0.011667 -0.390637 -0.513591 0.763866
10020.166465000 0.332054 -0.417158 0.616790 0.011882 -0.389745 -0.507449 0.768410
10020.199798000 0.339165 -0.428165 0.626617 0.011645 -0.387792 -0.501284 0.773432
10020.233131000 0.346065 -0.439734 0.638188 0.011063 -0.386259 -0.496419 0.777335
10020.266464000 0.354176 -0.451451 0.649086 0.010576 -0.384917 -0.492243 0.780656
10020.299797000 0.360718 -0.463747 0.660940 0.009502 -0.383885 -0.489702 0.782773
10020.333130000 0.368627 -0.475082 0.672649 0.009634 -0.382918 -0.486846 0.785023
10020.366463000 0.376239 -0.486733 0.684485 0.008618 -0.382636 -0.485503 0.786004
10020.399796000 0.385581 -0.498373 0.695785 0.007653 -0.382548 -0.484563 0.786637
10020.433129000 0.393513 -0.509617 0.707527 0.007298 -0.383187 -0.483984 0.786686
10020.466462000 0.401843 -0.520680 0.717828 0.006311 -0.383844 -0.484266 0.786200
10020.499795000 0.410867 -0.531275 0.729347 0.006266 -0.386781 -0.487194 0.782945
10020.533128000 0.419149 -0.542155 0.740052 0.006706 -0.391405 -0.490795 0.778381
10020.566461000 0.427646 -0.550878 0.750381 0.007868 -0.396757 -0.494438 0.773338
10020.599794000 0.436156 -0.560364 0.759928 0.010232 -0.402812 -0.498814 0.767347
10020.633127000 0.445076 -0.568015 0.768716 0.014401 -0.412519 -0.503200 0.759217
10020.666460000 0.463136 -0.581589 0.785149 0.027542 -0.435729 -0.510133 0.741044
10020.699793000 0.471428 -0.587280 0.792667 0.035371 -0.448583 -0.513310 0.730777
10020.733126000 0.480244 -0.591938 0.797974 0.043692 -0.459907 -0.513417 0.723174
10020.766459000 0.488477 -0.595615 0.802992 0.052891 -0.471160 -0.511472 0.716664
10020.799792000 0.497265 -0.598750 0.806534 0.061106 -0.481769 -0.509615 0.710252
10020.833125000 0.506224 -0.601831 0.810492 0.068507 -0.491248 -0.508584 0.703793
10020.866458000 0.515560 -0.603525 0.812892 0.075717 -0.498441 -0.505468 0.700232
10020.899791000 0.523957 -0.605006 0.815806 0.080880 -0.503953 -0.503154 0.697371
10020.933124000 0.533640 -0.605566 0.817849 0.086623 -0.509916 -0.500484 0.694261
10020.966457000 0.542308 -0.605716 0.818867 0.091427 -0.514650 -0.499128 0.691121
10020.999790000 0.552173 -0.605514 0.820738 0.095558 -0.518466 -0.496563 0.689556
10021.033123000 0.561039 -0.605457 0.822272 0.098429 -0.521422 -0.496104 0.687249
10021.066456000 0.570002 -0.605252 0.821947 0.100050 -0.523671 -0.495624 0.685649
10021.099789000 0.579320 -0.603364 0.822616 0.102156 -0.525234 -0.494883 0.684678
10021.133122000 0.588458 -0.601673 0.822659 0.103580 -0.526169 -0.494618 0.683938
10021.166455000 0.597599 -0.599995 0.822503 0.104799 -0.527765 -0.494263 0.682778
10021.199788000 0.606878 -0.598912 0.822128 0.105234 -0.528294 -0.495101 0.681694
10021.233121000 0.617410 -0.596095 0.822239 0.106337 -0.529735 -0.494547 0.680806
10021.266454000 0.626507 -0.594360 0.822357 0.106441 -0.530770 -0.496054 0.678884
10021.299787000 0.636056 -0.592323 0.821054 0.106045 -0.531147 -0.496759 0.678136
10021.333120000 0.654583 -0.588459 0.821897 0.104943 -0.532660 -0.499126 0.675376
10021.366453000 0.665191 -0.585662 0.821863 0.104283 -0.533350 -0.500410 0.673983
10021.399786000 0.674304 -0.584308 0.820953 0.102709 -0.533480 -0.501635 0.673211
10021.433119000 0.683487 -0.583273 0.821887 0.101547 -0.534859 -0.504127 0.670425
10021.466452000 0.693761 -0.581673 0.822164 0.099938 -0.535331 -0.505415 0.669320
10021.499785000 0.702666 -0.580697 0.822973 0.098572 -0.536368 -0.507953 0.666766
10021.533118000 0.713094 -0.579582 0.824145 0.096378 -0.537023 -0.510170 0.664864
10021.566451000 0.722266 -0.578153 0.825248 0.094631 -0.537609 -0.511803 0.663385
10021.599784000 0.732041 -0.577848 0.826571 0.092755 -0.538376 -0.514919 0.660610
