10000.000000000 0.000000 0.000000 0.000000 0.000000 0.000000 0.000000 1.000000
10000.033333000 0.012023 0.004102 -0.001708 0.004994 -0.002972 0.009615 0.999937
10000.066666000 0.023230 0.007732 -0.002839 0.010382 -0.005650 0.018132 0.999766
10000.099999000 0.034526 0.012168 -0.004475 0.015583 -0.009355 0.023574 0.999557
10000.133332000 0.045929 0.017386 -0.006633 0.021714 -0.013302 0.024521 0.999375
10000.166665000 0.056906 0.021834 -0.008347 0.027397 -0.017630 0.025076 0.999155
10000.199998000 0.067737 0.028096 -0.011030 0.034243 -0.022157 0.020752 0.998952
10000.233331000 0.078520 0.033411 -0.013227 0.040966 -0.027059 0.016267 0.998662
10000.266664000 0.090367 0.039290 -0.015975 0.047427 -0.032236 0.007626 0.998325
10000.299997000 0.101183 0.045404 -0.018874 0.054951 -0.037551 -0.002094 0.997780
10000.333330000 0.112912 0.051414 -0.021658 0.062106 -0.043591 -0.013403 0.997027
10000.366663000 0.125005 0.058215 -0.024990 0.069910 -0.049558 -0.025918 0.995984
10000.399996000 0.136674 0.064460 -0.027903 0.077624 -0.055305 -0.038991 0.994684
10000.433329000 0.148529 0.071482 -0.031222 0.085838 -0.061618 -0.051267 0.993079
10000.466662000 0.159881 0.077657 -0.033863 0.093884 -0.067513 -0.064549 0.991192
10000.499995000 0.170821 0.085316 -0.037563 0.102516 -0.073777 -0.076637 0.989027
10000.533328000 0.182764 0.092733 -0.040831 0.110822 -0.079657 -0.087782 0.986746
10000.566661000 0.194230 0.099138 -0.043696 0.118363 -0.086350 -0.099150 0.984227
10000.599994000 0.205790 0.106356 -0.046641 0.126815 -0.092437 -0.109459 0.981525
10000.633327000 0.216800 0.113083 -0.049350 0.134938 -0.098902 -0.119267 0.978665
10000.666660000 0.240700 0.126565 -0.054901 0.149435 -0.112111 -0.135353 0.973026
10000.699993000 0.253984 0.132598 -0.056624 0.156805 -0.119405 -0.142976 0.969903
10000.733326000 0.266348 0.139003 -0.059838 0.163452 -0.125882 -0.149222 0.967042
10000.766659000 0.277830 0.144116 -0.062388 0.169048 -0.132906 -0.154473 0.964312
10000.799992000 0.290675 0.148991 -0.063743 0.174563 -0.140150 -0.159616 0.961462
10000.833325000 0.301946 0.155202 -0.066240 0.179995 -0.146814 -0.164510 0.958636
10000.866658000 0.315263 0.158507 -0.067566 0.184283 -0.154193 -0.168107 0.956036
10000.899991000 0.327859 0.162042 -0.069276 0.188513 -0.161357 -0.171195 0.953477
10000.933324000 0.337360 0.166213 -0.070698 0.191984 -0.168414 -0.174262 0.951006
10000.966657000 0.347902 0.168928 -0.072295 0.194524 -0.175210 -0.176718 0.948806
10000.999990000 0.358496 0.172179 -0.073534 0.197170 -0.181935 -0.179127 0.946540
10001.033323000 0.367617 0.174112 -0.073509 0.198579 -0.188293 -0.180719 0.944697
10001.066656000 0.379668 0.175557 -0.074499 0.199330 -0.195468 -0.182139 0.942807
10001.099989000 0.388269 0.176858 -0.074277 0.200001 -0.201841 -0.183222 0.941111
10001.133322000 0.397349 0.178110 -0.073725 0.199816 -0.208187 -0.184255 0.939565
10001.166655000 0.407337 0.177292 -0.072250 0.198671 -0.214992 -0.185363 0.938056
10001.199988000 0.415062 0.176680 -0.071286 0.196937 -0.221271 -0.186035 0.936828
10001.233321000 0.424110 0.175517 -0.070167 0.194236 -0.227448 -0.186686 0.935782
10001.266654000 0.432527 0.173401 -0.068886 0.191752 -0.233275 -0.187735 0.934649
10001.299987000 0.440720 0.170657 -0.065951 0.187392 -0.239560 -0.188417 0.933806
10001.333320000 0.453191 0.162371 -0.060567 0.177638 -0.250151 -0.190679 0.932476
10001.366653000 0.459376 0.157404 -0.056671 0.171726 -0.255775 -0.192045 0.931777
10001.399986000 0.465462 0.152256 -0.053147 0.165419 -0.260263 -0.193484 0.931377
10001.433319000 0.470406 0.145776 -0.048580 0.158238 -0.265395 -0.195177 0.930823
10001.466652000 0.475825 0.138877 -0.043738 0.151381 -0.269998 -0.196966 0.930263
10001.499985000 0.480942 0.131076 -0.039152 0.143843 -0.274412 -0.199133 0.929706
10001.533318000 0.486151 0.122725 -0.033032 0.135920 -0.278928 -0.201732 0.928994
10001.566651000 0.491547 0.113744 -0.027005 0.128048 -0.283410 -0.204374 0.928177
10001.599984000 0.496745 0.105179 -0.021460 0.120341 -0.287438 -0.206581 0.927481
10001.633317000 0.501691 0.094948 -0.014419 0.112283 -0.290999 -0.209674 0.926687
10001.666650000 0.507796 0.085098 -0.008057 0.104898 -0.295313 -0.212714 0.925494
10001.699983000 0.512487 0.075054 -0.001926 0.097656 -0.298391 -0.215933 0.924553
10001.733316000 0.518745 0.063821 0.005673 0.090562 -0.302512 -0.219154 0.923177
10001.766649000 0.524188 0.053506 0.012701 0.083968 -0.305599 -0.222591 0.921961
10001.799982000 0.530256 0.041869 0.020235 0.078459 -0.308706 -0.226215 0.920528
10001.833315000 0.537026 0.030511 0.028054 0.072853 -0.312445 -0.229873 0.918819
10001.866648000 0.545010 0.019363 0.035729 0.068643 -0.315512 -0.233650 0.917141
10001.899981000 0.552812 0.007692 0.043881 0.064989 -0.319060 -0.237278 0.915246
10001.933314000 0.560935 -0.004514 0.051998 0.062171 -0.322165 -0.241558 0.913233
10001.966647000 0.570202 -0.015105 0.060440 0.060849 -0.325321 -0.245168 0.911239
10001.999980000 0.589651 -0.037837 0.076727 0.060486 -0.331499 -0.253275 0.906808
10002.033313000 0.601200 -0.048489 0.085056 0.061996 -0.334473 -0.257516 0.904417
10002.066646000 0.611828 -0.060075 0.093307 0.064371 -0.336973 -0.261670 0.902127
10002.099979000 0.624031 -0.070529 0.101814 0.067525 -0.340063 -0.266199 0.899409
10002.133312000 0.635724 -0.080790 0.109486 0.072059 -0.342245 -0.270413 0.896969
10002.166645000 0.648715 -0.091823 0.117898 0.076700 -0.345051 -0.275485 0.893960
10002.199978000 0.661220 -0.101911 0.126207 0.082117 -0.347180 -0.280616 0.891054
10002.233311000 0.673040 -0.112604 0.134539 0.087470 -0.349372 -0.285719 0.888061
10002.266644000 0.685743 -0.122934 0.143164 0.093748 -0.351441 -0.291314 0.884781
10002.299977000 0.697875 -0.132585 0.151216 0.099781 -0.353181 -0.297085 0.881503
10002.333310000 0.710068 -0.142807 0.159072 0.106143 -0.354615 -0.303121 0.878122
10002.366643000 0.721354 -0.152402 0.167031 0.112685 -0.355925 -0.309307 0.874614
10002.399976000 0.733131 -0.162571 0.174477 0.119089 -0.356961 -0.315580 0.871095
10002.433309000 0.743472 -0.172127 0.182126 0.125359 -0.357802 -0.322201 0.867438
10002.466642000 0.753260 -0.181730 0.189133 0.131245 -0.358256 -0.328859 0.863874
10002.499975000 0.764027 -0.191206 0.197088 0.136780 -0.359219 -0.335722 0.859967
10002.533308000 0.773387 -0.200583 0.204185 0.142065 -0.359716 -0.343103 0.855980
10002.566641000 0.781163 -0.210390 0.211257 0.146262 -0.360390 -0.350097 0.852149
10002.599974000 0.788356 -0.219167 0.218223 0.150128 -0.360495 -0.357112 0.848514
10002.633307000 0.794260 -0.228484 0.224759 0.153153 -0.360888 -0.364283 0.844750
10002.666640000 0.804197 -0.247127 0.237480 0.156670 -0.362099 -0.377776 0.837630
10002.699973000 0.807176 -0.255877 0.244194 0.157138 -0.362878 -0.384407 0.834182
10002.733306000 0.809226 -0.265560 0.250680 0.156184 -0.363572 -0.390986 0.830995
10002.766639000 0.810862 -0.275487 0.255740 0.154753 -0.364848 -0.397354 0.827676
10002.799972000 0.810618 -0.283890 0.259844 0.152797 -0.365191 -0.403817 0.824755
10002.833305000 0.811344 -0.293057 0.266345 0.150121 -0.366675 -0.409185 0.821937
10002.866638000 0.810909 -0.302157 0.271506 0.146953 -0.367875 -0.415044 0.819031
10002.899971000 0.811438 -0.310359 0.276894 0.143712 -0.369337 -0.420321 0.816252
10002.933304000 0.810381 -0.319173 0.282230 0.139594 -0.370947 -0.425117 0.813749
10002.966637000 0.810889 -0.327622 0.287566 0.135349 -0.372734 -0.429254 0.811474
10002.999970000 0.810312 -0.335639 0.292385 0.131055 -0.374246 -0.434001 0.808955
10003.033303000 0.810875 -0.344697 0.296698 0.126427 -0.376269 -0.437700 0.806757
10003.066636000 0.811293 -0.353018 0.301824 0.121569 -0.378036 -0.440940 0.804911
10003.099969000 0.811685 -0.361484 0.307030 0.116797 -0.379770 -0.444570 0.802802
10003.133302000 0.813465 -0.368798 0.313192 0.112364 -0.381881 -0.447231 0.800953
10003.166635000 0.815370 -0.376666 0.318291 0.107903 -0.383940 -0.449836 0.799121
10003.199968000 0.818982 -0.383827 0.323228 0.103673 -0.385746 -0.452124 0.797518
10003.233301000 0.822655 -0.391063 0.327771 0.099596 -0.387579 -0.454309 0.795906
10003.266634000 0.828766 -0.398918 0.332829 0.095707 -0.389556 -0.456341 0.794254
10003.299967000 0.835075 -0.405237 0.338507 0.092787 -0.391626 -0.457615 0.792848
10003.333300000 0.853093 -0.418808 0.348676 0.088214 -0.395172 -0.460558 0.789901
10003.366633000 0.863021 -0.424202 0.354492 0.086763 -0.396984 -0.461108 0.788832
10003.399966000 0.874963 -0.430411 0.360372 0.085544 -0.398964 -0.462089 0.787390
10003.433299000 0.887869 -0.435954 0.365204 0.085044 -0.400664 -0.462568 0.786299
10003.466632000 0.900875 -0.441634 0.370917 0.084880 -0.402094 -0.463146 0.785246
10003.499965000 0.914828 -0.447462 0.375929 0.084838 -0.403556 -0.464340 0.783794
10003.533298000 0.928015 -0.453029 0.381697 0.085346 -0.405166 -0.465241 0.782373
10003.566631000 0.942223 -0.457947 0.386629 0.085633 -0.406545 -0.465352 0.781560
10003.599964000 0.955219 -0.463391 0.392341 0.086138 -0.407577 -0.466713 0.780154
10003.633297000 0.968662 -0.468381 0.396982 0.086696 -0.408799 -0.467236 0.779140
10003.666630000 0.979556 -0.473277 0.402172 0.087085 -0.409714 -0.468147 0.778067
10003.699963000 0.990981 -0.478315 0.406156 0.087536 -0.410378 -0.469175 0.777047
10003.733296000 1.000206 -0.483299 0.409980 0.087750 -0.410899 -0.470432 0.775987
10003.766629000 1.007664 -0.487992 0.413029 0.087700 -0.411151 -0.472130 0.774826
10003.799962000 1.015245 -0.494400 0.416460 0.086976 -0.411252 -0.473755 0.773862
10003.833295000 1.019642 -0.499314 0.420154 0.086607 -0.411455 -0.475743 0.772575
10003.866628000 1.021831 -0.504174 0.422937 0.085313 -0.411279 -0.478029 0.771401
10003.899961000 1.021434 -0.508954 0.425186 0.083873 -0.410700 -0.480164 0.770541
10003.933294000 1.019762 -0.514871 0.428320 0.081632 -0.410170 -0.483254 0.769131
10003.966627000 1.014125 -0.520337 0.428688 0.078557 -0.408884 -0.486630 0.768007
10003.999960000 0.994693 -0.532687 0.430628 0.070790 -0.406292 -0.494832 0.764890
10004.033293000 0.979527 -0.538115 0.429853 0.065790 -0.403924 -0.499452 0.763587
10004.066626000 0.961824 -0.545318 0.429707 0.059742 -0.401898 -0.504572 0.761785
10004.099959000 0.942440 -0.552282 0.429042 0.053645 -0.399701 -0.510201 0.759642
10004.133292000 0.919998 -0.559114 0.428335 0.046538 -0.396787 -0.515948 0.757755
10004.166625000 0.896389 -0.565973 0.427194 0.039488 -0.393914 -0.521758 0.755673
10004.199958000 0.870265 -0.574349 0.426832 0.032165 -0.390676 -0.528701 0.752869
10004.233291000 0.843128 -0.581988 0.425583 0.024442 -0.387449 -0.535601 0.749945
10004.266624000 0.816135 -0.589728 0.424485 0.016599 -0.383792 -0.542247 0.747259
10004.299957000 0.787973 -0.597859 0.423757 0.008462 -0.380439 -0.548701 0.744394
10004.333290000 0.759304 -0.606484 0.424625 0.000565 -0.377247 -0.556341 0.740384
10004.366623000 0.731069 -0.614938 0.426333 -0.007044 -0.373655 -0.563417 0.736813
10004.399956000 0.703459 -0.624583 0.427587 -0.014796 -0.370141 -0.571103 0.732542
10004.433289000 0.675356 -0.633397 0.430461 -0.022306 -0.366497 -0.577523 0.729143
10004.466622000 0.650047 -0.643081 0.434335 -0.029039 -0.363552 -0.585185 0.724255
10004.499955000 0.624638 -0.653460 0.438393 -0.036211 -0.359691 -0.592146 0.720190
10004.533288000 0.601811 -0.664403 0.444584 -0.042888 -0.356771 -0.598532 0.715985
10004.566621000 0.580462 -0.675152 0.451709 -0.048716 -0.353956 -0.605532 0.711107
10004.599954000 0.561139 -0.685806 0.460460 -0.054251 -0.350918 -0.611708 0.706913
10004.633287000 0.544345 -0.698044 0.470339 -0.060016 -0.347839 -0.616724 0.703603
10004.666620000 0.520654 -0.721573 0.496613 -0.068343 -0.343140 -0.627010 0.696019
10004.699953000 0.512952 -0.734837 0.511875 -0.071871 -0.340666 -0.630583 0.693647
10004.733286000 0.507974 -0.748235 0.528692 -0.075702 -0.338454 -0.633425 0.691730
10004.766619000 0.506021 -0.760805 0.546451 -0.078246 -0.336211 -0.635226 0.690889
10004.799952000 0.506666 -0.774410 0.566326 -0.080289 -0.334300 -0.636332 0.690564
10004.833285000 0.509219 -0.788280 0.586801 -0.081883 -0.332968 -0.637532 0.689914
10004.866618000 0.512822 -0.802285 0.607561 -0.083555 -0.330703 -0.636949 0.691339
10004.899951000 0.517890 -0.815689 0.629123 -0.084340 -0.329189 -0.635365 0.693421
10004.933284000 0.525043 -0.829426 0.651156 -0.084375 -0.328461 -0.633686 0.695296
10004.966617000 0.532203 -0.843254 0.673448 -0.084721 -0.326319 -0.629378 0.700158
10004.999950000 0.541144 -0.856314 0.696536 -0.083418 -0.325939 -0.624838 0.704544
10005.033283000 0.550445 -0.869600 0.718705 -0.081312 -0.326039 -0.619851 0.709135
10005.066616000 0.559633 -0.882838 0.740965 -0.078419 -0.326733 -0.614426 0.713846
10005.099949000 0.569228 -0.894629 0.762732 -0.074391 -0.327094 -0.605654 0.721566
10005.133282000 0.579004 -0.906790 0.784079 -0.068676 -0.329568 -0.597869 0.727476
10005.166615000 0.586948 -0.919313 0.804442 -0.061549 -0.332691 -0.590627 0.732590
10005.199948000 0.594708 -0.929709 0.824572 -0.052020 -0.337515 -0.580351 0.739304
10005.233281000 0.602058 -0.940929 0.843329 -0.040883 -0.345400 -0.573146 0.741978
10005.266614000 0.607059 -0.950253 0.859656 -0.028844 -0.351644 -0.562393 0.747815
10005.299947000 0.612019 -0.959599 0.875442 -0.013331 -0.363453 -0.554993 0.748136
10005.333280000 0.615764 -0.974256 0.899572 0.017680 -0.385797 -0.538670 0.748787
10005.366613000 0.615323 -0.980851 0.908000 0.032464 -0.398724 -0.533554 0.745175
10005.399946000 0.613388 -0.986071 0.915612 0.047046 -0.411717 -0.528326 0.741045
10005.433279000 0.610886 -0.990933 0.921336 0.061113 -0.425196 -0.523824 0.735583
10005.466612000 0.606918 -0.996004 0.925196 0.071013 -0.437214 -0.522762 0.728368
10005.499945000 0.601865 -0.999413 0.927503 0.080005 -0.446310 -0.519610 0.724163
10005.533278000 0.595980 -1.002511 0.929140 0.087487 -0.456510 -0.519027 0.717325
10005.566611000 0.589679 -1.005030 0.929312 0.093727 -0.465637 -0.518719 0.710864
10005.599944000 0.582545 -1.007396 0.929587 0.098188 -0.473057 -0.518888 0.705217
10005.633277000 0.574751 -1.009932 0.928498 0.101242 -0.479995 -0.520313 0.699020
10005.666610000 0.566272 -1.011364 0.926856 0.103351 -0.484709 -0.521203 0.694782
10005.699943000 0.558078 -1.013478 0.924475 0.104723 -0.489764 -0.523011 0.689654
10005.733276000 0.550114 -1.014523 0.921751 0.105908 -0.493339 -0.524013 0.686157
10005.766609000 0.540940 -1.016352 0.919107 0.106373 -0.497551 -0.526295 0.681280
10005.799942000 0.531676 -1.018141 0.916739 0.106684 -0.500530 -0.527815 0.677864
10005.833275000 0.523523 -1.020740 0.913826 0.106889 -0.503353 -0.529322 0.674558
10005.866608000 0.514337 -1.022318 0.911350 0.107688 -0.506258 -0.530256 0.671516
10005.899941000 0.505844 -1.025039 0.909692 0.108062 -0.508592 -0.531291 0.668870
10005.933274000 0.498345 -1.028655 0.907346 0.107768 -0.510795 -0.532979 0.665889
10005.966607000 0.490780 -1.031478 0.906247 0.108517 -0.512484 -0.533052 0.664409
10005.999940000 0.477796 -1.040522 0.905754 0.110403 -0.517013 -0.533362 0.660329
10006.033273000 0.472128 -1.045300 0.906808 0.112037 -0.519087 -0.532531 0.659096
10006.066606000 0.467421 -1.051645 0.907587 0.113086 -0.521114 -0.532374 0.657442
10006.099939000 0.463679 -1.057487 0.909669 0.114834 -0.523105 -0.531305 0.656422
10006.133272000 0.459510 -1.064459 0.912423 0.116535 -0.525137 -0.530163 0.655422
10006.166605000 0.456118 -1.071853 0.915240 0.118342 -0.527375 -0.529354 0.653953
10006.199938000 0.453676 -1.079301 0.919698 0.120765 -0.530421 -0.527860 0.652252
10006.233271000 0.451307 -1.086949 0.923334 0.122555 -0.532106 -0.526549 0.651605
10006.266604000 0.449267 -1.095394 0.928431 0.125007 -0.534463 -0.524693 0.650707
10006.299937000 0.447571 -1.103551 0.933323 0.127213 -0.536888 -0.523346 0.649367
10006.333270000 0.445455 -1.112466 0.938395 0.129763 -0.539374 -0.521279 0.648464
10006.366603000 0.444518 -1.121219 0.943397 0.131920 -0.541200 -0.519507 0.647929
10006.399936000 0.442553 -1.130228 0.948925 0.133735 -0.543168 -0.518288 0.646885
10006.433269000 0.441504 -1.139567 0.954955 0.135919 -0.545591 -0.516655 0.645697
10006.466602000 0.440168 -1.149047 0.960552 0.137835 -0.547669 -0.515282 0.644627
10006.499935000 0.439018 -1.157920 0.966608 0.139733 -0.550192 -0.514200 0.642932
10006.533268000 0.436883 -1.167320 0.972430 0.141164 -0.551867 -0.513053 0.642100
10006.566601000 0.435775 -1.176706 0.977709 0.142427 -0.553837 -0.512421 0.640628
10006.599934000 0.433932 -1.185802 0.983342 0.143540 -0.555682 -0.511895 0.639201
10006.633267000 0.432119 -1.194448 0.989767 0.144838 -0.557672 -0.511188 0.637740
10006.666600000 0.426116 -1.212886 0.999381 0.144342 -0.560233 -0.512894 0.634227
10006.699933000 0.422562 -1.221012 1.004064 0.143317 -0.560924 -0.514320 0.632692
10006.733266000 0.419111 -1.228734 1.009223 0.142817 -0.562072 -0.515452 0.630862
10006.766599000 0.415812 -1.237155 1.014417 0.140774 -0.563315 -0.518415 0.627777
10006.799932000 0.412011 -1.245298 1.018415 0.139116 -0.564346 -0.520893 0.625164
10006.833265000 0.407855 -1.252914 1.022557 0.137563 -0.565499 -0.523357 0.622402
10006.866598000 0.405107 -1.259804 1.026718 0.136088 -0.566105 -0.525467 0.620395
10006.899931000 0.400874 -1.267083 1.030422 0.133457 -0.567083 -0.529364 0.616749
10006.933264000 0.396666 -1.274681 1.034020 0.131360 -0.567957 -0.532532 0.613660
10006.966597000 0.393614 -1.282201 1.038072 0.129845 -0.569765 -0.534968 0.610179
10006.999930000 0.390412 -1.290051 1.042105 0.127972 -0.571868 -0.538251 0.605703
10007.033263000 0.387286 -1.297305 1.045907 0.126855 -0.573207 -0.540215 0.602918
10007.066596000 0.384252 -1.304455 1.050018 0.126240 -0.575872 -0.541938 0.598948
10007.099929000 0.382037 -1.312402 1.053130 0.125607 -0.577560 -0.543389 0.596134
10007.133262000 0.379900 -1.319530 1.057474 0.126040 -0.581065 -0.544036 0.592032
10007.166595000 0.378429 -1.327102 1.061359 0.127763 -0.584886 -0.543147 0.588708
10007.199928000 0.377112 -1.334096 1.065872 0.130161 -0.588301 -0.541391 0.586392
10007.233261000 0.376695 -1.341955 1.070761 0.132509 -0.592533 -0.539604 0.583244
10007.266594000 0.376884 -1.349743 1.076043 0.136309 -0.597249 -0.536018 0.580860
10007.299927000 0.377082 -1.357390 1.079527 0.139907 -0.601395 -0.532519 0.578942
10007.333260000 0.380821 -1.374455 1.088232 0.150067 -0.610685 -0.522126 0.576132
10007.366593000 0.384714 -1.383059 1.094390 0.155889 -0.615437 -0.515691 0.575326
10007.399926000 0.389301 -1.391698 1.098289 0.161658 -0.619445 -0.509790 0.574690
10007.433259000 0.394683 -1.399516 1.104061 0.167559 -0.622981 -0.503092 0.575079
10007.466592000 0.398658 -1.409739 1.109917 0.172449 -0.626748 -0.497967 0.574000
10007.499925000 0.404978 -1.418378 1.115563 0.177333 -0.629436 -0.492278 0.574479
10007.533258000 0.411339 -1.427712 1.122821 0.181881 -0.632604 -0.487084 0.574004
10007.566591000 0.417818 -1.436757 1.129224 0.185865 -0.635121 -0.482679 0.573669
10007.599924000 0.425475 -1.446052 1.136531 0.189771 -0.637265 -0.478198 0.573765
10007.633257000 0.432301 -1.457177 1.142020 0.192699 -0.638933 -0.475019 0.573575
10007.666590000 0.439874 -1.466033 1.148919 0.195250 -0.640501 -0.471240 0.574081
10007.699923000 0.447272 -1.476110 1.156090 0.197580 -0.641924 -0.468658 0.573808
10007.733256000 0.455350 -1.486145 1.163667 0.199472 -0.642862 -0.466568 0.573806
10007.766589000 0.462902 -1.495825 1.170195 0.201020 -0.643537 -0.464828 0.573922
10007.799922000 0.470457 -1.507076 1.176914 0.201883 -0.644106 -0.463855 0.573767
10007.833255000 0.478262 -1.516363 1.184891 0.203151 -0.644571 -0.463165 0.573356
10007.866588000 0.485966 -1.526603 1.193811 0.203604 -0.644873 -0.462606 0.573307
10007.899921000 0.492966 -1.538340 1.197862 0.203428 -0.644233 -0.463087 0.573700
10007.933254000 0.500460 -1.547221 1.204869 0.203053 -0.644002 -0.463406 0.573833
10007.966587000 0.506196 -1.558168 1.210712 0.202029 -0.643378 -0.464755 0.573805
10007.999920000 0.515093 -1.581519 1.229569 0.198655 -0.642583 -0.467630 0.573538
10008.033253000 0.522729 -1.589455 1.232728 0.197342 -0.640766 -0.469970 0.574111
10008.066586000 0.525301 -1.602750 1.240540 0.194846 -0.639788 -0.473395 0.573240
10008.099919000 0.528472 -1.612422 1.248699 0.192401 -0.638473 -0.476212 0.573198
10008.133252000 0.529354 -1.625174 1.254819 0.188999 -0.637262 -0.479613 0.572842
10008.166585000 0.532287 -1.634858 1.260653 0.186045 -0.635448 -0.483064 0.572925
10008.199918000 0.534655 -1.643834 1.266377 0.183073 -0.633549 -0.486499 0.573079
10008.233251000 0.534680 -1.653755 1.272431 0.180223 -0.631879 -0.490672 0.572267
10008.266584000 0.534287 -1.664242 1.277650 0.176573 -0.630080 -0.494480 0.572110
10008.299917000 0.533821 -1.672895 1.283899 0.173207 -0.628099 -0.498315 0.571991
10008.333250000 0.531638 -1.682055 1.286887 0.169608 -0.626065 -0.502522 0.571619
10008.366583000 0.529958 -1.689478 1.293031 0.166184 -0.624131 -0.506398 0.571318
10008.399916000 0.526784 -1.697717 1.296981 0.162693 -0.622058 -0.510438 0.570989
10008.433249000 0.521979 -1.704565 1.300602 0.159169 -0.619913 -0.514319 0.570831
10008.466582000 0.516747 -1.711582 1.305464 0.155427 -0.618013 -0.518292 0.570329
10008.499915000 0.511645 -1.716957 1.308102 0.152312 -0.615946 -0.522005 0.570020
10008.533248000 0.504242 -1.721823 1.310719 0.148938 -0.613756 -0.525305 0.570241
10008.566581000 0.496469 -1.726056 1.311823 0.145687 -0.611674 -0.528537 0.570332
10008.599914000 0.487956 -1.730729 1.314107 0.142551 -0.610199 -0.531729 0.569738
10008.633247000 0.478351 -1.732968 1.315595 0.140068 -0.608334 -0.534509 0.569746
10008.666580000 0.456223 -1.736617 1.315995 0.134961 -0.605455 -0.538271 0.570503
10008.699913000 0.442731 -1.736517 1.315306 0.133021 -0.604023 -0.540405 0.570460
10008.733246000 0.429743 -1.736545 1.314125 0.131206 -0.602956 -0.541415 0.571051
10008.766579000 0.415667 -1.735449 1.312460 0.129601 -0.601847 -0.542272 0.571774
10008.799912000 0.399761 -1.734506 1.310229 0.128017 -0.600920 -0.543001 0.572413
10008.833245000 0.384148 -1.731663 1.308212 0.127472 -0.600097 -0.543525 0.572900
10008.866578000 0.367541 -1.729587 1.306424 0.126658 -0.599798 -0.543593 0.573330
10008.899911000 0.350086 -1.727722 1.303530 0.125710 -0.599377 -0.543788 0.573793
10008.933244000 0.331063 -1.725496 1.301515 0.125269 -0.599164 -0.544228 0.573696
10008.966577000 0.311290 -1.723403 1.299594 0.124711 -0.599226 -0.543855 0.574105
10008.999910000 0.291057 -1.722157 1.296365 0.124329 -0.598942 -0.544377 0.573990
10009.033243000 0.270763 -1.720769 1.294197 0.124493 -0.599143 -0.544166 0.573945
10009.066576000 0.248366 -1.720438 1.291702 0.123874 -0.599489 -0.543933 0.573939
10009.099909000 0.226845 -1.720696 1.290419 0.124396 -0.600207 -0.544374 0.572655
10009.133242000 0.203949 -1.721562 1.287990 0.124234 -0.600569 -0.544841 0.571866
10009.166575000 0.179558 -1.723886 1.288223 0.124012 -0.601995 -0.545256 0.570017
10009.199908000 0.155532 -1.726529 1.287539 0.124070 -0.603034 -0.546445 0.567763
10009.233241000 0.131082 -1.729950 1.287199 0.124412 -0.604145 -0.547620 0.565369
10009.266574000 0.105713 -1.736043 1.288590 0.123793 -0.605944 -0.549560 0.561686
10009.299907000 0.079500 -1.742690 1.288074 0.123773 -0.607115 -0.552249 0.557775
10009.333240000 0.027377 -1.761376 1.292311 0.123054 -0.611519 -0.558583 0.546705
10009.366573000 -0.000030 -1.772659 1.295486 0.122798 -0.614422 -0.563037 0.538884
10009.399906000 -0.026766 -1.784524 1.299345 0.122132 -0.616985 -0.567896 0.530950
10009.433239000 -0.054621 -1.798214 1.302375 0.120808 -0.619703 -0.573993 0.521446
10009.466572000 -0.082420 -1.810475 1.306151 0.119696 -0.622473 -0.580118 0.511530
10009.499905000 -0.111917 -1.824114 1.310959 -0.118725 0.625878 0.587096 -0.499499
10009.533238000 -0.139454 -1.837631 1.313909 -0.117081 0.629030 0.594558 -0.486943
10009.566571000 -0.169564 -1.850350 1.317334 -0.115189 0.631688 0.602806 -0.473632
10009.599904000 -0.198362 -1.862503 1.319623 -0.113404 0.633896 0.611904 -0.459228
10009.633237000 -0.226930 -1.872319 1.320941 -0.111846 0.635460 0.620801 -0.445295
10009.666570000 -0.257062 -1.881838 1.321440 -0.109349 0.636231 0.631741 -0.429135
10009.699903000 -0.287073 -1.889723 1.320738 -0.107153 0.636454 0.642085 -0.413729
10009.733236000 -0.317474 -1.894993 1.319750 -0.104329 0.635270 0.653342 -0.398362
10009.766569000 -0.346796 -1.897371 1.316745 -0.101818 0.632521 0.664054 -0.385465
10009.799902000 -0.377537 -1.897192 1.313575 -0.098836 0.628073 0.675352 -0.373705
10009.833235000 -0.407805 -1.893654 1.306817 -0.095828 0.620847 0.688326 -0.362731
10009.866568000 -0.438395 -1.887499 1.298810 -0.091695 0.610523 0.701374 -0.356270
10009.899901000 -0.468955 -1.877237 1.289864 -0.087707 0.598181 0.714082 -0.352950
10009.933234000 -0.500156 -1.862988 1.277128 -0.082545 0.580554 0.727701 -0.355802
10009.966567000 -0.531818 -1.844567 1.263448 -0.076579 0.560327 0.739560 -0.364994
10009.999900000 -0.595641 -1.795566 1.227063 -0.059372 0.508408 0.751765 -0.415747
10010.033233000 -0.628105 -1.766454 1.205469 -0.047859 0.479033 0.748559 -0.455956
10010.066566000 -0.662333 -1.733248 1.182973 0.032932 -0.448166 -0.732234 0.511758
10010.099899000 -0.695991 -1.697734 1.161437 0.017602 -0.419321 -0.704119 0.572780
10010.133232000 -0.727356 -1.657838 1.139942 0.004090 -0.392501 -0.660385 0.640170
10010.166565000 -0.761012 -1.617549 1.117092 -0.007486 -0.367717 -0.607527 0.704016
10010.199898000 -0.792841 -1.575859 1.093682 -0.014203 -0.347030 -0.553558 0.756930
10010.233231000 -0.822075 -1.532010 1.067446 -0.014872 -0.330194 -0.504410 0.797698
10010.266564000 -0.851432 -1.488916 1.037267 -0.013478 -0.315490 -0.459426 0.830188
10010.299897000 -0.882133 -1.446900 1.005963 -0.009607 -0.303183 -0.424098 0.853304
10010.333230000 -0.912188 -1.404754 0.973757 -0.004198 -0.293689 -0.394841 0.870534
10010.366563000 -0.939956 -1.364012 0.943630 0.001445 -0.286939 -0.372259 0.882659
10010.399896000 -0.967125 -1.325011 0.915593 0.007642 -0.282016 -0.355639 0.891027
10010.433229000 -0.994388 -1.287971 0.887489 0.012606 -0.277413 -0.340903 0.898147
10010.466562000 -1.020795 -1.254485 0.861653 0.016486 -0.273902 -0.328747 0.903677
10010.499895000 -1.046501 -1.224102 0.837980 0.020055 -0.271285 -0.321251 0.907083
10010.533228000 -1.072947 -1.198522 0.817334 0.022230 -0.269344 -0.315806 0.909520
10010.566561000 -1.097954 -1.176829 0.800701 0.024246 -0.267813 -0.311404 0.911436
10010.599894000 -1.122718 -1.160651 0.786632 0.024915 -0.266531 -0.308904 0.912644
10010.633227000 -1.147071 -1.150804 0.777888 0.024828 -0.266224 -0.309662 0.912479
10010.666560000 -1.194936 -1.150632 0.772438 0.020844 -0.264946 -0.312021 0.912147
10010.699893000 -1.217023 -1.161129 0.776510 0.017420 -0.265407 -0.316213 0.910640
10010.733226000 -1.239106 -1.177159 0.785407 0.013331 -0.265864 -0.322283 0.908445
10010.766559000 -1.260949 -1.199930 0.797416 0.007636 -0.266362 -0.327983 0.906322
10010.799892000 -1.280473 -1.226483 0.813706 0.002390 -0.267732 -0.336050 0.902986
10010.833225000 -1.300812 -1.258131 0.833209 -0.003774 -0.268991 -0.345213 0.899143
10010.866558000 -1.319304 -1.293751 0.854394 -0.010475 -0.270455 -0.357159 0.893970
10010.899891000 -1.336577 -1.333441 0.879373 -0.017031 -0.273067 -0.370770 0.887510
10010.933224000 -1.353333 -1.375595 0.906280 -0.023760 -0.275787 -0.385415 0.880246
10010.966557000 -1.368637 -1.420104 0.933612 -0.030534 -0.279163 -0.401413 0.871782
10010.999890000 -1.382683 -1.466073 0.963624 -0.036414 -0.283109 -0.420334 0.861303
10011.033223000 -1.395067 -1.514097 0.995260 -0.041208 -0.288286 -0.441984 0.848436
10011.066556000 -1.405823 -1.561879 1.027509 -0.045195 -0.293927 -0.465460 0.833613
10011.099889000 -1.415680 -1.610774 1.058523 -0.047746 -0.300041 -0.492252 0.815710
10011.133222000 -1.424842 -1.660833 1.089704 -0.049821 -0.306975 -0.517979 0.796858
10011.166555000 -1.431851 -1.711684 1.120888 -0.050193 -0.314730 -0.545585 0.775089
10011.199888000 -1.437232 -1.759642 1.152513 -0.048779 -0.323116 -0.573275 0.751381
10011.233221000 -1.441562 -1.808672 1.180098 -0.046594 -0.330840 -0.598378 0.728229
10011.266554000 -1.445979 -1.856759 1.205738 -0.042986 -0.338802 -0.624024 0.702822
10011.299887000 -1.447495 -1.901846 1.231236 -0.039173 -0.346386 -0.643220 0.681725
10011.333220000 -1.444174 -1.980507 1.278100 -0.030136 -0.359974 -0.667952 0.650654
10011.366553000 -1.440168 -2.014599 1.299161 -0.025805 -0.365729 -0.672979 0.642398
10011.399886000 -1.434205 -2.046701 1.318398 -0.021657 -0.371000 -0.675930 0.636403
10011.433219000 -1.427343 -2.075184 1.336885 -0.017833 -0.375453 -0.675232 0.634649
10011.466552000 -1.420492 -2.100900 1.352652 -0.014317 -0.378979 -0.671472 0.636628
10011.499885000 -1.412015 -2.124464 1.368477 -0.009958 -0.382241 -0.667236 0.639209
10011.533218000 -1.403653 -2.145933 1.382186 -0.006390 -0.385200 -0.661476 0.643451
10011.566551000 -1.394703 -2.164563 1.395229 -0.002998 -0.387342 -0.653896 0.649906
10011.599884000 -1.386096 -2.181964 1.406754 0.000542 -0.389322 -0.645247 0.657332
10011.633217000 -1.378235 -2.196961 1.417516 0.003627 -0.390569 -0.637165 0.664427
10011.666550000 -1.369651 -2.211563 1.427254 0.006790 -0.392235 -0.627724 0.672360
10011.699883000 -1.362610 -2.224407 1.435495 0.009646 -0.392958 -0.619731 0.679282
10011.733216000 -1.356447 -2.236303 1.443991 0.013171 -0.394076 -0.611918 0.685629
10011.766549000 -1.351565 -2.246756 1.450637 0.015701 -0.394141 -0.604787 0.691838
10011.799882000 -1.347759 -2.257097 1.456671 0.017869 -0.394076 -0.598364 0.697384
10011.833215000 -1.345062 -2.267314 1.463739 0.020253 -0.394804 -0.593724 0.700865
10011.866548000 -1.345042 -2.276934 1.468919 0.021739 -0.394694 -0.589244 0.704653
10011.899881000 -1.347320 -2.286496 1.474430 0.022599 -0.394520 -0.586604 0.706922
10011.933214000 -1.350140 -2.295569 1.480262 0.022957 -0.394319 -0.584991 0.708358
10011.966547000 -1.356717 -2.306418 1.484724 0.022446 -0.393828 -0.585338 0.708361
10011.999880000 -1.378269 -2.328822 1.495890 0.019061 -0.392697 -0.591288 0.704133
10012.033213000 -1.393273 -2.340547 1.500986 0.016278 -0.391882 -0.597291 0.699577
10012.066546000 -1.410341 -2.352831 1.506396 0.012639 -0.390951 -0.605256 0.693299
10012.099879000 -1.429592 -2.366094 1.511969 0.008813 -0.390199 -0.615313 0.684877
10012.133212000 -1.450746 -2.378990 1.516959 0.004482 -0.389216 -0.627226 0.674595
10012.166545000 -1.475031 -2.391564 1.522526 -0.000052 -0.387920 -0.640376 0.662900
10012.199878000 -1.499833 -2.404853 1.527291 -0.004297 -0.387051 -0.656359 0.647584
10012.233211000 -1.525732 -2.418147 1.531429 -0.008441 -0.385972 -0.674317 0.629484
10012.266544000 -1.553444 -2.431430 1.537809 -0.011987 -0.385631 -0.694782 0.606978
10012.299877000 -1.581528 -2.443865 1.543381 -0.014738 -0.385123 -0.716030 0.582035
10012.333210000 -1.612219 -2.457021 1.545645 -0.016092 -0.384171 -0.741022 0.550491
10012.366543000 -1.643194 -2.469219 1.543240 -0.015891 -0.382117 -0.767445 0.514551
10012.399876000 -1.676974 -2.478686 1.538451 0.014167 0.379100 0.795033 -0.473291
10012.433209000 -1.707523 -2.489262 1.541562 0.009830 0.379023 0.822162 -0.424610
10012.466542000 -1.738317 -2.498809 1.536410 0.002771 0.377109 0.849992 -0.367823
10012.499875000 -1.770320 -2.507151 1.530593 -0.005743 0.374770 0.875135 -0.306028
10012.533208000 -1.803562 -2.515407 1.530463 -0.014782 0.373897 0.895343 -0.241542
10012.566541000 -1.836074 -2.520368 1.526639 -0.025641 0.370925 0.912566 -0.170236
10012.599874000 -1.870131 -2.527897 1.525001 -0.035392 0.369320 0.923169 -0.100545
10012.633207000 -1.903075 -2.534077 1.524452 -0.045690 0.367594 0.928369 -0.030311
10012.666540000 -1.957869 -2.540388 1.514136 -0.065381 0.359077 0.926061 0.095913
10012.699873000 -1.986211 -2.541558 1.505442 -0.072560 0.353683 0.919856 0.153323
10012.733206000 -2.021717 -2.545542 1.505736 -0.077574 0.350808 0.908792 0.212163
10012.766539000 -2.053811 -2.549071 1.509415 -0.082578 0.349146 0.895031 0.264949
10012.799872000 -2.084491 -2.550483 1.511248 -0.087091 0.346508 0.879178 0.315266
10012.833205000 -2.111496 -2.548218 1.511204 -0.091464 0.342524 0.862296 0.361604
10012.866538000 -2.135966 -2.542986 1.509070 -0.094817 0.338127 0.844724 0.403884
10012.899871000 -2.161864 -2.537863 1.505731 -0.097034 0.333542 0.825599 0.444657
10012.933204000 -2.189140 -2.531559 1.502896 -0.098036 0.329412 0.805271 0.483131
10012.966537000 -2.213685 -2.523344 1.499663 -0.098529 0.325438 0.785441 0.517170
10012.999870000 -2.235909 -2.515249 1.495162 -0.098000 0.322144 0.766389 0.547054
10013.033203000 -2.256068 -2.505464 1.489400 -0.097327 0.318102 0.747877 0.574472
10013.066536000 -2.275143 -2.496260 1.482532 -0.095717 0.315220 0.731099 0.597469
10013.099869000 -2.292653 -2.485375 1.474149 -0.093819 0.312060 0.715367 0.618116
10013.133202000 -2.310105 -2.475462 1.465130 -0.091205 0.309896 0.700219 0.636663
10013.166535000 -2.325411 -2.464873 1.456486 -0.088211 0.308698 0.688106 0.650718
10013.199868000 -2.340898 -2.453270 1.446911 -0.085183 0.307369 0.675852 0.664449
10013.233201000 -2.355542 -2.441582 1.438039 -0.081741 0.307294 0.666669 0.674123
10013.266534000 -2.369995 -2.429309 1.427565 -0.077527 0.308376 0.658667 0.681947
10013.299867000 -2.382291 -2.417860 1.416703 -0.074117 0.309759 0.653280 0.686863
10013.333200000 -2.406716 -2.393349 1.395092 -0.066472 0.315466 0.647633 0.690386
10013.366533000 -2.417276 -2.381306 1.384949 -0.062857 0.319590 0.647107 0.689322
10013.399866000 -2.427446 -2.369078 1.374240 -0.059350 0.324538 0.648659 0.685852
10013.433199000 -2.436895 -2.356251 1.362789 -0.055806 0.329847 0.650467 0.681894
10013.466532000 -2.444950 -2.344266 1.352270 -0.052679 0.335492 0.653656 0.676316
10013.499865000 -2.452835 -2.331218 1.341321 -0.049623 0.341698 0.657711 0.669475
10013.533198000 -2.460866 -2.319507 1.329988 -0.046350 0.348539 0.661992 0.661920
10013.566531000 -2.467569 -2.306676 1.319162 -0.043354 0.355275 0.666355 0.654118
10013.599864000 -2.473538 -2.293878 1.308810 -0.040612 0.362088 0.671058 0.645696
10013.633197000 -2.478099 -2.280408 1.298084 -0.038367 0.368551 0.676037 0.636924
10013.666530000 -2.482579 -2.267070 1.287205 -0.035955 0.375572 0.681026 0.627579
10013.699863000 -2.487222 -2.253585 1.276473 -0.033422 0.382290 0.685190 0.619073
10013.733196000 -2.490972 -2.239667 1.266459 -0.031224 0.389013 0.689931 0.609663
10013.766529000 -2.493356 -2.225849 1.255861 -0.029311 0.395231 0.694108 0.600956
10013.799862000 -2.495782 -2.211193 1.246077 -0.027478 0.401588 0.698504 0.591662
10013.833195000 -2.497736 -2.196186 1.235864 -0.025779 0.407243 0.701768 0.583961
10013.866528000 -2.498884 -2.181332 1.225896 -0.024326 0.412425 0.704926 0.576535
10013.899861000 -2.499789 -2.165686 1.215623 -0.023117 0.417054 0.707748 0.569759
10013.933194000 -2.500878 -2.149559 1.206337 -0.021773 0.421826 0.710255 0.563140
10013.966527000 -2.500516 -2.132998 1.196751 -0.021076 0.425310 0.712544 0.557628
10013.999860000 -2.500102 -2.097970 1.178617 -0.019657 0.431025 0.715804 0.549049
10014.033193000 -2.498404 -2.079722 1.169335 -0.019696 0.432466 0.717259 0.546008
10014.066526000 -2.498168 -2.060385 1.160433 -0.019071 0.433957 0.717784 0.544154
10014.099859000 -2.496159 -2.040941 1.151321 -0.019265 0.434388 0.718523 0.542827
10014.133192000 -2.493304 -2.021636 1.142409 -0.019507 0.434492 0.719118 0.541946
10014.166525000 -2.490437 -2.000954 1.133973 -0.019748 0.434149 0.719322 0.541941
10014.199858000 -2.487444 -1.980867 1.124717 -0.020072 0.433359 0.719189 0.542738
10014.233191000 -2.483057 -1.959796 1.116064 -0.020463 0.432561 0.719020 0.543583
10014.266524000 -2.479022 -1.939099 1.106621 -0.021041 0.430960 0.718659 0.545307
10014.299857000 -2.473435 -1.917429 1.097781 -0.021579 0.429357 0.717965 0.547460
10014.333190000 -2.467955 -1.896298 1.088147 -0.022129 0.427326 0.716882 0.550439
10014.366523000 -2.461364 -1.874439 1.078230 -0.022705 0.424922 0.715562 0.553983
10014.399856000 -2.453665 -1.852963 1.068646 -0.023619 0.422156 0.714339 0.557626
10014.433189000 -2.445805 -1.831446 1.058917 -0.024048 0.420020 0.712730 0.561268
10014.466522000 -2.436718 -1.809849 1.048033 -0.024722 0.416872 0.710542 0.566335
10014.499855000 -2.426903 -1.787794 1.038231 -0.024994 0.414337 0.708266 0.571016
10014.533188000 -2.416818 -1.766988 1.026779 -0.025485 0.411135 0.705464 0.576749
10014.566521000 -2.404827 -1.745080 1.016249 -0.025813 0.408187 0.702673 0.582209
10014.599854000 -2.392231 -1.724346 1.003871 -0.026087 0.405304 0.699713 0.587749
10014.633187000 -2.378561 -1.703967 0.991614 -0.026172 0.402244 0.695955 0.594274
10014.666520000 -2.348661 -1.663838 0.967112 -0.025388 0.397037 0.687940 0.607006
10014.699853000 -2.331847 -1.643853 0.953430 -0.024722 0.394242 0.683263 0.614096
10014.733186000 -2.314821 -1.623956 0.939689 -0.023804 0.391908 0.678585 0.620777
10014.766519000 -2.297235 -1.605856 0.925861 -0.022654 0.389784 0.673582 0.627568
10014.799852000 -2.278051 -1.586881 0.911612 -0.021249 0.387693 0.668321 0.634500
10014.833185000 -2.259216 -1.569235 0.896996 -0.019426 0.386163 0.663068 0.640969
10014.866518000 -2.239309 -1.551636 0.882517 -0.017707 0.384461 0.657965 0.647270
10014.899851000 -2.220720 -1.534981 0.868420 -0.015244 0.383835 0.652692 0.653017
10014.933184000 -2.200771 -1.517491 0.854062 -0.012675 0.383273 0.647480 0.658567
10014.966517000 -2.181419 -1.501893 0.839882 -0.010190 0.383241 0.643259 0.662753
10014.999850000 -2.162684 -1.485475 0.824991 -0.007076 0.383465 0.638286 0.667455
10015.033183000 -2.144565 -1.470553 0.811079 -0.003861 0.384370 0.634032 0.671005
10015.066516000 -2.126170 -1.454944 0.797772 -0.000457 0.386052 0.630461 0.673411
10015.099849000 -2.108199 -1.440752 0.784311 0.002942 0.388101 0.627288 0.675188
10015.133182000 -2.091332 -1.427178 0.770897 0.006036 0.390593 0.625042 0.675813
10015.166515000 -2.075696 -1.413311 0.758438 0.009663 0.394008 0.623235 0.675457
10015.199848000 -2.061941 -1.399900 0.745847 0.013134 0.397688 0.621656 0.674697
10015.233181000 -2.047797 -1.387442 0.734064 0.016069 0.402459 0.622029 0.671452
10015.266514000 -2.035982 -1.375324 0.722254 0.018692 0.407531 0.623115 0.667306
10015.299847000 -2.024842 -1.363013 0.711794 0.021527 0.413417 0.624702 0.662095
10015.333180000 -2.008522 -1.341279 0.693591 0.025770 0.427074 0.630868 0.647264
10015.366513000 -2.002254 -1.331886 0.684480 0.026866 0.434003 0.635012 0.638497
10015.399846000 -1.998618 -1.322162 0.677432 0.028290 0.441911 0.639104 0.628856
10015.433179000 -1.995392 -1.313509 0.670796 0.029487 0.449982 0.643720 0.618281
10015.466512000 -1.993108 -1.304782 0.663856 0.029757 0.457394 0.648876 0.607343
10015.499845000 -1.992624 -1.296687 0.658834 0.030388 0.465221 0.653312 0.596515
10015.533178000 -1.992332 -1.288906 0.653606 0.030574 0.472756 0.658365 0.584912
10015.566511000 -1.991679 -1.281467 0.648955 0.030490 0.479884 0.662991 0.573781
10015.599844000 -1.992263 -1.273053 0.644774 0.030561 0.486480 0.667019 0.563461
10015.633177000 -1.993072 -1.265813 0.641015 0.030476 0.493112 0.671053 0.552810
10015.666510000 -1.992981 -1.259250 0.637692 0.029728 0.498792 0.675078 0.542763
10015.699843000 -1.993443 -1.250632 0.634056 0.029513 0.503950 0.678452 0.533729
10015.733176000 -1.993421 -1.243372 0.631364 0.028900 0.509016 0.681912 0.524465
10015.766509000 -1.992058 -1.236086 0.628481 0.028070 0.513474 0.685192 0.515818
10015.799842000 -1.991258 -1.227459 0.624940 0.027327 0.516956 0.688465 0.507962
10015.833175000 -1.989210 -1.219403 0.622921 0.026702 0.520584 0.691074 0.500695
10015.866508000 -1.985350 -1.211253 0.619697 0.025360 0.523094 0.694000 0.494059
10015.899841000 -1.979246 -1.204871 0.617510 0.023529 0.525753 0.696596 0.487632
10015.933174000 -1.974031 -1.199384 0.610508 0.021381 0.527431 0.698991 0.482463
10015.966507000 -1.966176 -1.188253 0.608710 0.020205 0.528797 0.701264 0.477696
10015.999840000 -1.945938 -1.165769 0.602870 0.017180 0.529444 0.706378 0.469494
10016.033173000 -1.933289 -1.152080 0.599981 0.015696 0.528764 0.708552 0.467030
10016.066506000 -1.918911 -1.139158 0.597564 0.014148 0.528280 0.710865 0.464103
10016.099839000 -1.903482 -1.124977 0.593183 0.012337 0.526465 0.713213 0.462612
10016.133172000 -1.886132 -1.109729 0.589704 0.010315 0.524225 0.715792 0.461219
10016.166505000 -1.867661 -1.094976 0.586210 0.008335 0.522089 0.718332 0.459732
10016.199838000 -1.847792 -1.079181 0.581192 0.005927 0.518325 0.721019 0.459820
10016.233171000 -1.827183 -1.062962 0.577366 0.003576 0.514887 0.723720 0.459465
10016.266504000 -1.806158 -1.046027 0.572964 0.001100 0.510707 0.726278 0.460106
10016.299837000 -1.785169 -1.029105 0.568394 -0.001314 0.505924 0.728469 0.461923
10016.333170000 -1.762685 -1.012215 0.562740 -0.004229 0.500709 0.731203 0.463266
10016.366503000 -1.740354 -0.995031 0.558086 -0.007211 0.494929 0.733406 0.465950
10016.399836000 -1.717763 -0.977196 0.551925 -0.010118 0.488506 0.735362 0.469577
10016.433169000 -1.695140 -0.958936 0.546361 -0.013166 0.481572 0.737136 0.473863
10016.466502000 -1.673576 -0.940770 0.539650 -0.016337 0.474101 0.738529 0.479099
10016.499835000 -1.651126 -0.923663 0.533637 -0.020056 0.466157 0.739927 0.484565
10016.533168000 -1.629917 -0.907190 0.527354 -0.023744 0.457829 0.739844 0.492401
10016.566501000 -1.609071 -0.889067 0.520641 -0.027279 0.448973 0.739786 0.500396
10016.599834000 -1.588203 -0.871630 0.514030 -0.031045 0.439452 0.738799 0.509995
10016.633167000 -1.569047 -0.854487 0.507095 -0.034798 0.429644 0.736473 0.521346
10016.666500000 -1.534301 -0.820139 0.490578 -0.041669 0.409382 0.729163 0.546801
10016.699833000 -1.518141 -0.804070 0.481974 -0.045097 0.399008 0.723636 0.561347
10016.733166000 -1.503177 -0.788130 0.473624 -0.048287 0.389043 0.716898 0.576516
10016.766499000 -1.488648 -0.771444 0.463459 -0.051039 0.378311 0.708835 0.593151
10016.799832000 -1.474512 -0.756767 0.453054 -0.053358 0.368902 0.700484 0.608594
10016.833165000 -1.460815 -0.743623 0.442048 -0.056096 0.358992 0.690472 0.625481
10016.866498000 -1.447343 -0.728391 0.432276 -0.057989 0.349872 0.679875 0.641870
10016.899831000 -1.434331 -0.713800 0.424302 -0.059196 0.341982 0.669155 0.657097
10016.933164000 -1.421767 -0.698647 0.413342 -0.060003 0.333692 0.657442 0.672919
10016.966497000 -1.408896 -0.683199 0.404301 -0.059976 0.327190 0.647171 0.685945
10016.999830000 -1.395787 -0.667293 0.394721 -0.059590 0.320495 0.635712 0.699716
10017.033163000 -1.382403 -0.651246 0.384807 -0.059038 0.314641 0.625335 0.711669
10017.066496000 -1.367974 -0.635423 0.374613 -0.058237 0.309714 0.616168 0.721819
10017.099829000 -1.353210 -0.618520 0.364767 -0.056647 0.305425 0.606556 0.731844
10017.133162000 -1.337206 -0.601078 0.355627 -0.055029 0.301892 0.598614 0.739929
10017.166495000 -1.320255 -0.583867 0.345059 -0.053721 0.298735 0.591399 0.747073
10017.199828000 -1.302503 -0.565770 0.335476 -0.051949 0.296699 0.585473 0.752657
10017.233161000 -1.282674 -0.547589 0.325474 -0.050590 0.294900 0.580541 0.757262
10017.266494000 -1.262818 -0.528505 0.316027 -0.048576 0.294327 0.576684 0.760558
10017.299827000 -1.239846 -0.509624 0.306298 -0.047205 0.293900 0.573893 0.762917
10017.333160000 -1.189392 -0.468379 0.288195 -0.045359 0.294656 0.572010 0.764150
10017.366493000 -1.161780 -0.447301 0.278487 -0.044412 0.296346 0.573376 0.762526
10017.399826000 -1.132406 -0.426049 0.270019 -0.043606 0.298420 0.575413 0.760226
10017.433159000 -1.101880 -0.404472 0.261439 -0.042874 0.300583 0.577373 0.757926
10017.466492000 -1.069481 -0.383205 0.253379 -0.042989 0.303099 0.580990 0.754144
10017.499825000 -1.037183 -0.362583 0.245671 -0.042845 0.306152 0.585044 0.749773
10017.533158000 -1.003680 -0.341320 0.237771 -0.043008 0.309038 0.589258 0.745266
10017.566491000 -0.970878 -0.321458 0.230868 -0.042461 0.313193 0.594245 0.739581
10017.599824000 -0.937122 -0.301665 0.224022 -0.042378 0.316987 0.599489 0.733714
10017.633157000 -0.903840 -0.283515 0.218263 -0.042222 0.321217 0.605162 0.727197
10017.666490000 -0.870890 -0.266287 0.213266 -0.042015 0.325532 0.610711 0.720622
10017.699823000 -0.838201 -0.249684 0.208379 -0.042069 0.329166 0.615940 0.714491
10017.733156000 -0.806198 -0.235454 0.204594 -0.042170 0.333425 0.621514 0.707651
10017.766489000 -0.775298 -0.221784 0.201287 -0.041551 0.337780 0.626712 0.701007
10017.799822000 -0.745640 -0.209439 0.198504 -0.041149 0.341412 0.631421 0.695020
10017.833155000 -0.716902 -0.198794 0.197042 -0.040638 0.345186 0.635959 0.689022
10017.866488000 -0.691719 -0.191180 0.197963 -0.040074 0.349533 0.640158 0.682948
10017.899821000 -0.666565 -0.185257 0.198368 -0.039817 0.352542 0.643544 0.678218
10017.933154000 -0.645599 -0.182248 0.200011 -0.038855 0.356284 0.646549 0.673444
10017.966487000 -0.624800 -0.180922 0.202416 -0.038441 0.358423 0.648665 0.670291
10017.999820000 -0.593537 -0.186664 0.211177 -0.036638 0.362534 0.650454 0.666436
10018.033153000 -0.582367 -0.193773 0.217125 -0.035590 0.364175 0.650768 0.665290
10018.066486000 -0.573216 -0.203277 0.224164 -0.034824 0.365175 0.650705 0.664844
10018.099819000 -0.565794 -0.213810 0.232287 -0.033910 0.365574 0.649601 0.665751
10018.133152000 -0.559389 -0.226999 0.241000 -0.033099 0.365231 0.648178 0.667365
10018.166485000 -0.556381 -0.242771 0.251080 -0.032001 0.365769 0.646935 0.668329
10018.199818000 -0.553834 -0.259177 0.261632 -0.031230 0.365740 0.645523 0.669745
10018.233151000 -0.552426 -0.277060 0.272734 -0.030642 0.365105 0.643343 0.672212
10018.266484000 -0.551718 -0.296700 0.284980 -0.030200 0.364516 0.641957 0.673875
10018.299817000 -0.552000 -0.316628 0.297060 -0.029468 0.363887 0.640277 0.675843
10018.333150000 -0.552764 -0.337083 0.309560 -0.028614 0.362883 0.638963 0.677661
10018.366483000 -0.554005 -0.359007 0.323010 -0.028133 0.362327 0.637563 0.679295
10018.399816000 -0.554060 -0.381200 0.336459 -0.028290 0.361441 0.636765 0.680508
10018.433149000 -0.554116 -0.403341 0.349834 -0.028355 0.360992 0.636402 0.681083
10018.466482000 -0.554464 -0.425499 0.363579 -0.028757 0.360056 0.635870 0.682057
10018.499815000 -0.552501 -0.447853 0.377618 -0.029991 0.359631 0.636100 0.682014
10018.533148000 -0.550454 -0.469291 0.391076 -0.030622 0.359409 0.636918 0.681339
10018.566481000 -0.547202 -0.490105 0.404417 -0.031531 0.359353 0.638817 0.679547
10018.599814000 -0.541955 -0.511222 0.418137 -0.033175 0.359510 0.641732 0.676633
10018.633147000 -0.534412 -0.530757 0.431319 -0.034942 0.359968 0.645450 0.672753
10018.666480000 -0.513877 -0.566435 0.456044 -0.039853 0.362013 0.656719 0.660363
10018.699813000 -0.499776 -0.581801 0.467514 -0.042497 0.363546 0.663512 0.652518
10018.733146000 -0.484531 -0.596322 0.478643 -0.045854 0.365189 0.671326 0.643316
10018.766479000 -0.467324 -0.610105 0.489849 -0.048923 0.367926 0.681111 0.631130
10018.799812000 -0.448484 -0.622453 0.500064 -0.052297 0.370609 0.691972 0.617324
10018.833145000 -0.428124 -0.632752 0.509362 -0.055049 0.373452 0.703503 0.602151
10018.866478000 -0.407233 -0.642385 0.518893 -0.058269 0.376361 0.715656 0.585486
10018.899811000 -0.384817 -0.650802 0.528391 -0.061582 0.380104 0.728536 0.566536
10018.933144000 -0.361996 -0.658278 0.536362 -0.064445 0.383518 0.742064 0.545987
10018.966477000 -0.338756 -0.665866 0.544676 -0.067026 0.387341 0.756606 0.522515
10018.999810000 -0.314705 -0.671283 0.551345 -0.068877 0.390896 0.772054 0.496375
10019.033143000 -0.290453 -0.676203 0.557756 -0.070638 0.394467 0.786702 0.469581
10019.066476000 -0.266838 -0.681078 0.563540 -0.071837 0.398190 0.801291 0.440700
10019.099809000 -0.242554 -0.683564 0.567914 -0.072558 0.401248 0.816782 0.408169
10019.133142000 -0.220273 -0.686738 0.574471 -0.072468 0.404925 0.830933 0.374612
10019.166475000 -0.197194 -0.688851 0.579728 -0.072364 0.408295 0.844357 0.339295
10019.199808000 -0.176516 -0.690710 0.584947 -0.070995 0.411269 0.857363 0.301242
10019.233141000 -0.155632 -0.691393 0.588842 -0.068644 0.413659 0.869913 0.259665
10019.266474000 -0.135444 -0.692588 0.591686 -0.066644 0.415060 0.880811 0.217844
10019.299807000 -0.119325 -0.692428 0.594615 -0.062483 0.415927 0.890679 0.172602
10019.333140000 -0.094017 -0.692864 0.603288 -0.052129 0.417204 0.903990 0.077627
10019.366473000 -0.083565 -0.694571 0.603459 -0.045262 0.415761 0.907991 0.025446
10019.399806000 -0.073842 -0.695815 0.602593 -0.037980 0.413273 0.909370 -0.028459
10019.433139000 -0.067352 -0.697909 0.606351 -0.028750 0.412141 0.906548 -0.086512
10019.466472000 -0.064146 -0.700263 0.608101 -0.019268 0.409850 0.900947 -0.141230
10019.499805000 -0.057230 -0.703005 0.612824 -0.009959 0.408312 0.890455 -0.200680
10019.533138000 -0.053014 -0.704814 0.616090 -0.000933 0.405979 0.876929 -0.257245
10019.566471000 -0.048078 -0.708321 0.621514 0.007553 0.404033 0.859612 -0.312679
10019.599804000 -0.045459 -0.711429 0.622178 0.015500 0.400618 0.840254 -0.365019
10019.633137000 -0.041576 -0.713121 0.625635 0.020955 0.397578 0.819561 -0.412083
10019.666470000 -0.038422 -0.715680 0.630322 0.025888 0.395282 0.797814 -0.454505
10019.699803000 -0.035484 -0.718982 0.632527 0.028823 0.392396 0.776248 -0.492579
10019.733136000 -0.032017 -0.721954 0.634264 -0.031082 -0.389226 -0.755277 0.526398
10019.766469000 -0.027532 -0.726820 0.637297 -0.031824 -0.387434 -0.734834 0.555788
10019.799802000 -0.023645 -0.731160 0.639289 -0.032672 -0.384929 -0.714509 0.583300
10019.833135000 -0.019833 -0.736172 0.642928 -0.032090 -0.382686 -0.695601 0.607175
10019.866468000 -0.015676 -0.740689 0.647296 -0.030787 -0.381364 -0.678302 0.627312
10019.899801000 -0.011338 -0.746667 0.653229 -0.028963 -0.380381 -0.663139 0.643986
10019.933134000 -0.007385 -0.753156 0.658445 -0.027478 -0.378604 -0.648237 0.660070
10019.966467000 -0.002877 -0.759448 0.665468 -0.025771 -0.377394 -0.633847 0.674646
10019.999800000 0.006267 -0.774364 0.680773 -0.022410 -0.375148 -0.611251 0.696516
10020.033133000 0.010694 -0.784049 0.689623 -0.021492 -0.374166 -0.601526 0.705482
10020.066466000 0.014910 -0.794325 0.698663 -0.020464 -0.373195 -0.593217 0.713022
10020.099799000 0.020008 -0.804416 0.709020 -0.019732 -0.371779 -0.585044 0.720496
10020.133132000 0.025712 -0.816097 0.718878 -0.018732 -0.370827 -0.578573 0.726216
10020.166465000 0.031262 -0.827764 0.729931 -0.018443 -0.370361 -0.572672 0.731122
10020.199798000 0.036649 -0.840195 0.740148 -0.018595 -0.368841 -0.566789 0.736451
10020.233131000 0.041993 -0.852736 0.751869 -0.019015 -0.367611 -0.562094 0.740643
10020.266464000 0.048269 -0.865765 0.762645 -0.019419 -0.366500 -0.558117 0.744182
10020.299797000 0.053114 -0.878969 0.774187 -0.020392 -0.365570 -0.555660 0.746448
10020.333130000 0.059436 -0.891460 0.785409 -0.020168 -0.364753 -0.552933 0.748875
10020.366463000 0.065446 -0.904134 0.796716 -0.021140 -0.364491 -0.551615 0.749947
10020.399796000 0.073053 -0.917221 0.807320 -0.022124 -0.364387 -0.550706 0.750636
10020.433129000 0.079273 -0.929613 0.818217 -0.022532 -0.364979 -0.550170 0.750730
10020.466462000 0.086044 -0.941891 0.827763 -0.023583 -0.365560 -0.550403 0.750244
10020.499795000 0.093587 -0.953732 0.837947 -0.023874 -0.368266 -0.553162 0.746875
10020.533128000 0.100401 -0.965735 0.847169 -0.023809 -0.372636 -0.556557 0.742172
10020.566461000 0.107737 -0.975658 0.856216 -0.023105 -0.377797 -0.559950 0.737016
10020.599794000 0.114886 -0.986154 0.864033 -0.021248 -0.383613 -0.564071 0.730899
10020.633127000 0.122644 -0.995190 0.870679 -0.017918 -0.393077 -0.568220 0.722700
10020.666460000 0.138096 -1.012005 0.882482 -0.006908 -0.416090 -0.574839 0.704543
10020.699793000 0.145129 -1.019051 0.887496 -0.000237 -0.428868 -0.577863 0.694368
10020.733126000 0.152505 -1.025425 0.890854 0.006995 -0.440376 -0.578029 0.686952
10020.766459000 0.159716 -1.030422 0.894488 0.015226 -0.452056 -0.576147 0.680785
10020.799792000 0.167388 -1.035119 0.896574 0.022477 -0.463015 -0.574373 0.674691
10020.833125000 0.175368 -1.039759 0.899112 0.029013 -0.472803 -0.573367 0.668480
10020.866458000 0.183826 -1.042961 0.900622 0.035581 -0.480452 -0.570400 0.665239
10020.899791000 0.191599 -1.045794 0.902926 0.040258 -0.486326 -0.568155 0.662621
10020.933124000 0.200721 -1.047956 0.904177 0.045478 -0.492664 -0.565591 0.659789
10020.966457000 0.208952 -1.049451 0.904363 0.049865 -0.497661 -0.564291 0.656828
10020.999790000 0.218526 -1.050796 0.905763 0.053678 -0.501808 -0.561815 0.655494
10021.033123000 0.227208 -1.052084 0.906561 0.056300 -0.504897 -0.561362 0.653286
10021.066456000 0.235986 -1.053247 0.905681 0.057737 -0.507225 -0.560898 0.651754
10021.099789000 0.245270 -1.052922 0.905678 0.059685 -0.508876 -0.560251 0.650847
10021.133122000 0.254570 -1.052766 0.905406 0.061023 -0.509927 -0.559987 0.650127
10021.166455000 0.263899 -1.052531 0.904993 0.062104 -0.511627 -0.559586 0.649033
10021.199788000 0.273254 -1.052758 0.904021 0.062514 -0.512104 -0.560394 0.647919
10021.233121000 0.284036 -1.051745 0.903614 0.063484 -0.513592 -0.559873 0.647098
10021.266454000 0.293327 -1.051561 0.903037 0.063483 -0.514521 -0.561322 0.645101
10021.299787000 0.303106 -1.051072 0.901402 0.063052 -0.514845 -0.561972 0.644319
10021.333120000 0.322244 -1.050373 0.901393 0.061784 -0.516175 -0.564154 0.641464
10021.366453000 0.333263 -1.049374 0.900775 0.061067 -0.516723 -0.565375 0.640015
10021.399786000 0.342635 -1.049627 0.899454 0.059462 -0.516695 -0.566510 0.639185
10021.433119000 0.352105 -1.050138 0.899796 0.058175 -0.517881 -0.568812 0.636292
10021.466452000 0.362489 -1.050448 0.899493 0.056470 -0.518168 -0.570025 0.635126
10021.499785000 0.371571 -1.051024 0.899699 0.054971 -0.518992 -0.572393 0.632449
10021.533118000 0.382260 -1.051849 0.900214 0.052674 -0.519386 -0.574436 0.630465
10021.566451000 0.391677 -1.052086 0.900979 0.050854 -0.519797 -0.575952 0.628892
10021.599784000 0.401556 -1.053289 0.901469 0.048891 -0.520258 -0.578870 0.625980
