10005.333280000 0.000000 -0.000000 0.000000 1.000000 -0.000000 -0.000000 -0.000000
10005.366613000 -0.028496 -0.008142 0.007479 0.999956 0.005141 0.007395 0.002676
10005.399946000 -0.052259 -0.016947 0.016162 0.999822 0.006430 0.017315 0.003827
10005.433279000 -0.076978 -0.031362 0.032864 0.998992 0.010808 0.042223 0.010700
10005.466612000 -0.090996 -0.043651 0.045797 0.998241 0.013400 0.055078 0.017370
10005.499945000 -0.117833 -0.044599 0.058823 0.997391 0.017787 0.066274 0.022401
10005.533278000 -0.131789 -0.051969 0.073782 0.997142 0.017171 0.070070 0.022416
10005.566611000 -0.156246 -0.053022 0.089830 0.996754 0.018621 0.075091 0.022261
10005.599944000 -0.178805 -0.057047 0.109677 0.996900 0.014414 0.073764 0.023266
10005.633277000 -0.198885 -0.063702 0.134954 0.996350 0.011556 0.080459 0.026072
10005.666610000 -0.222983 -0.077525 0.160524 0.995114 0.015351 0.091781 0.033006
10005.699943000 -0.243764 -0.099498 0.187285 0.993675 0.021906 0.101264 0.043317
10005.733276000 -0.281830 -0.123246 0.225746 0.991738 0.030961 0.109676 0.058901
10005.766609000 -0.303509 -0.139890 0.253969 0.990234 0.023569 0.119919 0.067089
10005.799942000 -0.323788 -0.163009 0.280552 0.988855 0.021547 0.126635 0.075263
10005.833275000 -0.350201 -0.177017 0.305441 0.987300 0.023540 0.136027 0.078624
10005.866608000 -0.369017 -0.189710 0.327561 0.985945 0.020795 0.146130 0.078275
10005.899941000 -0.387990 -0.211690 0.348872 0.983263 0.020847 0.161623 0.081465
10005.933274000 -0.425818 -0.233646 0.376684 0.977629 0.034231 0.186566 0.090898
10005.966607000 -0.450532 -0.242533 0.394340 0.973590 0.039881 0.202306 0.097997
10005.999940000 -0.485499 -0.258510 0.413138 0.968322 0.041356 0.221674 0.107253
10006.033273000 -0.525088 -0.270075 0.432781 0.962951 0.044658 0.238257 0.118174
10006.066606000 -0.569246 -0.280531 0.449069 0.957154 0.047292 0.253541 0.131671
10006.099939000 -0.613512 -0.299683 0.463098 0.952241 0.050020 0.265293 0.142669
10006.133272000 -0.661643 -0.318229 0.481250 0.946554 0.059404 0.279262 0.150066
10006.166605000 -0.719993 -0.338845 0.513506 0.939055 0.058349 0.301334 0.154821
10006.199938000 -0.751653 -0.355723 0.542425 0.933738 0.055993 0.315442 0.159668
10006.233271000 -0.775562 -0.369631 0.567767 0.928967 0.055981 0.327675 0.162839
10006.266604000 -0.795787 -0.385952 0.598032 0.922994 0.054853 0.343352 0.164869
10006.299937000 -0.812719 -0.406416 0.628120 0.917621 0.055230 0.357278 0.165148
10006.333270000 -0.822558 -0.424719 0.651707 0.914054 0.060857 0.366441 0.162859
10006.366603000 -0.836334 -0.444149 0.685477 0.909323 0.068966 0.376904 0.162233
10006.399936000 -0.844972 -0.463930 0.718050 0.904016 0.075085 0.386378 0.166818
10006.433269000 -0.850935 -0.486364 0.752375 0.898711 0.078439 0.393840 0.176226
10006.466602000 -0.854578 -0.510888 0.789510 0.893726 0.074990 0.400181 0.188379
10006.499935000 -0.854329 -0.534807 0.815894 0.886017 0.075468 0.411146 0.200592
10006.533268000 -0.847690 -0.552093 0.834635 0.878450 0.075729 0.426745 0.201193
10006.566601000 -0.849921 -0.578555 0.871277 0.864739 0.077231 0.451002 0.207025
10006.599934000 -0.851576 -0.587983 0.896456 0.857979 0.073838 0.460200 0.215953
10006.633267000 -0.851159 -0.597128 0.924905 0.853974 0.062299 0.464279 0.226479
10006.666600000 -0.851185 -0.615481 0.960387 0.846732 0.046957 0.475200 0.234575
10006.699933000 -0.851157 -0.629546 0.992790 0.839909 0.039466 0.485024 0.240307
10006.733266000 -0.849172 -0.652953 1.023776 0.833072 0.042619 0.492952 0.247331
10006.766599000 -0.852400 -0.675994 1.057020 0.824405 0.052827 0.505068 0.249945
10006.799932000 -0.857465 -0.705248 1.099071 0.815277 0.055010 0.518489 0.251925
10006.833265000 -0.862522 -0.730600 1.133228 0.812545 0.056231 0.524101 0.248851
10006.866598000 -0.864981 -0.753138 1.170620 0.808603 0.052503 0.530172 0.249644
10006.899931000 -0.862079 -0.772514 1.210641 0.805427 0.044767 0.535376 0.250310
10006.933264000 -0.856926 -0.792917 1.252251 0.805806 0.038904 0.533890 0.253230
10006.966597000 -0.852377 -0.809198 1.285853 0.807270 0.038964 0.531574 0.253429
10006.999930000 -0.847269 -0.821881 1.316898 0.809405 0.036427 0.528868 0.252656
10007.033263000 -0.831476 -0.850916 1.367630 0.803402 0.040134 0.535965 0.256275
10007.066596000 -0.828099 -0.869633 1.409376 0.795813 0.049947 0.545199 0.258738
10007.099929000 -0.822552 -0.889735 1.447398 0.791668 0.055174 0.546039 0.268439
10007.133262000 -0.814082 -0.903669 1.477749 0.787547 0.049462 0.547628 0.278258
10007.166595000 -0.800986 -0.924360 1.493299 0.777347 0.044190 0.558401 0.286300
10007.199928000 -0.795608 -0.942534 1.515483 0.764049 0.037628 0.574671 0.290804
10007.233261000 -0.791259 -0.966757 1.542393 0.749766 0.042656 0.591372 0.293787
10007.266594000 -0.791318 -0.985954 1.567960 0.733855 0.050371 0.607191 0.300397
10007.299927000 -0.801522 -1.000044 1.599834 0.717950 0.051939 0.621209 0.309757
10007.333260000 -0.804819 -1.016510 1.630049 0.700088 0.048395 0.635828 0.321338
10007.366593000 -0.811812 -1.037988 1.665720 0.677623 0.046175 0.653205 0.334692
10007.399926000 -0.833949 -1.047910 1.701438 0.652103 0.043070 0.672810 0.346746
10007.433259000 -0.851477 -1.063588 1.731312 0.619457 0.033661 0.694493 0.364444
10007.466592000 -0.868092 -1.078414 1.759950 0.587732 0.019167 0.708604 0.389980
10007.499925000 -0.871753 -1.106706 1.773413 0.559904 0.006991 0.722176 0.406104
10007.533258000 -0.900357 -1.109919 1.789765 0.539737 0.005781 0.734406 0.411458
10007.566591000 -0.918115 -1.127106 1.807739 0.511633 0.004797 0.743350 0.430859
10007.599924000 -0.934564 -1.133320 1.816312 0.503963 0.014070 0.745099 0.436637
10007.633257000 -0.952620 -1.136147 1.827072 0.499996 0.013839 0.746359 0.439045
10007.666590000 -0.971770 -1.135524 1.841492 0.500145 0.011259 0.746214 0.439196
10007.699923000 -0.977639 -1.141736 1.855138 0.503021 0.006024 0.740017 0.446439
10007.733256000 -0.985898 -1.149435 1.860041 0.508689 0.005211 0.735354 0.447731
10007.766589000 -1.001155 -1.154015 1.864890 0.513370 0.010546 0.733950 0.444586
10007.799922000 -1.029340 -1.147213 1.882327 0.516828 0.014659 0.731174 0.445038
10007.833255000 -1.041654 -1.158561 1.885291 0.524551 0.011710 0.722477 0.450262
10007.866588000 -1.051924 -1.166319 1.902101 0.532959 0.013133 0.717989 0.447520
10007.899921000 -1.051812 -1.176260 1.915374 0.542783 0.012479 0.711485 0.446117
10007.933254000 -1.050870 -1.188942 1.928624 0.553700 0.014074 0.706042 0.441273
10007.966587000 -1.046826 -1.200204 1.950098 0.560761 0.014077 0.705010 0.433948
10007.999920000 -1.042362 -1.208915 1.963498 0.568590 0.012667 0.702607 0.427654
10008.033253000 -1.029815 -1.224834 1.978702 0.575136 0.011614 0.699420 0.424141
10008.066586000 -1.017585 -1.238780 1.999476 0.582705 0.011705 0.696259 0.418977
10008.099919000 -1.006016 -1.249544 2.025897 0.590359 0.011595 0.693520 0.412762
10008.133252000 -0.990100 -1.261364 2.043740 0.597123 0.009884 0.689520 0.409766
10008.166585000 -0.966718 -1.279548 2.063565 0.603684 0.009733 0.686892 0.404537
10008.199918000 -0.945986 -1.298064 2.085588 0.607875 0.014354 0.686299 0.399095
10008.233251000 -0.923797 -1.316604 2.105079 0.609138 0.022546 0.686975 0.395612
10008.266584000 -0.894142 -1.332777 2.125286 0.613644 0.029002 0.681750 0.397261
10008.299917000 -0.868760 -1.343933 2.137647 0.610313 0.031623 0.684523 0.397425
10008.333250000 -0.843754 -1.355127 2.144145 0.607026 0.035369 0.687146 0.397616
10008.366583000 -0.817597 -1.361981 2.145755 0.605049 0.038867 0.690191 0.395020
10008.399916000 -0.790758 -1.367181 2.149012 0.601668 0.040834 0.693621 0.393977
10008.433249000 -0.764257 -1.369085 2.150812 0.599880 0.042456 0.696591 0.391282
10008.466582000 -0.732638 -1.374010 2.148444 0.598910 0.043978 0.698701 0.388831
10008.499915000 -0.706458 -1.369566 2.149968 0.601828 0.047901 0.699805 0.381813
10008.533248000 -0.671246 -1.375738 2.148904 0.606466 0.048704 0.696517 0.380383
10008.566581000 -0.640393 -1.378735 2.149118 0.614680 0.051259 0.692324 0.374471
10008.599914000 -0.604213 -1.385767 2.147350 0.621369 0.052291 0.687742 0.371722
10008.633247000 -0.554269 -1.404208 2.153688 0.633089 0.057746 0.683132 0.359436
10008.666580000 -0.526003 -1.416244 2.164303 0.647731 0.059448 0.673794 0.350588
10008.699913000 -0.502124 -1.429625 2.180871 0.662646 0.061248 0.664129 0.340708
10008.733246000 -0.480541 -1.442153 2.197256 0.676353 0.062855 0.652561 0.335797
10008.766579000 -0.459054 -1.454464 2.216861 0.689774 0.063967 0.640932 0.330644
10008.799912000 -0.435139 -1.465254 2.234458 0.699468 0.064535 0.632865 0.325670
10008.833245000 -0.411309 -1.469928 2.258726 0.705158 0.065356 0.628571 0.321525
10008.866578000 -0.380919 -1.481470 2.282382 0.706785 0.064437 0.626805 0.321587
10008.899911000 -0.353391 -1.492521 2.304365 0.702820 0.064441 0.631781 0.320537
10008.933244000 -0.328454 -1.505492 2.323133 0.701412 0.059052 0.631172 0.325816
10008.966577000 -0.292338 -1.522119 2.334745 0.696954 0.055365 0.633999 0.330507
10008.999910000 -0.265563 -1.534652 2.352803 0.690579 0.055133 0.639854 0.332638
10009.033243000 -0.239685 -1.543946 2.361918 0.687563 0.056402 0.640290 0.337794
10009.066576000 -0.216981 -1.547088 2.368178 0.682145 0.053193 0.645453 0.339470
10009.099909000 -0.182538 -1.556173 2.372385 0.673026 0.052818 0.650571 0.347857
10009.133242000 -0.136348 -1.559528 2.378634 0.662650 0.057164 0.659066 0.351082
10009.166575000 -0.102035 -1.564879 2.379446 0.651715 0.058094 0.668679 0.353215
10009.199908000 -0.061611 -1.566099 2.381467 0.639323 0.059330 0.680010 0.354023
10009.233241000 -0.021133 -1.568058 2.380375 0.628266 0.064033 0.689554 0.354538
10009.266574000 0.015991 -1.571520 2.388743 0.622611 0.064694 0.694737 0.354275
10009.299907000 0.057553 -1.574539 2.395202 0.616093 0.060302 0.697451 0.361046
10009.333240000 0.099766 -1.580939 2.399169 0.609245 0.056352 0.697744 0.372556
10009.366573000 0.131982 -1.584361 2.410961 0.607892 0.056659 0.698936 0.372485
10009.399906000 0.165753 -1.591424 2.426772 0.606607 0.049348 0.698527 0.376367
10009.433239000 0.202844 -1.601715 2.442047 0.603033 0.046088 0.699903 0.379951
10009.466572000 0.251813 -1.622808 2.470473 0.594165 0.051558 0.706170 0.381620
10009.499905000 0.275021 -1.638876 2.487825 0.588408 0.059913 0.711328 0.379735
10009.533238000 0.311659 -1.662199 2.519803 0.578597 0.068461 0.720486 0.376083
10009.566571000 0.344872 -1.685640 2.555117 0.567544 0.070898 0.729753 0.374605
10009.599904000 0.379148 -1.710584 2.588711 0.556245 0.065574 0.737230 0.377867
10009.633237000 0.418810 -1.742065 2.607740 0.541816 0.063167 0.743652 0.386559
10009.666570000 0.450390 -1.767836 2.627282 0.527581 0.067404 0.753716 0.386039
10009.699903000 0.486486 -1.788682 2.653042 0.514129 0.067386 0.763180 0.385600
10009.733236000 0.533781 -1.807323 2.668500 0.496649 0.062197 0.773309 0.389184
10009.766569000 0.579145 -1.817772 2.692288 0.478127 0.060491 0.785838 0.387549
10009.799902000 0.628508 -1.827646 2.710064 0.464121 0.058085 0.793614 0.389094
10009.833235000 0.698466 -1.836228 2.728500 0.450600 0.062145 0.800747 0.389747
10009.866568000 0.749115 -1.842723 2.736533 0.440443 0.066690 0.805777 0.390238
10009.899901000 0.812177 -1.852507 2.754035 0.424819 0.059530 0.809865 0.400129
10009.933234000 0.870431 -1.872031 2.753942 0.415129 0.059549 0.810579 0.408759
10009.966567000 0.916577 -1.883925 2.766663 0.416132 0.053130 0.811740 0.406312
10009.999900000 0.968146 -1.902551 2.769324 0.408646 0.045441 0.817085 0.404124
10010.033233000 1.007151 -1.911022 2.766126 0.401277 0.043512 0.823070 0.399548
10010.066566000 1.079214 -1.922903 2.779306 0.383967 0.042849 0.831391 0.399403
10010.099899000 1.132116 -1.925663 2.791450 0.370688 0.039234 0.834841 0.405082
10010.133232000 1.179142 -1.934274 2.807189 0.358098 0.039109 0.837890 0.410093
10010.166565000 1.226862 -1.946062 2.825603 0.345600 0.037153 0.840198 0.416230
10010.199898000 1.269750 -1.950791 2.827911 0.332927 0.039539 0.844957 0.416705
10010.233231000 1.319874 -1.951778 2.837088 0.318536 0.033527 0.848181 0.421899
10010.266564000 1.363292 -1.955144 2.825344 0.303989 0.027364 0.849656 0.430031
10010.299897000 1.408768 -1.958828 2.826182 0.291460 0.025734 0.853141 0.431901
