10005.333280000 0.000000 0.000000 0.000000 1.000000 -0.000000 -0.000000 0.000000
10005.366613000 -0.028420 -0.008340 0.007355 0.999956 0.005066 0.007398 0.002667
10005.399946000 -0.052379 -0.017125 0.016070 0.999822 0.006339 0.017339 0.003820
10005.433279000 -0.077236 -0.031622 0.032863 0.998995 0.010670 0.042215 0.010625
10005.466612000 -0.091160 -0.043908 0.045972 0.998247 0.013240 0.055029 0.017308
10005.499945000 -0.118022 -0.045019 0.059059 0.997399 0.017577 0.066229 0.022372
10005.533278000 -0.132068 -0.052368 0.074048 0.997148 0.016947 0.070065 0.022372
10005.566611000 -0.156573 -0.053664 0.089836 0.996758 0.018336 0.075121 0.022234
10005.599944000 -0.179370 -0.057873 0.109511 0.996894 0.014091 0.073912 0.023263
10005.633277000 -0.199448 -0.064488 0.134801 0.996339 0.011240 0.080634 0.026073
10005.666610000 -0.223539 -0.078366 0.160337 0.995103 0.015009 0.091952 0.032996
10005.699943000 -0.244248 -0.100261 0.187150 0.993668 0.021534 0.101416 0.043297
10005.733276000 -0.282448 -0.123907 0.225838 0.991728 0.030563 0.109897 0.058859
10005.766609000 -0.304032 -0.140555 0.254268 0.990223 0.023210 0.120098 0.067055
10005.799942000 -0.324102 -0.163612 0.281064 0.988848 0.021210 0.126763 0.075238
10005.833275000 -0.350728 -0.177575 0.306076 0.987291 0.023190 0.136193 0.078555
10005.866608000 -0.369382 -0.190319 0.328373 0.985940 0.020427 0.146255 0.078190
10005.899941000 -0.388273 -0.212252 0.349951 0.983266 0.020481 0.161681 0.081415
10005.933274000 -0.426171 -0.234207 0.377989 0.977647 0.033783 0.186610 0.090782
10005.966607000 -0.451235 -0.242936 0.395814 0.973606 0.039438 0.202406 0.097817
10005.999940000 -0.486244 -0.258954 0.414913 0.968333 0.040896 0.221804 0.107060
10006.033273000 -0.526003 -0.270328 0.434857 0.962951 0.044243 0.238459 0.117923
10006.066606000 -0.570314 -0.280791 0.451537 0.957135 0.046876 0.253853 0.131357
10006.099939000 -0.614766 -0.300000 0.465932 0.952195 0.049589 0.265715 0.142344
10006.133272000 -0.663035 -0.318520 0.484458 0.946488 0.058940 0.279772 0.149711
10006.166605000 -0.721360 -0.338780 0.517221 0.938967 0.057943 0.301918 0.154368
10006.199938000 -0.753070 -0.355549 0.546510 0.933618 0.055623 0.316089 0.159219
10006.233271000 -0.777132 -0.369349 0.571964 0.928823 0.055618 0.328384 0.162351
10006.266604000 -0.797699 -0.385485 0.602602 0.922815 0.054513 0.344171 0.164276
10006.299937000 -0.814704 -0.406022 0.632831 0.917410 0.054834 0.358136 0.164595
10006.333270000 -0.824688 -0.424239 0.656644 0.913822 0.060412 0.367348 0.162282
10006.366603000 -0.838246 -0.443317 0.690679 0.909085 0.068491 0.377825 0.161622
10006.399936000 -0.846421 -0.463031 0.723294 0.903796 0.074555 0.387256 0.166215
10006.433269000 -0.851960 -0.485390 0.757743 0.898489 0.077894 0.394708 0.175657
10006.466602000 -0.855086 -0.509801 0.795168 0.893506 0.074460 0.401042 0.187797
10006.499935000 -0.854547 -0.533780 0.821796 0.885804 0.074921 0.411989 0.200008
10006.533268000 -0.847787 -0.551087 0.840665 0.878255 0.075148 0.427529 0.200601
10006.566601000 -0.849864 -0.577540 0.877628 0.864545 0.076645 0.451743 0.206436
10006.599934000 -0.851342 -0.586952 0.902863 0.857790 0.073267 0.460928 0.215344
10006.633267000 -0.850951 -0.596012 0.931338 0.853753 0.061823 0.465053 0.225854
10006.666600000 -0.850901 -0.614413 0.967113 0.846474 0.046513 0.476036 0.233899
10006.699933000 -0.850666 -0.628335 0.999624 0.839639 0.039071 0.485866 0.239611
10006.733266000 -0.848523 -0.651854 1.030779 0.832780 0.042154 0.493836 0.246630
10006.766599000 -0.851549 -0.674638 1.064093 0.824117 0.052331 0.505939 0.249236
10006.799932000 -0.856321 -0.703581 1.106000 0.815013 0.054490 0.519313 0.251196
10006.833265000 -0.861205 -0.728633 1.140070 0.812276 0.055693 0.524915 0.248132
10006.866598000 -0.863557 -0.750829 1.177215 0.808347 0.051974 0.530963 0.248903
10006.899931000 -0.860632 -0.770036 1.216987 0.805160 0.044251 0.536170 0.249562
10006.933264000 -0.855445 -0.790249 1.258135 0.805531 0.038405 0.534674 0.252524
10006.966597000 -0.850807 -0.806201 1.291287 0.807014 0.038475 0.532325 0.252743
10006.999930000 -0.845617 -0.818828 1.322180 0.809132 0.035907 0.529646 0.251977
10007.033263000 -0.829725 -0.847543 1.372690 0.803115 0.039587 0.536752 0.255610
10007.066596000 -0.826333 -0.866109 1.414277 0.795514 0.049356 0.545996 0.258087
10007.099929000 -0.820719 -0.886108 1.452154 0.791330 0.054571 0.546888 0.267828
10007.133262000 -0.812112 -0.899947 1.482437 0.787192 0.048893 0.548499 0.277645
10007.166595000 -0.799083 -0.920613 1.497999 0.776995 0.043676 0.559246 0.285685
10007.199928000 -0.793720 -0.938743 1.520137 0.763734 0.037151 0.575442 0.290166
10007.233261000 -0.789309 -0.962791 1.547069 0.749487 0.042177 0.592086 0.293129
10007.266594000 -0.789124 -0.981804 1.572593 0.733625 0.049883 0.607829 0.299749
10007.299927000 -0.799229 -0.995660 1.604432 0.717758 0.051537 0.621804 0.309075
10007.333260000 -0.802404 -1.011955 1.634522 0.699941 0.048072 0.636364 0.320645
10007.366593000 -0.809225 -1.033216 1.670174 0.677519 0.045916 0.653702 0.333966
10007.399926000 -0.831097 -1.042985 1.706005 0.652017 0.042962 0.673289 0.345992
10007.433259000 -0.848215 -1.058500 1.736176 0.619422 0.033661 0.694973 0.363587
10007.466592000 -0.864594 -1.073258 1.764618 0.587800 0.019291 0.709055 0.389050
10007.499925000 -0.868237 -1.101330 1.778167 0.560041 0.007218 0.722627 0.405108
10007.533258000 -0.896528 -1.104644 1.794339 0.539952 0.006019 0.734811 0.410448
10007.566591000 -0.913918 -1.121684 1.812282 0.511913 0.005080 0.743779 0.429782
10007.599924000 -0.930322 -1.127987 1.820665 0.504252 0.014381 0.745508 0.435593
10007.633257000 -0.948242 -1.130921 1.831240 0.500290 0.014159 0.746767 0.438005
10007.666590000 -0.967167 -1.130421 1.845235 0.500459 0.011567 0.746587 0.438197
10007.699923000 -0.973020 -1.136668 1.858806 0.503281 0.006362 0.740455 0.445414
10007.733256000 -0.981197 -1.144427 1.863658 0.508915 0.005507 0.735823 0.446698
10007.766589000 -0.996516 -1.148887 1.868338 0.513588 0.010869 0.734401 0.443582
10007.799922000 -1.024675 -1.142471 1.885484 0.516998 0.015020 0.731619 0.444097
10007.833255000 -1.036684 -1.153813 1.888425 0.524675 0.012016 0.722967 0.449321
10007.866588000 -1.046865 -1.161360 1.904871 0.533075 0.013433 0.718485 0.446576
10007.899921000 -1.046954 -1.171378 1.917887 0.542836 0.012731 0.712014 0.445199
10007.933254000 -1.046219 -1.183993 1.930942 0.553688 0.014276 0.706605 0.440381
10007.966587000 -1.042481 -1.195333 1.952051 0.560701 0.014204 0.705586 0.433084
10007.999920000 -1.038337 -1.204118 1.965247 0.568489 0.012742 0.703204 0.426804
10008.033253000 -1.026091 -1.219999 1.980291 0.574958 0.011636 0.700055 0.423334
10008.066586000 -1.014362 -1.234035 2.000851 0.582459 0.011674 0.696938 0.418189
10008.099919000 -1.003026 -1.244848 2.026737 0.590105 0.011482 0.694180 0.412017
10008.133252000 -0.987573 -1.256543 2.044332 0.596854 0.009747 0.690213 0.408994
10008.166585000 -0.964489 -1.274407 2.063923 0.603416 0.009573 0.687588 0.403758
10008.199918000 -0.944154 -1.292768 2.085701 0.607603 0.014164 0.686989 0.398327
10008.233251000 -0.922105 -1.310944 2.105000 0.608891 0.022362 0.687635 0.394854
10008.266584000 -0.892784 -1.326699 2.125220 0.613393 0.028854 0.682462 0.396437
10008.299917000 -0.867407 -1.337840 2.137234 0.610089 0.031494 0.685152 0.396694
10008.333250000 -0.842517 -1.349182 2.143390 0.606811 0.035256 0.687697 0.397003
10008.366583000 -0.816465 -1.356132 2.144986 0.604807 0.038765 0.690721 0.394476
10008.399916000 -0.789552 -1.361256 2.148118 0.601436 0.040772 0.694102 0.393491
10008.433249000 -0.763030 -1.363159 2.149767 0.599663 0.042414 0.697018 0.390860
10008.466582000 -0.731400 -1.368044 2.147360 0.598679 0.043974 0.699104 0.388464
10008.499915000 -0.705119 -1.363431 2.148805 0.601587 0.047900 0.700189 0.381489
10008.533248000 -0.669831 -1.369565 2.147600 0.606176 0.048795 0.696890 0.380151
10008.566581000 -0.638928 -1.372375 2.147637 0.614381 0.051396 0.692682 0.374280
10008.599914000 -0.602534 -1.378957 2.145648 0.621095 0.052550 0.688071 0.371535
10008.633247000 -0.552301 -1.397102 2.151905 0.632792 0.058110 0.683461 0.359276
10008.666580000 -0.523867 -1.408992 2.162312 0.647432 0.059859 0.674109 0.350466
10008.699913000 -0.499852 -1.422138 2.178735 0.662379 0.061716 0.664422 0.340572
10008.733246000 -0.478092 -1.434527 2.195096 0.676107 0.063369 0.652857 0.335623
10008.766579000 -0.456496 -1.446727 2.214515 0.689564 0.064544 0.641195 0.330462
10008.799912000 -0.432308 -1.457252 2.232172 0.699295 0.065187 0.633112 0.325434
10008.833245000 -0.408020 -1.461737 2.256455 0.705037 0.066050 0.628744 0.321312
10008.866578000 -0.377137 -1.473329 2.280378 0.706683 0.065194 0.626958 0.321361
10008.899911000 -0.349120 -1.484377 2.302452 0.702779 0.065287 0.631840 0.320340
10008.933244000 -0.323756 -1.497479 2.321497 0.701405 0.059960 0.631225 0.325564
10008.966577000 -0.286990 -1.514526 2.333229 0.696946 0.056316 0.634032 0.330301
10008.999910000 -0.259568 -1.527253 2.351642 0.690589 0.056093 0.639865 0.332436
10009.033243000 -0.233149 -1.536736 2.360804 0.687572 0.057396 0.640274 0.337640
10009.066576000 -0.210053 -1.540129 2.367107 0.682153 0.054184 0.645418 0.339363
10009.099909000 -0.175128 -1.549802 2.371484 0.672994 0.053787 0.650540 0.347827
10009.133242000 -0.128256 -1.553426 2.377911 0.662613 0.058055 0.659019 0.351095
10009.166575000 -0.093468 -1.559326 2.378721 0.651688 0.058891 0.668572 0.353335
10009.199908000 -0.052509 -1.560984 2.380927 0.639294 0.060021 0.679882 0.354205
10009.233241000 -0.011842 -1.563619 2.379737 0.628264 0.064578 0.689362 0.354816
10009.266574000 0.025752 -1.567485 2.388309 0.622560 0.065110 0.694570 0.354617
10009.299907000 0.067491 -1.571103 2.394820 0.616003 0.060638 0.697297 0.361443
10009.333240000 0.110041 -1.577846 2.398796 0.609124 0.056610 0.697593 0.372999
10009.366573000 0.142439 -1.581400 2.410614 0.607750 0.056844 0.698795 0.372953
10009.399906000 0.176401 -1.588544 2.426409 0.606433 0.049513 0.698399 0.376863
10009.433239000 0.213520 -1.599026 2.441766 0.602811 0.046175 0.699813 0.380459
10009.466572000 0.262530 -1.619901 2.470048 0.593932 0.051558 0.706081 0.382146
10009.499905000 0.285725 -1.635932 2.487387 0.588139 0.059849 0.711260 0.380290
10009.533238000 0.322345 -1.658802 2.519029 0.578344 0.068346 0.720392 0.376674
10009.566571000 0.355157 -1.682013 2.554000 0.567320 0.070777 0.729632 0.375200
10009.599904000 0.389277 -1.706454 2.587243 0.556078 0.065493 0.737070 0.378439
10009.633237000 0.428476 -1.737701 2.605996 0.541701 0.063114 0.743457 0.387101
10009.666570000 0.459695 -1.762908 2.625193 0.527528 0.067427 0.753458 0.386613
10009.699903000 0.495243 -1.783209 2.650565 0.514161 0.067463 0.762874 0.386148
10009.733236000 0.541621 -1.801268 2.665623 0.496813 0.062429 0.772912 0.389727
10009.766569000 0.585994 -1.811305 2.689029 0.478422 0.060830 0.785375 0.388070
10009.799902000 0.634194 -1.820951 2.706430 0.464530 0.058546 0.793095 0.389596
10009.833235000 0.702937 -1.828906 2.724701 0.451056 0.062803 0.800207 0.390223
10009.866568000 0.752396 -1.835483 2.732476 0.440956 0.067472 0.805175 0.390766
10009.899901000 0.814452 -1.844988 2.749834 0.425404 0.060471 0.809260 0.400590
10009.933234000 0.871501 -1.864321 2.749503 0.415763 0.060689 0.809932 0.409229
10009.966567000 0.916906 -1.876213 2.762093 0.416773 0.054358 0.811088 0.406795
10009.999900000 0.967750 -1.894608 2.764695 0.409335 0.046772 0.816426 0.404606
10010.033233000 1.006212 -1.903346 2.761386 0.402003 0.044870 0.822370 0.400109
10010.066566000 1.077490 -1.915607 2.774559 0.384724 0.044256 0.830664 0.400033
10010.099899000 1.130044 -1.918480 2.786703 0.371443 0.040697 0.834131 0.405709
10010.133232000 1.176764 -1.927030 2.802376 0.358847 0.040624 0.837192 0.410716
10010.166565000 1.224136 -1.938959 2.820760 0.346362 0.038702 0.839508 0.416848
10010.199898000 1.266854 -1.943961 2.823091 0.333668 0.041081 0.844254 0.417389
10010.233231000 1.316748 -1.945126 2.832234 0.319293 0.035110 0.847483 0.422601
10010.266564000 1.360023 -1.948801 2.820599 0.304788 0.028927 0.848955 0.430746
10010.299897000 1.405381 -1.952711 2.821541 0.292238 0.027281 0.852454 0.432636
