10000.000000000 0.000000 0.000000 0.000000 0.000000 0.000000 0.000000 1.000000
10000.033333000 0.010392 0.003334 -0.001806 0.002269 -0.004446 -0.001610 0.999986
10000.066666000 0.020659 0.007305 -0.002867 0.004222 -0.009008 -0.003761 0.999943
10000.099999000 0.031266 0.010470 -0.003229 0.005917 -0.013644 -0.005890 0.999872
10000.133332000 0.041706 0.013616 -0.003757 0.007362 -0.018269 -0.008628 0.999769
10000.166665000 0.051272 0.016398 -0.004099 0.008702 -0.022498 -0.011097 0.999647
10000.199998000 0.061873 0.019803 -0.004474 0.010039 -0.027176 -0.014322 0.999478
10000.233331000 0.071701 0.021958 -0.004208 0.010919 -0.031439 -0.017339 0.999296
10000.266664000 0.081096 0.025509 -0.003872 0.012108 -0.035626 -0.020812 0.999075
10000.299997000 0.089864 0.027162 -0.003698 0.012557 -0.039430 -0.023545 0.998866
10000.333330000 0.109566 0.031492 -0.003210 0.013911 -0.048073 -0.030706 0.998275
10000.366663000 0.118372 0.033131 -0.002910 0.014426 -0.051815 -0.033400 0.997994
10000.399996000 0.126583 0.036242 -0.002537 0.015539 -0.055393 -0.036455 0.997678
10000.433329000 0.135498 0.038527 -0.002109 0.016540 -0.059091 -0.039008 0.997353
10000.466662000 0.143935 0.040638 -0.002525 0.017531 -0.062673 -0.041590 0.997013
10000.499995000 0.152711 0.043599 -0.002686 0.019029 -0.066316 -0.043503 0.996668
10000.533328000 0.161286 0.046163 -0.003150 0.020400 -0.069879 -0.045402 0.996313
10000.566661000 0.169798 0.048807 -0.003489 0.022026 -0.073394 -0.046716 0.995965
10000.599994000 0.178286 0.052258 -0.004440 0.023956 -0.076957 -0.047991 0.995591
10000.633327000 0.186616 0.054739 -0.006238 0.026023 -0.080280 -0.048628 0.995245
10000.666660000 0.202991 0.062431 -0.008589 0.031622 -0.087120 -0.048160 0.994530
10000.699993000 0.210982 0.066034 -0.011011 0.034534 -0.090405 -0.047619 0.994166
10000.733326000 0.219153 0.069499 -0.013388 0.037946 -0.093747 -0.046991 0.993762
10000.766659000 0.227147 0.073610 -0.014930 0.041957 -0.097091 -0.046255 0.993314
10000.799992000 0.235391 0.077268 -0.017210 0.045816 -0.100459 -0.046063 0.992818
10000.833325000 0.243599 0.080391 -0.018239 0.049904 -0.103950 -0.046395 0.992246
10000.866658000 0.252389 0.083059 -0.018383 0.054496 -0.107548 -0.047184 0.991583
10000.899991000 0.260861 0.084779 -0.018433 0.058906 -0.110890 -0.049455 0.990852
10000.933324000 0.269952 0.086292 -0.016669 0.063807 -0.114541 -0.052695 0.989966
10000.966657000 0.279966 0.087279 -0.014494 0.068445 -0.118630 -0.057170 0.988926
10000.999990000 0.300758 0.085551 -0.005472 0.078683 -0.126335 -0.070875 0.986319
10001.033323000 0.310809 0.082931 0.000453 0.083466 -0.129999 -0.080051 0.984746
10001.066656000 0.322390 0.080102 0.007292 0.088418 -0.134289 -0.089708 0.982904
10001.099989000 0.333920 0.076800 0.014498 0.093369 -0.138638 -0.100031 0.980844
10001.133322000 0.345261 0.071983 0.021567 0.097474 -0.143131 -0.110576 0.978665
10001.166655000 0.357218 0.067509 0.027887 0.101367 -0.147994 -0.121349 0.976267
10001.199988000 0.368001 0.062778 0.035048 0.105161 -0.152898 -0.131425 0.973802
10001.233321000 0.379006 0.056970 0.039820 0.107572 -0.158481 -0.141235 0.971270
10001.266654000 0.388468 0.051533 0.043265 0.109346 -0.163928 -0.150528 0.968768
10001.299987000 0.398506 0.046389 0.045203 0.110425 -0.170039 -0.158802 0.966269
10001.333320000 0.416956 0.035035 0.042918 0.108889 -0.184497 -0.173067 0.961328
10001.366653000 0.425383 0.030466 0.038109 0.106650 -0.192700 -0.178688 0.958938
10001.399986000 0.433539 0.026256 0.031633 0.103603 -0.201007 -0.183827 0.956593
10001.433319000 0.441502 0.022193 0.023828 0.100116 -0.209851 -0.188389 0.954174
10001.466652000 0.450044 0.019647 0.014029 0.096004 -0.219209 -0.192255 0.951719
10001.499985000 0.458307 0.018008 0.004955 0.092494 -0.228370 -0.195502 0.949248
10001.533318000 0.467613 0.015432 -0.004989 0.088592 -0.238002 -0.198549 0.946617
10001.566651000 0.476784 0.013860 -0.014962 0.084664 -0.247049 -0.200884 0.944163
10001.599984000 0.487710 0.013522 -0.024862 0.081691 -0.256415 -0.203054 0.941460
10001.633317000 0.500588 0.014333 -0.033123 0.080197 -0.265663 -0.204587 0.938688
10001.666650000 0.530085 0.018121 -0.045927 0.079992 -0.282487 -0.206455 0.933370
10001.699983000 0.545964 0.021362 -0.050669 0.081713 -0.289428 -0.207116 0.930944
10001.733316000 0.564083 0.026374 -0.054479 0.085158 -0.296013 -0.207138 0.928557
10001.766649000 0.582083 0.030745 -0.056534 0.088173 -0.302433 -0.207022 0.926230
10001.799982000 0.600953 0.035592 -0.058373 0.092272 -0.307948 -0.206684 0.924086
10001.833315000 0.620065 0.041213 -0.058016 0.096743 -0.313409 -0.206416 0.921850
10001.866648000 0.638482 0.047900 -0.057565 0.102082 -0.317802 -0.205582 0.919955
10001.899981000 0.656592 0.053707 -0.056115 0.106678 -0.322514 -0.205055 0.917909
10001.933314000 0.672962 0.060095 -0.054996 0.111244 -0.326095 -0.204210 0.916289
10001.966647000 0.688361 0.065144 -0.053331 0.115221 -0.329564 -0.203574 0.914696
10001.999980000 0.713988 0.076341 -0.049874 0.122690 -0.335511 -0.202293 0.911843
10002.033313000 0.724945 0.082011 -0.047317 0.126179 -0.338622 -0.201474 0.910397
10002.066646000 0.733819 0.086111 -0.045895 0.128303 -0.341220 -0.201015 0.909231
10002.099979000 0.741696 0.090042 -0.044338 0.130098 -0.343771 -0.200393 0.908151
10002.133312000 0.748879 0.092428 -0.044347 0.131525 -0.345743 -0.199987 0.907286
10002.166645000 0.755191 0.094827 -0.044202 0.132869 -0.347917 -0.199439 0.906379
10002.199978000 0.762515 0.097092 -0.044770 0.133872 -0.350043 -0.199250 0.905454
10002.233311000 0.769387 0.098405 -0.046277 0.134351 -0.351847 -0.199215 0.904691
10002.266644000 0.777209 0.099104 -0.049100 0.134999 -0.353422 -0.199081 0.904010
10002.299977000 0.785404 0.098741 -0.053347 0.135005 -0.354884 -0.199401 0.903366
10002.333310000 0.806914 0.097828 -0.065964 0.134904 -0.356944 -0.199727 0.902497
10002.366643000 0.819069 0.094362 -0.074671 0.133912 -0.357554 -0.200682 0.902191
10002.399976000 0.833059 0.092376 -0.083736 0.133818 -0.358456 -0.201381 0.901692
10002.433309000 0.845547 0.090393 -0.094457 0.133095 -0.358601 -0.201740 0.901661
10002.466642000 0.859095 0.086842 -0.105451 0.131992 -0.358930 -0.202761 0.901463
10002.499975000 0.871287 0.082081 -0.115566 0.130350 -0.359519 -0.203543 0.901291
10002.533308000 0.882179 0.078762 -0.126090 0.128662 -0.360091 -0.204433 0.901104
10002.566641000 0.891431 0.075591 -0.136844 0.126735 -0.360533 -0.205463 0.900966
10002.599974000 0.899154 0.072942 -0.145772 0.124728 -0.360997 -0.205913 0.900957
10002.633307000 0.904626 0.068667 -0.154037 0.121798 -0.362074 -0.206802 0.900722
10002.666640000 0.904500 0.063558 -0.164559 0.115573 -0.364772 -0.208525 0.900057
10002.699973000 0.899838 0.061236 -0.167294 0.111891 -0.366380 -0.209434 0.899658
10002.733306000 0.893025 0.059780 -0.169719 0.108132 -0.367722 -0.210367 0.899352
10002.766639000 0.884799 0.058288 -0.169396 0.104606 -0.369014 -0.211278 0.899026
10002.799972000 0.874969 0.056813 -0.168474 0.101688 -0.369355 -0.212186 0.899007
10002.833305000 0.864227 0.055554 -0.166589 0.099211 -0.369073 -0.212833 0.899247
10002.866638000 0.852848 0.053402 -0.164101 0.097554 -0.367163 -0.212835 0.900209
10002.899971000 0.841152 0.051305 -0.161438 0.097070 -0.363883 -0.213068 0.901537
10002.933304000 0.829959 0.047386 -0.157964 0.097552 -0.359170 -0.213002 0.903389
10002.966637000 0.821179 0.043621 -0.155481 0.100014 -0.352280 -0.212126 0.906035
10002.999970000 0.805482 0.033385 -0.151153 0.110092 -0.331706 -0.209726 0.913163
10003.033303000 0.801015 0.026732 -0.148341 0.117427 -0.319339 -0.208231 0.916991
10003.066636000 0.796983 0.019112 -0.146214 0.125671 -0.305317 -0.206456 0.921067
10003.099969000 0.795406 0.011785 -0.145406 0.134350 -0.291241 -0.204983 0.924722
10003.133302000 0.794137 0.003211 -0.144637 0.142864 -0.277061 -0.203957 0.928024
10003.166635000 0.793116 -0.003545 -0.143634 0.151489 -0.263411 -0.202542 0.930936
10003.199968000 0.792331 -0.011591 -0.143067 0.159168 -0.250603 -0.202000 0.933306
10003.233301000 0.791391 -0.017953 -0.142764 0.166217 -0.238900 -0.201488 0.935255
10003.266634000 0.789840 -0.024523 -0.142180 0.172307 -0.228262 -0.200958 0.936922
10003.299967000 0.788237 -0.031714 -0.142909 0.176731 -0.219392 -0.200831 0.938243
10003.333300000 0.779683 -0.039965 -0.142403 0.183084 -0.205830 -0.200548 0.940157
10003.366633000 0.773874 -0.043075 -0.142558 0.184505 -0.201120 -0.200116 0.940990
10003.399966000 0.766021 -0.044745 -0.143270 0.185002 -0.197410 -0.199785 0.941748
10003.433299000 0.759013 -0.046437 -0.143103 0.184885 -0.194905 -0.199537 0.942345
10003.466632000 0.749507 -0.048650 -0.142932 0.183675 -0.192914 -0.198834 0.943140
10003.499965000 0.740868 -0.049827 -0.143319 0.182203 -0.191708 -0.198482 0.943745
10003.533298000 0.731300 -0.051317 -0.142340 0.180171 -0.191196 -0.198439 0.944248
10003.566631000 0.721235 -0.054073 -0.140649 0.177600 -0.190916 -0.198211 0.944840
10003.599964000 0.711815 -0.056560 -0.139245 0.175043 -0.190754 -0.197970 0.945400
10003.633297000 0.702208 -0.059833 -0.137008 0.172280 -0.190639 -0.197818 0.945962
10003.666630000 0.684369 -0.069626 -0.130414 0.166660 -0.190557 -0.197985 0.946950
10003.699963000 0.676350 -0.076372 -0.126070 0.164001 -0.190204 -0.198129 0.947455
10003.733296000 0.669117 -0.084659 -0.120415 0.161322 -0.189905 -0.198296 0.947940
10003.766629000 0.662147 -0.092212 -0.114272 0.159163 -0.189497 -0.198698 0.948302
10003.799962000 0.655765 -0.100910 -0.108269 0.156783 -0.189091 -0.199163 0.948682
10003.833295000 0.650803 -0.111838 -0.101288 0.154180 -0.188897 -0.199727 0.949029
10003.866628000 0.645301 -0.122174 -0.094305 0.151713 -0.188709 -0.200693 0.949260
10003.899961000 0.639230 -0.132425 -0.086786 0.149598 -0.187887 -0.200938 0.949707
10003.933294000 0.634098 -0.141922 -0.079392 0.147515 -0.187624 -0.201829 0.949896
10003.966627000 0.628428 -0.153553 -0.073600 0.144595 -0.187171 -0.202835 0.950220
10003.999960000 0.619466 -0.174174 -0.059713 0.139756 -0.186718 -0.203883 0.950808
10004.033293000 0.613761 -0.183989 -0.054134 0.137123 -0.186379 -0.204872 0.951045
10004.066626000 0.608923 -0.193497 -0.047589 0.134375 -0.186478 -0.205609 0.951259
10004.099959000 0.603612 -0.201917 -0.041408 0.132033 -0.186127 -0.206068 0.951557
10004.133292000 0.598522 -0.211043 -0.035553 0.129271 -0.186039 -0.206733 0.951809
10004.166625000 0.592393 -0.220564 -0.029678 0.126120 -0.185884 -0.207504 0.952094
10004.199958000 0.586069 -0.229398 -0.023668 0.123112 -0.185647 -0.208220 0.952378
10004.233291000 0.578807 -0.237546 -0.017966 0.120357 -0.184572 -0.208104 0.952964
10004.266624000 0.571682 -0.246680 -0.011870 0.117091 -0.184095 -0.208769 0.953318
10004.299957000 0.564189 -0.254777 -0.005707 0.114122 -0.183404 -0.209304 0.953693
10004.333290000 0.546225 -0.275403 0.005741 0.106219 -0.181274 -0.210598 0.954728
10004.366623000 0.536142 -0.285285 0.012313 0.102502 -0.179681 -0.210995 0.955348
10004.399956000 0.526368 -0.295413 0.018531 0.098600 -0.178121 -0.211396 0.955962
10004.433289000 0.516321 -0.305134 0.025376 0.094805 -0.176500 -0.211736 0.956571
10004.466622000 0.507721 -0.314871 0.031229 0.091036 -0.175281 -0.212245 0.957048
10004.499955000 0.500054 -0.324344 0.037561 0.087373 -0.174292 -0.212789 0.957449
10004.533288000 0.492819 -0.333252 0.044254 0.083949 -0.173463 -0.213346 0.957782
10004.566621000 0.487915 -0.342764 0.049197 0.080349 -0.173237 -0.214196 0.957942
10004.599954000 0.485988 -0.351638 0.055585 0.077560 -0.173916 -0.215237 0.957816
10004.633287000 0.484649 -0.360005 0.060507 0.074683 -0.174846 -0.216421 0.957608
10004.666620000 0.492127 -0.374559 0.068185 0.070531 -0.179770 -0.219687 0.956267
10004.699953000 0.499274 -0.380739 0.072421 0.069239 -0.183379 -0.221553 0.955245
10004.733286000 0.509316 -0.386114 0.075705 0.068466 -0.187794 -0.223643 0.953955
10004.766619000 0.521563 -0.392219 0.079748 0.067752 -0.193119 -0.226064 0.952371
10004.799952000 0.533607 -0.396190 0.083721 0.067738 -0.198166 -0.228102 0.950848
10004.833285000 0.547610 -0.399202 0.087934 0.068317 -0.203839 -0.230244 0.949089
10004.866618000 0.561492 -0.403779 0.093199 0.068504 -0.209675 -0.232416 0.947273
10004.899951000 0.574062 -0.406780 0.098134 0.069032 -0.214943 -0.234457 0.945550
10004.933284000 0.586165 -0.409126 0.104461 0.069905 -0.220245 -0.236322 0.943800
10004.966617000 0.597642 -0.411129 0.112042 0.070912 -0.225435 -0.238083 0.942055
10004.999950000 0.614583 -0.415113 0.130595 0.072544 -0.234439 -0.240963 0.938995
10005.033283000 0.619279 -0.416912 0.141359 0.073173 -0.238036 -0.242170 0.937730
10005.066616000 0.621485 -0.418737 0.152698 0.073575 -0.241008 -0.243170 0.936680
10005.099949000 0.623105 -0.420554 0.164991 0.073990 -0.243962 -0.244142 0.935630
10005.133282000 0.623771 -0.422157 0.178321 0.074467 -0.246792 -0.245050 0.934611
10005.166615000 0.622133 -0.424880 0.192151 0.074324 -0.249199 -0.245963 0.933744
10005.199948000 0.620782 -0.426677 0.205547 0.074509 -0.251517 -0.246805 0.932885
10005.233281000 0.619267 -0.427931 0.219739 0.074921 -0.253926 -0.247508 0.932013
10005.266614000 0.618039 -0.430266 0.233211 0.074949 -0.256446 -0.248348 0.931097
10005.299947000 0.614925 -0.432561 0.246058 0.074745 -0.258301 -0.249177 0.930379
10005.333280000 0.613365 -0.437933 0.270548 0.074377 -0.263444 -0.251167 0.928429
10005.366613000 0.613263 -0.440589 0.282341 0.074257 -0.266225 -0.252194 0.927366
10005.399946000 0.614161 -0.443588 0.293037 0.074070 -0.269248 -0.253345 0.926194
10005.433279000 0.615325 -0.446663 0.304019 0.073905 -0.272403 -0.254606 0.924938
10005.466612000 0.616093 -0.449747 0.314617 0.073653 -0.275469 -0.255689 0.923751
10005.499945000 0.616967 -0.453822 0.324991 0.073004 -0.278679 -0.257124 0.922440
10005.533278000 0.619230 -0.456646 0.335808 0.073045 -0.282287 -0.258369 0.920991
10005.566611000 0.619983 -0.459817 0.346202 0.072757 -0.285440 -0.259609 0.919692
10005.599944000 0.621843 -0.462807 0.356724 0.072704 -0.289039 -0.260830 0.918225
10005.633277000 0.623617 -0.464766 0.368287 0.073139 -0.292775 -0.261925 0.916694
10005.666610000 0.625748 -0.468549 0.392434 0.073962 -0.300113 -0.264100 0.913626
10005.699943000 0.626586 -0.470303 0.406082 0.074606 -0.304136 -0.265111 0.911949
10005.733276000 0.627663 -0.471855 0.419206 0.075377 -0.308223 -0.265988 0.910257
10005.766609000 0.626570 -0.472726 0.432650 0.075764 -0.312131 -0.266596 0.908714
10005.799942000 0.627106 -0.474165 0.445731 0.076498 -0.316176 -0.267542 0.906974
10005.833275000 0.628336 -0.476249 0.459693 0.077095 -0.320791 -0.268685 0.904963
10005.866608000 0.629253 -0.477502 0.472938 0.077973 -0.325110 -0.269609 0.903070
10005.899941000 0.630399 -0.479503 0.485667 0.078522 -0.329474 -0.270648 0.901128
10005.933274000 0.631421 -0.482055 0.497158 0.078712 -0.333649 -0.271796 0.899227
10005.966607000 0.632801 -0.485335 0.508049 0.078952 -0.337425 -0.273222 0.897363
10005.999940000 0.635912 -0.493887 0.526804 0.077522 -0.345502 -0.276068 0.893535
10006.033273000 0.638479 -0.499224 0.534195 0.076726 -0.349096 -0.277935 0.891626
10006.066606000 0.640509 -0.505009 0.540914 0.075316 -0.352350 -0.279473 0.889984
10006.099939000 0.642467 -0.511430 0.546755 0.073516 -0.355801 -0.281879 0.888001
10006.133272000 0.645841 -0.518115 0.551938 0.071778 -0.359152 -0.283641 0.886231
10006.166605000 0.648269 -0.525500 0.556304 0.069466 -0.362415 -0.286280 0.884236
10006.199938000 0.650993 -0.533296 0.559804 0.066729 -0.365557 -0.288578 0.882405
10006.233271000 0.653812 -0.541527 0.564853 0.063990 -0.369300 -0.291006 0.880249
10006.266604000 0.656557 -0.549534 0.568364 0.060772 -0.372916 -0.293121 0.878249
10006.299937000 0.658503 -0.557447 0.571726 0.057425 -0.376218 -0.295319 0.876327
10006.333270000 0.662078 -0.573943 0.579197 0.050089 -0.383415 -0.299510 0.872226
10006.366603000 0.662841 -0.582038 0.583769 0.046170 -0.387145 -0.301467 0.870118
10006.399936000 0.663563 -0.590469 0.588649 0.042138 -0.391107 -0.303672 0.867780
10006.433269000 0.664819 -0.597559 0.594009 0.039056 -0.395165 -0.305923 0.865292
10006.466602000 0.666481 -0.605191 0.598282 0.035490 -0.399049 -0.307818 0.862988
10006.499935000 0.667940 -0.612189 0.603381 0.032690 -0.402704 -0.309879 0.860660
10006.533268000 0.670162 -0.618667 0.609496 0.030823 -0.406425 -0.311933 0.858234
10006.566601000 0.672527 -0.625383 0.614738 0.029030 -0.409524 -0.313853 0.856121
10006.599934000 0.676462 -0.631176 0.620453 0.028732 -0.412790 -0.316146 0.853716
10006.633267000 0.680511 -0.636924 0.626452 0.028955 -0.415728 -0.318658 0.851345
10006.666600000 0.693296 -0.645365 0.639546 0.034219 -0.420550 -0.323627 0.846895
10006.699933000 0.701635 -0.648113 0.645226 0.038798 -0.422139 -0.326185 0.844924
10006.733266000 0.709793 -0.651906 0.651713 0.043481 -0.423622 -0.329233 0.842769
10006.766599000 0.720058 -0.655001 0.658008 0.049748 -0.424866 -0.331838 0.840772
10006.799932000 0.730596 -0.658710 0.663453 0.055225 -0.426088 -0.335005 0.838553
10006.833265000 0.742242 -0.661907 0.668936 0.061289 -0.427079 -0.337807 0.836501
10006.866598000 0.753904 -0.665866 0.673530 0.067132 -0.427749 -0.341143 0.834353
10006.899931000 0.766301 -0.669542 0.677944 0.072801 -0.428892 -0.344208 0.832029
10006.933264000 0.779266 -0.674360 0.680660 0.077630 -0.430025 -0.347708 0.829549
10006.966597000 0.791470 -0.680733 0.683305 0.080733 -0.431368 -0.351092 0.827127
10006.999930000 0.818362 -0.695851 0.684941 0.084934 -0.436100 -0.358312 0.821106
10007.033263000 0.832514 -0.705486 0.684413 0.085073 -0.439011 -0.362035 0.817902
10007.066596000 0.846074 -0.715103 0.682626 0.084526 -0.442278 -0.365011 0.814869
10007.099929000 0.858984 -0.725624 0.681721 0.083181 -0.445582 -0.367883 0.811911
10007.133262000 0.872005 -0.736156 0.679409 0.081408 -0.449261 -0.370427 0.808901
10007.166595000 0.884963 -0.747057 0.676165 0.079019 -0.452454 -0.372752 0.806286
10007.199928000 0.897738 -0.756595 0.673154 0.076977 -0.455957 -0.374253 0.803811
10007.233261000 0.909290 -0.766643 0.669964 0.074070 -0.459250 -0.374925 0.801894
10007.266594000 0.921440 -0.774808 0.665625 0.072206 -0.461812 -0.374755 0.800672
10007.299927000 0.932394 -0.782608 0.662289 0.069747 -0.464756 -0.373871 0.799598
10007.333260000 0.954727 -0.793646 0.656067 0.066990 -0.469096 -0.369659 0.799258
10007.366593000 0.963910 -0.796220 0.653733 0.066568 -0.470217 -0.366364 0.800151
10007.399926000 0.973665 -0.797368 0.651172 0.066239 -0.471385 -0.362971 0.801037
10007.433259000 0.983080 -0.798023 0.649229 0.066447 -0.472505 -0.359191 0.802063
10007.466592000 0.992115 -0.796778 0.648473 0.067774 -0.473615 -0.355914 0.802758
10007.499925000 1.000449 -0.794090 0.648142 0.069398 -0.474676 -0.353119 0.803227
10007.533258000 1.008501 -0.791092 0.648287 0.071669 -0.475545 -0.351732 0.803122
10007.566591000 1.016788 -0.786114 0.649105 0.074685 -0.476833 -0.351225 0.802305
10007.599924000 1.024589 -0.781193 0.651558 0.078731 -0.478317 -0.352512 0.800468
10007.633257000 1.031975 -0.775041 0.654581 0.083194 -0.479845 -0.355444 0.797802
10007.666590000 1.048304 -0.758909 0.664600 0.095888 -0.483417 -0.367702 0.788612
10007.699923000 1.056625 -0.750812 0.671216 0.103061 -0.485700 -0.377047 0.781863
10007.733256000 1.063733 -0.742433 0.679085 0.111022 -0.488066 -0.387679 0.774061
10007.766589000 1.071290 -0.733365 0.685675 0.119152 -0.489795 -0.399187 0.765868
10007.799922000 1.079110 -0.724287 0.694019 0.127681 -0.492048 -0.410996 0.756748
10007.833255000 1.086130 -0.715910 0.701909 0.135964 -0.493725 -0.423361 0.747338
10007.866588000 1.093419 -0.707744 0.710933 0.144465 -0.495530 -0.434746 0.737953
10007.899921000 1.100452 -0.700145 0.717335 0.152112 -0.496855 -0.445771 0.728893
10007.933254000 1.106400 -0.692947 0.723415 0.159118 -0.497492 -0.455692 0.720783
10007.966587000 1.114000 -0.687264 0.728551 0.165019 -0.498351 -0.463763 0.713679
10007.999920000 1.125635 -0.677609 0.735642 0.173648 -0.498946 -0.475459 0.703447
10008.033253000 1.131982 -0.674792 0.737889 0.176416 -0.499207 -0.478562 0.700463
10008.066586000 1.137307 -0.672760 0.737924 0.177826 -0.499111 -0.480248 0.699019
10008.099919000 1.144065 -0.671703 0.737853 0.178681 -0.499369 -0.480690 0.698313
10008.133252000 1.150528 -0.670132 0.737751 0.179340 -0.499733 -0.479546 0.698670
10008.166585000 1.158193 -0.668613 0.736421 0.179775 -0.499961 -0.477451 0.699829
10008.199918000 1.166992 -0.667297 0.734140 0.180267 -0.500016 -0.474849 0.701431
10008.233251000 1.176656 -0.665233 0.732255 0.181239 -0.500534 -0.471288 0.703211
10008.266584000 1.187051 -0.663460 0.729905 0.182132 -0.501252 -0.467250 0.705160
10008.299917000 1.198983 -0.659793 0.727120 0.184085 -0.501839 -0.462966 0.707059
10008.333250000 1.228871 -0.649275 0.723614 0.191115 -0.504285 -0.453498 0.709585
10008.366583000 1.246263 -0.641684 0.721976 0.195922 -0.505694 -0.448359 0.710537
10008.399916000 1.264320 -0.634814 0.721256 0.201444 -0.507356 -0.443851 0.710638
10008.433249000 1.282630 -0.627096 0.719147 0.206795 -0.508846 -0.439399 0.710802
10008.466582000 1.302461 -0.619686 0.717739 0.212772 -0.510392 -0.435736 0.710184
10008.499915000 1.322834 -0.612590 0.718042 0.218709 -0.512526 -0.431539 0.709406
10008.533248000 1.339456 -0.606699 0.715142 0.223744 -0.513906 -0.428485 0.708689
10008.566581000 1.357984 -0.601376 0.714813 0.229291 -0.515519 -0.425815 0.707353
10008.599914000 1.373742 -0.598660 0.713637 0.232934 -0.517167 -0.423606 0.706285
10008.633247000 1.389139 -0.597785 0.712454 0.236340 -0.518849 -0.422286 0.704708
10008.666580000 1.412110 -0.601490 0.710470 0.239748 -0.521473 -0.420856 0.702472
10008.699913000 1.420321 -0.607802 0.708767 0.239366 -0.522902 -0.421473 0.701169
10008.733246000 1.427041 -0.614434 0.706873 0.238196 -0.523828 -0.422239 0.700415
10008.766579000 1.432626 -0.624296 0.705001 0.236157 -0.525103 -0.423493 0.699392
10008.799912000 1.436449 -0.636171 0.703196 0.233367 -0.526365 -0.425332 0.698264
10008.833245000 1.438737 -0.649165 0.702132 0.230059 -0.527694 -0.427498 0.697035
10008.866578000 1.439733 -0.664204 0.699543 0.225576 -0.528822 -0.429929 0.696149
10008.899911000 1.441823 -0.679472 0.697287 0.221555 -0.529738 -0.432663 0.695049
10008.933244000 1.441975 -0.695211 0.695524 0.217462 -0.530996 -0.435458 0.693636
10008.966577000 1.443127 -0.712587 0.693069 0.212533 -0.532350 -0.438168 0.692418
10008.999910000 1.445166 -0.746927 0.687971 0.203655 -0.534739 -0.444166 0.689417
10009.033243000 1.447686 -0.764518 0.686004 0.199457 -0.536231 -0.446990 0.687657
10009.066576000 1.450740 -0.781049 0.683475 0.195225 -0.537575 -0.449246 0.686352
10009.099909000 1.454268 -0.797615 0.682406 0.191718 -0.539239 -0.451648 0.684455
10009.133242000 1.458348 -0.813926 0.681700 0.188440 -0.540924 -0.453917 0.682532
10009.166575000 1.463109 -0.829012 0.681876 0.185902 -0.542602 -0.456351 0.680270
10009.199908000 1.469010 -0.843312 0.682035 0.183534 -0.544532 -0.457922 0.678312
10009.233241000 1.474645 -0.856576 0.682719 0.181261 -0.546278 -0.459413 0.676509
10009.266574000 1.482096 -0.868397 0.686207 0.179897 -0.548667 -0.460244 0.674371
10009.299907000 1.489060 -0.879869 0.689971 0.178448 -0.550935 -0.461132 0.672298
10009.333240000 1.507659 -0.900004 0.699808 0.176864 -0.556044 -0.461625 0.668159
10009.366573000 1.517385 -0.907048 0.706090 0.176915 -0.558692 -0.461175 0.666245
10009.399906000 1.527939 -0.913910 0.713253 0.176952 -0.561375 -0.460627 0.664356
10009.433239000 1.538173 -0.919330 0.719115 0.177164 -0.563649 -0.459999 0.662808
10009.466572000 1.549051 -0.924439 0.726124 0.177539 -0.566133 -0.459157 0.661172
10009.499905000 1.560854 -0.928819 0.732057 0.178074 -0.568353 -0.458207 0.659781
10009.533238000 1.572546 -0.932031 0.736754 0.178715 -0.570146 -0.457297 0.658691
10009.566571000 1.584798 -0.934607 0.740806 0.179437 -0.571802 -0.456264 0.657775
10009.599904000 1.596120 -0.936929 0.741632 0.180012 -0.572647 -0.455682 0.657286
10009.633237000 1.608280 -0.938513 0.742491 0.180582 -0.573319 -0.455052 0.656980
10009.666570000 1.629916 -0.941960 0.736918 0.181336 -0.573200 -0.454612 0.657181
10009.699903000 1.640679 -0.942894 0.731621 0.181488 -0.572438 -0.454671 0.657763
10009.733236000 1.650989 -0.944694 0.724498 0.181553 -0.571424 -0.454978 0.658413
10009.766569000 1.661116 -0.945892 0.714763 0.181312 -0.569806 -0.455449 0.659555
10009.799902000 1.671090 -0.947940 0.704334 0.180993 -0.568245 -0.455975 0.660625
10009.833235000 1.681229 -0.950424 0.695139 0.180760 -0.566967 -0.456528 0.661405
10009.866568000 1.690953 -0.951867 0.686123 0.180685 -0.565628 -0.456919 0.662301
10009.899901000 1.700373 -0.955157 0.677442 0.180295 -0.564507 -0.457572 0.662913
10009.933234000 1.711047 -0.958253 0.668868 0.179950 -0.563507 -0.457986 0.663571
10009.966567000 1.721176 -0.961414 0.663795 0.180020 -0.563242 -0.458053 0.663731
10009.999900000 1.741004 -0.970123 0.659418 0.180009 -0.564044 -0.458030 0.663068
10010.033233000 1.752521 -0.975689 0.660186 0.180230 -0.565284 -0.457677 0.662195
10010.066566000 1.762938 -0.980982 0.662600 0.180497 -0.566769 -0.457188 0.661191
10010.099899000 1.774292 -0.986125 0.667978 0.180909 -0.568701 -0.456511 0.659885
10010.133232000 1.784967 -0.991883 0.673838 0.181328 -0.570811 -0.455825 0.658421
10010.166565000 1.796073 -0.997881 0.679927 0.181542 -0.572935 -0.455087 0.657026
10010.199898000 1.807183 -1.002102 0.685930 0.181938 -0.574827 -0.454345 0.655777
10010.233231000 1.819208 -1.006998 0.693446 0.182212 -0.576886 -0.453590 0.654414
10010.266564000 1.830024 -1.009896 0.699814 0.182662 -0.578498 -0.452863 0.653368
10010.299897000 1.842579 -1.012089 0.703730 0.183010 -0.579452 -0.452426 0.652727
10010.333230000 1.864671 -1.012147 0.710440 0.183635 -0.580394 -0.451661 0.652245
10010.366563000 1.875616 -1.009620 0.711255 0.183866 -0.579999 -0.451497 0.652644
10010.399896000 1.886092 -1.007180 0.711984 0.183976 -0.579418 -0.451582 0.653070
10010.433229000 1.896692 -1.004448 0.710904 0.183924 -0.578536 -0.451689 0.653793
10010.466562000 1.907171 -1.001138 0.709645 0.183736 -0.577382 -0.452045 0.654620
10010.499895000 1.917226 -0.997768 0.707505 0.183348 -0.576141 -0.452390 0.655582
10010.533228000 1.927002 -0.995119 0.704748 0.182959 -0.574758 -0.452987 0.656492
10010.566561000 1.934945 -0.993031 0.703594 0.182280 -0.573575 -0.453742 0.657194
10010.599894000 1.942027 -0.991846 0.701919 0.181484 -0.572457 -0.454495 0.657869
10010.633227000 1.947649 -0.990422 0.700623 0.180560 -0.571251 -0.455421 0.658530
10010.666560000 1.954543 -0.992172 0.702620 0.178192 -0.569994 -0.457386 0.658902
10010.699893000 1.956969 -0.995442 0.704325 0.176775 -0.569697 -0.458554 0.658729
10010.733226000 1.958071 -0.999542 0.707834 0.175172 -0.569759 -0.459646 0.658343
10010.766559000 1.959664 -1.004647 0.711517 0.173627 -0.569993 -0.460730 0.657792
10010.799892000 1.960503 -1.011122 0.716986 0.171796 -0.570520 -0.461984 0.656936
10010.833225000 1.961030 -1.017723 0.721907 0.169923 -0.570926 -0.463356 0.656102
10010.866558000 1.962649 -1.025449 0.729073 0.168162 -0.571942 -0.464414 0.654923
10010.899891000 1.965873 -1.034006 0.735306 0.166160 -0.572837 -0.465646 0.653776
10010.933224000 1.967754 -1.042812 0.742183 0.164196 -0.573738 -0.466929 0.652566
10010.966557000 1.972121 -1.052607 0.749303 0.162092 -0.574730 -0.468214 0.651296
10010.999890000 1.986038 -1.070679 0.764773 0.158529 -0.576839 -0.470377 0.648746
10011.033223000 1.995235 -1.078452 0.771756 0.157037 -0.577673 -0.471277 0.647712
10011.066556000 2.005720 -1.087282 0.779531 0.155520 -0.578697 -0.472078 0.646580
10011.099889000 2.017541 -1.093615 0.785919 0.154409 -0.579410 -0.472645 0.645793
10011.133222000 2.029383 -1.100161 0.792399 0.153296 -0.580112 -0.473213 0.645012
10011.166555000 2.042440 -1.105356 0.796374 0.152602 -0.580439 -0.473819 0.644436
10011.199888000 2.055671 -1.109330 0.800422 0.151950 -0.580752 -0.474119 0.644088
10011.233221000 2.068362 -1.111647 0.803532 0.151665 -0.580987 -0.474134 0.643932
10011.266554000 2.080292 -1.112340 0.805512 0.151705 -0.580984 -0.474084 0.643962
10011.299887000 2.091497 -1.111128 0.807084 0.152097 -0.580886 -0.473881 0.644107
10011.333220000 2.110832 -1.104109 0.804153 0.153495 -0.580060 -0.472846 0.645280
10011.366553000 2.118972 -1.097547 0.801740 0.154646 -0.579469 -0.472001 0.646154
10011.399886000 2.126479 -1.089063 0.797462 0.156198 -0.578674 -0.470976 0.647241
10011.433219000 2.134022 -1.080211 0.790569 0.157602 -0.577477 -0.470146 0.648571
10011.466552000 2.142445 -1.073783 0.785405 0.158924 -0.576699 -0.469264 0.649579
10011.499885000 2.147425 -1.064013 0.779695 0.160561 -0.575577 -0.468336 0.650840
10011.533218000 2.153234 -1.054990 0.772994 0.161832 -0.574384 -0.467394 0.652255
10011.566551000 2.159361 -1.046050 0.766775 0.163283 -0.573210 -0.466675 0.653440
10011.599884000 2.164683 -1.036885 0.759269 0.164612 -0.571674 -0.466100 0.654861
10011.633217000 2.170693 -1.027112 0.751811 0.165790 -0.569965 -0.465530 0.656457
10011.666550000 2.184385 -1.013188 0.740027 0.167035 -0.567032 -0.465186 0.658920
10011.699883000 2.193422 -1.008180 0.735208 0.167195 -0.565736 -0.465217 0.659971
10011.733216000 2.202091 -1.006502 0.732352 0.166876 -0.564692 -0.465808 0.660529
10011.766549000 2.213366 -1.005883 0.730123 0.166417 -0.563790 -0.466447 0.660964
10011.799882000 2.222936 -1.003478 0.728292 0.166140 -0.562858 -0.466859 0.661537
10011.833215000 2.232253 -1.003334 0.727231 0.165481 -0.562072 -0.467503 0.661916
10011.866548000 2.242635 -1.002748 0.727311 0.164966 -0.561478 -0.467963 0.662223
10011.899881000 2.255410 -1.001832 0.727040 0.164342 -0.561024 -0.468173 0.662614
10011.933214000 2.264413 -1.000499 0.729573 0.164249 -0.560861 -0.468349 0.662651
10011.966547000 2.271789 -0.998551 0.732874 0.164209 -0.560707 -0.468558 0.662643
10011.999880000 2.293016 -0.992563 0.742375 0.165116 -0.561569 -0.467608 0.662359
10012.033213000 2.293052 -0.987238 0.752467 0.166275 -0.562273 -0.466832 0.662020
10012.066546000 2.299254 -0.981784 0.760385 0.167664 -0.563031 -0.465956 0.661642
10012.099879000 2.306172 -0.975912 0.768919 0.169314 -0.564074 -0.464744 0.661185
10012.133212000 2.311457 -0.968647 0.777729 0.171060 -0.565043 -0.463456 0.660813
10012.166545000 2.317728 -0.960139 0.786031 0.173052 -0.565997 -0.461831 0.660616
10012.199878000 2.325077 -0.951590 0.793447 0.175232 -0.566921 -0.460092 0.660462
10012.233211000 2.333458 -0.943072 0.800306 0.177455 -0.567777 -0.458478 0.660255
10012.266544000 2.342430 -0.933414 0.805498 0.179761 -0.568343 -0.456783 0.660319
10012.299877000 2.352339 -0.922874 0.808942 0.182231 -0.568580 -0.455172 0.660550
10012.333210000 2.374462 -0.900651 0.810895 0.186940 -0.568393 -0.451843 0.661680
10012.366543000 2.387867 -0.889376 0.808634 0.189202 -0.567868 -0.450331 0.662519
10012.399876000 2.406055 -0.883026 0.804933 0.190829 -0.567500 -0.449184 0.663146
10012.433209000 2.420795 -0.872737 0.798818 0.192785 -0.566419 -0.448384 0.664045
10012.466542000 2.436984 -0.861813 0.792291 0.194885 -0.565260 -0.447427 0.665064
10012.499875000 2.453917 -0.850069 0.784637 0.196995 -0.563960 -0.446322 0.666287
10012.533208000 2.470067 -0.838728 0.775353 0.198877 -0.562341 -0.445598 0.667580
10012.566541000 2.487217 -0.827140 0.766882 0.200864 -0.560959 -0.444511 0.668871
10012.599874000 2.502881 -0.815781 0.758145 0.202699 -0.559425 -0.443701 0.670138
10012.633207000 2.516730 -0.803515 0.748602 0.204547 -0.557684 -0.442992 0.671496
10012.666540000 2.545126 -0.779873 0.732957 0.208259 -0.554991 -0.440983 0.673904
10012.699873000 2.557494 -0.769907 0.726869 0.209901 -0.553779 -0.440443 0.674744
10012.733206000 2.568314 -0.759521 0.720412 0.211564 -0.552569 -0.439811 0.675628
10012.766539000 2.580158 -0.753678 0.709014 0.211681 -0.551522 -0.438831 0.677084
10012.799872000 2.585768 -0.744626 0.707334 0.213257 -0.550711 -0.438431 0.677508
10012.833205000 2.591209 -0.735096 0.701699 0.214925 -0.549385 -0.438286 0.678151
10012.866538000 2.591904 -0.729381 0.692569 0.214882 -0.548190 -0.437495 0.679641
10012.899871000 2.595595 -0.720789 0.688076 0.216044 -0.547331 -0.436895 0.680350
10012.933204000 2.598017 -0.713299 0.683010 0.216965 -0.546280 -0.436583 0.681101
10012.966537000 2.597015 -0.704908 0.676823 0.217750 -0.544919 -0.436317 0.682111
10012.999870000 2.591309 -0.692881 0.664483 0.218526 -0.542331 -0.436444 0.683842
10013.033203000 2.585137 -0.686860 0.658162 0.218720 -0.540978 -0.436465 0.684838
10013.066536000 2.577468 -0.682597 0.651015 0.218685 -0.539480 -0.436940 0.685727
10013.099869000 2.568210 -0.677479 0.644796 0.218593 -0.538101 -0.437195 0.686676
10013.133202000 2.557161 -0.673569 0.637865 0.218227 -0.536614 -0.437640 0.687672
10013.166535000 2.538839 -0.668170 0.635526 0.218357 -0.535229 -0.438021 0.688467
10013.199868000 2.525740 -0.664284 0.629428 0.217970 -0.533731 -0.438547 0.689418
10013.233201000 2.512154 -0.660881 0.626348 0.217595 -0.532673 -0.438838 0.690169
10013.266534000 2.498257 -0.656836 0.622532 0.217379 -0.531381 -0.439264 0.690961
10013.299867000 2.482789 -0.654154 0.620864 0.216926 -0.530433 -0.439658 0.691581
10013.333200000 2.452519 -0.646361 0.622074 0.216687 -0.528944 -0.439998 0.692580
10013.366533000 2.438150 -0.642741 0.624769 0.216710 -0.528505 -0.440108 0.692837
10013.399866000 2.423701 -0.638724 0.629616 0.216889 -0.528326 -0.440086 0.692933
10013.433199000 2.410641 -0.635738 0.635527 0.217050 -0.528380 -0.439988 0.692903
10013.466532000 2.397545 -0.632340 0.642351 0.217205 -0.528602 -0.439769 0.692824
10013.499865000 2.386789 -0.629374 0.650932 0.217642 -0.529121 -0.439491 0.692467
10013.533198000 2.376895 -0.626327 0.660791 0.218275 -0.529826 -0.439180 0.691926
10013.566531000 2.369558 -0.624031 0.670496 0.218806 -0.530742 -0.438705 0.691358
10013.599864000 2.363517 -0.622437 0.682120 0.219396 -0.532006 -0.438137 0.690559
10013.633197000 2.360992 -0.620873 0.694375 0.219979 -0.533597 -0.437230 0.689719
10013.666530000 2.363961 -0.623601 0.714580 0.220515 -0.537022 -0.435575 0.687935
10013.699863000 2.369120 -0.624190 0.728397 0.221338 -0.539243 -0.434505 0.686609
10013.733196000 2.376479 -0.625024 0.742612 0.222275 -0.541590 -0.433381 0.685168
10013.766529000 2.385856 -0.625313 0.756747 0.223398 -0.543936 -0.432167 0.683709
10013.799862000 2.396424 -0.626202 0.770031 0.224500 -0.546237 -0.431054 0.682215
10013.833195000 2.408785 -0.626477 0.782814 0.225713 -0.548350 -0.429932 0.680826
10013.866528000 2.420854 -0.625882 0.795381 0.226975 -0.550462 -0.428659 0.679504
10013.899861000 2.433845 -0.624978 0.807783 0.228321 -0.552533 -0.427345 0.678198
10013.933194000 2.447657 -0.623038 0.818036 0.229763 -0.554210 -0.426108 0.677121
10013.966527000 2.460501 -0.620926 0.824003 0.230371 -0.555556 -0.424645 0.676730
10013.999860000 2.483217 -0.610486 0.837214 0.233480 -0.557314 -0.422116 0.675801
10014.033193000 2.493263 -0.603664 0.842293 0.234927 -0.557860 -0.420848 0.675639
10014.066526000 2.501106 -0.596715 0.844114 0.236395 -0.557838 -0.419993 0.675678
10014.099859000 2.499987 -0.591910 0.845881 0.237316 -0.557784 -0.419001 0.676015
10014.133192000 2.509096 -0.586911 0.846236 0.238469 -0.557638 -0.418588 0.675985
10014.166525000 2.517137 -0.581761 0.844831 0.239319 -0.557349 -0.417989 0.676294
10014.199858000 2.526069 -0.579299 0.842408 0.239794 -0.557123 -0.417679 0.676504
10014.233191000 2.533863 -0.577404 0.838869 0.240304 -0.556660 -0.417693 0.676695
10014.266524000 2.542247 -0.578861 0.834782 0.240281 -0.556435 -0.417886 0.676769
10014.299857000 2.548771 -0.582915 0.831893 0.239933 -0.556428 -0.418053 0.676795
10014.333190000 2.568777 -0.605222 0.819255 0.237067 -0.556701 -0.420221 0.676238
10014.366523000 2.588235 -0.619552 0.812553 0.235326 -0.557194 -0.421545 0.675615
10014.399856000 2.597567 -0.639639 0.805344 0.232579 -0.557807 -0.423232 0.675005
10014.433189000 2.608171 -0.663463 0.799038 0.229332 -0.558716 -0.425360 0.674027
10014.466522000 2.618042 -0.689540 0.792956 0.225801 -0.559838 -0.427546 0.672904
10014.499855000 2.627078 -0.717285 0.787231 0.222113 -0.561051 -0.429670 0.671767
10014.533188000 2.633637 -0.745784 0.783432 0.218483 -0.562422 -0.432111 0.670243
10014.566521000 2.639347 -0.774880 0.780202 0.214799 -0.563839 -0.434503 0.668696
10014.599854000 2.642311 -0.803569 0.778872 0.211159 -0.565386 -0.436758 0.667078
10014.633187000 2.640968 -0.829151 0.777780 0.207733 -0.566828 -0.438508 0.665781
10014.666520000 2.638200 -0.882200 0.782692 0.200561 -0.570583 -0.442538 0.662095
10014.699853000 2.628221 -0.904694 0.790172 0.197623 -0.572655 -0.444178 0.660089
10014.733186000 2.617147 -0.924424 0.798848 0.195003 -0.574715 -0.445320 0.658306
10014.766519000 2.603070 -0.942690 0.809402 0.192351 -0.576795 -0.446480 0.656478
10014.799852000 2.587481 -0.961486 0.821426 0.189767 -0.579137 -0.447688 0.654343
10014.833185000 2.572695 -0.978261 0.834432 0.187398 -0.581412 -0.448724 0.652296
10014.866518000 2.556513 -0.994475 0.848941 0.185143 -0.583816 -0.449775 0.650064
10014.899851000 2.542051 -1.011867 0.863671 0.182675 -0.586416 -0.450768 0.647730
10014.933184000 2.527768 -1.027064 0.878689 0.180535 -0.588795 -0.451784 0.645460
10014.966517000 2.515123 -1.043951 0.894144 0.178228 -0.591367 -0.452791 0.643040
10014.999850000 2.496882 -1.078453 0.924196 0.173607 -0.596642 -0.454730 0.638044
10015.033183000 2.490460 -1.097035 0.938440 0.171228 -0.599197 -0.455784 0.635535
10015.066516000 2.485930 -1.113823 0.952646 0.169175 -0.601685 -0.456598 0.633146
10015.099849000 2.483740 -1.132085 0.965766 0.166993 -0.604131 -0.457500 0.630740
10015.133182000 2.481735 -1.150251 0.978766 0.164949 -0.606591 -0.458280 0.628347
10015.166515000 2.480399 -1.166705 0.989525 0.163134 -0.608623 -0.459059 0.626282
10015.199848000 2.476939 -1.182563 1.001934 0.161442 -0.610794 -0.459800 0.624061
10015.233181000 2.475024 -1.198690 1.012417 0.159782 -0.612981 -0.460383 0.621910
10015.266514000 2.471996 -1.214041 1.020864 0.158177 -0.614900 -0.460943 0.620008
10015.299847000 2.465828 -1.225757 1.029275 0.157113 -0.616652 -0.461345 0.618237
10015.333180000 2.449856 -1.249010 1.042006 0.154858 -0.620196 -0.462018 0.614749
10015.366513000 2.437650 -1.258480 1.046409 0.153828 -0.621734 -0.462118 0.613377
10015.399846000 2.423919 -1.265201 1.050106 0.153167 -0.623131 -0.462174 0.612080
10015.433179000 2.408583 -1.271743 1.052082 0.152456 -0.624382 -0.462308 0.610881
10015.466512000 2.389944 -1.275839 1.053913 0.152017 -0.625562 -0.462284 0.609800
10015.499845000 2.370464 -1.280203 1.055101 0.151282 -0.626636 -0.462435 0.608765
10015.533178000 2.349854 -1.283041 1.055683 0.150853 -0.627578 -0.462590 0.607782
10015.566511000 2.328822 -1.285696 1.054799 0.150116 -0.628306 -0.462930 0.606953
10015.599844000 2.307241 -1.287289 1.054926 0.149465 -0.629022 -0.463213 0.606156
10015.633177000 2.285253 -1.287082 1.053801 0.148874 -0.629404 -0.463594 0.605614
10015.666510000 2.241060 -1.287697 1.051168 0.147069 -0.629815 -0.464969 0.604572
10015.699843000 2.218501 -1.286133 1.051086 0.146110 -0.629844 -0.465760 0.604165
10015.733176000 2.197555 -1.285994 1.049225 0.144871 -0.629566 -0.466880 0.603890
10015.766509000 2.176100 -1.283144 1.047055 0.143803 -0.629054 -0.467839 0.603935
10015.799842000 2.154180 -1.280964 1.044592 0.142557 -0.628392 -0.469102 0.603941
10015.833175000 2.133973 -1.278770 1.041348 0.141140 -0.627464 -0.470511 0.604141
10015.866508000 2.114164 -1.276976 1.037618 0.139788 -0.626501 -0.471942 0.604339
10015.899841000 2.094821 -1.272521 1.032070 0.138615 -0.625078 -0.473363 0.604971
10015.933174000 2.077031 -1.269412 1.027030 0.137415 -0.623749 -0.474827 0.605470
10015.966507000 2.060055 -1.266969 1.019030 0.135963 -0.622003 -0.476483 0.606292
10015.999840000 2.029432 -1.259536 1.000437 0.133634 -0.618009 -0.479500 0.608511
10016.033173000 2.014984 -1.256808 0.989233 0.132358 -0.615788 -0.481142 0.609746
10016.066506000 2.002879 -1.254247 0.977526 0.131247 -0.613497 -0.482753 0.611020
10016.099839000 1.990784 -1.252030 0.965316 0.130163 -0.611212 -0.484318 0.612302
10016.133172000 1.981200 -1.249988 0.953021 0.129271 -0.608901 -0.485775 0.613638
10016.166505000 1.970905 -1.249581 0.940413 0.128005 -0.606642 -0.487425 0.614831
10016.199838000 1.961740 -1.249846 0.927147 0.126813 -0.604417 -0.488991 0.616025
10016.233171000 1.954375 -1.251578 0.914414 0.125513 -0.602241 -0.490698 0.617064
10016.266504000 1.946668 -1.255159 0.901744 0.124050 -0.600233 -0.492440 0.617928
10016.299837000 1.939143 -1.261489 0.890080 0.122207 -0.598571 -0.494355 0.618378
10016.333170000 1.926123 -1.281071 0.869967 0.117566 -0.595897 -0.498594 0.618456
10016.366503000 1.920489 -1.294122 0.861127 0.115116 -0.595037 -0.500823 0.617944
10016.399836000 1.915044 -1.309042 0.855727 0.112389 -0.594720 -0.502970 0.617007
10016.433169000 1.909435 -1.324573 0.849929 0.109587 -0.594368 -0.505206 0.616023
10016.466502000 1.904888 -1.341024 0.846823 0.106941 -0.594495 -0.507290 0.614652
10016.499835000 1.901065 -1.357347 0.845430 0.104500 -0.594908 -0.509248 0.613050
10016.533168000 1.895455 -1.373615 0.844287 0.101899 -0.595326 -0.511250 0.611414
10016.566501000 1.891630 -1.389589 0.847033 0.099657 -0.596384 -0.512794 0.609457
10016.599834000 1.887302 -1.403896 0.850333 0.097512 -0.597341 -0.514307 0.607588
10016.633167000 1.882878 -1.417491 0.855679 0.095660 -0.598706 -0.515539 0.605492
10016.666500000 1.873354 -1.439589 0.875674 0.092788 -0.602685 -0.516828 0.600875
10016.699833000 1.869501 -1.446387 0.885775 0.091954 -0.604555 -0.517011 0.598963
10016.733166000 1.863847 -1.453368 0.899964 0.090977 -0.606908 -0.517159 0.596601
10016.766499000 1.858764 -1.458363 0.914125 0.090382 -0.609303 -0.516928 0.594446
10016.799832000 1.852809 -1.461888 0.928273 0.089889 -0.611625 -0.516673 0.592354
10016.833165000 1.846173 -1.464112 0.943796 0.089535 -0.614124 -0.516230 0.590205
10016.866498000 1.838397 -1.467499 0.958219 0.088866 -0.616459 -0.516052 0.588024
10016.899831000 1.830584 -1.468532 0.970990 0.088370 -0.618453 -0.515708 0.586304
10016.933164000 1.820873 -1.470588 0.983688 0.087542 -0.620455 -0.515604 0.584401
10016.966497000 1.809842 -1.473710 0.994951 0.086543 -0.622372 -0.515731 0.582397
10016.999830000 1.783700 -1.480758 1.012937 0.083802 -0.625215 -0.517034 0.578583
10017.033163000 1.768645 -1.484061 1.018013 0.082235 -0.626048 -0.518077 0.576973
10017.066496000 1.753664 -1.488458 1.020866 0.080490 -0.626518 -0.519446 0.575476
10017.099829000 1.736314 -1.493834 1.023292 0.078241 -0.626821 -0.521221 0.573849
10017.133162000 1.718433 -1.499383 1.023753 0.075949 -0.626906 -0.523136 0.572319
10017.166495000 1.700490 -1.505379 1.024056 0.073384 -0.626860 -0.525159 0.570850
10017.199828000 1.683044 -1.509986 1.023922 0.071191 -0.626650 -0.527244 0.569434
10017.233161000 1.662782 -1.515787 1.022651 0.068349 -0.626270 -0.529655 0.567961
10017.266494000 1.645347 -1.520742 1.020669 0.065813 -0.625642 -0.531973 0.566786
10017.299827000 1.627100 -1.525363 1.019795 0.063332 -0.625183 -0.534261 0.565421
10017.333160000 1.592342 -1.534066 1.018125 0.058317 -0.624123 -0.538783 0.562834
10017.366493000 1.576482 -1.536964 1.016753 0.056047 -0.623381 -0.540895 0.561861
10017.399826000 1.560957 -1.540310 1.015748 0.053773 -0.622712 -0.543036 0.560758
10017.433159000 1.547041 -1.542606 1.015587 0.051889 -0.622202 -0.544881 0.559711
10017.466492000 1.533359 -1.545814 1.015903 0.049899 -0.621956 -0.546537 0.558551
10017.499825000 1.519604 -1.548216 1.017117 0.048062 -0.621676 -0.548259 0.557333
10017.533158000 1.507732 -1.551612 1.017849 0.046396 -0.621655 -0.549697 0.556081
10017.566491000 1.495581 -1.555482 1.019803 0.044756 -0.621979 -0.551012 0.554549
10017.599824000 1.484254 -1.560436 1.021636 0.043138 -0.622478 -0.552233 0.552901
10017.633157000 1.473041 -1.565603 1.024791 0.041692 -0.623349 -0.553289 0.550971
10017.666490000 1.451446 -1.581339 1.032911 0.038684 -0.626474 -0.554930 0.545974
10017.699823000 1.440917 -1.590562 1.037195 0.037208 -0.628377 -0.555579 0.543222
10017.733156000 1.430074 -1.602115 1.041897 0.035457 -0.630579 -0.556308 0.540032
10017.766489000 1.420264 -1.612632 1.048013 0.034101 -0.633199 -0.556581 0.536762
10017.799822000 1.410930 -1.623491 1.053519 0.032861 -0.635886 -0.556803 0.533422
10017.833155000 1.401801 -1.635398 1.060348 0.031428 -0.638713 -0.557012 0.529901
10017.866488000 1.391329 -1.646768 1.067431 0.030079 -0.641707 -0.557207 0.526144
10017.899821000 1.381933 -1.657977 1.073633 0.028607 -0.644394 -0.557337 0.522794
10017.933154000 1.372693 -1.669149 1.079742 0.027123 -0.646941 -0.557641 0.519392
10017.966487000 1.363259 -1.679758 1.086843 0.025659 -0.649543 -0.557914 0.515914
10017.999820000 1.344561 -1.697879 1.100844 0.022754 -0.654075 -0.558654 0.509483
10018.033153000 1.336363 -1.705694 1.108181 0.021393 -0.655980 -0.559098 0.506598
10018.066486000 1.326575 -1.713195 1.115019 0.019805 -0.657616 -0.559862 0.503690
10018.099819000 1.318517 -1.720388 1.121162 0.018304 -0.658981 -0.560574 0.501165
10018.133152000 1.310971 -1.728087 1.126392 -0.016605 0.659903 0.561601 -0.498856
10018.166485000 1.303541 -1.736531 1.132290 -0.014915 0.660971 0.562611 -0.496351
10018.199818000 1.298109 -1.745088 1.138739 -0.013490 0.662154 0.563340 -0.493982
10018.233151000 1.293044 -1.754600 1.143754 -0.011921 0.662948 0.564363 -0.491785
10018.266484000 1.289754 -1.765996 1.149257 -0.010418 0.663869 0.565349 -0.489438
10018.299817000 1.286839 -1.779098 1.153857 -0.008738 0.664670 0.566452 -0.487103
10018.333150000 1.287784 -1.811325 1.162364 -0.005606 0.666425 0.568314 -0.482562
10018.366483000 1.290056 -1.830594 1.166761 -0.004100 0.667451 0.569215 -0.480090
10018.399816000 1.294468 -1.850736 1.170969 -0.002770 0.668467 0.569949 -0.477810
10018.433149000 1.299217 -1.872897 1.175655 -0.001416 0.669722 0.570608 -0.475265
10018.466482000 1.306649 -1.894851 1.178937 -0.000374 0.670716 0.571096 -0.473276
10018.499815000 1.314031 -1.918149 1.184292 0.000791 0.672073 0.571420 -0.470953
10018.533148000 1.322573 -1.941387 1.188995 0.001675 0.673444 0.571598 -0.468771
10018.566481000 1.332929 -1.964541 1.195003 0.002342 0.674900 0.571569 -0.466704
10018.599814000 1.342592 -1.987037 1.201566 0.002992 0.676511 0.571321 -0.464668
10018.633147000 1.353415 -2.008938 1.208807 0.003433 0.678207 0.570882 -0.462729
10018.666480000 1.374675 -2.048197 1.226100 0.003969 0.681653 0.569674 -0.459135
10018.699813000 1.385834 -2.064944 1.236168 0.003921 0.683665 0.568560 -0.457522
10018.733146000 1.395810 -2.081941 1.246297 0.004113 0.685504 0.567645 -0.455902
10018.766479000 1.405230 -2.097112 1.257742 0.004110 0.687510 0.566587 -0.454194
10018.799812000 1.413438 -2.110963 1.267829 0.004207 0.689251 0.565665 -0.452702
10018.833145000 1.419971 -2.123917 1.279835 0.004439 0.691235 0.564627 -0.450967
10018.866478000 1.424849 -2.137051 1.290705 0.004804 0.693027 0.563893 -0.449128
10018.899811000 1.427070 -2.148771 1.301606 0.005321 0.694658 0.563428 -0.447181
10018.933144000 1.427175 -2.159799 1.312069 0.005973 0.696315 0.562997 -0.445133
10018.966477000 1.424335 -2.170577 1.321511 0.006934 0.697788 0.562941 -0.442878
10018.999810000 1.408636 -2.192008 1.337918 0.009827 0.700301 0.563968 -0.437517
10019.033143000 1.394365 -2.202181 1.344503 0.012031 0.701253 0.565096 -0.434471
10019.066476000 1.380558 -2.212078 1.349412 0.014078 0.701972 0.566381 -0.431567
10019.099809000 1.363792 -2.220273 1.353301 0.016304 0.702501 0.567978 -0.428518
10019.133142000 1.344468 -2.229298 1.356101 0.018855 0.702860 0.569921 -0.425233
10019.166475000 1.325010 -2.235683 1.357117 0.021271 0.702938 0.571930 -0.422281
10019.199808000 1.304310 -2.240914 1.356522 0.023751 0.702752 0.574147 -0.419441
10019.233141000 1.284312 -2.243709 1.355304 0.025988 0.702461 0.576246 -0.416909
10019.266474000 1.265254 -2.244895 1.352824 0.027943 0.701992 0.578380 -0.414612
10019.299807000 1.247054 -2.243667 1.347812 0.029834 0.701103 0.580543 -0.412958
10019.333140000 1.215020 -2.232440 1.334671 0.032633 0.698842 0.584329 -0.411236
10019.366473000 1.202226 -2.224072 1.326071 0.033559 0.697379 0.586009 -0.411254
10019.399806000 1.191925 -2.211750 1.316523 0.033884 0.695774 0.587405 -0.411953
10019.433139000 1.183339 -2.197890 1.306559 0.033936 0.694084 0.588619 -0.413066
10019.466472000 1.176958 -2.183256 1.294669 0.033866 0.692047 0.589750 -0.414872
10019.499805000 1.172626 -2.167544 1.283017 0.033505 0.690029 0.590592 -0.417059
10019.533138000 1.169783 -2.151587 1.271390 0.032976 0.688001 0.591272 -0.419481
10019.566471000 1.167876 -2.134634 1.260143 0.032269 0.686012 0.591756 -0.422103
10019.599804000 1.169388 -2.118702 1.247981 0.031331 0.683848 0.592029 -0.425291
10019.633137000 1.172255 -2.102995 1.236395 0.030256 0.681776 0.592070 -0.428624
10019.666470000 1.181517 -2.073246 1.216074 0.027546 0.678118 0.591596 -0.435213
10019.699803000 1.189280 -2.060212 1.207384 0.025967 0.676570 0.590928 -0.438615
10019.733136000 1.197728 -2.048327 1.200055 0.024267 0.675284 0.590112 -0.441781
10019.766469000 1.205304 -2.037633 1.193456 0.022811 0.674097 0.589345 -0.444686
10019.799802000 1.214264 -2.027305 1.187589 0.021118 0.673069 0.588397 -0.447573
10019.833135000 1.222842 -2.017730 1.182466 0.019409 0.672192 0.587478 -0.450168
10019.866468000 1.230654 -2.009149 1.178343 0.017932 0.671474 0.586547 -0.452509
10019.899801000 1.236348 -2.001565 1.173920 0.016796 0.670679 0.585944 -0.454507
10019.933134000 1.241007 -1.994341 1.169220 0.015823 0.669805 0.585486 -0.456418
10019.966467000 1.244100 -1.988343 1.165411 0.015107 0.669085 0.585169 -0.457903
10019.999800000 1.241006 -1.977804 1.157568 0.014803 0.667515 0.585688 -0.459536
10020.033133000 1.236234 -1.973200 1.153970 0.015040 0.666740 0.586280 -0.459899
10020.066466000 1.229535 -1.968273 1.150186 0.015408 0.665905 0.587117 -0.460029
10020.099799000 1.221367 -1.964088 1.146184 0.015993 0.665022 0.588201 -0.459903
10020.133132000 1.210945 -1.959424 1.142365 0.016775 0.664132 0.589481 -0.459520
10020.166465000 1.198199 -1.955393 1.138495 0.017926 0.663173 0.591064 -0.458830
10020.199798000 1.184737 -1.951699 1.134491 0.019215 0.662172 0.592776 -0.458012
10020.233131000 1.171567 -1.947309 1.129633 0.020422 0.661003 0.594542 -0.457359
10020.266464000 1.156563 -1.942563 1.124362 0.021927 0.659681 0.596514 -0.456630
10020.299797000 1.140322 -1.938102 1.119308 0.023620 0.658360 0.598658 -0.455645
10020.333130000 1.109733 -1.928029 1.107713 0.026787 0.655377 0.602869 -0.454215
10020.366463000 1.094526 -1.922759 1.101150 0.028425 0.653700 0.605041 -0.453645
10020.399796000 1.079883 -1.916201 1.094570 0.029827 0.651987 0.607125 -0.453235
10020.433129000 1.065428 -1.909639 1.088220 0.031187 0.650315 0.609173 -0.452799
10020.466462000 1.052768 -1.902457 1.081495 0.032320 0.648550 0.611021 -0.452760
10020.499795000 1.039428 -1.895503 1.074625 0.033711 0.646690 0.612954 -0.452706
10020.533128000 1.027512 -1.888130 1.067757 0.034782 0.644859 0.614753 -0.452797
10020.566461000 1.018598 -1.880771 1.061422 0.035400 0.643211 0.616167 -0.453171
10020.599794000 1.009719 -1.873199 1.055122 0.036077 0.641516 0.617513 -0.453689
10020.633127000 1.002030 -1.865335 1.048739 0.036559 0.639812 0.618747 -0.454374
10020.666460000 0.992663 -1.850279 1.037004 0.036897 0.636723 0.620269 -0.456606
10020.699793000 0.990082 -1.842654 1.031472 0.036783 0.635282 0.620769 -0.457940
10020.733126000 0.989535 -1.835935 1.025173 0.036575 0.633756 0.621087 -0.459637
10020.766459000 0.989886 -1.828462 1.019453 0.036216 0.632345 0.621147 -0.461525
10020.799792000 0.991221 -1.820596 1.013202 0.035715 0.630822 0.621092 -0.463717
10020.833125000 0.993659 -1.813329 1.007888 0.035093 0.629548 0.620828 -0.465844
10020.866458000 0.996563 -1.804961 1.001754 0.034350 0.628052 0.620492 -0.468359
10020.899791000 1.000611 -1.797223 0.996029 0.033526 0.626702 0.619951 -0.470936
10020.933124000 1.005393 -1.788035 0.990092 0.032392 0.625282 0.619305 -0.473746
10020.966457000 1.010362 -1.779229 0.983580 0.031339 0.623740 0.618631 -0.476721
10020.999790000 1.020052 -1.757953 0.972197 0.028762 0.620854 0.616923 -0.482823
10021.033123000 1.023897 -1.746834 0.965534 0.027623 0.619123 0.616222 -0.485997
10021.066456000 1.029206 -1.735493 0.958807 0.026223 0.617422 0.615299 -0.489398
10021.099789000 1.033876 -1.724946 0.952593 0.025018 0.615809 0.614423 -0.492583
10021.133122000 1.039568 -1.714047 0.945501 0.023491 0.614073 0.613522 -0.495937
10021.166455000 1.044703 -1.703438 0.939358 0.022143 0.612488 0.612545 -0.499155
10021.199788000 1.050531 -1.694184 0.933378 -0.020755 -0.611033 -0.611573 0.502182
10021.233121000 1.057313 -1.684453 0.927269 -0.019184 -0.609531 -0.610464 0.505408
10021.266454000 1.063496 -1.676399 0.921119 -0.017811 -0.608094 -0.609532 0.508307
10021.299787000 1.071451 -1.670259 0.915276 -0.016414 -0.606875 -0.608449 0.511100
10021.333120000 1.086715 -1.661600 0.905254 -0.013848 -0.604914 -0.606547 0.515740
10021.366453000 1.096016 -1.659596 0.900518 -0.012554 -0.604197 -0.605561 0.517768
10021.399786000 1.105493 -1.660734 0.896382 -0.011571 -0.603748 -0.604705 0.519313
10021.433119000 1.116574 -1.663606 0.892684 -0.010485 -0.603536 -0.603785 0.520651
10021.466452000 1.127621 -1.668792 0.889427 -0.009626 -0.603514 -0.603044 0.521551
10021.499785000 1.139523 -1.677449 0.886459 -0.008968 -0.603755 -0.602416 0.522010
10021.533118000 1.152538 -1.688992 0.884200 -0.008436 -0.604305 -0.601836 0.522051
10021.566451000 1.166888 -1.703840 0.881845 -0.008080 -0.605006 -0.601352 0.521803
10021.599784000 1.182439 -1.722260 0.881080 -0.007823 -0.606219 -0.600875 0.520948
