10000.000000000 0.000000 0.000000 0.000000 0.000000 0.000000 0.000000 1.000000
10000.033333000 -0.010134 -0.014300 0.072852 -0.017160 -0.038292 -0.096884 0.994411
10000.066666000 -0.021091 -0.023390 0.136985 -0.024576 -0.078751 -0.204323 0.975421
10000.099999000 -0.032089 -0.036327 0.193475 -0.024010 -0.120525 -0.314320 0.941329
10000.133332000 -0.044795 -0.048140 0.241832 -0.016656 -0.158546 -0.405128 0.900254
10000.166665000 -0.056982 -0.058548 0.283747 -0.004965 -0.192114 -0.474762 0.858877
10000.199998000 -0.070941 -0.068871 0.319570 0.006317 -0.219774 -0.522959 0.823513
10000.233331000 -0.085599 -0.078394 0.349625 0.015459 -0.240464 -0.554366 0.796628
10000.266664000 -0.101100 -0.087045 0.374656 0.022821 -0.256129 -0.575005 0.776689
10000.299997000 -0.117365 -0.096459 0.394698 0.026320 -0.266380 -0.589938 0.761788
10000.333330000 -0.152608 -0.113165 0.423032 0.025694 -0.270602 -0.599916 0.752472
10000.366663000 -0.171890 -0.120895 0.432518 0.021413 -0.266341 -0.599660 0.754329
10000.399996000 -0.192179 -0.129900 0.438326 0.014563 -0.257735 -0.594880 0.761235
10000.433329000 -0.213253 -0.138158 0.442935 0.006290 -0.245845 -0.584491 0.773234
10000.466662000 -0.235651 -0.146885 0.444479 -0.004456 -0.229827 -0.568756 0.789731
10000.499995000 -0.258649 -0.156409 0.446064 -0.015502 -0.212718 -0.547407 0.809232
10000.533328000 -0.283245 -0.165408 0.445733 -0.027931 -0.191641 -0.514886 0.835096
10000.566661000 -0.308295 -0.175330 0.446059 -0.038951 -0.170123 -0.473851 0.863138
10000.599994000 -0.336186 -0.186370 0.446982 -0.050371 -0.147857 -0.426710 0.890797
10000.633327000 -0.364429 -0.198322 0.448574 -0.059396 -0.125318 -0.370891 0.918263
10000.666660000 -0.425087 -0.223463 0.455016 -0.069647 -0.084556 -0.256301 0.960369
10000.699993000 -0.457020 -0.237515 0.461800 -0.071116 -0.068318 -0.206824 0.973396
10000.733326000 -0.489774 -0.253128 0.469723 -0.072672 -0.053975 -0.163200 0.982431
10000.766659000 -0.523286 -0.267839 0.478521 -0.071973 -0.042189 -0.126020 0.988513
10000.799992000 -0.556267 -0.284255 0.486665 -0.071938 -0.033385 -0.098571 0.991965
10000.833325000 -0.588424 -0.300800 0.495363 -0.071421 -0.025575 -0.074529 0.994329
10000.866658000 -0.620123 -0.316798 0.502926 -0.070363 -0.020306 -0.057984 0.995628
10000.899991000 -0.651576 -0.334398 0.510194 -0.070509 -0.016716 -0.047345 0.996247
10000.933324000 -0.682259 -0.351859 0.516391 -0.069910 -0.013261 -0.037851 0.996747
10000.966657000 -0.708919 -0.367581 0.520640 -0.069013 -0.013194 -0.035535 0.996895
10000.999990000 -0.757025 -0.400771 0.522394 -0.068901 -0.015566 -0.040981 0.996660
10001.033323000 -0.779697 -0.418089 0.520634 -0.069249 -0.017007 -0.046131 0.996387
10001.066656000 -0.798859 -0.433885 0.517211 -0.069654 -0.019646 -0.054062 0.995911
10001.099989000 -0.815801 -0.450362 0.513132 -0.069795 -0.023586 -0.065802 0.995109
10001.133322000 -0.831554 -0.466034 0.508441 -0.071132 -0.025759 -0.072667 0.994483
10001.166655000 -0.845284 -0.482002 0.502950 -0.071876 -0.028053 -0.080269 0.993783
10001.199988000 -0.859090 -0.498086 0.497719 -0.073813 -0.027897 -0.080600 0.993618
10001.233321000 -0.870288 -0.513675 0.493037 -0.076317 -0.027576 -0.079961 0.993490
10001.266654000 -0.880947 -0.529698 0.488670 -0.079242 -0.024931 -0.072647 0.993892
10001.299987000 -0.891623 -0.544820 0.486096 -0.082808 -0.019742 -0.057325 0.994720
10001.333320000 -0.909597 -0.576025 0.485663 -0.091072 -0.002462 -0.002762 0.995837
10001.366653000 -0.917674 -0.591628 0.487682 -0.095642 0.010498 0.040478 0.994537
10001.399986000 -0.924941 -0.606756 0.491592 -0.098386 0.025124 0.090145 0.990738
10001.433319000 -0.932686 -0.621703 0.497607 -0.099378 0.043406 0.152547 0.982328
10001.466652000 -0.939131 -0.637177 0.504216 -0.098991 0.060969 0.213216 0.970063
10001.499985000 -0.945962 -0.652237 0.511283 -0.095613 0.078874 0.272170 0.954233
10001.533318000 -0.952221 -0.668157 0.519829 -0.091185 0.095580 0.325258 0.936353
10001.566651000 -0.958042 -0.683101 0.527851 -0.086565 0.108796 0.365190 0.920492
10001.599984000 -0.963361 -0.698886 0.537285 -0.081401 0.120360 0.398516 0.905578
10001.633317000 -0.968930 -0.715937 0.546437 -0.077542 0.128596 0.420766 0.894654
10001.666650000 -0.979310 -0.748775 0.563046 -0.074521 0.133156 0.431731 0.889002
10001.699983000 -0.983712 -0.766350 0.572261 -0.076143 0.129902 0.423890 0.893110
10001.733316000 -0.989489 -0.783702 0.579392 -0.077425 0.124918 0.409881 0.900221
10001.766649000 -0.994500 -0.800126 0.587257 -0.079066 0.117717 0.388584 0.910436
10001.799982000 -1.000093 -0.817844 0.594622 -0.081552 0.110575 0.368287 0.919504
10001.833315000 -1.007545 -0.835483 0.600909 -0.082637 0.103883 0.346876 0.928470
10001.866648000 -1.014100 -0.852220 0.607312 -0.084042 0.097446 0.326512 0.936393
10001.899981000 -1.022844 -0.869309 0.612919 -0.083231 0.095158 0.317507 0.939791
10001.933314000 -1.032304 -0.884651 0.619411 -0.080521 0.096853 0.320610 0.938800
10001.966647000 -1.042068 -0.900117 0.624559 -0.077068 0.101135 0.331630 0.934802
10001.999980000 -1.067801 -0.929605 0.634083 -0.062563 0.127209 0.395909 0.907281
10002.033313000 -1.081833 -0.942494 0.638257 -0.051491 0.145323 0.435990 0.886647
10002.066646000 -1.097905 -0.955634 0.644488 -0.038003 0.167432 0.475993 0.862527
10002.099979000 -1.111251 -0.968148 0.646174 -0.023105 0.186785 0.512487 0.837815
10002.133312000 -1.125993 -0.980231 0.649820 -0.007816 0.207071 0.539626 0.816005
10002.166645000 -1.143017 -0.992320 0.653378 0.007179 0.227863 0.561362 0.795550
10002.199978000 -1.159173 -1.004483 0.658555 0.021732 0.248181 0.578028 0.777057
10002.233311000 -1.174806 -1.016042 0.663422 0.035411 0.266331 0.590553 0.760961
10002.266644000 -1.191650 -1.028296 0.668456 0.048389 0.284225 0.599729 0.746458
10002.299977000 -1.205694 -1.040270 0.675207 0.059253 0.299193 0.606295 0.734424
10002.333310000 -1.229969 -1.066309 0.688444 0.075498 0.323414 0.616916 0.713525
10002.366643000 -1.238753 -1.079026 0.693860 0.080493 0.331912 0.621377 0.705157
10002.399976000 -1.247520 -1.092848 0.700503 0.084124 0.339578 0.626473 0.696521
10002.433309000 -1.254776 -1.107174 0.707614 0.086795 0.346816 0.632111 0.687475
10002.466642000 -1.262239 -1.122612 0.715783 0.088646 0.354426 0.638728 0.677163
10002.499975000 -1.268247 -1.138421 0.723103 0.088979 0.361377 0.646713 0.665772
10002.533308000 -1.274493 -1.154330 0.729507 0.088817 0.368666 0.655660 0.652922
10002.566641000 -1.279835 -1.171148 0.735204 0.088022 0.375794 0.665262 0.639107
10002.599974000 -1.284522 -1.189465 0.740304 0.086651 0.383835 0.677033 0.621923
10002.633307000 -1.288755 -1.207302 0.744478 0.085099 0.392887 0.688931 0.603135
10002.666640000 -1.295755 -1.244316 0.745311 0.081113 0.410507 0.713595 0.561861
10002.699973000 -1.299727 -1.263739 0.744560 0.079629 0.421193 0.725183 0.538855
10002.733306000 -1.304633 -1.284792 0.742093 0.078596 0.431813 0.735279 0.516454
10002.766639000 -1.309692 -1.304871 0.738946 0.077760 0.441890 0.743668 0.495625
10002.799972000 -1.314454 -1.325154 0.735354 0.077043 0.451715 0.750008 0.476976
10002.833305000 -1.320383 -1.344984 0.731716 0.076954 0.461282 0.755279 0.459185
10002.866638000 -1.326893 -1.364483 0.727649 0.077273 0.469937 0.758498 0.444824
10002.899971000 -1.335513 -1.383243 0.723877 0.077977 0.478150 0.760288 0.432728
10002.933304000 -1.344613 -1.402274 0.721649 0.078956 0.485764 0.761171 0.422394
10002.966637000 -1.354928 -1.419493 0.719698 0.080567 0.492632 0.760756 0.414816
10002.999970000 -1.380929 -1.450019 0.720238 0.084784 0.504893 0.756327 0.407264
10003.033303000 -1.396017 -1.463472 0.722334 0.087671 0.510248 0.753022 0.406101
10003.066636000 -1.412105 -1.477308 0.725974 0.090457 0.515425 0.749070 0.406261
10003.099969000 -1.429349 -1.489325 0.730558 0.093631 0.519817 0.745288 0.406902
10003.133302000 -1.445814 -1.500961 0.735846 0.096456 0.524167 0.741184 0.408156
10003.166635000 -1.462583 -1.512476 0.741175 0.099303 0.527797 0.737869 0.408801
10003.199968000 -1.478676 -1.524065 0.747576 0.101890 0.531218 0.734706 0.409429
10003.233301000 -1.494702 -1.535351 0.754155 0.103350 0.534376 0.731745 0.410256
10003.266634000 -1.510176 -1.548588 0.760018 0.104401 0.537063 0.730266 0.409114
10003.299967000 -1.523376 -1.561515 0.765884 0.104762 0.539475 0.729385 0.407417
10003.333300000 -1.544265 -1.590556 0.775729 0.102050 0.542601 0.731957 0.399260
10003.366633000 -1.552119 -1.606833 0.779521 0.099195 0.543899 0.734866 0.392817
10003.399966000 -1.559052 -1.623486 0.783584 0.095812 0.544722 0.738797 0.385066
10003.433299000 -1.565473 -1.641261 0.788310 0.092093 0.545854 0.743249 0.375689
10003.466632000 -1.570617 -1.658477 0.792535 0.087686 0.546455 0.748314 0.365683
10003.499965000 -1.575776 -1.676141 0.796882 0.083247 0.546935 0.753963 0.354220
10003.533298000 -1.580731 -1.692890 0.802200 0.079126 0.547653 0.759349 0.342350
10003.566631000 -1.586902 -1.708787 0.809136 0.075323 0.548797 0.764375 0.329969
10003.599964000 -1.594251 -1.725338 0.817167 0.072135 0.550286 0.769136 0.316880
10003.633297000 -1.602198 -1.739775 0.825724 0.069247 0.551508 0.773175 0.305360
10003.666630000 -1.623105 -1.763399 0.849718 0.065823 0.555742 0.778643 0.283784
10003.699963000 -1.636851 -1.773063 0.864173 0.065653 0.558607 0.779816 0.274837
10003.733296000 -1.652371 -1.782471 0.879473 0.065564 0.561925 0.779983 0.267523
10003.766629000 -1.668472 -1.790019 0.895277 0.065718 0.565319 0.779683 0.261131
10003.799962000 -1.684444 -1.797912 0.911345 0.065780 0.568838 0.779034 0.255350
10003.833295000 -1.701795 -1.805079 0.927007 0.066284 0.572520 0.777685 0.251066
10003.866628000 -1.719224 -1.813729 0.942156 0.066400 0.576905 0.775670 0.247199
10003.899961000 -1.736085 -1.821855 0.955924 0.066485 0.580829 0.773638 0.244338
10003.933294000 -1.752366 -1.831222 0.967142 0.065484 0.584837 0.771446 0.241969
10003.966627000 -1.767433 -1.841848 0.976570 0.064148 0.588798 0.769206 0.239841
10003.999960000 -1.792694 -1.868352 0.986856 0.059312 0.596151 0.764924 0.236596
10004.033293000 -1.802147 -1.884482 0.988839 0.055771 0.600045 0.762847 0.234308
10004.066626000 -1.811651 -1.902034 0.986949 0.051923 0.603242 0.761012 0.232945
10004.099959000 -1.819239 -1.920690 0.984474 0.048384 0.606604 0.759599 0.229565
10004.133292000 -1.825815 -1.940287 0.980315 0.045482 0.609589 0.758562 0.225645
10004.166625000 -1.831711 -1.960876 0.975271 0.043506 0.612350 0.758231 0.219592
10004.199958000 -1.836721 -1.981878 0.970524 0.042135 0.615469 0.757972 0.211899
10004.233291000 -1.841480 -2.002660 0.965643 0.042046 0.617991 0.758395 0.202868
10004.266624000 -1.845879 -2.024442 0.962147 0.042506 0.620885 0.758853 0.191929
10004.299957000 -1.850782 -2.044879 0.958310 0.044504 0.623510 0.759640 0.179450
10004.333290000 -1.860316 -2.084703 0.958833 0.048560 0.629502 0.760514 0.151618
10004.366623000 -1.864776 -2.103649 0.962091 0.049568 0.632867 0.760255 0.137969
10004.399956000 -1.870919 -2.121699 0.965657 0.049615 0.636245 0.759500 0.126056
10004.433289000 -1.876208 -2.139267 0.971507 0.048258 0.639726 0.758328 0.115589
10004.466622000 -1.883348 -2.155338 0.978832 0.046096 0.643219 0.756762 0.107031
10004.499955000 -1.889595 -2.171966 0.986280 0.042477 0.646637 0.755014 0.100049
10004.533288000 -1.897201 -2.186460 0.994006 0.038586 0.649541 0.753382 0.094992
10004.566621000 -1.905056 -2.200612 1.002661 0.034357 0.652424 0.751522 0.091525
10004.599954000 -1.912275 -2.214154 1.010155 0.030148 0.654243 0.750402 0.089191
10004.633287000 -1.921503 -2.226818 1.018326 0.027120 0.655983 0.749147 0.087913
10004.666620000 -1.939600 -2.249495 1.031667 0.024886 0.656943 0.748492 0.086983
10004.699953000 -1.949252 -2.259416 1.036656 0.025833 0.656310 0.749020 0.086945
10004.733286000 -1.957704 -2.269159 1.040489 0.027297 0.655221 0.749860 0.087467
10004.766619000 -1.966612 -2.277724 1.043769 0.030195 0.653801 0.750930 0.087957
10004.799952000 -1.973425 -2.286020 1.047119 0.032633 0.652287 0.752068 0.088610
10004.833285000 -1.978988 -2.294381 1.049215 0.035520 0.650591 0.753340 0.089159
10004.866618000 -1.982942 -2.300868 1.051678 0.038032 0.649002 0.754504 0.089853
10004.899951000 -1.983399 -2.307328 1.052911 0.039751 0.647344 0.755755 0.090554
10004.933284000 -1.982352 -2.313922 1.055639 0.040932 0.645999 0.756729 0.091496
10004.966617000 -1.977014 -2.319286 1.056817 0.041215 0.644889 0.757619 0.091827
10004.999950000 -1.954835 -2.329779 1.061119 0.038476 0.643697 0.758828 0.091401
10005.033283000 -1.937912 -2.334759 1.063665 0.035285 0.643834 0.758917 0.090975
10005.066616000 -1.919589 -2.339160 1.066875 0.031902 0.644160 0.758912 0.089961
10005.099949000 -1.897813 -2.344367 1.069081 0.027545 0.644609 0.758864 0.088575
10005.133282000 -1.876672 -2.350281 1.071679 0.023084 0.645359 0.758510 0.087413
10005.166615000 -1.855561 -2.354720 1.075237 0.018394 0.646195 0.758081 0.086064
10005.199948000 -1.835828 -2.360758 1.077966 0.013786 0.647091 0.757550 0.084861
10005.233281000 -1.817899 -2.367604 1.081228 0.009391 0.648006 0.756947 0.083853
10005.266614000 -1.803010 -2.375415 1.084743 0.005518 0.649211 0.756037 0.083088
10005.299947000 -1.791589 -2.383830 1.087576 0.002499 0.650111 0.755382 0.082142
10005.333280000 -1.781512 -2.404194 1.092654 -0.000782 0.651826 0.753987 0.081398
10005.366613000 -1.783836 -2.416934 1.096488 -0.000659 0.652824 0.753138 0.081257
10005.399946000 -1.789912 -2.429445 1.099075 0.000247 0.653426 0.752575 0.081636
10005.433279000 -1.798764 -2.443763 1.102414 0.001921 0.654310 0.751767 0.081975
10005.466612000 -1.807922 -2.459130 1.105870 0.003427 0.654970 0.751163 0.082204
10005.499945000 -1.819715 -2.475214 1.110534 0.005712 0.655966 0.750238 0.082577
10005.533278000 -1.830082 -2.492377 1.117054 0.007443 0.657020 0.749269 0.082859
10005.566611000 -1.840582 -2.510544 1.123805 0.009014 0.658273 0.748102 0.083302
10005.599944000 -1.848839 -2.529109 1.132584 0.010229 0.659595 0.746903 0.083456
10005.633277000 -1.854964 -2.547979 1.142528 0.010533 0.661145 0.745495 0.083749
10005.666610000 -1.854538 -2.587169 1.170102 0.008502 0.665556 0.741661 0.083074
10005.699943000 -1.848277 -2.607727 1.186842 0.005904 0.668137 0.739394 0.082790
10005.733276000 -1.839246 -2.628821 1.204881 0.002859 0.670839 0.737036 0.082126
10005.766609000 -1.828315 -2.648692 1.223239 -0.000491 0.673548 0.734636 0.081500
10005.799942000 -1.814928 -2.668911 1.241845 -0.004398 0.676188 0.732280 0.080725
10005.833275000 -1.801386 -2.690287 1.262269 -0.008091 0.678950 0.729769 0.079989
10005.866608000 -1.787097 -2.709337 1.280888 -0.011486 0.681397 0.727515 0.079299
10005.899941000 -1.774395 -2.726133 1.299317 -0.014392 0.683824 0.725252 0.078662
10005.933274000 -1.762859 -2.743331 1.316071 -0.016662 0.685868 0.723317 0.078230
10005.966607000 -1.753223 -2.758755 1.331959 -0.017750 0.687855 0.721468 0.077622
10005.999940000 -1.744504 -2.786524 1.356746 -0.016344 0.690530 0.718959 0.077454
10006.033273000 -1.744175 -2.798478 1.365394 -0.013612 0.691307 0.718283 0.077330
10006.066606000 -1.746799 -2.808368 1.372374 -0.010359 0.691916 0.717722 0.077588
10006.099939000 -1.751100 -2.817297 1.377613 -0.006238 0.692084 0.717558 0.078042
10006.133272000 -1.756490 -2.824656 1.381495 -0.001557 0.691957 0.717678 0.078300
10006.166605000 -1.762294 -2.831969 1.383074 0.002995 0.691457 0.718084 0.078951
10006.199938000 -1.767610 -2.838104 1.384591 0.007404 0.690663 0.718728 0.079744
10006.233271000 -1.773930 -2.844747 1.383977 0.011741 0.689599 0.719579 0.080751
10006.266604000 -1.778654 -2.849949 1.382841 0.015237 0.688305 0.720594 0.082150
10006.299937000 -1.782349 -2.855179 1.380418 0.018526 0.686677 0.721919 0.083453
10006.333270000 -1.783269 -2.865233 1.374721 0.021319 0.682950 0.724968 0.086870
10006.366603000 -1.779934 -2.870810 1.371366 0.021233 0.680836 0.726733 0.088720
10006.399936000 -1.775191 -2.875397 1.368903 0.020459 0.678711 0.728540 0.090345
10006.433269000 -1.766976 -2.881086 1.365891 0.018536 0.676488 0.730481 0.091743
10006.466602000 -1.757216 -2.885962 1.364728 0.016333 0.674479 0.732259 0.092781
10006.499935000 -1.744412 -2.890366 1.365365 0.013279 0.672635 0.733945 0.093325
10006.533268000 -1.730434 -2.895327 1.366331 0.009940 0.670988 0.735534 0.093090
10006.566601000 -1.714097 -2.900232 1.370469 0.006502 0.669850 0.736728 0.092143
10006.599934000 -1.695489 -2.903640 1.376864 0.003103 0.669145 0.737684 0.089767
10006.633267000 -1.674320 -2.908277 1.386242 -0.000606 0.669128 0.738092 0.086531
10006.666600000 -1.627171 -2.915415 1.415428 -0.005382 0.671505 0.737261 0.074153
10006.699933000 -1.601304 -2.918406 1.434037 -0.006564 0.673746 0.736046 0.065274
10006.733266000 -1.574850 -2.921037 1.455718 -0.006163 0.676679 0.734231 0.054524
10006.766599000 -1.546800 -2.924400 1.479586 -0.004420 0.680165 0.731861 0.041663
10006.799932000 -1.519117 -2.926985 1.503588 -0.000944 0.683833 0.729129 0.027237
10006.833265000 -1.492306 -2.929375 1.527458 0.004557 0.687517 0.726066 0.011293
10006.866598000 -1.465294 -2.931642 1.551967 0.011561 0.691229 0.722520 -0.005834
10006.899931000 -1.439323 -2.934122 1.574882 0.019635 0.694658 0.718692 -0.023394
10006.933264000 -1.415709 -2.937086 1.596911 0.028025 0.697884 0.714529 -0.040251
10006.966597000 -1.393857 -2.939394 1.615438 0.036239 0.700406 0.710641 -0.055751
10006.999930000 -1.358078 -2.945865 1.643326 0.047522 0.704019 0.704294 -0.077901
10007.033263000 -1.342825 -2.948911 1.651545 0.048758 0.705312 0.702257 -0.083618
10007.066596000 -1.331313 -2.953995 1.657075 0.048184 0.706152 0.701178 -0.085885
10007.099929000 -1.321786 -2.957588 1.660866 0.045291 0.706806 0.700767 -0.085437
10007.133262000 -1.314787 -2.962592 1.661427 0.040381 0.707106 0.701154 -0.082182
10007.166595000 -1.308049 -2.967213 1.660725 0.034186 0.707257 0.701861 -0.077525
10007.199928000 -1.303316 -2.971680 1.659100 0.026944 0.707399 0.702718 -0.071050
10007.233261000 -1.299325 -2.975940 1.656404 0.019001 0.707121 0.703959 -0.063729
10007.266594000 -1.295448 -2.980222 1.653751 0.011059 0.706867 0.705030 -0.056121
10007.299927000 -1.292569 -2.984142 1.650910 0.004266 0.706498 0.705957 -0.049658
10007.333260000 -1.286068 -2.991235 1.646270 -0.006651 0.705546 0.707521 -0.039685
10007.366593000 -1.283078 -2.994495 1.645461 -0.009137 0.705307 0.707846 -0.037594
10007.399926000 -1.279330 -2.997732 1.645436 -0.010791 0.705163 0.708030 -0.036355
10007.433259000 -1.276088 -3.000536 1.645485 -0.011607 0.705094 0.708096 -0.036160
10007.466592000 -1.272958 -3.002125 1.645876 -0.010868 0.705053 0.708081 -0.037456
10007.499925000 -1.268659 -3.003566 1.647397 -0.010023 0.705138 0.707918 -0.039142
10007.533258000 -1.264289 -3.004401 1.648597 -0.008462 0.705302 0.707619 -0.041866
10007.566591000 -1.260250 -3.003832 1.649310 -0.007302 0.705512 0.707299 -0.043909
10007.599924000 -1.255339 -3.003071 1.649824 -0.005658 0.705688 0.706949 -0.046864
10007.633257000 -1.249605 -3.001404 1.651389 -0.005133 0.705907 0.706584 -0.049077
10007.666590000 -1.236698 -2.994683 1.650852 -0.005973 0.706430 0.705822 -0.052308
10007.699923000 -1.230011 -2.989810 1.651051 -0.007323 0.706745 0.705418 -0.053317
10007.733256000 -1.222853 -2.984492 1.650043 -0.009478 0.706866 0.705253 -0.053569
10007.766589000 -1.215213 -2.978231 1.648644 -0.012192 0.706952 0.705144 -0.053309
10007.799922000 -1.207763 -2.972714 1.646316 -0.014551 0.706836 0.705222 -0.053235
10007.833255000 -1.200493 -2.964774 1.644263 -0.017119 0.706649 0.705386 -0.052773
10007.866588000 -1.192798 -2.958590 1.640900 -0.019780 0.706234 0.705764 -0.052340
10007.899921000 -1.186935 -2.949752 1.638186 -0.022383 0.705606 0.706406 -0.051086
10007.933254000 -1.179516 -2.943920 1.634216 -0.024277 0.704647 0.707339 -0.050541
10007.966587000 -1.173181 -2.937525 1.629260 -0.026314 0.703481 0.708510 -0.049358
10007.999920000 -1.159635 -2.925798 1.619375 -0.028319 0.700318 0.711642 -0.048148
10008.033253000 -1.153072 -2.918589 1.614070 -0.028758 0.698421 0.713537 -0.047396
10008.066586000 -1.151627 -2.914618 1.607737 -0.028475 0.696119 0.715914 -0.045557
10008.099919000 -1.146523 -2.909119 1.601306 -0.027913 0.693836 0.718196 -0.044805
10008.133252000 -1.142316 -2.903132 1.594723 -0.027298 0.691502 0.720527 -0.043819
10008.166585000 -1.138622 -2.898647 1.587631 -0.026352 0.688985 0.723013 -0.043092
10008.199918000 -1.136151 -2.891877 1.580875 -0.025278 0.686702 0.725274 -0.042180
10008.233251000 -1.133597 -2.885098 1.573833 -0.024275 0.684409 0.727512 -0.041481
10008.266584000 -1.131838 -2.877472 1.567585 -0.023216 0.682272 0.729582 -0.040935
10008.299917000 -1.131610 -2.868444 1.561036 -0.022350 0.680285 0.731500 -0.040254
10008.333250000 -1.132753 -2.848546 1.548261 -0.020874 0.676871 0.734743 -0.039538
10008.366583000 -1.133921 -2.837238 1.542644 -0.020626 0.675608 0.735931 -0.039159
10008.399916000 -1.137105 -2.825360 1.536811 -0.020042 0.674327 0.737125 -0.039095
10008.433249000 -1.140084 -2.813080 1.532235 -0.019920 0.673498 0.737902 -0.038781
10008.466582000 -1.143725 -2.799670 1.527609 -0.019901 0.672689 0.738656 -0.038494
10008.499915000 -1.148703 -2.786739 1.523912 -0.019832 0.672118 0.739193 -0.038165
10008.533248000 -1.153790 -2.775213 1.519614 -0.020102 0.671643 0.739664 -0.037282
10008.566581000 -1.160307 -2.763051 1.516019 -0.019855 0.671355 0.739966 -0.036585
10008.599914000 -1.167161 -2.752671 1.512810 -0.019628 0.671242 0.740115 -0.035741
10008.633247000 -1.173164 -2.743607 1.510334 -0.019799 0.671303 0.740122 -0.034357
10008.666580000 -1.188028 -2.730939 1.505291 -0.018968 0.671517 0.740088 -0.031237
10008.699913000 -1.196692 -2.726531 1.503421 -0.018214 0.671691 0.740032 -0.029197
10008.733246000 -1.205634 -2.723015 1.502052 -0.017532 0.671950 0.739893 -0.027099
10008.766579000 -1.214470 -2.720536 1.500833 -0.017208 0.672297 0.739677 -0.024453
10008.799912000 -1.223163 -2.718324 1.499990 -0.016085 0.672469 0.739603 -0.022672
10008.833245000 -1.233465 -2.717256 1.497892 -0.015409 0.672419 0.739727 -0.020467
10008.866578000 -1.239139 -2.716650 1.497261 -0.015294 0.672321 0.739853 -0.019218
10008.899911000 -1.247407 -2.714469 1.496273 -0.014847 0.671947 0.740231 -0.018003
10008.933244000 -1.254923 -2.711814 1.495103 -0.014574 0.671324 0.740822 -0.017135
10008.966577000 -1.262043 -2.708245 1.493399 -0.014480 0.670301 0.741759 -0.016753
10008.999910000 -1.269652 -2.697054 1.490946 -0.015399 0.667273 0.744416 -0.018820
10009.033243000 -1.272352 -2.688414 1.488635 -0.016164 0.664897 0.746466 -0.020976
10009.066576000 -1.274575 -2.679765 1.486725 -0.017140 0.662348 0.748624 -0.023760
10009.099909000 -1.275042 -2.669887 1.484125 -0.018298 0.659307 0.751152 -0.027395
10009.133242000 -1.272902 -2.660206 1.481352 -0.019766 0.655986 0.753829 -0.032143
10009.166575000 -1.270305 -2.651206 1.478798 -0.021199 0.652313 0.756727 -0.037448
10009.199908000 -1.266563 -2.642474 1.474934 -0.022829 0.648239 0.759857 -0.043378
10009.233241000 -1.259895 -2.634114 1.471614 -0.024794 0.644082 0.762908 -0.050153
10009.266574000 -1.251761 -2.628071 1.468161 -0.026772 0.639796 0.765911 -0.057659
10009.299907000 -1.241142 -2.621682 1.463671 -0.029103 0.635343 0.768870 -0.065810
10009.333240000 -1.212651 -2.615567 1.454461 -0.033950 0.626757 0.773950 -0.083806
10009.366573000 -1.195001 -2.614849 1.449098 -0.036512 0.622761 0.775971 -0.093303
10009.399906000 -1.176204 -2.616124 1.443348 -0.039012 0.618973 0.777666 -0.102884
10009.433239000 -1.156669 -2.618090 1.436709 -0.041205 0.615365 0.779134 -0.112151
10009.466572000 -1.135262 -2.621713 1.428053 -0.043522 0.611760 0.780480 -0.121270
10009.499905000 -1.113530 -2.624822 1.420481 -0.045625 0.608946 0.781158 -0.129982
10009.533238000 -1.090596 -2.627755 1.410815 -0.047660 0.605964 0.781893 -0.138494
10009.566571000 -1.068351 -2.631840 1.399356 -0.049364 0.603418 0.782401 -0.145938
10009.599904000 -1.046145 -2.633834 1.388089 -0.050944 0.601198 0.782687 -0.152860
10009.633237000 -1.024706 -2.635640 1.376192 -0.052207 0.599749 0.782628 -0.158331
10009.666570000 -0.985183 -2.637252 1.345152 -0.053991 0.596691 0.783141 -0.166540
10009.699903000 -0.966569 -2.635344 1.329391 -0.054715 0.595758 0.783176 -0.169453
10009.733236000 -0.949295 -2.631314 1.311807 -0.055044 0.594908 0.783382 -0.171371
10009.766569000 -0.932812 -2.626230 1.295322 -0.055183 0.594331 0.783544 -0.172585
10009.799902000 -0.917499 -2.619219 1.277722 -0.055281 0.593572 0.783887 -0.173599
10009.833235000 -0.903070 -2.610201 1.262501 -0.055368 0.593096 0.784054 -0.174446
10009.866568000 -0.887840 -2.599034 1.248372 -0.055509 0.592552 0.784234 -0.175437
10009.899901000 -0.874499 -2.586595 1.236094 -0.055643 0.591891 0.784505 -0.176409
10009.933234000 -0.860849 -2.571726 1.225935 -0.055826 0.591260 0.784672 -0.177724
10009.966567000 -0.846942 -2.555326 1.218523 -0.056124 0.590336 0.784880 -0.179767
10009.999900000 -0.820675 -2.515470 1.216376 -0.057338 0.588314 0.784896 -0.185844
10010.033233000 -0.807406 -2.493059 1.220376 -0.058165 0.587012 0.784789 -0.190106
10010.066566000 -0.795342 -2.468993 1.227428 -0.058993 0.585556 0.784699 -0.194658
10010.099899000 -0.784378 -2.444869 1.236150 -0.059915 0.583776 0.784746 -0.199473
10010.133232000 -0.773431 -2.420364 1.247723 -0.061044 0.582017 0.784695 -0.204410
10010.166565000 -0.765116 -2.395456 1.260908 -0.061953 0.580162 0.784724 -0.209242
10010.199898000 -0.758715 -2.370910 1.275016 -0.062313 0.578072 0.785095 -0.213486
10010.233231000 -0.755025 -2.348093 1.290771 -0.062505 0.576085 0.785500 -0.217275
10010.266564000 -0.753869 -2.326495 1.305935 -0.062501 0.573889 0.786300 -0.220173
10010.299897000 -0.756378 -2.306733 1.320732 -0.062189 0.571546 0.787610 -0.221673
10010.333230000 -0.768947 -2.275874 1.347206 -0.060622 0.567114 0.791203 -0.220690
10010.366563000 -0.780689 -2.264713 1.359951 -0.059106 0.565071 0.793711 -0.217311
10010.399896000 -0.795199 -2.254485 1.369692 -0.057462 0.562770 0.796685 -0.212794
10010.433229000 -0.811725 -2.246270 1.378144 -0.055333 0.560699 0.799879 -0.206756
10010.466562000 -0.829988 -2.239080 1.385632 -0.052362 0.558925 0.803184 -0.199393
10010.499895000 -0.849258 -2.231197 1.391997 -0.050192 0.557495 0.806335 -0.191062
10010.533228000 -0.868634 -2.224643 1.396899 -0.048365 0.556752 0.809244 -0.181143
10010.566561000 -0.888949 -2.216944 1.400066 -0.045677 0.556316 0.811942 -0.170811
10010.599894000 -0.909134 -2.207924 1.400262 -0.042903 0.556164 0.814442 -0.159763
10010.633227000 -0.927908 -2.197359 1.400161 -0.040317 0.556854 0.816275 -0.148265
10010.666560000 -0.960640 -2.169117 1.393894 -0.035316 0.560503 0.817978 -0.124501
10010.699893000 -0.980157 -2.153451 1.384833 -0.031797 0.562196 0.818959 -0.110597
10010.733226000 -0.991811 -2.133057 1.381315 -0.029975 0.567071 0.817207 -0.098512
10010.766559000 -1.002901 -2.112306 1.373791 -0.027596 0.571519 0.815599 -0.086034
10010.799892000 -1.013321 -2.090857 1.367821 -0.024963 0.577142 0.813030 -0.072568
10010.833225000 -1.022963 -2.066441 1.362267 -0.022288 0.583443 0.809668 -0.059462
10010.866558000 -1.030123 -2.043168 1.351909 -0.019322 0.588602 0.806847 -0.046617
10010.899891000 -1.035947 -2.019132 1.340616 -0.016298 0.593390 0.804063 -0.033255
10010.933224000 -1.041834 -1.990092 1.329019 -0.012901 0.598231 0.800981 -0.019563
10010.966557000 -1.047277 -1.962245 1.318100 -0.009339 0.602373 0.798144 -0.005110
10010.999890000 -1.059560 -1.914061 1.294860 -0.000601 0.606758 0.794412 0.027438
10011.033223000 -1.059400 -1.889309 1.286144 0.002815 0.608518 0.792295 0.044340
10011.066556000 -1.066238 -1.866433 1.275876 0.008054 0.608206 0.791149 0.064058
10011.099889000 -1.074132 -1.844458 1.265512 0.014048 0.606592 0.790244 0.085806
10011.133222000 -1.082681 -1.822093 1.255600 0.020603 0.603859 0.789396 0.108556
10011.166555000 -1.090328 -1.800811 1.247239 0.027158 0.600739 0.787784 0.133310
10011.199888000 -1.101206 -1.778691 1.238168 0.034671 0.596696 0.785450 0.160688
10011.233221000 -1.111766 -1.757689 1.229648 0.042255 0.591976 0.782530 0.188216
10011.266554000 -1.124050 -1.735147 1.221406 0.050264 0.587672 0.777810 0.217088
10011.299887000 -1.133413 -1.710468 1.215017 0.057834 0.583577 0.772180 0.244605
10011.333220000 -1.149675 -1.675047 1.205647 0.069681 0.578666 0.757195 0.294865
10011.366553000 -1.164254 -1.651911 1.199104 0.077106 0.575928 0.748912 0.318579
10011.399886000 -1.179958 -1.625148 1.191279 0.084997 0.573394 0.740525 0.340027
10011.433219000 -1.197478 -1.599303 1.182451 0.092402 0.570725 0.732668 0.359071
10011.466552000 -1.213016 -1.572315 1.174647 0.098884 0.568402 0.724724 0.376718
10011.499885000 -1.229010 -1.549521 1.164101 0.104436 0.565647 0.718287 0.391407
10011.533218000 -1.244265 -1.525287 1.154910 0.109673 0.562901 0.712254 0.404733
10011.566551000 -1.259092 -1.501260 1.143991 0.114086 0.559531 0.706519 0.418020
10011.599884000 -1.272804 -1.481156 1.131632 0.117358 0.555946 0.701978 0.429392
10011.633217000 -1.286245 -1.460850 1.117772 0.119920 0.551361 0.697480 0.441748
10011.666550000 -1.304894 -1.432868 1.084627 0.121754 0.538937 0.691697 0.465057
10011.699883000 -1.310549 -1.415613 1.067821 0.123442 0.530538 0.689006 0.478082
10011.733216000 -1.318383 -1.403265 1.046203 0.124131 0.520588 0.686760 0.491875
10011.766549000 -1.322524 -1.388749 1.024968 0.124246 0.509439 0.683957 0.507185
10011.799882000 -1.326169 -1.380074 1.000972 0.122623 0.497057 0.682057 0.522204
10011.833215000 -1.328033 -1.368973 0.974389 0.120860 0.482582 0.679590 0.539134
10011.866548000 -1.328196 -1.359266 0.949480 0.117910 0.467797 0.676148 0.556855
10011.899881000 -1.326083 -1.348685 0.921343 0.114007 0.450958 0.672879 0.575215
10011.933214000 -1.322812 -1.339061 0.894002 0.108879 0.433962 0.668549 0.594024
10011.966547000 -1.318879 -1.328646 0.864938 0.103050 0.416431 0.663468 0.613005
10011.999880000 -1.318263 -1.336771 0.829491 0.083662 0.398589 0.647847 0.643756
10012.033213000 -1.309954 -1.330709 0.795751 0.073545 0.381011 0.642699 0.660576
10012.066546000 -1.272295 -1.283556 0.777951 0.070417 0.363405 0.635458 0.677622
10012.099879000 -1.268201 -1.283154 0.769586 0.063129 0.359271 0.630351 0.685272
10012.133212000 -1.260978 -1.267945 0.741356 0.055609 0.347159 0.622593 0.699119
10012.166545000 -1.251936 -1.251844 0.713137 0.048501 0.335291 0.615582 0.711538
10012.199878000 -1.242572 -1.234589 0.683303 0.042540 0.323856 0.608493 0.723217
10012.233211000 -1.232498 -1.216897 0.658341 0.037155 0.314329 0.602335 0.732809
10012.266544000 -1.222980 -1.200142 0.634892 0.032938 0.306873 0.596490 0.740908
10012.299877000 -1.214195 -1.183567 0.614772 0.029590 0.300794 0.591293 0.747677
10012.333210000 -1.201759 -1.152703 0.591009 0.027317 0.296329 0.582246 0.756593
10012.366543000 -1.196012 -1.136894 0.582680 0.027594 0.295349 0.578632 0.759732
10012.399876000 -1.190075 -1.122249 0.575416 0.028768 0.294974 0.575936 0.761879
10012.433209000 -1.183990 -1.107502 0.572076 0.030722 0.295830 0.573116 0.763596
10012.466542000 -1.179535 -1.092909 0.568607 0.033509 0.297386 0.570183 0.765069
10012.499875000 -1.173143 -1.077807 0.564828 0.036167 0.297790 0.566466 0.767548
10012.533208000 -1.167274 -1.062227 0.561947 0.039740 0.298848 0.562326 0.770000
10012.566541000 -1.161795 -1.047173 0.557360 0.043163 0.299342 0.556856 0.773591
10012.599874000 -1.155385 -1.031064 0.550013 0.046512 0.298560 0.549197 0.779155
10012.633207000 -1.149866 -1.014907 0.539300 0.049925 0.296615 0.540129 0.785995
10012.666540000 -1.134618 -0.979611 0.504700 0.054131 0.286056 0.514928 0.806282
10012.699873000 -1.126958 -0.960426 0.482846 0.055776 0.278936 0.499455 0.818308
10012.733206000 -1.117879 -0.942380 0.456917 0.056326 0.270158 0.482728 0.831153
10012.766539000 -1.109036 -0.923071 0.428234 0.056754 0.260777 0.465098 0.844072
10012.799872000 -1.098970 -0.903606 0.398206 0.056558 0.250461 0.446743 0.857025
10012.833205000 -1.089377 -0.885545 0.366248 0.055659 0.240509 0.430154 0.868346
10012.866538000 -1.079727 -0.868447 0.334392 0.053758 0.230846 0.414041 0.878857
10012.899871000 -1.070096 -0.852097 0.304398 0.051508 0.222087 0.399517 0.887925
10012.933204000 -1.060499 -0.837792 0.273252 0.047748 0.213539 0.387181 0.895663
10012.966537000 -1.052755 -0.825002 0.245308 0.043641 0.206731 0.378260 0.901264
10012.999870000 -1.037888 -0.804659 0.195413 0.031420 0.195380 0.368786 0.908205
10013.033203000 -1.032090 -0.797549 0.175501 0.023920 0.191465 0.368584 0.909349
10013.066536000 -1.026779 -0.791609 0.157317 0.015372 0.188284 0.370958 0.909232
10013.099869000 -1.022469 -0.787511 0.142163 0.006523 0.186171 0.376094 0.907663
10013.133202000 -1.019157 -0.785245 0.130042 -0.002597 0.184961 0.383537 0.904811
10013.166535000 -1.015833 -0.781999 0.119493 -0.011753 0.183525 0.390996 0.901833
10013.199868000 -1.014096 -0.780127 0.109535 -0.020243 0.183127 0.400600 0.897538
10013.233201000 -1.012674 -0.777986 0.102912 -0.028018 0.183308 0.410983 0.892584
10013.266534000 -1.012496 -0.776425 0.096612 -0.034818 0.183365 0.420307 0.887979
10013.299867000 -1.013088 -0.774299 0.091329 -0.040827 0.183495 0.429081 0.883489
10013.333200000 -1.016519 -0.764949 0.083780 -0.047749 0.182270 0.436198 0.879902
10013.366533000 -1.018462 -0.759126 0.080169 -0.049824 0.180596 0.434608 0.880919
10013.399866000 -1.020443 -0.752681 0.077199 -0.050639 0.178543 0.430212 0.883445
10013.433199000 -1.022116 -0.745376 0.073898 -0.050460 0.176350 0.423945 0.886919
10013.466532000 -1.023379 -0.736792 0.071153 -0.049431 0.173863 0.415718 0.891351
10013.499865000 -1.022378 -0.728307 0.068629 -0.047953 0.170977 0.405554 0.896657
10013.533198000 -1.019009 -0.719171 0.065510 -0.046181 0.168050 0.395518 0.901772
10013.566531000 -1.014458 -0.710307 0.061678 -0.044088 0.165270 0.385284 0.906807
10013.599864000 -1.007069 -0.702146 0.059149 -0.042452 0.162768 0.376218 0.911134
10013.633197000 -0.996100 -0.693714 0.054070 -0.040611 0.160215 0.367363 0.915274
10013.666530000 -0.963826 -0.676801 0.041973 -0.038334 0.155853 0.354110 0.921329
10013.699863000 -0.942295 -0.668896 0.034317 -0.038169 0.154219 0.350284 0.923071
10013.733196000 -0.918780 -0.660764 0.027769 -0.038124 0.153006 0.347211 0.924435
10013.766529000 -0.893899 -0.652603 0.020027 -0.038768 0.151930 0.345214 0.925333
10013.799862000 -0.867103 -0.644275 0.013410 -0.039502 0.151288 0.344622 0.925628
10013.833195000 -0.840075 -0.635345 0.006211 -0.040291 0.150848 0.344344 0.925769
10013.866528000 -0.813942 -0.625671 -0.000138 -0.040957 0.151297 0.346223 0.924966
10013.899861000 -0.788746 -0.613577 -0.005457 -0.041164 0.151753 0.347760 0.924305
10013.933194000 -0.765410 -0.601307 -0.008586 -0.041114 0.153312 0.351615 0.922590
10013.966527000 -0.744645 -0.586855 -0.011218 -0.040138 0.155225 0.355217 0.920932
10013.999860000 -0.712796 -0.552845 -0.010543 -0.036318 0.160737 0.365054 0.916286
10014.033193000 -0.702793 -0.532654 -0.006480 -0.033023 0.164712 0.370760 0.913409
10014.066526000 -0.694690 -0.511953 -0.000942 -0.029656 0.168367 0.375612 0.910872
10014.099859000 -0.689193 -0.487771 0.006616 -0.025553 0.172093 0.380006 0.908475
10014.133192000 -0.685923 -0.464010 0.014274 -0.021321 0.176015 0.384428 0.905969
10014.166525000 -0.682668 -0.439243 0.024602 -0.017446 0.179580 0.388030 0.903814
10014.199858000 -0.679188 -0.413805 0.035193 -0.013359 0.182935 0.391397 0.901757
10014.233191000 -0.676973 -0.388163 0.047416 -0.009844 0.186381 0.394656 0.899673
10014.266524000 -0.673097 -0.362892 0.061375 -0.006518 0.189232 0.397232 0.897973
10014.299857000 -0.667142 -0.337877 0.075393 -0.004122 0.191692 0.399393 0.896505
10014.333190000 -0.648554 -0.289431 0.105186 -0.000923 0.194906 0.401998 0.894656
10014.366523000 -0.635910 -0.266702 0.120047 -0.000217 0.195974 0.403025 0.893960
10014.399856000 -0.620685 -0.244708 0.135436 -0.000153 0.196452 0.403315 0.893725
10014.433189000 -0.602865 -0.223921 0.148903 -0.000834 0.195937 0.403544 0.893734
10014.466522000 -0.583507 -0.203961 0.161956 -0.002092 0.194903 0.403137 0.894142
10014.499855000 -0.563107 -0.184904 0.173463 -0.003545 0.193342 0.401684 0.895129
10014.533188000 -0.542040 -0.166953 0.185673 -0.005818 0.191385 0.398953 0.896758
10014.566521000 -0.519579 -0.148573 0.194414 -0.007663 0.188095 0.394449 0.899429
10014.599854000 -0.497810 -0.132018 0.201005 -0.009966 0.184370 0.389448 0.902352
10014.633187000 -0.475121 -0.115806 0.206763 -0.012362 0.179786 0.381468 0.906645
10014.666520000 -0.435045 -0.088150 0.210624 -0.016270 0.170101 0.361674 0.916511
10014.699853000 -0.415045 -0.075014 0.208532 -0.017974 0.163833 0.347699 0.923007
10014.733186000 -0.397994 -0.062059 0.205058 -0.018788 0.157995 0.332790 0.929481
10014.766519000 -0.379214 -0.052324 0.198376 -0.021022 0.150679 0.316584 0.936285
10014.799852000 -0.363660 -0.036746 0.192890 -0.018676 0.143542 0.299853 0.942940
10014.833185000 -0.350193 -0.021377 0.185742 -0.016132 0.136725 0.281764 0.949555
10014.866518000 -0.342823 -0.008683 0.182324 -0.014136 0.133979 0.265838 0.954558
10014.899851000 -0.332871 0.005053 0.175301 -0.011497 0.128881 0.250366 0.959465
10014.933184000 -0.324766 0.019088 0.166770 -0.008726 0.123826 0.236113 0.963764
10014.966517000 -0.319259 0.033842 0.161379 -0.005436 0.120498 0.224198 0.967050
10014.999850000 -0.314889 0.067264 0.153288 0.003334 0.115419 0.206475 0.971615
10015.033183000 -0.316944 0.087348 0.151130 0.009309 0.113948 0.200094 0.973084
10015.066516000 -0.321532 0.108580 0.151530 0.015763 0.114123 0.196274 0.973758
10015.099849000 -0.324954 0.130639 0.152400 0.022315 0.113398 0.191962 0.974574
10015.133182000 -0.330327 0.153342 0.153044 0.029063 0.113524 0.188363 0.975083
10015.166515000 -0.335177 0.177759 0.154739 0.036590 0.113783 0.185976 0.975258
10015.199848000 -0.341374 0.200714 0.157423 0.043550 0.114818 0.183612 0.975298
10015.233181000 -0.345716 0.224269 0.159346 0.050933 0.115066 0.180056 0.975574
10015.266514000 -0.347259 0.248190 0.159578 0.057781 0.114405 0.176213 0.975972
10015.299847000 -0.349584 0.266410 0.160550 0.062982 0.115146 0.171966 0.976321
10015.333180000 -0.339141 0.309594 0.154162 0.074145 0.111306 0.159930 0.978027
10015.366513000 -0.329970 0.329998 0.148389 0.079433 0.108388 0.152619 0.979107
10015.399846000 -0.318539 0.347636 0.142694 0.083753 0.105280 0.144303 0.980346
10015.433179000 -0.304329 0.363471 0.134513 0.087053 0.101275 0.135697 0.981708
10015.466512000 -0.289955 0.379355 0.126586 0.090520 0.097291 0.127196 0.982935
10015.499845000 -0.273505 0.394211 0.118308 0.093289 0.092474 0.117590 0.984337
10015.533178000 -0.257263 0.405712 0.110250 0.094996 0.087795 0.108622 0.985631
10015.566511000 -0.240152 0.415811 0.102786 0.096250 0.082609 0.099005 0.986970
10015.599844000 -0.223170 0.423146 0.096520 0.096860 0.077016 0.088918 0.988322
10015.633177000 -0.207103 0.428330 0.090191 0.096566 0.071407 0.079355 0.989585
10015.666510000 -0.180461 0.430614 0.083488 0.093542 0.060238 0.060429 0.991952
10015.699843000 -0.171276 0.428199 0.083075 0.091025 0.055018 0.051377 0.992999
10015.733176000 -0.162694 0.423492 0.083047 0.087776 0.049442 0.041920 0.994029
10015.766509000 -0.153645 0.417222 0.084829 0.083788 0.042867 0.030934 0.995080
10015.799842000 -0.145829 0.412339 0.086691 0.080562 0.036557 0.020695 0.995864
10015.833175000 -0.141029 0.403212 0.090607 0.075882 0.030274 0.009515 0.996612
10015.866508000 -0.134970 0.394326 0.095476 0.071256 0.023253 -0.003174 0.997182
10015.899841000 -0.130742 0.385035 0.100889 0.066663 0.016580 -0.015797 0.997513
10015.933174000 -0.125789 0.374792 0.106409 0.061787 0.009228 -0.029440 0.997612
10015.966507000 -0.121510 0.365654 0.111853 0.057363 0.001715 -0.044232 0.997372
10015.999840000 -0.110013 0.349209 0.123059 0.049625 -0.014931 -0.076921 0.995690
10016.033173000 -0.104389 0.341715 0.128354 0.046341 -0.023456 -0.093838 0.994232
10016.066506000 -0.097246 0.335915 0.133867 0.044031 -0.032260 -0.111402 0.992275
10016.099839000 -0.090952 0.329473 0.138297 0.041665 -0.040570 -0.128612 0.989988
10016.133172000 -0.083358 0.322404 0.141984 0.039519 -0.049441 -0.146578 0.987172
10016.166505000 -0.075863 0.317400 0.144822 0.038293 -0.057676 -0.163010 0.984192
10016.199838000 -0.068704 0.311227 0.147282 0.037036 -0.065585 -0.179163 0.980932
10016.233171000 -0.060443 0.305346 0.149071 0.036029 -0.073286 -0.194277 0.977541
10016.266504000 -0.052826 0.298173 0.149210 0.035047 -0.080560 -0.208798 0.974005
10016.299837000 -0.045211 0.291681 0.148613 0.034245 -0.086865 -0.221173 0.970754
10016.333170000 -0.031039 0.274132 0.142926 0.031234 -0.097374 -0.242811 0.964669
10016.366503000 -0.023901 0.264966 0.137801 0.029570 -0.101215 -0.251246 0.962163
10016.399836000 -0.018088 0.253906 0.132394 0.027253 -0.104251 -0.258386 0.960014
10016.433169000 -0.011267 0.243706 0.125821 0.025254 -0.107198 -0.265308 0.957853
10016.466502000 -0.004226 0.231924 0.118497 0.022739 -0.109556 -0.271303 0.955968
10016.499835000 0.001889 0.221352 0.110741 0.020515 -0.111269 -0.276162 0.954428
10016.533168000 0.008594 0.210927 0.104339 0.018352 -0.112704 -0.280395 0.953069
10016.566501000 0.015892 0.201584 0.097373 0.016583 -0.114155 -0.284441 0.951728
10016.599834000 0.024202 0.192024 0.090959 0.014985 -0.115882 -0.289055 0.950155
10016.633167000 0.032702 0.183896 0.085735 0.013760 -0.117417 -0.292880 0.948812
10016.666500000 0.051207 0.170192 0.077965 0.012308 -0.120795 -0.300729 0.945949
10016.699833000 0.061560 0.165682 0.076270 0.012508 -0.123032 -0.305046 0.944274
10016.733166000 0.072047 0.161629 0.075447 0.012838 -0.125310 -0.309245 0.942603
10016.766499000 0.082173 0.159279 0.075200 0.013588 -0.127655 -0.313098 0.941004
10016.799832000 0.092630 0.156263 0.077114 0.014385 -0.130327 -0.317713 0.939077
10016.833165000 0.102136 0.153922 0.079015 0.015359 -0.133268 -0.322721 0.936939
10016.866498000 0.110917 0.151518 0.080414 0.016223 -0.135897 -0.327206 0.934989
10016.899831000 0.119297 0.148953 0.083708 0.017204 -0.139235 -0.332786 0.932508
10016.933164000 0.125450 0.146005 0.087041 0.017796 -0.141982 -0.337663 0.930327
10016.966497000 0.130342 0.142629 0.090721 0.018297 -0.145070 -0.343183 0.927817
10016.999830000 0.134907 0.132668 0.098336 0.018254 -0.151636 -0.355715 0.922030
10017.033163000 0.134708 0.126578 0.102297 0.017887 -0.155114 -0.362766 0.918706
10017.066496000 0.132266 0.119378 0.105691 0.016911 -0.158106 -0.369234 0.915632
10017.099829000 0.129661 0.111911 0.110514 0.016272 -0.161467 -0.376114 0.912251
10017.133162000 0.125479 0.103170 0.113323 0.014995 -0.164708 -0.383734 0.908512
10017.166495000 0.121512 0.095238 0.117454 0.013901 -0.167823 -0.390856 0.904917
10017.199828000 0.116427 0.087098 0.121378 0.012724 -0.170969 -0.398043 0.901204
10017.233161000 0.112003 0.077674 0.124963 0.011353 -0.174146 -0.405675 0.897202
10017.266494000 0.107936 0.069262 0.129041 0.010175 -0.177076 -0.412504 0.893522
10017.299827000 0.104921 0.060472 0.132169 0.008835 -0.180016 -0.419743 0.889569
10017.333160000 0.102751 0.044854 0.139915 0.007102 -0.185340 -0.431572 0.882805
10017.366493000 0.104140 0.036993 0.143530 0.006280 -0.187979 -0.437718 0.879220
10017.399826000 0.105754 0.029322 0.146733 0.005445 -0.190321 -0.443193 0.875973
10017.433159000 0.108965 0.020889 0.150847 0.004732 -0.192686 -0.448564 0.872720
10017.466492000 0.114478 0.012500 0.154398 0.004565 -0.195521 -0.454371 0.869079
10017.499825000 0.120430 0.002964 0.159576 0.004036 -0.198635 -0.460935 0.864908
10017.533158000 0.127557 -0.006863 0.163752 0.003876 -0.201860 -0.467391 0.860688
10017.566491000 0.135992 -0.018982 0.168966 0.003572 -0.205577 -0.474981 0.855639
10017.599824000 0.145121 -0.031598 0.174410 0.003557 -0.209486 -0.482395 0.850528
10017.633157000 0.155875 -0.046592 0.179810 0.003631 -0.214099 -0.491254 0.844285
10017.666490000 0.180255 -0.082626 0.193709 0.004213 -0.225387 -0.511898 0.828941
10017.699823000 0.194004 -0.103579 0.201837 0.004843 -0.232068 -0.523477 0.819813
10017.733156000 0.207030 -0.126520 0.210948 0.005296 -0.239000 -0.535606 0.809924
10017.766489000 0.221429 -0.149090 0.220305 0.006463 -0.246406 -0.547704 0.799539
10017.799822000 0.235062 -0.173158 0.229788 0.007281 -0.254035 -0.560186 0.788419
10017.833155000 0.247927 -0.196543 0.238743 0.008178 -0.261310 -0.571930 0.777525
10017.866488000 0.260228 -0.218783 0.248320 0.009298 -0.268722 -0.583193 0.766543
10017.899821000 0.271162 -0.241579 0.258079 0.010042 -0.275714 -0.594044 0.755640
10017.933154000 0.281959 -0.261431 0.267727 0.011184 -0.282738 -0.604428 0.744716
10017.966487000 0.290223 -0.279603 0.277688 0.011746 -0.288941 -0.613929 0.734483
10017.999820000 0.301783 -0.309638 0.295683 0.012288 -0.300190 -0.631903 0.714446
10018.033153000 0.303954 -0.320658 0.304577 0.012009 -0.305104 -0.640135 0.704978
10018.066486000 0.304367 -0.329818 0.312568 0.011459 -0.309292 -0.648016 0.695905
10018.099819000 0.303511 -0.337312 0.320209 0.010748 -0.313114 -0.655772 0.686882
10018.133152000 0.300756 -0.344268 0.325785 0.009692 -0.316367 -0.663083 0.678336
10018.166485000 0.296399 -0.349718 0.330551 0.008238 -0.319081 -0.670426 0.669812
10018.199818000 0.292453 -0.354738 0.334156 0.006897 -0.321690 -0.677368 0.661544
10018.233151000 0.286452 -0.360368 0.335137 0.005090 -0.323512 -0.684087 0.653712
10018.266484000 0.280312 -0.366456 0.334714 0.003135 -0.324878 -0.690549 0.646210
10018.299817000 0.274232 -0.373286 0.331956 0.001195 -0.325897 -0.697149 0.638571
10018.333150000 0.260084 -0.392119 0.320044 -0.003126 -0.327016 -0.709546 0.624175
10018.366483000 0.253024 -0.404369 0.309887 -0.005538 -0.326657 -0.715449 0.617574
10018.399816000 0.246738 -0.418974 0.299243 -0.008005 -0.327047 -0.720842 0.611034
10018.433149000 0.241037 -0.430266 0.286337 -0.009297 -0.325636 -0.725533 0.606198
10018.466482000 0.235969 -0.445920 0.272180 -0.011055 -0.325423 -0.730417 0.600390
10018.499815000 0.231778 -0.461388 0.257746 -0.012624 -0.324845 -0.734268 0.595958
10018.533148000 0.228907 -0.479119 0.243144 -0.014078 -0.324890 -0.738323 0.590870
10018.566481000 0.226921 -0.495957 0.227626 -0.015333 -0.324476 -0.741589 0.586963
10018.599814000 0.226182 -0.513844 0.213557 -0.016288 -0.324564 -0.744592 0.583074
10018.633147000 0.227478 -0.530482 0.198601 -0.016805 -0.324609 -0.746205 0.580968
10018.666480000 0.234326 -0.563446 0.175953 -0.016562 -0.326443 -0.749107 0.576194
10018.699813000 0.240552 -0.579656 0.166633 -0.015745 -0.328038 -0.749539 0.574747
10018.733146000 0.248331 -0.593939 0.158196 -0.014800 -0.329287 -0.749058 0.574685
10018.766479000 0.255857 -0.608609 0.152393 -0.013617 -0.331035 -0.748906 0.573907
10018.799812000 0.264100 -0.623349 0.147564 -0.012392 -0.332702 -0.748452 0.573564
10018.833145000 0.271814 -0.637372 0.143732 -0.011300 -0.333886 -0.747377 0.574300
10018.866478000 0.278296 -0.651073 0.142040 -0.010319 -0.335114 -0.746697 0.574487
10018.899811000 0.284812 -0.664330 0.140915 -0.009419 -0.335861 -0.745453 0.575680
10018.933144000 0.288827 -0.678657 0.140465 -0.009067 -0.335929 -0.744564 0.576796
10018.966477000 0.291019 -0.691869 0.142382 -0.008922 -0.335642 -0.743605 0.578201
10018.999810000 0.286255 -0.719156 0.148096 -0.010544 -0.332401 -0.742452 0.581519
10019.033143000 0.279401 -0.733065 0.153703 -0.012042 -0.330038 -0.742456 0.582828
10019.066476000 0.269740 -0.746306 0.157982 -0.013888 -0.326817 -0.742031 0.585139
10019.099809000 0.258598 -0.760040 0.164476 -0.015789 -0.323829 -0.742170 0.586574
10019.133142000 0.244403 -0.773367 0.171485 -0.017779 -0.320800 -0.742454 0.587821
10019.166475000 0.228676 -0.787149 0.178139 -0.020020 -0.318108 -0.743137 0.588349
10019.199808000 0.212172 -0.800874 0.186518 -0.021619 -0.316079 -0.744046 0.588236
10019.233141000 0.193412 -0.814358 0.194340 -0.023117 -0.314698 -0.745473 0.587113
10019.266474000 0.172615 -0.827195 0.202112 -0.024289 -0.313911 -0.747164 0.585334
10019.299807000 0.153303 -0.839269 0.209468 -0.024360 -0.314699 -0.748997 0.582559
10019.333140000 0.111380 -0.861976 0.226109 -0.021717 -0.321295 -0.754723 0.571569
10019.366473000 0.090432 -0.872953 0.233643 -0.018893 -0.327090 -0.757994 0.564004
10019.399806000 0.068660 -0.883704 0.241251 -0.015628 -0.334008 -0.761191 0.555682
10019.433139000 0.046952 -0.893653 0.248223 -0.012026 -0.341570 -0.764238 0.546924
10019.466472000 0.024124 -0.903492 0.254657 -0.008298 -0.349916 -0.767220 0.537460
10019.499805000 0.001356 -0.913703 0.260155 -0.004531 -0.358487 -0.770088 0.527665
10019.533138000 -0.022671 -0.923771 0.265515 -0.001177 -0.367028 -0.773001 0.517454
10019.566471000 -0.046289 -0.934083 0.270142 0.002066 -0.375290 -0.775761 0.507295
10019.599804000 -0.069940 -0.943632 0.274246 -0.004510 0.382580 0.778575 -0.497426
10019.633137000 -0.094811 -0.954223 0.277897 -0.005949 0.388852 0.782303 -0.486581
10019.666470000 -0.146702 -0.975733 0.282378 -0.005704 0.396664 0.791966 -0.464127
10019.699803000 -0.172736 -0.986751 0.283794 -0.004073 0.398133 0.798177 -0.452091
10019.733136000 -0.198655 -0.998316 0.284195 -0.001785 0.398296 0.805046 -0.439611
10019.766469000 -0.224572 -1.009175 0.286228 0.000969 0.397575 0.812541 -0.426275
10019.799802000 -0.250380 -1.019755 0.288707 0.003724 0.396829 0.820461 -0.411529
10019.833135000 -0.274687 -1.031252 0.292668 0.006351 0.395988 0.828330 -0.396262
10019.866468000 -0.298328 -1.042028 0.297062 0.008706 0.395436 0.836022 -0.380291
10019.899801000 -0.320438 -1.051345 0.304085 0.010334 0.395811 0.842944 -0.364241
10019.933134000 -0.340325 -1.060839 0.313377 0.011488 0.397144 0.849050 -0.348222
10019.966467000 -0.359239 -1.070383 0.326342 0.011785 0.400273 0.853817 -0.332625
10019.999800000 -0.388909 -1.085683 0.360591 0.009943 0.411355 0.857653 -0.308414
10020.033133000 -0.400190 -1.092813 0.382035 0.007933 0.419363 0.856983 -0.299419
10020.066466000 -0.409069 -1.099929 0.408177 0.005150 0.429475 0.854386 -0.292488
10020.099799000 -0.416767 -1.106334 0.433579 0.002352 0.439278 0.851057 -0.287631
10020.133132000 -0.422335 -1.112702 0.460795 -0.000959 0.449817 0.846345 -0.285243
10020.166465000 -0.426190 -1.120046 0.488463 -0.004348 0.460543 0.840946 -0.284062
10020.199798000 -0.429006 -1.127104 0.515997 -0.007856 0.470510 0.835377 -0.284084
10020.233131000 -0.430356 -1.136901 0.542544 -0.011305 0.480051 0.829512 -0.285191
10020.266464000 -0.430361 -1.146619 0.566340 -0.014566 0.487884 0.823959 -0.287835
10020.299797000 -0.430625 -1.157510 0.587963 -0.017449 0.494372 0.818934 -0.290927
10020.333130000 -0.427665 -1.184646 0.621149 -0.021712 0.500971 0.811497 -0.300048
10020.366463000 -0.425465 -1.200853 0.635433 -0.023333 0.501770 0.808783 -0.305864
10020.399796000 -0.422985 -1.219397 0.645195 -0.024271 0.500649 0.807039 -0.312170
10020.433129000 -0.419859 -1.238223 0.653016 -0.024714 0.497773 0.805961 -0.319435
10020.466462000 -0.417108 -1.257014 0.659444 -0.024787 0.493890 0.805403 -0.326779
10020.499795000 -0.414144 -1.276990 0.665909 -0.024600 0.489239 0.804912 -0.334897
10020.533128000 -0.410209 -1.297219 0.670470 -0.024203 0.483574 0.804685 -0.343587
10020.566461000 -0.406399 -1.317673 0.675886 -0.023550 0.477891 0.804317 -0.352335
10020.599794000 -0.402805 -1.338024 0.682989 -0.022761 0.471954 0.804082 -0.360823
10020.633127000 -0.399926 -1.356862 0.690239 -0.021731 0.465745 0.803815 -0.369445
10020.666460000 -0.392825 -1.391855 0.711330 -0.020366 0.455709 0.802336 -0.384930
10020.699793000 -0.388877 -1.407952 0.725318 -0.019937 0.451683 0.800976 -0.392456
10020.733126000 -0.385981 -1.423696 0.741528 -0.019571 0.448462 0.800192 -0.397732
10020.766459000 -0.383826 -1.437872 0.758799 -0.018943 0.445413 0.799183 -0.403182
10020.799792000 -0.380488 -1.451804 0.776160 -0.018642 0.442526 0.798151 -0.408386
10020.833125000 -0.377127 -1.465520 0.794902 -0.018399 0.440420 0.797089 -0.412723
10020.866458000 -0.373408 -1.478753 0.813864 -0.018327 0.438420 0.796210 -0.416536
10020.899791000 -0.370191 -1.492081 0.832208 -0.018050 0.436483 0.795648 -0.419644
10020.933124000 -0.367153 -1.507430 0.851054 -0.017613 0.435271 0.795241 -0.421688
10020.966457000 -0.363776 -1.521491 0.867892 -0.017135 0.433454 0.795277 -0.423507
10020.999790000 -0.355108 -1.552176 0.897199 -0.015986 0.429512 0.795914 -0.426363
10021.033123000 -0.351541 -1.568985 0.910005 -0.014694 0.427141 0.796963 -0.426831
10021.066456000 -0.347579 -1.587366 0.920353 -0.013485 0.424740 0.798412 -0.426558
10021.099789000 -0.344496 -1.605000 0.928967 -0.011842 0.421669 0.800488 -0.425763
10021.133122000 -0.341336 -1.623279 0.937385 -0.010262 0.419495 0.802840 -0.423516
10021.166455000 -0.337652 -1.642290 0.944624 -0.008801 0.417813 0.805425 -0.420293
10021.199788000 -0.335254 -1.661268 0.950687 -0.006743 0.415716 0.808882 -0.415745
10021.233121000 -0.332544 -1.679412 0.955291 -0.005415 0.414155 0.812667 -0.409901
10021.266454000 -0.330826 -1.699241 0.960778 -0.003901 0.413888 0.816938 -0.401614
10021.299787000 -0.328909 -1.718168 0.966225 -0.002743 0.414739 0.821082 -0.392184
10021.333120000 -0.328263 -1.755947 0.974688 -0.000457 0.418462 0.830717 -0.367150
10021.366453000 -0.329249 -1.774107 0.979792 0.000117 0.422523 0.835471 -0.351371
10021.399786000 -0.331122 -1.792990 0.985090 0.000513 0.427880 0.840296 -0.332898
10021.433119000 -0.332949 -1.810374 0.991046 0.000353 0.434888 0.843837 -0.314344
10021.466452000 -0.337892 -1.826700 0.996524 0.000260 0.442564 0.847021 -0.294436
10021.499785000 -0.342834 -1.843149 1.003401 -0.000209 0.452447 0.848694 -0.273878
10021.533118000 -0.349182 -1.858227 1.010377 -0.000936 0.463370 0.849117 -0.253551
10021.566451000 -0.357620 -1.871992 1.019372 -0.001571 0.475506 0.848224 -0.233253
10021.599784000 -0.367264 -1.886367 1.028681 -0.002290 0.488832 0.845705 -0.214057
