10005.333280000 0.000000 0.000000 0.000000 0.000000 0.000000 0.000000 1.000000
10005.366613000 -0.029236 -0.007182 0.008777 0.005352 0.007457 0.002492 0.999955
10005.399946000 -0.053318 -0.016570 0.016815 0.006495 0.017520 0.003691 0.999819
10005.433279000 -0.078022 -0.030843 0.033936 0.010918 0.042394 0.010557 0.998986
10005.466612000 -0.094941 -0.042810 0.047704 0.013563 0.055851 0.016842 0.998205
10005.499945000 -0.120496 -0.043484 0.059312 0.018012 0.066896 0.022097 0.997353
10005.533278000 -0.134223 -0.051539 0.073797 0.017198 0.070714 0.022299 0.997099
10005.566611000 -0.157751 -0.052485 0.089482 0.018688 0.075552 0.022204 0.996719
10005.599944000 -0.180458 -0.057080 0.109133 0.014422 0.074281 0.023005 0.996868
10005.633277000 -0.200858 -0.063677 0.134842 0.011550 0.081076 0.025846 0.996306
10005.666610000 -0.225008 -0.077272 0.160789 0.015378 0.092385 0.032969 0.995059
10005.699943000 -0.246893 -0.099294 0.187638 0.021893 0.102134 0.043263 0.993588
10005.733276000 -0.284445 -0.122889 0.225494 0.030999 0.110418 0.058731 0.991664
10005.766609000 -0.305827 -0.139403 0.254683 0.023703 0.120549 0.067107 0.990153
10005.799942000 -0.326871 -0.163183 0.281735 0.021525 0.127480 0.075227 0.988750
10005.833275000 -0.352970 -0.176623 0.306574 0.023632 0.136771 0.078553 0.987200
10005.866608000 -0.372110 -0.189912 0.328979 0.020784 0.146950 0.078060 0.985840
10005.899941000 -0.391588 -0.211491 0.350719 0.020942 0.162502 0.081241 0.983135
10005.933274000 -0.429008 -0.232796 0.379295 0.034449 0.187391 0.090665 0.977485
10005.966607000 -0.454796 -0.242294 0.395727 0.040012 0.203351 0.097679 0.973399
10005.999940000 -0.488771 -0.257673 0.415265 0.041557 0.222576 0.107021 0.968132
10006.033273000 -0.531852 -0.270274 0.434979 0.044783 0.239953 0.117645 0.962589
10006.066606000 -0.574364 -0.278742 0.451369 0.047742 0.254945 0.131098 0.956837
10006.099939000 -0.618879 -0.298376 0.465783 0.050383 0.266822 0.142006 0.951894
10006.133272000 -0.668386 -0.317770 0.483899 0.059673 0.281128 0.149270 0.946110
10006.166605000 -0.726008 -0.337074 0.516762 0.058819 0.303215 0.153745 0.938597
10006.199938000 -0.757896 -0.353791 0.546101 0.056582 0.317296 0.158869 0.933211
10006.233271000 -0.781038 -0.367651 0.570301 0.056509 0.329398 0.161898 0.928490
10006.266604000 -0.802623 -0.384586 0.601486 0.055314 0.345500 0.164079 0.922306
10006.299937000 -0.818762 -0.403596 0.631966 0.055913 0.359329 0.164201 0.916948
10006.333270000 -0.829756 -0.422180 0.655107 0.061491 0.368664 0.162053 0.913260
10006.366603000 -0.841362 -0.441018 0.688281 0.069598 0.378774 0.161359 0.908653
10006.399936000 -0.849569 -0.460933 0.721601 0.075631 0.388406 0.165946 0.903262
10006.433269000 -0.854748 -0.480997 0.754668 0.079398 0.395514 0.175081 0.898115
10006.466602000 -0.858062 -0.506144 0.791279 0.075820 0.401834 0.187402 0.893119
10006.499935000 -0.859284 -0.529567 0.818432 0.076458 0.413105 0.199646 0.885234
10006.533268000 -0.852655 -0.547853 0.837889 0.076502 0.428874 0.200107 0.877594
10006.566601000 -0.853972 -0.572969 0.875962 0.078296 0.453116 0.205717 0.863849
10006.599934000 -0.856625 -0.582336 0.899776 0.074897 0.462315 0.214746 0.857052
10006.633267000 -0.856177 -0.593466 0.927991 0.063012 0.466492 0.225649 0.852935
10006.666600000 -0.856010 -0.611427 0.964087 0.047737 0.477536 0.233554 0.845655
10006.699933000 -0.855696 -0.625076 0.995926 0.040339 0.487237 0.239258 0.838885
10006.733266000 -0.853438 -0.648519 1.026869 0.043471 0.495170 0.246353 0.832002
10006.766599000 -0.856308 -0.672050 1.060429 0.053451 0.507313 0.248790 0.823335
10006.799932000 -0.861189 -0.700044 1.100561 0.055932 0.520388 0.250843 0.814338
10006.833265000 -0.865283 -0.726199 1.136488 0.056812 0.526262 0.247659 0.811471
10006.866598000 -0.867522 -0.747573 1.173296 0.053265 0.532194 0.248415 0.807603
10006.899931000 -0.864476 -0.767224 1.213676 0.045501 0.537528 0.249138 0.804316
10006.933264000 -0.858910 -0.788272 1.255416 0.039462 0.536136 0.252204 0.804608
10006.966597000 -0.854780 -0.804297 1.288123 0.039614 0.533741 0.252435 0.806119
10006.999930000 -0.848760 -0.816615 1.318708 0.037038 0.530899 0.251830 0.808304
10007.033263000 -0.832921 -0.845746 1.369599 0.040738 0.538069 0.255413 0.802239
10007.066596000 -0.829249 -0.863669 1.410434 0.050636 0.547058 0.257650 0.794845
10007.099929000 -0.823573 -0.884595 1.449465 0.055649 0.548244 0.267524 0.790419
10007.133262000 -0.814812 -0.898029 1.479770 0.050030 0.549820 0.277266 0.786332
10007.166595000 -0.802161 -0.918986 1.493746 0.044847 0.560155 0.285512 0.776337
10007.199928000 -0.797098 -0.937608 1.515901 0.038209 0.576499 0.290045 0.762930
10007.233261000 -0.792901 -0.961696 1.542836 0.043349 0.593200 0.293101 0.748549
10007.266594000 -0.793332 -0.981154 1.567166 0.050995 0.608798 0.299588 0.732811
10007.299927000 -0.803461 -0.994919 1.598792 0.052710 0.622696 0.308953 0.716951
10007.333260000 -0.806378 -1.010582 1.629442 0.049182 0.637355 0.320367 0.699089
10007.366593000 -0.813375 -1.031946 1.665381 0.047063 0.654703 0.333682 0.676613
10007.399926000 -0.835960 -1.041599 1.700376 0.043863 0.674136 0.345359 0.651417
10007.433259000 -0.852100 -1.055801 1.734007 0.034592 0.696494 0.362641 0.618216
10007.466592000 -0.865450 -1.060042 1.761459 0.020595 0.710677 0.387442 0.586858
10007.499925000 -0.880640 -1.097231 1.769509 0.009154 0.722955 0.404417 0.560089
10007.533258000 -0.905334 -1.106572 1.787187 0.006468 0.735338 0.410009 0.539563
10007.566591000 -0.923891 -1.122096 1.801774 0.006125 0.743426 0.430187 0.512074
10007.599924000 -0.944231 -1.134657 1.817855 0.014875 0.746522 0.435019 0.503231
10007.633257000 -0.968203 -1.146331 1.822268 0.012937 0.747186 0.437388 0.500237
10007.666590000 -0.985799 -1.145708 1.837561 0.009948 0.747228 0.437462 0.500178
10007.699923000 -0.991419 -1.151735 1.850462 0.004821 0.740970 0.444890 0.503003
10007.733256000 -1.000793 -1.160449 1.856058 0.003820 0.736296 0.446097 0.508775
10007.766589000 -1.016188 -1.164213 1.860546 0.009343 0.734861 0.442957 0.513498
10007.799922000 -1.043915 -1.158534 1.877258 0.013370 0.731992 0.443620 0.516923
10007.833255000 -1.056448 -1.170102 1.881030 0.010414 0.723382 0.448798 0.524586
10007.866588000 -1.066323 -1.178192 1.896883 0.011702 0.718770 0.446186 0.533058
10007.899921000 -1.066701 -1.188811 1.909293 0.010853 0.712152 0.444802 0.543023
10007.933254000 -1.066219 -1.201470 1.923395 0.012457 0.706812 0.439918 0.553835
10007.966587000 -1.062191 -1.213019 1.944434 0.012331 0.705767 0.432644 0.560857
10007.999920000 -1.058247 -1.221248 1.957219 0.010945 0.703286 0.426334 0.568777
10008.033253000 -1.046322 -1.237101 1.971702 0.009929 0.700028 0.422960 0.575298
10008.066586000 -1.035328 -1.252977 1.992934 0.009782 0.696913 0.417855 0.582764
10008.099919000 -1.024247 -1.264479 2.019173 0.009491 0.694144 0.411659 0.590433
10008.133252000 -1.008435 -1.276282 2.037101 0.007773 0.690156 0.408706 0.597147
10008.166585000 -0.985527 -1.294619 2.053672 0.007514 0.686907 0.403654 0.604290
10008.199918000 -0.964836 -1.312617 2.074420 0.012151 0.686101 0.398294 0.608670
10008.233251000 -0.942647 -1.330158 2.093438 0.020540 0.686581 0.394904 0.610111
10008.266584000 -0.912730 -1.346029 2.114734 0.026972 0.681613 0.396351 0.614477
10008.299917000 -0.886880 -1.357513 2.127413 0.029498 0.684424 0.396617 0.611055
10008.333250000 -0.862177 -1.367876 2.133057 0.033476 0.686857 0.396932 0.607908
10008.366583000 -0.836476 -1.376037 2.136837 0.036847 0.690183 0.394222 0.605705
10008.399916000 -0.810744 -1.382155 2.139596 0.038900 0.693458 0.393447 0.602330
10008.433249000 -0.783333 -1.383672 2.142343 0.040493 0.696626 0.390623 0.600405
10008.466582000 -0.753429 -1.389401 2.138833 0.042212 0.698408 0.388531 0.599574
10008.499915000 -0.725924 -1.384686 2.141468 0.046117 0.699804 0.381544 0.602140
10008.533248000 -0.690063 -1.390603 2.140635 0.047007 0.696550 0.380162 0.606700
10008.566581000 -0.659925 -1.394506 2.140547 0.049581 0.692283 0.374410 0.614902
10008.599914000 -0.623541 -1.401154 2.138926 0.050760 0.687699 0.371637 0.621595
10008.633247000 -0.573347 -1.418959 2.145493 0.056304 0.683079 0.358988 0.633530
10008.666580000 -0.545192 -1.432194 2.156361 0.058007 0.673750 0.350386 0.648017
10008.699913000 -0.521444 -1.445339 2.172613 0.059970 0.663894 0.340530 0.663090
10008.733246000 -0.501043 -1.459824 2.189284 0.061502 0.652406 0.335794 0.676629
10008.766579000 -0.477843 -1.469188 2.208637 0.062926 0.640537 0.330368 0.690369
10008.799912000 -0.453296 -1.478506 2.225916 0.063773 0.632262 0.325353 0.700231
10008.833245000 -0.430984 -1.484390 2.252611 0.064599 0.628333 0.321095 0.705637
10008.866578000 -0.398955 -1.494239 2.276146 0.063927 0.626382 0.321157 0.707402
10008.899911000 -0.373313 -1.506898 2.313895 0.064186 0.633496 0.319754 0.701655
10008.933244000 -0.347408 -1.516718 2.326222 0.059183 0.632013 0.325069 0.700990
10008.966577000 -0.309826 -1.534806 2.340404 0.055309 0.635116 0.329792 0.696280
10008.999910000 -0.282249 -1.546487 2.355422 0.055291 0.640482 0.332134 0.690227
10009.033243000 -0.257489 -1.558038 2.370439 0.056428 0.641784 0.337083 0.686516
10009.066576000 -0.234528 -1.563335 2.376687 0.052999 0.647019 0.338984 0.680917
10009.099909000 -0.197781 -1.569107 2.380054 0.053008 0.651798 0.347270 0.672125
10009.133242000 -0.150883 -1.573709 2.387783 0.057188 0.660588 0.350524 0.661427
10009.166575000 -0.117049 -1.580917 2.387844 0.057749 0.670138 0.352651 0.650552
10009.199908000 -0.074042 -1.579020 2.385907 0.059220 0.680790 0.353521 0.638781
10009.233241000 -0.033576 -1.581320 2.383973 0.063896 0.690152 0.354141 0.627847
10009.266574000 0.005104 -1.584921 2.391485 0.064372 0.695270 0.354031 0.622188
10009.299907000 0.047404 -1.588511 2.395240 0.059729 0.697614 0.360941 0.616027
10009.333240000 0.088964 -1.596568 2.397566 0.055572 0.697710 0.372699 0.609269
10009.366573000 0.121394 -1.598898 2.409897 0.055929 0.698951 0.372465 0.607955
10009.399906000 0.155451 -1.605845 2.421351 0.048609 0.697830 0.376801 0.607200
10009.433239000 0.191995 -1.616492 2.441227 0.045161 0.699958 0.379771 0.603153
10009.466572000 0.240153 -1.639618 2.470405 0.050218 0.706467 0.381351 0.594100
10009.499905000 0.262967 -1.655573 2.486443 0.058549 0.711430 0.379535 0.588552
10009.533238000 0.300057 -1.678053 2.515857 0.066956 0.720241 0.375883 0.579208
10009.566571000 0.333107 -1.700435 2.550766 0.069542 0.729512 0.374425 0.568139
10009.599904000 0.365652 -1.724974 2.583313 0.064303 0.736826 0.377599 0.557109
10009.633237000 0.404579 -1.755732 2.599810 0.061980 0.742913 0.386427 0.543059
10009.666570000 0.435644 -1.781616 2.622557 0.066173 0.753481 0.385549 0.528431
10009.699903000 0.472321 -1.801950 2.642490 0.066298 0.762199 0.385975 0.515442
10009.733236000 0.518516 -1.817953 2.654148 0.061554 0.771774 0.389819 0.498616
10009.766569000 0.563398 -1.827198 2.676892 0.060020 0.784264 0.388198 0.480239
10009.799902000 0.612076 -1.835758 2.694417 0.057786 0.792069 0.389669 0.466311
10009.833235000 0.679261 -1.844742 2.714060 0.061996 0.799336 0.390047 0.452860
10009.866568000 0.730580 -1.849342 2.722320 0.066825 0.804483 0.390536 0.442520
10009.899901000 0.791890 -1.859714 2.740505 0.059709 0.808653 0.400320 0.426919
10009.933234000 0.848201 -1.879523 2.738687 0.059976 0.809057 0.409319 0.417478
10009.966567000 0.893484 -1.890190 2.750670 0.053780 0.810110 0.406844 0.418698
10009.999900000 0.943569 -1.910160 2.755546 0.045968 0.815699 0.404336 0.411139
10010.033233000 0.983140 -1.918653 2.752434 0.044144 0.821775 0.399890 0.403515
10010.066566000 1.053820 -1.931152 2.766346 0.043470 0.830159 0.399625 0.386325
10010.099899000 1.106869 -1.933860 2.779541 0.039795 0.833798 0.405164 0.372879
10010.133232000 1.153437 -1.943371 2.795308 0.039690 0.836847 0.410302 0.360228
10010.166565000 1.200771 -1.956451 2.813658 0.037603 0.839110 0.416594 0.347749
10010.199898000 1.243468 -1.961612 2.816893 0.039870 0.843983 0.416954 0.335041
10010.233231000 1.293372 -1.962198 2.825900 0.033964 0.847232 0.422192 0.320621
