10000.000000000 0.000000 0.000000 0.000000 0.000000 0.000000 0.000000 1.000000
10000.033333000 -0.009173 -0.014206 0.072506 -0.017105 -0.038592 -0.096815 0.994407
10000.066666000 -0.021013 -0.026282 0.135965 -0.025700 -0.078715 -0.205247 0.975201
10000.099999000 -0.031306 -0.039061 0.192895 -0.025226 -0.121111 -0.314740 0.941081
10000.133332000 -0.043434 -0.049680 0.241347 -0.017236 -0.159298 -0.405342 0.900014
10000.166665000 -0.056273 -0.060375 0.283585 -0.005842 -0.192934 -0.474803 0.858664
10000.199998000 -0.069773 -0.070352 0.318926 0.005659 -0.220610 -0.522903 0.823330
10000.233331000 -0.084252 -0.079756 0.348628 0.014856 -0.241287 -0.554246 0.796474
10000.266664000 -0.099846 -0.088336 0.373680 0.022222 -0.256932 -0.574886 0.776530
10000.299997000 -0.116004 -0.097658 0.393606 0.025781 -0.267179 -0.589815 0.761623
10000.333330000 -0.151179 -0.114237 0.421908 0.025218 -0.271406 -0.599794 0.752296
10000.366663000 -0.170355 -0.121830 0.431100 0.020951 -0.267085 -0.599499 0.754207
10000.399996000 -0.190567 -0.130734 0.436833 0.014146 -0.258451 -0.594745 0.761105
10000.433329000 -0.211201 -0.138789 0.440835 0.006010 -0.246465 -0.584381 0.773122
10000.466662000 -0.234104 -0.147827 0.443064 -0.004961 -0.230546 -0.568664 0.789585
10000.499995000 -0.257063 -0.157178 0.444415 -0.016026 -0.213350 -0.547251 0.809161
10000.533328000 -0.282039 -0.166384 0.444712 -0.028681 -0.192348 -0.514706 0.835019
10000.566661000 -0.307290 -0.176388 0.445332 -0.039851 -0.170809 -0.473663 0.863064
10000.599994000 -0.335295 -0.187411 0.446805 -0.051283 -0.148609 -0.426560 0.890692
10000.633327000 -0.363658 -0.199661 0.448131 -0.060561 -0.125892 -0.371024 0.918055
10000.666660000 -0.424465 -0.223334 0.454422 -0.069729 -0.084502 -0.255957 0.960460
10000.699993000 -0.456471 -0.237579 0.461338 -0.071435 -0.068236 -0.206494 0.973448
10000.733326000 -0.489204 -0.253376 0.468708 -0.072955 -0.053862 -0.163170 0.982422
10000.766659000 -0.522595 -0.268139 0.477477 -0.072434 -0.042019 -0.125522 0.988550
10000.799992000 -0.555568 -0.284532 0.485643 -0.072355 -0.033201 -0.098048 0.991992
10000.833325000 -0.587598 -0.300927 0.494859 -0.071770 -0.025518 -0.074000 0.994345
10000.866658000 -0.619342 -0.316961 0.502495 -0.070669 -0.020216 -0.057484 0.995637
10000.899991000 -0.650499 -0.334828 0.509733 -0.070948 -0.016727 -0.046896 0.996237
10000.933324000 -0.681121 -0.352221 0.516000 -0.070311 -0.013336 -0.037393 0.996735
10000.966657000 -0.708927 -0.369369 0.520516 -0.069970 -0.012831 -0.035124 0.996848
10000.999990000 -0.757837 -0.402862 0.520705 -0.069919 -0.014521 -0.040914 0.996607
10001.033323000 -0.780461 -0.421351 0.518817 -0.070686 -0.016038 -0.045949 0.996311
10001.066656000 -0.800039 -0.437576 0.515961 -0.071185 -0.018629 -0.054206 0.995815
10001.099989000 -0.817012 -0.454247 0.511836 -0.071470 -0.022549 -0.065704 0.995021
10001.133322000 -0.832922 -0.470059 0.507306 -0.072866 -0.024680 -0.072612 0.994389
10001.166655000 -0.846583 -0.486521 0.501981 -0.073840 -0.027063 -0.080146 0.993676
10001.199988000 -0.860498 -0.502881 0.496751 -0.075886 -0.026868 -0.080503 0.993498
10001.233321000 -0.872007 -0.518390 0.492200 -0.078334 -0.026441 -0.079993 0.993361
10001.266654000 -0.882815 -0.534647 0.487932 -0.081369 -0.023706 -0.072631 0.993751
10001.299987000 -0.893590 -0.549777 0.485337 -0.084915 -0.018473 -0.057344 0.994565
10001.333320000 -0.911452 -0.581017 0.485147 -0.093083 -0.001184 -0.002730 0.995654
10001.366653000 -0.919644 -0.596875 0.487429 -0.097729 0.011913 0.040537 0.994316
10001.399986000 -0.926601 -0.611601 0.491091 -0.100251 0.026537 0.090269 0.990503
10001.433319000 -0.934519 -0.626911 0.497158 -0.101281 0.045025 0.152485 0.982071
10001.466652000 -0.941304 -0.642386 0.503546 -0.100774 0.062894 0.213204 0.969759
10001.499985000 -0.947555 -0.657012 0.510785 -0.097137 0.080573 0.271944 0.954002
10001.533318000 -0.953642 -0.673710 0.519868 -0.093049 0.097453 0.325208 0.935994
10001.566651000 -0.959486 -0.687590 0.527714 -0.087810 0.110513 0.364777 0.920334
10001.599984000 -0.965629 -0.703524 0.536367 -0.082436 0.122515 0.398298 0.905292
10001.633317000 -0.970952 -0.720721 0.545699 -0.078701 0.130767 0.420646 0.894295
10001.666650000 -0.982198 -0.753199 0.560344 -0.075167 0.135663 0.431743 0.888562
10001.699983000 -0.984899 -0.769984 0.571097 -0.076911 0.131489 0.423643 0.892929
10001.733316000 -0.989194 -0.788270 0.581524 -0.079304 0.126112 0.409483 0.900072
10001.766649000 -0.993619 -0.804245 0.589742 -0.080919 0.118504 0.388116 0.910371
10001.799982000 -0.999376 -0.821754 0.596820 -0.083296 0.111301 0.367759 0.919471
10001.833315000 -1.006881 -0.838960 0.602671 -0.084118 0.104379 0.346137 0.928557
10001.866648000 -1.013005 -0.855340 0.609919 -0.085516 0.097721 0.325649 0.936531
10001.899981000 -1.022101 -0.872261 0.615774 -0.084509 0.095705 0.316867 0.939837
10001.933314000 -1.032251 -0.887663 0.621991 -0.081644 0.097728 0.319950 0.938837
10001.966647000 -1.042113 -0.903325 0.626954 -0.078274 0.102101 0.331041 0.934805
10001.999980000 -1.067217 -0.932795 0.637156 -0.063983 0.127898 0.395301 0.907351
10002.033313000 -1.081937 -0.946043 0.641200 -0.052783 0.146621 0.435479 0.886608
10002.066646000 -1.097543 -0.959157 0.646528 -0.039049 0.167991 0.476038 0.862347
10002.099979000 -1.113512 -0.971572 0.650448 -0.024264 0.189567 0.510299 0.838493
10002.133312000 -1.130419 -0.983806 0.655735 -0.008611 0.211296 0.536456 0.817004
10002.166645000 -1.146988 -0.995678 0.659533 0.006475 0.231833 0.558266 0.796587
10002.199978000 -1.163732 -1.008005 0.664697 0.021254 0.252327 0.574867 0.778079
10002.233311000 -1.180624 -1.019323 0.670619 0.035281 0.271228 0.586567 0.762318
10002.266644000 -1.196072 -1.031397 0.674911 0.047906 0.288234 0.596052 0.747896
10002.299977000 -1.210119 -1.043279 0.681669 0.058871 0.303092 0.602680 0.735830
10002.333310000 -1.235582 -1.068919 0.695808 0.075529 0.327887 0.612627 0.715174
10002.366643000 -1.245008 -1.082475 0.702738 0.080693 0.336831 0.617356 0.706332
10002.399976000 -1.253989 -1.095799 0.709684 0.084460 0.344431 0.622142 0.697978
10002.433309000 -1.261512 -1.110297 0.717580 0.087213 0.352003 0.627740 0.688789
10002.466642000 -1.268613 -1.125898 0.726020 0.089035 0.359650 0.634548 0.678287
10002.499975000 -1.274747 -1.141487 0.733550 0.089632 0.366542 0.642577 0.666864
10002.533308000 -1.279657 -1.156213 0.738404 0.089589 0.372558 0.652196 0.654075
10002.566641000 -1.286292 -1.173544 0.746122 0.089012 0.380770 0.661208 0.640230
10002.599974000 -1.291529 -1.191720 0.752106 0.087883 0.389214 0.672678 0.623132
10002.633307000 -1.296274 -1.209151 0.756879 0.086788 0.398310 0.684518 0.604361
10002.666640000 -1.304138 -1.246391 0.758965 0.083312 0.416476 0.709034 0.562918
10002.699973000 -1.308153 -1.266334 0.757971 0.081887 0.426916 0.720766 0.539938
10002.733306000 -1.313189 -1.287173 0.756064 0.081111 0.437554 0.730879 0.517478
10002.766639000 -1.318029 -1.307079 0.753287 0.080347 0.447563 0.739328 0.496614
10002.799972000 -1.323588 -1.327922 0.749265 0.079922 0.457272 0.745671 0.478005
10002.833305000 -1.329779 -1.347735 0.745927 0.080022 0.466675 0.750981 0.460259
10002.866638000 -1.336766 -1.367336 0.742189 0.080545 0.475329 0.754148 0.445910
10002.899971000 -1.345507 -1.385788 0.739175 0.081387 0.483604 0.755874 0.433771
10002.933304000 -1.354792 -1.405092 0.737068 0.082404 0.491145 0.756789 0.423387
10002.966637000 -1.365911 -1.423042 0.734794 0.084122 0.497911 0.756395 0.415783
10002.999970000 -1.391772 -1.453289 0.735795 0.088449 0.510040 0.751989 0.408102
10003.033303000 -1.406866 -1.466769 0.738137 0.091249 0.515402 0.748657 0.406874
10003.066636000 -1.423038 -1.480513 0.741879 0.094075 0.520487 0.744720 0.406984
10003.099969000 -1.440121 -1.492613 0.745905 0.097157 0.524635 0.741121 0.407502
10003.133302000 -1.457253 -1.503950 0.751764 0.100268 0.529081 0.736891 0.408670
10003.166635000 -1.474008 -1.515669 0.756428 0.103071 0.532506 0.733735 0.409204
10003.199968000 -1.490265 -1.526925 0.763461 0.105739 0.535963 0.730527 0.409747
10003.233301000 -1.506372 -1.538256 0.770355 0.107179 0.539128 0.727541 0.410535
10003.266634000 -1.521900 -1.551169 0.776636 0.108258 0.541815 0.726028 0.409390
10003.299967000 -1.535111 -1.564084 0.782758 0.108597 0.544221 0.725146 0.407670
10003.333300000 -1.556191 -1.593183 0.793052 0.105945 0.547340 0.727776 0.399421
10003.366633000 -1.564152 -1.609520 0.797124 0.103123 0.548646 0.730698 0.392981
10003.399966000 -1.571277 -1.626431 0.801181 0.099788 0.549426 0.734690 0.385233
10003.433299000 -1.577846 -1.644393 0.805430 0.096115 0.550365 0.739309 0.375876
10003.466632000 -1.583150 -1.661792 0.810058 0.091794 0.551025 0.744405 0.365795
10003.499965000 -1.588476 -1.679314 0.814592 0.087496 0.551512 0.750092 0.354318
10003.533298000 -1.593582 -1.696270 0.819911 0.083481 0.552151 0.755605 0.342377
10003.566631000 -1.599805 -1.712559 0.826889 0.079620 0.553251 0.760673 0.330078
10003.599964000 -1.607161 -1.728526 0.835259 0.076656 0.554703 0.765502 0.316914
10003.633297000 -1.615356 -1.742674 0.844355 0.073898 0.555996 0.769488 0.305443
10003.666630000 -1.636639 -1.766545 0.868190 0.070669 0.560005 0.775177 0.283726
10003.699963000 -1.650018 -1.775923 0.882689 0.070446 0.562805 0.776397 0.274765
10003.733296000 -1.665741 -1.785045 0.898400 0.070512 0.566119 0.776547 0.267418
10003.766629000 -1.681765 -1.792664 0.914368 0.070621 0.569461 0.776263 0.261040
10003.799962000 -1.697741 -1.800090 0.930511 0.070728 0.572914 0.775628 0.255281
10003.833295000 -1.714716 -1.807125 0.946527 0.071222 0.576584 0.774281 0.250933
10003.866628000 -1.732067 -1.815517 0.962000 0.071354 0.580948 0.772263 0.247019
10003.899961000 -1.749082 -1.823426 0.976009 0.071507 0.584848 0.770221 0.244129
10003.933294000 -1.765031 -1.832783 0.987455 0.070420 0.588834 0.768048 0.241697
10003.966627000 -1.780065 -1.843152 0.997283 0.069097 0.592818 0.765774 0.239545
10003.999960000 -1.805533 -1.869454 1.008136 0.064354 0.600176 0.761490 0.236179
10004.033293000 -1.815134 -1.885455 1.010297 0.060851 0.604049 0.759441 0.233820
10004.066626000 -1.824861 -1.903107 1.008561 0.057001 0.607229 0.757626 0.232436
10004.099959000 -1.832387 -1.921581 1.006377 0.053431 0.610577 0.756244 0.228991
10004.133292000 -1.839259 -1.941227 1.002314 0.050574 0.613524 0.755234 0.225063
10004.166625000 -1.845389 -1.961984 0.997631 0.048591 0.616291 0.754884 0.219032
10004.199958000 -1.850682 -1.982900 0.992728 0.047295 0.619288 0.754708 0.211333
10004.233291000 -1.855725 -2.003693 0.988065 0.047273 0.621767 0.755143 0.202312
10004.266624000 -1.860349 -2.025547 0.984686 0.047776 0.624589 0.755632 0.191381
10004.299957000 -1.865485 -2.046029 0.980921 0.049794 0.627126 0.756445 0.178955
10004.333290000 -1.875326 -2.085865 0.981953 0.054006 0.632979 0.757353 0.151121
10004.366623000 -1.879874 -2.104796 0.985294 0.055072 0.636244 0.757142 0.137464
10004.399956000 -1.886381 -2.122920 0.989120 0.055218 0.639572 0.756395 0.125560
10004.433289000 -1.891730 -2.140394 0.995077 0.053904 0.642986 0.755262 0.115076
10004.466622000 -1.898812 -2.156372 1.002533 0.051764 0.646417 0.753745 0.106457
10004.499955000 -1.905076 -2.172762 1.010299 0.048182 0.649841 0.751996 0.099436
10004.533288000 -1.912884 -2.187316 1.018171 0.044365 0.652705 0.750406 0.094340
10004.566621000 -1.920521 -2.201378 1.026938 0.040095 0.655559 0.748593 0.090795
10004.599954000 -1.928063 -2.215081 1.034508 0.035972 0.657368 0.747497 0.088439
10004.633287000 -1.937247 -2.227617 1.042712 0.032922 0.659071 0.746287 0.087169
10004.666620000 -1.955251 -2.250450 1.056674 0.030608 0.660047 0.745640 0.086152
10004.699953000 -1.965052 -2.260347 1.061690 0.031597 0.659390 0.746184 0.086115
10004.733286000 -1.973690 -2.270198 1.065481 0.033084 0.658264 0.747051 0.086656
10004.766619000 -1.982522 -2.278518 1.069124 0.035974 0.656867 0.748088 0.087154
10004.799952000 -1.989340 -2.286906 1.072360 0.038406 0.655317 0.749250 0.087806
10004.833285000 -1.994943 -2.295407 1.074508 0.041269 0.653610 0.750517 0.088397
10004.866618000 -1.998982 -2.301956 1.077019 0.043782 0.652015 0.751675 0.089132
10004.899951000 -1.999605 -2.308329 1.078416 0.045531 0.650371 0.752907 0.089859
10004.933284000 -1.998318 -2.314916 1.080925 0.046658 0.648989 0.753918 0.090794
10004.966617000 -1.993087 -2.320405 1.081949 0.046951 0.647861 0.754823 0.091175
10004.999950000 -1.970877 -2.331033 1.086296 0.044198 0.646711 0.756026 0.090756
10005.033283000 -1.953922 -2.336492 1.088644 0.040995 0.646859 0.756132 0.090320
10005.066616000 -1.935499 -2.341087 1.091606 0.037601 0.647185 0.756148 0.089317
10005.099949000 -1.914098 -2.346319 1.093866 0.033301 0.647672 0.756094 0.087949
10005.133282000 -1.893309 -2.352229 1.096449 0.028933 0.648448 0.755740 0.086807
10005.166615000 -1.872179 -2.356865 1.099498 0.024222 0.649238 0.755379 0.085476
10005.199948000 -1.852663 -2.363404 1.102238 0.019658 0.650193 0.754820 0.084316
10005.233281000 -1.834533 -2.370561 1.105122 0.015225 0.651069 0.754283 0.083275
10005.266614000 -1.819734 -2.378276 1.108376 0.011392 0.652247 0.753424 0.082439
10005.299947000 -1.808578 -2.387170 1.110941 0.008423 0.653127 0.752795 0.081569
10005.333280000 -1.798801 -2.407396 1.115934 0.005199 0.654827 0.751426 0.080835
10005.366613000 -1.800989 -2.420218 1.119792 0.005262 0.655796 0.750594 0.080699
10005.399946000 -1.807026 -2.432710 1.122535 0.006130 0.656398 0.750020 0.081081
10005.433279000 -1.815886 -2.447062 1.126234 0.007770 0.657302 0.749179 0.081398
10005.466612000 -1.825064 -2.462271 1.130194 0.009259 0.658009 0.748510 0.081674
10005.499945000 -1.836829 -2.477944 1.135505 0.011530 0.659072 0.747502 0.082045
10005.533278000 -1.847321 -2.494895 1.142107 0.013246 0.660077 0.746556 0.082324
10005.566611000 -1.857995 -2.512920 1.149286 0.014837 0.661354 0.745341 0.082809
10005.599944000 -1.866186 -2.531158 1.158668 0.016029 0.662736 0.744073 0.082944
10005.633277000 -1.872156 -2.549639 1.169347 0.016360 0.664383 0.742568 0.083190
10005.666610000 -1.871387 -2.588764 1.197042 0.014268 0.668754 0.738759 0.082463
10005.699943000 -1.865233 -2.609276 1.213642 0.011673 0.671288 0.736533 0.082190
10005.733276000 -1.857088 -2.629989 1.231070 0.008797 0.673872 0.734271 0.081645
10005.766609000 -1.845546 -2.650317 1.249706 0.005288 0.676616 0.731848 0.081002
10005.799942000 -1.832136 -2.670404 1.268575 0.001410 0.679300 0.729468 0.080162
10005.833275000 -1.818528 -2.690353 1.288683 -0.002292 0.682062 0.726975 0.079339
10005.866608000 -1.804719 -2.709066 1.306683 -0.005592 0.684426 0.724802 0.078685
10005.899941000 -1.791682 -2.726890 1.325625 -0.008557 0.686901 0.722494 0.078080
10005.933274000 -1.780411 -2.743867 1.342082 -0.010783 0.688892 0.720608 0.077695
10005.966607000 -1.770581 -2.759303 1.358418 -0.011885 0.690943 0.718698 0.077003
10005.999940000 -1.761400 -2.786947 1.383451 -0.010576 0.693619 0.716159 0.076788
10006.033273000 -1.760880 -2.798798 1.392450 -0.007875 0.694424 0.715429 0.076647
10006.066606000 -1.763444 -2.808659 1.399666 -0.004641 0.695050 0.714820 0.076911
10006.099939000 -1.767706 -2.817379 1.405034 -0.000528 0.695207 0.714632 0.077385
10006.133272000 -1.773179 -2.824831 1.408960 0.004153 0.695048 0.714743 0.077676
10006.166605000 -1.779106 -2.831988 1.411034 0.008712 0.694594 0.715067 0.078370
10006.199938000 -1.784346 -2.838026 1.412345 0.013111 0.693738 0.715742 0.079173
10006.233271000 -1.790777 -2.844478 1.411871 0.017487 0.692677 0.716562 0.080202
10006.266604000 -1.795841 -2.849613 1.410920 0.021026 0.691385 0.717548 0.081671
10006.299937000 -1.799658 -2.854730 1.408597 0.024343 0.689761 0.718854 0.082986
10006.333270000 -1.800952 -2.864964 1.402772 0.027160 0.686011 0.721923 0.086481
10006.366603000 -1.797075 -2.870168 1.399315 0.026936 0.683916 0.723699 0.088278
10006.399936000 -1.792273 -2.874646 1.397234 0.026178 0.681863 0.725466 0.089867
10006.433269000 -1.784045 -2.881045 1.394327 0.024157 0.679680 0.727402 0.091310
10006.466602000 -1.774709 -2.886612 1.393134 0.021958 0.677695 0.729176 0.092463
10006.499935000 -1.761855 -2.891395 1.393647 0.018836 0.675866 0.730883 0.093066
10006.533268000 -1.747288 -2.895998 1.394852 0.015469 0.674287 0.732470 0.092655
10006.566601000 -1.730907 -2.901073 1.398629 0.012015 0.673126 0.733718 0.091734
10006.599934000 -1.712275 -2.904875 1.405081 0.008592 0.672451 0.734672 0.089405
10006.633267000 -1.689839 -2.909285 1.415445 0.004687 0.672621 0.734960 0.085986
10006.666600000 -1.642690 -2.916384 1.444119 -0.000060 0.674919 0.734207 0.073654
10006.699933000 -1.616049 -2.919613 1.463101 -0.001244 0.677203 0.732951 0.064629
10006.733266000 -1.588961 -2.922416 1.485069 -0.000896 0.680154 0.731086 0.053875
10006.766599000 -1.561152 -2.925570 1.507683 0.000975 0.683395 0.728893 0.041063
10006.799932000 -1.532224 -2.927864 1.532405 0.004240 0.687099 0.726066 0.026540
10006.833265000 -1.505573 -2.930000 1.556348 0.009983 0.690749 0.722949 0.010547
10006.866598000 -1.478351 -2.932323 1.579987 0.017006 0.694279 0.719475 -0.006574
10006.899931000 -1.452786 -2.935186 1.602462 0.025252 0.697541 0.715696 -0.024039
10006.933264000 -1.428877 -2.937727 1.624577 0.033705 0.700680 0.711504 -0.040912
10006.966597000 -1.406651 -2.940212 1.643050 0.041903 0.703121 0.707591 -0.056397
10006.999930000 -1.371124 -2.947156 1.670764 0.053296 0.706583 0.701245 -0.078455
10007.033263000 -1.355764 -2.949924 1.678903 0.054561 0.707833 0.699217 -0.084208
10007.066596000 -1.343868 -2.954844 1.684644 0.053870 0.708700 0.698118 -0.086451
10007.099929000 -1.334573 -2.958616 1.688266 0.050961 0.709352 0.697743 -0.085900
10007.133262000 -1.327508 -2.963472 1.688878 0.046043 0.709702 0.698115 -0.082700
10007.166595000 -1.320716 -2.968190 1.688230 0.039811 0.709905 0.698827 -0.078042
10007.199928000 -1.315897 -2.972837 1.686487 0.032528 0.710091 0.699704 -0.071605
10007.233261000 -1.311899 -2.977161 1.683827 0.024527 0.709884 0.700945 -0.064345
10007.266594000 -1.307826 -2.981652 1.681121 0.016529 0.709682 0.702030 -0.056850
10007.299927000 -1.304621 -2.985622 1.678379 0.009648 0.709397 0.702937 -0.050425
10007.333260000 -1.298251 -2.992902 1.673684 -0.001270 0.708528 0.704518 -0.040507
10007.366593000 -1.295204 -2.996255 1.672738 -0.003781 0.708287 0.704867 -0.038452
10007.399926000 -1.291263 -2.999399 1.672751 -0.005512 0.708155 0.705051 -0.037273
10007.433259000 -1.287894 -3.002007 1.672824 -0.006344 0.708097 0.705108 -0.037153
10007.466592000 -1.284458 -3.003486 1.673328 -0.005659 0.708073 0.705068 -0.038459
10007.499925000 -1.280371 -3.004760 1.674870 -0.004766 0.708158 0.704896 -0.040134
10007.533258000 -1.275719 -3.005434 1.676035 -0.003303 0.708301 0.704600 -0.042871
10007.566591000 -1.271351 -3.004799 1.676758 -0.002217 0.708509 0.704263 -0.044987
10007.599924000 -1.265875 -3.003763 1.677171 -0.000694 0.708677 0.703895 -0.048047
10007.633257000 -1.260271 -3.002176 1.678671 -0.000098 0.708878 0.703539 -0.050243
10007.666590000 -1.246895 -2.995625 1.677977 -0.001094 0.709403 0.702766 -0.053540
10007.699923000 -1.239907 -2.990685 1.678259 -0.002547 0.709755 0.702326 -0.054590
10007.733256000 -1.232266 -2.985202 1.677126 -0.004809 0.709878 0.702159 -0.054971
10007.766589000 -1.224392 -2.978929 1.675618 -0.007606 0.709972 0.702056 -0.054770
10007.799922000 -1.216537 -2.973039 1.673199 -0.010047 0.709873 0.702122 -0.054802
10007.833255000 -1.209491 -2.965612 1.671143 -0.012571 0.709714 0.702275 -0.054378
10007.866588000 -1.201088 -2.959449 1.667154 -0.015418 0.709217 0.702748 -0.054034
10007.899921000 -1.193283 -2.951035 1.663871 -0.018220 0.708509 0.703475 -0.052974
10007.933254000 -1.185225 -2.944926 1.660106 -0.020197 0.707658 0.704298 -0.052699
10007.966587000 -1.178680 -2.938370 1.655133 -0.022287 0.706534 0.705442 -0.051620
10007.999920000 -1.165103 -2.926316 1.645010 -0.024273 0.703413 0.708577 -0.050395
10008.033253000 -1.158378 -2.920035 1.639057 -0.024803 0.701400 0.710604 -0.049644
10008.066586000 -1.153648 -2.915380 1.632879 -0.024902 0.699166 0.712890 -0.048323
10008.099919000 -1.148448 -2.909859 1.626239 -0.024367 0.696892 0.715180 -0.047585
10008.133252000 -1.143857 -2.903758 1.619792 -0.023896 0.694612 0.717474 -0.046627
10008.166585000 -1.140182 -2.899332 1.612221 -0.022892 0.692021 0.720049 -0.045961
10008.199918000 -1.137820 -2.892723 1.605214 -0.021787 0.689729 0.722338 -0.045028
10008.233251000 -1.135074 -2.885740 1.598435 -0.020903 0.687519 0.724514 -0.044277
10008.266584000 -1.133594 -2.878506 1.591952 -0.019801 0.685351 0.726632 -0.043683
10008.299917000 -1.133353 -2.869297 1.585445 -0.018937 0.683400 0.728531 -0.042999
10008.333250000 -1.134451 -2.849329 1.572182 -0.017455 0.679943 0.731834 -0.042334
10008.366583000 -1.135914 -2.838342 1.566443 -0.017197 0.678667 0.733047 -0.041907
10008.399916000 -1.138994 -2.826346 1.560753 -0.016693 0.677469 0.734171 -0.041836
10008.433249000 -1.142137 -2.814028 1.555735 -0.016526 0.676580 0.735015 -0.041478
10008.466582000 -1.146094 -2.801234 1.550567 -0.016397 0.675672 0.735870 -0.041156
10008.499915000 -1.151205 -2.788476 1.546912 -0.016249 0.675114 0.736401 -0.040858
10008.533248000 -1.156523 -2.776755 1.542792 -0.016520 0.674705 0.736823 -0.039908
10008.566581000 -1.163246 -2.764843 1.538936 -0.016243 0.674386 0.737161 -0.039156
10008.599914000 -1.170647 -2.754452 1.535853 -0.015979 0.674317 0.737281 -0.038194
10008.633247000 -1.177433 -2.745500 1.533230 -0.015957 0.674357 0.737317 -0.036761
10008.666580000 -1.193944 -2.732649 1.528017 -0.014925 0.674554 0.737321 -0.033347
10008.699913000 -1.203180 -2.728159 1.526225 -0.014056 0.674740 0.737263 -0.031173
10008.733246000 -1.212192 -2.725031 1.524578 -0.013360 0.674957 0.737161 -0.029106
10008.766579000 -1.221770 -2.722280 1.523488 -0.013006 0.675327 0.736933 -0.026342
10008.799912000 -1.230596 -2.720239 1.522447 -0.011837 0.675464 0.736889 -0.024542
10008.833245000 -1.238233 -2.719636 1.520477 -0.011366 0.675431 0.736984 -0.022778
10008.866578000 -1.246258 -2.718770 1.519895 -0.010870 0.675342 0.737119 -0.021208
10008.899911000 -1.255994 -2.715793 1.518940 -0.010248 0.674977 0.737503 -0.019744
10008.933244000 -1.263021 -2.713081 1.517907 -0.010131 0.674389 0.738064 -0.018948
10008.966577000 -1.269578 -2.709460 1.516171 -0.010061 0.673359 0.739011 -0.018695
10008.999910000 -1.279523 -2.697537 1.513557 -0.010597 0.670374 0.741664 -0.020545
10009.033243000 -1.282033 -2.688466 1.511405 -0.011446 0.668052 0.743682 -0.022656
10009.066576000 -1.284402 -2.680463 1.509401 -0.012299 0.665483 0.745878 -0.025439
10009.099909000 -1.284505 -2.669902 1.506573 -0.013545 0.662416 0.748449 -0.029088
10009.133242000 -1.282700 -2.660479 1.503559 -0.014959 0.659059 0.751185 -0.033748
10009.166575000 -1.280054 -2.651440 1.500829 -0.016469 0.655350 0.754137 -0.039013
10009.199908000 -1.276051 -2.642087 1.496976 -0.018070 0.651298 0.757275 -0.044925
10009.233241000 -1.269219 -2.633908 1.493367 -0.020022 0.647091 0.760389 -0.051779
10009.266574000 -1.260592 -2.627376 1.489837 -0.022249 0.642772 0.763434 -0.059305
10009.299907000 -1.249708 -2.621083 1.485192 -0.024583 0.638296 0.766432 -0.067494
10009.333240000 -1.221591 -2.615118 1.475804 -0.029153 0.629697 0.771586 -0.085357
10009.366573000 -1.204673 -2.614526 1.470189 -0.031496 0.625643 0.773690 -0.094775
10009.399906000 -1.185761 -2.615755 1.464267 -0.033967 0.621845 0.775398 -0.104469
10009.433239000 -1.165781 -2.617323 1.457608 -0.036363 0.618168 0.776912 -0.113818
10009.466572000 -1.144699 -2.621153 1.449102 -0.038525 0.614656 0.778237 -0.122720
10009.499905000 -1.122951 -2.624563 1.441043 -0.040545 0.611748 0.778990 -0.131510
10009.533238000 -1.100217 -2.627797 1.431739 -0.042542 0.608824 0.779709 -0.139916
10009.566571000 -1.078491 -2.631277 1.421098 -0.044254 0.606454 0.780098 -0.147318
10009.599904000 -1.056181 -2.634070 1.409019 -0.045808 0.604092 0.780495 -0.154279
10009.633237000 -1.034852 -2.637762 1.396072 -0.046989 0.602435 0.780645 -0.159555
10009.666570000 -0.995454 -2.638094 1.365235 -0.048917 0.599444 0.781080 -0.167895
10009.699903000 -0.976826 -2.636397 1.348824 -0.049535 0.598427 0.781173 -0.170879
10009.733236000 -0.959270 -2.632813 1.330411 -0.049892 0.597453 0.781442 -0.172942
10009.766569000 -0.943097 -2.627846 1.313670 -0.050023 0.596856 0.781631 -0.174105
10009.799902000 -0.927837 -2.620808 1.295257 -0.050057 0.595978 0.782070 -0.175130
10009.833235000 -0.913433 -2.612299 1.279786 -0.050170 0.595516 0.782224 -0.175981
10009.866568000 -0.898322 -2.601288 1.265545 -0.050314 0.594985 0.782396 -0.176967
10009.899901000 -0.885045 -2.588813 1.252929 -0.050423 0.594299 0.782686 -0.177956
10009.933234000 -0.871339 -2.574287 1.242594 -0.050693 0.593677 0.782841 -0.179268
10009.966567000 -0.857436 -2.557855 1.234957 -0.050991 0.592732 0.783068 -0.181311
10009.999900000 -0.831175 -2.518131 1.231825 -0.052105 0.590629 0.783161 -0.187352
10010.033233000 -0.817669 -2.495594 1.235520 -0.053038 0.589290 0.783093 -0.191546
10010.066566000 -0.805389 -2.471677 1.242051 -0.053825 0.587768 0.783021 -0.196239
10010.099899000 -0.794441 -2.447406 1.250820 -0.054690 0.586039 0.783050 -0.200998
10010.133232000 -0.783501 -2.422683 1.262220 -0.055735 0.584264 0.783032 -0.205889
10010.166565000 -0.775318 -2.397995 1.274951 -0.056373 0.582346 0.783123 -0.210743
10010.199898000 -0.768301 -2.373429 1.288920 -0.056908 0.580306 0.783417 -0.215092
10010.233231000 -0.764098 -2.350401 1.304496 -0.057408 0.578301 0.783857 -0.218725
10010.266564000 -0.762536 -2.328421 1.319990 -0.057386 0.576235 0.784541 -0.221708
10010.299897000 -0.764891 -2.308698 1.334646 -0.057041 0.573908 0.785854 -0.223182
10010.333230000 -0.777365 -2.277322 1.361049 -0.055412 0.569444 0.789520 -0.222084
10010.366563000 -0.788804 -2.266064 1.373673 -0.054002 0.567358 0.792085 -0.218610
10010.399896000 -0.803616 -2.255675 1.383580 -0.052115 0.565112 0.795111 -0.213848
10010.433229000 -0.820060 -2.247165 1.392238 -0.050023 0.563124 0.798249 -0.207817
10010.466562000 -0.837654 -2.240032 1.400135 -0.047888 0.561590 0.801367 -0.200336
10010.499895000 -0.857143 -2.232286 1.406656 -0.045504 0.560277 0.804534 -0.191689
10010.533228000 -0.876883 -2.225309 1.411391 -0.042817 0.559270 0.807588 -0.182168
10010.566561000 -0.896878 -2.217151 1.414413 -0.040401 0.558684 0.810295 -0.172226
10010.599894000 -0.917160 -2.207911 1.414847 -0.037699 0.558631 0.812769 -0.160985
10010.633227000 -0.936425 -2.196567 1.414864 -0.034441 0.559314 0.814640 -0.149481
10010.666560000 -0.967783 -2.176581 1.412078 -0.030994 0.564510 0.814998 -0.127068
10010.699893000 -0.981882 -2.159890 1.406002 -0.029177 0.567375 0.814935 -0.114524
10010.733226000 -0.993783 -2.140224 1.398783 -0.026893 0.571129 0.813970 -0.102666
10010.766559000 -1.004955 -2.125952 1.385129 -0.024867 0.573573 0.813932 -0.088941
10010.799892000 -1.016018 -2.100289 1.377782 -0.022920 0.578899 0.811564 -0.075595
10010.833225000 -1.025373 -2.074670 1.368690 -0.020328 0.584000 0.809051 -0.062984
10010.866558000 -1.033146 -2.050908 1.358248 -0.016933 0.589374 0.806124 -0.050160
10010.899891000 -1.040753 -2.025539 1.347298 -0.013164 0.594214 0.803375 -0.036399
10010.933224000 -1.047583 -2.000607 1.336309 -0.009915 0.599298 0.800159 -0.022124
10010.966557000 -1.053318 -1.976661 1.325096 -0.006523 0.603478 0.797317 -0.007571
10010.999890000 -1.064439 -1.927186 1.303713 0.001863 0.608624 0.793074 0.024654
10011.033223000 -1.071887 -1.905709 1.294416 0.006911 0.610039 0.791204 0.042448
10011.066556000 -1.079348 -1.884182 1.283915 0.012256 0.609746 0.790064 0.062124
10011.099889000 -1.088012 -1.861967 1.274298 0.018484 0.608465 0.788901 0.084050
10011.133222000 -1.096555 -1.840722 1.264718 0.024796 0.605940 0.787890 0.107011
10011.166555000 -1.106025 -1.819790 1.256553 0.031890 0.602924 0.786127 0.132174
10011.199888000 -1.117099 -1.797959 1.247108 0.039223 0.598948 0.783734 0.159635
10011.233221000 -1.125891 -1.777054 1.238421 0.046187 0.594253 0.780916 0.186818
10011.266554000 -1.137920 -1.754806 1.229971 0.054014 0.590028 0.776167 0.215670
10011.299887000 -1.151599 -1.733078 1.222630 0.062130 0.585838 0.770100 0.244702
10011.333220000 -1.179820 -1.685367 1.208233 0.078478 0.578728 0.754545 0.299294
10011.366553000 -1.194848 -1.662207 1.200047 0.085671 0.575420 0.746342 0.323304
10011.399886000 -1.210582 -1.634832 1.192610 0.093576 0.572952 0.737571 0.344903
10011.433219000 -1.226692 -1.610379 1.185126 0.100529 0.570667 0.729327 0.363751
10011.466552000 -1.241980 -1.585370 1.176944 0.106667 0.568361 0.721436 0.380944
10011.499885000 -1.257526 -1.560555 1.167537 0.112306 0.565890 0.714451 0.395873
10011.533218000 -1.272221 -1.536352 1.158628 0.117182 0.563244 0.708159 0.409310
10011.566551000 -1.287087 -1.511933 1.147028 0.121645 0.559641 0.702552 0.422405
10011.599884000 -1.300169 -1.491346 1.135148 0.125048 0.556140 0.697853 0.433673
10011.633217000 -1.313170 -1.470524 1.121062 0.128026 0.551201 0.693587 0.445784
10011.666550000 -1.333401 -1.438853 1.087813 0.130448 0.538627 0.687018 0.469969
10011.699883000 -1.339850 -1.421924 1.069436 0.131891 0.529901 0.684427 0.483083
10011.733216000 -1.347661 -1.408836 1.048255 0.132819 0.520030 0.681961 0.496848
10011.766549000 -1.351737 -1.395980 1.025673 0.132558 0.508563 0.679555 0.511857
10011.799882000 -1.355093 -1.384233 1.002346 0.131691 0.496049 0.677319 0.527097
10011.833215000 -1.356992 -1.373867 0.976913 0.130041 0.482143 0.674687 0.543530
10011.866548000 -1.356497 -1.363312 0.951106 0.127010 0.466913 0.671399 0.561324
10011.899881000 -1.354439 -1.353042 0.922987 0.122740 0.450205 0.667795 0.579914
10011.933214000 -1.351414 -1.342255 0.895454 0.117842 0.433271 0.663399 0.598575
10011.966547000 -1.347862 -1.334229 0.867150 0.111207 0.416553 0.657979 0.617399
10011.999880000 -1.349217 -1.312542 0.824943 0.100425 0.391065 0.640480 0.653275
10012.033213000 -1.342984 -1.297052 0.794723 0.092641 0.374651 0.632897 0.671190
10012.066546000 -1.333307 -1.280670 0.762658 0.084492 0.357737 0.625395 0.688307
10012.099879000 -1.322352 -1.266725 0.731609 0.075576 0.342815 0.618746 0.702793
10012.133212000 -1.316992 -1.249565 0.705242 0.069182 0.331685 0.609119 0.717059
10012.166545000 -1.304992 -1.231586 0.676295 0.062155 0.318790 0.602078 0.729392
10012.199878000 -1.294887 -1.214298 0.648081 0.055913 0.308061 0.593996 0.741040
10012.233211000 -1.283711 -1.197225 0.623519 0.050527 0.298835 0.587761 0.750121
10012.266544000 -1.276193 -1.180646 0.602753 0.046886 0.293296 0.580455 0.758190
10012.299877000 -1.266746 -1.163890 0.583625 0.043645 0.287581 0.574793 0.764856
10012.333210000 -1.251056 -1.131926 0.558782 0.041421 0.282309 0.565322 0.773949
10012.366543000 -1.242909 -1.116078 0.550068 0.041530 0.280528 0.562092 0.776938
10012.399876000 -1.235687 -1.101478 0.543123 0.042733 0.279953 0.559479 0.778963
10012.433209000 -1.228440 -1.087063 0.539952 0.044739 0.280637 0.556858 0.780481
10012.466542000 -1.222443 -1.071864 0.537808 0.047669 0.281998 0.553850 0.781956
10012.499875000 -1.215544 -1.058137 0.533595 0.050086 0.282485 0.550214 0.784193
10012.533208000 -1.210470 -1.042968 0.530707 0.054030 0.283959 0.545601 0.786617
10012.566541000 -1.203480 -1.027798 0.525716 0.057410 0.283716 0.540098 0.790256
10012.599874000 -1.195948 -1.011536 0.518441 0.060991 0.282655 0.532294 0.795644
10012.633207000 -1.189149 -0.995182 0.508086 0.064457 0.280608 0.522925 0.802280
10012.666540000 -1.171639 -0.960025 0.475196 0.068855 0.270337 0.497036 0.821664
10012.699873000 -1.162453 -0.940417 0.453149 0.070708 0.262912 0.481170 0.833278
10012.733206000 -1.152124 -0.921985 0.427343 0.071519 0.254126 0.464016 0.845573
10012.766539000 -1.141699 -0.902337 0.399205 0.072022 0.244849 0.445846 0.857953
10012.799872000 -1.130020 -0.882499 0.369948 0.071917 0.234669 0.426931 0.870338
10012.833205000 -1.118909 -0.864280 0.338930 0.071032 0.224961 0.409986 0.881055
10012.866538000 -1.107448 -0.846019 0.307331 0.069616 0.215206 0.393623 0.891011
10012.899871000 -1.096949 -0.829118 0.277795 0.067650 0.206783 0.378824 0.899531
10012.933204000 -1.085993 -0.814243 0.247481 0.064010 0.198422 0.366234 0.906865
10012.966537000 -1.076603 -0.801111 0.220210 0.059739 0.191734 0.356817 0.912333
10012.999870000 -1.059367 -0.779683 0.171213 0.047554 0.180562 0.346792 0.919169
10013.033203000 -1.052631 -0.772341 0.151899 0.039898 0.176863 0.346401 0.920399
10013.066536000 -1.046655 -0.766211 0.134164 0.031245 0.173936 0.348744 0.920406
10013.099869000 -1.041753 -0.761716 0.118837 0.022296 0.171902 0.353702 0.919156
10013.133202000 -1.038107 -0.759299 0.106840 0.013029 0.170862 0.361113 0.916643
10013.166535000 -1.034348 -0.755934 0.096568 0.003712 0.169600 0.368586 0.913984
10013.199868000 -1.032218 -0.753633 0.086596 -0.004864 0.169250 0.378243 0.910090
10013.233201000 -1.030670 -0.751685 0.080222 -0.012906 0.169597 0.388647 0.905552
10013.266534000 -1.030398 -0.749991 0.074133 -0.019849 0.169797 0.398055 0.901292
10013.299867000 -1.030727 -0.748054 0.069033 -0.026140 0.170062 0.406928 0.897109
10013.333200000 -1.033508 -0.738280 0.061901 -0.033205 0.168975 0.414119 0.893784
10013.366533000 -1.035134 -0.732254 0.058446 -0.035280 0.167399 0.412465 0.894766
10013.399866000 -1.036656 -0.725605 0.055636 -0.036075 0.165374 0.407942 0.897181
10013.433199000 -1.037882 -0.718123 0.052497 -0.035841 0.163239 0.401541 0.900463
10013.466532000 -1.038569 -0.709831 0.050118 -0.034899 0.160856 0.393171 0.904613
10013.499865000 -1.037219 -0.701353 0.047879 -0.033303 0.158101 0.382848 0.909573
10013.533198000 -1.033407 -0.693048 0.045826 -0.031705 0.155476 0.372759 0.914261
10013.566531000 -1.027117 -0.685857 0.043001 -0.030328 0.152648 0.362573 0.918869
10013.599864000 -1.019177 -0.677739 0.040694 -0.028543 0.150142 0.353343 0.922926
10013.633197000 -1.007728 -0.669950 0.035982 -0.026710 0.147672 0.344281 0.926796
10013.666530000 -0.974334 -0.654337 0.024797 -0.024300 0.143345 0.330801 0.932433
10013.699863000 -0.952392 -0.647646 0.017914 -0.024175 0.141828 0.326968 0.934019
10013.733196000 -0.927973 -0.640361 0.011855 -0.024065 0.140516 0.323839 0.935310
10013.766529000 -0.902552 -0.633409 0.004690 -0.024756 0.139524 0.321616 0.936207
10013.799862000 -0.875170 -0.626264 -0.001298 -0.025468 0.138886 0.321029 0.936484
10013.833195000 -0.847369 -0.618497 -0.007561 -0.026210 0.138452 0.320797 0.936607
10013.866528000 -0.820339 -0.609981 -0.013299 -0.026895 0.138768 0.322698 0.935888
10013.899861000 -0.793893 -0.599623 -0.017398 -0.027368 0.139172 0.324000 0.935364
10013.933194000 -0.769321 -0.587740 -0.019889 -0.027089 0.140418 0.327963 0.933804
10013.966527000 -0.748184 -0.574196 -0.021903 -0.025986 0.142397 0.331674 0.932223
10013.999860000 -0.715515 -0.543563 -0.018651 -0.022601 0.148266 0.341665 0.927778
10014.033193000 -0.704364 -0.523673 -0.014341 -0.019208 0.151981 0.347546 0.925065
10014.066526000 -0.695070 -0.503017 -0.007861 -0.015650 0.155375 0.352662 0.922628
10014.099859000 -0.688122 -0.479522 0.000284 -0.011615 0.158852 0.357230 0.920335
10014.133192000 -0.683676 -0.456046 0.008759 -0.007329 0.162563 0.361882 0.917911
10014.166525000 -0.679164 -0.431569 0.020148 -0.003376 0.165946 0.365654 0.915832
10014.199858000 -0.674741 -0.407211 0.031347 0.000571 0.169280 0.369148 0.913824
10014.233191000 -0.671159 -0.381480 0.044418 0.004288 0.172465 0.372569 0.911828
10014.266524000 -0.665877 -0.357827 0.058589 0.007211 0.175131 0.375172 0.910232
10014.299857000 -0.658917 -0.333388 0.073717 0.009667 0.177560 0.377510 0.908771
10014.333190000 -0.637544 -0.285698 0.105353 0.013169 0.180290 0.380351 0.907003
10014.366523000 -0.623740 -0.264070 0.120791 0.013820 0.181231 0.381412 0.906360
10014.399856000 -0.607448 -0.243283 0.136713 0.013827 0.181558 0.381739 0.906157
10014.433189000 -0.588943 -0.223874 0.151491 0.013088 0.181178 0.381544 0.906326
10014.466522000 -0.568709 -0.205650 0.166019 0.011566 0.180291 0.380687 0.906884
10014.499855000 -0.547951 -0.189064 0.179079 0.009617 0.179283 0.378860 0.907871
10014.533188000 -0.526402 -0.172577 0.192199 0.007348 0.177541 0.376092 0.909384
10014.566521000 -0.503347 -0.156218 0.201953 0.005198 0.174619 0.371392 0.911893
10014.599854000 -0.480415 -0.141419 0.209023 0.002616 0.170851 0.366088 0.914758
10014.633187000 -0.456973 -0.125786 0.215431 0.000639 0.166192 0.357921 0.918843
10014.666520000 -0.413092 -0.101747 0.218866 -0.004486 0.155897 0.337454 0.928332
10014.699853000 -0.391240 -0.089672 0.216487 -0.006379 0.149137 0.323328 0.934439
10014.733186000 -0.371573 -0.078073 0.212256 -0.007735 0.142550 0.308065 0.940593
10014.766519000 -0.352113 -0.067889 0.206316 -0.009170 0.135217 0.291530 0.946912
10014.799852000 -0.334290 -0.057965 0.199111 -0.009931 0.128471 0.275448 0.952641
10014.833185000 -0.321744 -0.044714 0.192964 -0.008071 0.123113 0.257709 0.958313
10014.866518000 -0.307049 -0.032720 0.185494 -0.006865 0.116813 0.241759 0.963255
10014.899851000 -0.296405 -0.019706 0.178492 -0.004335 0.111888 0.226631 0.967523
10014.933184000 -0.288386 -0.006262 0.171009 -0.001485 0.107371 0.212228 0.971302
10014.966517000 -0.280956 0.008910 0.165364 0.002105 0.103418 0.200360 0.974247
10014.999850000 -0.274812 0.040422 0.157886 0.010136 0.098425 0.182420 0.978229
10015.033183000 -0.275859 0.059595 0.156014 0.015645 0.096962 0.175987 0.979480
10015.066516000 -0.279445 0.079470 0.157070 0.021349 0.097295 0.172058 0.980038
10015.099849000 -0.283322 0.101386 0.158468 0.028049 0.097035 0.167946 0.980608
10015.133182000 -0.287681 0.124613 0.159090 0.034960 0.096991 0.164488 0.980976
10015.166515000 -0.290989 0.146832 0.159440 0.041211 0.096901 0.162743 0.981033
10015.199848000 -0.295514 0.170782 0.162288 0.048516 0.097519 0.160518 0.981005
10015.233181000 -0.296564 0.196926 0.165202 0.057210 0.096784 0.157272 0.981135
10015.266514000 -0.300051 0.219150 0.157699 0.061855 0.095966 0.154136 0.981431
10015.299847000 -0.298468 0.239532 0.157318 0.067335 0.095272 0.149495 0.981856
10015.333180000 -0.288006 0.280825 0.147478 0.077440 0.091161 0.137213 0.983293
10015.366513000 -0.277745 0.299360 0.141936 0.082151 0.088279 0.130083 0.984143
10015.399846000 -0.264231 0.317417 0.137455 0.086854 0.084798 0.121556 0.985134
10015.433179000 -0.249605 0.333103 0.130270 0.090508 0.080981 0.113094 0.986134
10015.466512000 -0.233850 0.347831 0.123084 0.093878 0.076826 0.104674 0.987081
10015.499845000 -0.216411 0.361663 0.115610 0.096639 0.072026 0.095230 0.988132
10015.533178000 -0.198558 0.372061 0.108215 0.098267 0.067107 0.086278 0.989139
10015.566511000 -0.180976 0.381711 0.101316 0.099714 0.061931 0.076586 0.990129
10015.599844000 -0.164457 0.388968 0.095854 0.100663 0.056648 0.066442 0.991082
10015.633177000 -0.147625 0.393144 0.089944 0.100265 0.050943 0.056789 0.992032
10015.666510000 -0.120891 0.394449 0.084267 0.097440 0.039977 0.037722 0.993722
10015.699843000 -0.112194 0.392061 0.084215 0.095171 0.034969 0.028713 0.994432
10015.733176000 -0.104401 0.386538 0.084465 0.091820 0.029669 0.019147 0.995149
10015.766509000 -0.096681 0.381022 0.086942 0.088419 0.023594 0.008227 0.995770
10015.799842000 -0.090382 0.372250 0.089403 0.084023 0.017725 -0.002168 0.996304
10015.833175000 -0.086478 0.363094 0.093532 0.079443 0.011715 -0.013437 0.996680
10015.866508000 -0.081394 0.353925 0.098708 0.074907 0.004957 -0.026211 0.996834
10015.899841000 -0.077559 0.344203 0.104096 0.070302 -0.001628 -0.038947 0.996764
10015.933174000 -0.073996 0.333486 0.109857 0.065396 -0.008596 -0.052641 0.996433
10015.966507000 -0.069993 0.323707 0.115242 0.060909 -0.016105 -0.067658 0.995717
10015.999840000 -0.059589 0.306861 0.126767 0.053400 -0.032443 -0.100434 0.992980
10016.033173000 -0.055077 0.299392 0.132349 0.050374 -0.040520 -0.117467 0.990970
10016.066506000 -0.048268 0.293259 0.138244 0.048112 -0.049245 -0.135000 0.988451
10016.099839000 -0.041874 0.287318 0.143337 0.046322 -0.057680 -0.152107 0.985592
10016.133172000 -0.034690 0.279705 0.147311 0.044169 -0.066447 -0.170124 0.982187
10016.166505000 -0.027536 0.275202 0.149791 0.043355 -0.074374 -0.186467 0.978682
10016.199838000 -0.020780 0.268276 0.152879 0.041974 -0.082318 -0.202344 0.974945
10016.233171000 -0.012205 0.263190 0.154758 0.041741 -0.089889 -0.217722 0.970966
10016.266504000 -0.005142 0.255201 0.156065 0.040667 -0.097141 -0.232160 0.966960
10016.299837000 0.002407 0.247745 0.156559 0.039824 -0.103553 -0.244708 0.963228
10016.333170000 0.015763 0.230413 0.150855 0.037263 -0.113551 -0.266218 0.956476
10016.366503000 0.023088 0.222371 0.145330 0.036434 -0.117073 -0.275118 0.953560
10016.399836000 0.028283 0.211453 0.139905 0.034210 -0.119877 -0.282253 0.951206
10016.433169000 0.034921 0.200536 0.133609 0.032112 -0.122773 -0.289111 0.948847
10016.466502000 0.041350 0.188626 0.126488 0.029719 -0.124985 -0.295216 0.946754
10016.499835000 0.046923 0.177797 0.118975 0.027468 -0.126566 -0.300042 0.945093
10016.533168000 0.053450 0.167163 0.112740 0.025397 -0.127931 -0.304337 0.943593
10016.566501000 0.060548 0.157491 0.105695 0.023661 -0.129260 -0.308393 0.942139
10016.599834000 0.068513 0.147702 0.099932 0.022135 -0.130963 -0.313037 0.940408
10016.633167000 0.077024 0.139393 0.094781 0.020981 -0.132422 -0.316810 0.938965
10016.666500000 0.095010 0.124362 0.087625 0.019354 -0.135736 -0.324545 0.935880
10016.699833000 0.105293 0.119585 0.086178 0.019665 -0.137903 -0.328846 0.934054
10016.733166000 0.115605 0.114932 0.085758 0.020014 -0.140170 -0.333058 0.932215
10016.766499000 0.125122 0.111742 0.085837 0.020654 -0.142426 -0.336905 0.930475
10016.799832000 0.135698 0.108200 0.087960 0.021494 -0.145088 -0.341492 0.928370
10016.833165000 0.145067 0.105330 0.090153 0.022497 -0.148025 -0.346461 0.926038
10016.866498000 0.153427 0.102479 0.091869 0.023288 -0.150573 -0.350872 0.923945
10016.899831000 0.161564 0.099344 0.095145 0.024256 -0.153811 -0.356382 0.921274
10016.933164000 0.167388 0.096100 0.098576 0.024848 -0.156510 -0.361187 0.918929
10016.966497000 0.172042 0.092223 0.102223 0.025302 -0.159535 -0.366653 0.916228
10016.999830000 0.175979 0.082108 0.109956 0.025357 -0.165951 -0.379117 0.909993
10017.033163000 0.175277 0.075966 0.113770 0.024979 -0.169313 -0.386062 0.906458
10017.066496000 0.172361 0.068746 0.117138 0.024004 -0.172238 -0.392515 0.903156
10017.099829000 0.169133 0.061682 0.121617 0.023449 -0.175416 -0.399339 0.899560
10017.133162000 0.164484 0.053112 0.124311 0.022184 -0.178553 -0.406869 0.895591
10017.166495000 0.159788 0.044990 0.128200 0.021044 -0.181532 -0.413974 0.891756
10017.199828000 0.154300 0.037141 0.131959 0.019936 -0.184572 -0.421136 0.887795
10017.233161000 0.149208 0.027701 0.135209 0.018534 -0.187593 -0.428683 0.883570
10017.266494000 0.144673 0.019504 0.139256 0.017412 -0.190454 -0.435475 0.879651
10017.299827000 0.140956 0.010644 0.142095 0.016012 -0.193233 -0.442653 0.875478
10017.333160000 0.137497 -0.004948 0.149113 0.014336 -0.198205 -0.454467 0.868314
10017.366493000 0.138406 -0.012868 0.152840 0.013620 -0.200762 -0.460587 0.864505
10017.399826000 0.139410 -0.020457 0.156213 0.012780 -0.203001 -0.465975 0.861101
10017.433159000 0.142159 -0.029263 0.160047 0.012111 -0.205237 -0.471345 0.857651
10017.466492000 0.146936 -0.038146 0.163884 0.011829 -0.208004 -0.477033 0.853835
10017.499825000 0.152360 -0.047604 0.169319 0.011423 -0.211009 -0.483464 0.849474
10017.533158000 0.159004 -0.057719 0.174610 0.011522 -0.214313 -0.489978 0.844902
10017.566491000 0.166657 -0.070677 0.180027 0.011174 -0.217924 -0.497530 0.839552
10017.599824000 0.175031 -0.083720 0.185412 0.011181 -0.221677 -0.504821 0.834200
10017.633157000 0.184609 -0.099642 0.191115 0.011146 -0.226140 -0.513556 0.827645
10017.666490000 0.206764 -0.136908 0.205389 0.011785 -0.237065 -0.533848 0.811584
10017.699823000 0.219029 -0.158798 0.213373 0.012291 -0.243460 -0.545212 0.802073
10017.733156000 0.230758 -0.182239 0.222418 0.012820 -0.250128 -0.557116 0.791766
10017.766489000 0.243418 -0.205823 0.232260 0.013831 -0.257375 -0.568945 0.780941
10017.799822000 0.255613 -0.230479 0.241832 0.014695 -0.264741 -0.581190 0.769360
10017.833155000 0.267229 -0.254948 0.250670 0.015514 -0.271800 -0.592695 0.758022
10017.866488000 0.278047 -0.278136 0.260225 0.016443 -0.279008 -0.603666 0.746640
10017.899821000 0.286665 -0.301312 0.270548 0.017033 -0.285745 -0.614197 0.735406
10017.933154000 0.297116 -0.321787 0.279715 0.018327 -0.292496 -0.624388 0.724051
10017.966487000 0.304468 -0.340070 0.289694 0.019070 -0.298459 -0.633644 0.713480
10017.999820000 0.313606 -0.370593 0.308286 0.019632 -0.309315 -0.651159 0.692770
10018.033153000 0.314620 -0.381700 0.316987 0.019247 -0.313928 -0.659147 0.683084
10018.066486000 0.314275 -0.391288 0.324330 0.018545 -0.317809 -0.666912 0.673708
10018.099819000 0.312578 -0.398808 0.331938 0.017766 -0.321382 -0.674495 0.664421
10018.133152000 0.309241 -0.405704 0.337104 0.016638 -0.324370 -0.681616 0.655672
10018.166485000 0.304545 -0.411130 0.342080 0.015274 -0.327006 -0.688767 0.646864
10018.199818000 0.300233 -0.415946 0.345421 0.013966 -0.329360 -0.695567 0.638368
10018.233151000 0.293363 -0.422015 0.345784 0.011776 -0.330902 -0.702229 0.630269
10018.266484000 0.287885 -0.426665 0.345867 0.010615 -0.332171 -0.708414 0.622655
10018.299817000 0.281845 -0.433201 0.342927 0.008806 -0.333072 -0.714785 0.614872
10018.333150000 0.267274 -0.450396 0.330530 0.004868 -0.333658 -0.726825 0.600311
10018.366483000 0.260239 -0.462255 0.320111 0.002616 -0.333181 -0.732577 0.593561
10018.399816000 0.253849 -0.473425 0.307829 0.001018 -0.332339 -0.737810 0.587526
10018.433149000 0.248400 -0.485817 0.295571 -0.000491 -0.331524 -0.742296 0.582312
10018.466482000 0.242870 -0.501138 0.281225 -0.002174 -0.331122 -0.747188 0.576249
10018.499815000 0.238129 -0.516317 0.266296 -0.003864 -0.330365 -0.750931 0.571792
10018.533148000 0.234842 -0.533781 0.250637 -0.005370 -0.330040 -0.754969 0.566627
10018.566481000 0.233072 -0.550409 0.235162 -0.006480 -0.329731 -0.758037 0.562687
10018.599814000 0.231900 -0.568075 0.221312 -0.007343 -0.329789 -0.760976 0.558660
10018.633147000 0.232938 -0.584605 0.205895 -0.007910 -0.329718 -0.762538 0.556561
10018.666480000 0.238631 -0.617754 0.182783 -0.007875 -0.331399 -0.765314 0.551732
10018.699813000 0.244742 -0.634014 0.173414 -0.006988 -0.333008 -0.765652 0.550303
10018.733146000 0.252177 -0.648836 0.165327 -0.006053 -0.334366 -0.765224 0.550087
10018.766479000 0.259328 -0.663861 0.159744 -0.004895 -0.336204 -0.765022 0.549258
10018.799812000 0.267387 -0.678904 0.155093 -0.003668 -0.337994 -0.764424 0.549002
10018.833145000 0.274754 -0.693121 0.151338 -0.002540 -0.339233 -0.763354 0.549732
10018.866478000 0.280671 -0.707059 0.149513 -0.001631 -0.340463 -0.762651 0.549950
10018.899811000 0.286500 -0.720713 0.148490 -0.000778 -0.341260 -0.761448 0.551125
10018.933144000 0.289870 -0.735238 0.148148 -0.000425 -0.341395 -0.760572 0.552249
10018.966477000 0.291312 -0.748487 0.149615 -0.000287 -0.341071 -0.759661 0.553702
10018.999810000 0.285179 -0.775391 0.154914 -0.001768 -0.337882 -0.758590 0.557112
10019.033143000 0.277437 -0.789048 0.160108 -0.003209 -0.335527 -0.758658 0.558435
10019.066476000 0.266947 -0.801815 0.163927 -0.004934 -0.332308 -0.758313 0.560810
10019.099809000 0.254869 -0.815235 0.170334 -0.006719 -0.329401 -0.758533 0.562208
10019.133142000 0.239400 -0.828092 0.176209 -0.008930 -0.326265 -0.758793 0.563652
10019.166475000 0.222920 -0.841101 0.182307 -0.010866 -0.323569 -0.759624 0.564053
10019.199808000 0.205313 -0.854282 0.189907 -0.012515 -0.321519 -0.760522 0.563982
10019.233141000 0.185706 -0.866786 0.197036 -0.013898 -0.320100 -0.761933 0.562850
10019.266474000 0.164208 -0.878316 0.203582 -0.014934 -0.319127 -0.763577 0.561146
10019.299807000 0.143980 -0.889618 0.210395 -0.015025 -0.319938 -0.765383 0.558214
10019.333140000 0.100171 -0.909850 0.225017 -0.012471 -0.326219 -0.770831 0.547033
10019.366473000 0.078321 -0.920823 0.231489 -0.009932 -0.331987 -0.773985 0.539105
10019.399806000 0.055587 -0.930510 0.238370 -0.006784 -0.338812 -0.777032 0.530454
10019.433139000 0.033166 -0.939492 0.244016 -0.003451 -0.346210 -0.779834 0.521523
10019.466472000 0.010832 -0.948297 0.249302 0.000881 -0.354478 -0.782864 0.511340
10019.499805000 -0.012716 -0.956484 0.253501 0.004645 -0.362645 -0.785621 0.501265
10019.533138000 -0.037170 -0.965318 0.257723 -0.007854 0.371017 0.788303 -0.490778
10019.566471000 -0.061705 -0.974959 0.260002 -0.011051 0.378807 0.791274 -0.479863
10019.599804000 -0.085390 -0.983105 0.262966 -0.013579 0.385972 0.793878 -0.469680
10019.633137000 -0.110737 -0.992217 0.265651 -0.014857 0.392050 0.797302 -0.458677
10019.666470000 -0.163565 -1.011332 0.267572 -0.014405 0.399335 0.806442 -0.435861
10019.699803000 -0.189850 -1.021210 0.267702 -0.012863 0.400488 0.812410 -0.423596
10019.733136000 -0.216197 -1.031157 0.267024 -0.010674 0.400304 0.819005 -0.410941
10019.766469000 -0.242554 -1.040790 0.267594 -0.007977 0.399156 0.826206 -0.397485
10019.799802000 -0.268896 -1.050597 0.268435 -0.005240 0.397969 0.833814 -0.382555
10019.833135000 -0.294018 -1.061049 0.269709 -0.002530 0.396449 0.841405 -0.367232
10019.866468000 -0.318678 -1.070257 0.272979 -0.000200 0.395403 0.848768 -0.351069
10019.899801000 -0.341374 -1.078342 0.279826 0.001396 0.395496 0.855263 -0.334822
10019.933134000 -0.361942 -1.086856 0.288445 0.002569 0.396479 0.860963 -0.318655
10019.966467000 -0.381866 -1.095473 0.300166 0.003002 0.399197 0.865374 -0.302919
10019.999800000 -0.413347 -1.109553 0.333564 0.001568 0.409923 0.868566 -0.278486
10020.033133000 -0.426251 -1.116004 0.353980 -0.000095 0.417688 0.867761 -0.269308
10020.066466000 -0.436436 -1.122838 0.378905 -0.002477 0.427611 0.865056 -0.262339
10020.099799000 -0.445503 -1.129199 0.403731 -0.004868 0.437400 0.861626 -0.257407
10020.133132000 -0.452495 -1.135585 0.430438 -0.007704 0.447983 0.856866 -0.255017
10020.166465000 -0.457781 -1.142464 0.457202 -0.010791 0.458646 0.851546 -0.253766
10020.199798000 -0.462136 -1.150256 0.484216 -0.013787 0.468745 0.845994 -0.253737
10020.233131000 -0.464703 -1.159847 0.509832 -0.016973 0.478270 0.840238 -0.254892
10020.266464000 -0.466208 -1.169769 0.533813 -0.019924 0.486335 0.834723 -0.257524
10020.299797000 -0.467856 -1.181072 0.555197 -0.022561 0.492998 0.829784 -0.260580
10020.333130000 -0.467575 -1.208782 0.588834 -0.026678 0.500067 0.822510 -0.269627
10020.366463000 -0.466691 -1.224985 0.601306 -0.028176 0.500762 0.820036 -0.275653
10020.399796000 -0.465423 -1.244146 0.610556 -0.029152 0.499775 0.818441 -0.282008
10020.433129000 -0.463460 -1.262777 0.618650 -0.029745 0.497115 0.817467 -0.289378
10020.466462000 -0.461832 -1.281967 0.625498 -0.029980 0.493533 0.816992 -0.296734
10020.499795000 -0.460302 -1.301721 0.630710 -0.029989 0.488816 0.816796 -0.304967
10020.533128000 -0.457659 -1.322466 0.634867 -0.029674 0.483270 0.816740 -0.313854
10020.566461000 -0.454823 -1.342641 0.640411 -0.029370 0.477793 0.816516 -0.322729
10020.599794000 -0.452817 -1.363474 0.647238 -0.028672 0.472006 0.816458 -0.331337
10020.633127000 -0.451017 -1.382740 0.654308 -0.027937 0.465956 0.816378 -0.340048
10020.666460000 -0.446146 -1.418433 0.674884 -0.027042 0.456167 0.815229 -0.355784
10020.699793000 -0.443526 -1.434902 0.688810 -0.026697 0.452289 0.814019 -0.363450
10020.733126000 -0.442025 -1.451145 0.704726 -0.026371 0.449135 0.813329 -0.368888
10020.766459000 -0.440859 -1.465377 0.721968 -0.026195 0.446255 0.812464 -0.374263
10020.799792000 -0.438986 -1.479604 0.740004 -0.025871 0.443618 0.811470 -0.379539
10020.833125000 -0.436320 -1.493186 0.757924 -0.026115 0.441285 0.810575 -0.384126
10020.866458000 -0.433992 -1.506674 0.776830 -0.026145 0.439338 0.809787 -0.388000
10020.899791000 -0.431988 -1.520765 0.795605 -0.025893 0.437709 0.809181 -0.391110
10020.933124000 -0.430012 -1.535265 0.813979 -0.025854 0.436242 0.808846 -0.393438
10020.966457000 -0.427926 -1.549651 0.830854 -0.025465 0.434471 0.808928 -0.395249
10020.999790000 -0.422119 -1.581876 0.859946 -0.024347 0.430653 0.809637 -0.398036
10021.033123000 -0.419026 -1.598694 0.873178 -0.023272 0.428448 0.810402 -0.398923
10021.066456000 -0.416807 -1.617423 0.883136 -0.022052 0.425928 0.811981 -0.398480
10021.099789000 -0.414436 -1.635401 0.892253 -0.020652 0.423140 0.813841 -0.397729
10021.133122000 -0.412975 -1.653581 0.900756 -0.019029 0.420875 0.816197 -0.395379
10021.166455000 -0.410001 -1.672769 0.907101 -0.017818 0.418840 0.818744 -0.392320
10021.199788000 -0.408594 -1.691899 0.912755 -0.015872 0.416473 0.822096 -0.387886
10021.233121000 -0.406892 -1.711096 0.918630 -0.014420 0.415516 0.825440 -0.381820
10021.266454000 -0.406523 -1.731194 0.923665 -0.012894 0.414978 0.829594 -0.373365
10021.299787000 -0.405845 -1.750593 0.928810 -0.011672 0.415583 0.833568 -0.363758
10021.333120000 -0.407647 -1.789220 0.936612 -0.009164 0.418752 0.842679 -0.338311
10021.366453000 -0.410036 -1.808097 0.941960 -0.008270 0.422761 0.846983 -0.322218
10021.399786000 -0.413079 -1.826462 0.946390 -0.007822 0.427497 0.851524 -0.303467
10021.433119000 -0.415757 -1.843544 0.951748 -0.007805 0.434008 0.854670 -0.284809
10021.466452000 -0.421859 -1.860620 0.957408 -0.007552 0.441633 0.857303 -0.264453
10021.499785000 -0.427500 -1.876207 0.963085 -0.007765 0.450801 0.858635 -0.243853
10021.533118000 -0.435305 -1.891418 0.970253 -0.007948 0.461588 0.858542 -0.223111
10021.566451000 -0.444712 -1.904789 0.978689 -0.008129 0.473329 0.857228 -0.202617
10021.599784000 -0.455419 -1.918703 0.987136 -0.008326 0.486237 0.854361 -0.183227
