10000.000000000 0.000000 0.000000 0.000000 0.000000 0.000000 0.000000 1.000000
10000.033333000 0.010448 0.003356 -0.001788 0.002398 -0.004890 -0.001866 0.999983
10000.066666000 0.020684 0.007134 -0.002769 0.004304 -0.009430 -0.003980 0.999938
10000.099999000 0.030268 0.010304 -0.003155 0.005971 -0.013623 -0.005887 0.999872
10000.133332000 0.040604 0.013280 -0.003646 0.007385 -0.018229 -0.008665 0.999769
10000.166665000 0.051307 0.015921 -0.003969 0.008710 -0.022903 -0.011355 0.999635
10000.199998000 0.061047 0.018935 -0.004414 0.009858 -0.027199 -0.014383 0.999478
10000.233331000 0.071678 0.021222 -0.004089 0.010861 -0.031823 -0.017599 0.999280
10000.266664000 0.081297 0.023974 -0.003177 0.011725 -0.036135 -0.021184 0.999054
10000.299997000 0.091221 0.026028 -0.002936 0.012218 -0.040000 -0.023947 0.998838
10000.333330000 0.110255 0.029752 -0.002629 0.013383 -0.048457 -0.031300 0.998245
10000.366663000 0.120256 0.031480 -0.002316 0.013845 -0.052261 -0.033928 0.997961
10000.399996000 0.129192 0.034381 -0.001389 0.014829 -0.056124 -0.037124 0.997623
10000.433329000 0.138868 0.036321 -0.001052 0.015811 -0.060157 -0.039955 0.997264
10000.466662000 0.147551 0.039168 -0.001485 0.017010 -0.063814 -0.042478 0.996912
10000.499995000 0.155971 0.041169 -0.001898 0.018246 -0.067363 -0.044506 0.996568
10000.533328000 0.164492 0.043754 -0.002136 0.019632 -0.070906 -0.046387 0.996210
10000.566661000 0.173157 0.046170 -0.002559 0.021207 -0.074475 -0.047732 0.995854
10000.599994000 0.180756 0.049672 -0.003373 0.023092 -0.077665 -0.048761 0.995519
10000.633327000 0.189054 0.052232 -0.005150 0.025372 -0.081366 -0.049644 0.995124
10000.666660000 0.203399 0.059599 -0.008188 0.030945 -0.087693 -0.048873 0.994467
10000.699993000 0.210618 0.063704 -0.011128 0.034023 -0.090538 -0.047926 0.994157
10000.733326000 0.217487 0.067603 -0.014174 0.037715 -0.093676 -0.047192 0.993768
10000.766659000 0.224533 0.071307 -0.015664 0.041715 -0.097022 -0.046436 0.993323
10000.799992000 0.231951 0.074361 -0.017818 0.045318 -0.100041 -0.046032 0.992884
10000.833325000 0.240180 0.077627 -0.018883 0.049644 -0.103925 -0.046624 0.992251
10000.866658000 0.248414 0.080832 -0.019823 0.054429 -0.107254 -0.047282 0.991614
10000.899991000 0.257155 0.082456 -0.019605 0.058678 -0.110279 -0.049358 0.990939
10000.933324000 0.267432 0.083759 -0.017262 0.063540 -0.114494 -0.052924 0.989976
10000.966657000 0.278929 0.084243 -0.014357 0.067923 -0.118835 -0.057551 0.988915
10000.999990000 0.305822 0.082275 -0.005039 0.077793 -0.127669 -0.071971 0.986138
10001.033323000 0.320490 0.080262 0.002323 0.082523 -0.132207 -0.081651 0.984401
10001.066656000 0.335898 0.075464 0.010390 0.086654 -0.137622 -0.091979 0.982391
10001.099989000 0.351423 0.070195 0.018750 0.090729 -0.142654 -0.102500 0.980261
10001.133322000 0.364348 0.066591 0.026497 0.094758 -0.147397 -0.113230 0.977995
10001.166655000 0.377434 0.062581 0.034497 0.099245 -0.152598 -0.123972 0.975446
10001.199988000 0.389910 0.056370 0.040449 0.102389 -0.157784 -0.134199 0.972939
10001.233321000 0.399481 0.052270 0.045479 0.105425 -0.163245 -0.144044 0.970303
10001.266654000 0.405917 0.047264 0.047770 0.107669 -0.168353 -0.153020 0.967807
10001.299987000 0.410298 0.042653 0.048175 0.109295 -0.173330 -0.160728 0.965494
10001.333320000 0.407087 0.033681 0.039513 0.109204 -0.182478 -0.172947 0.961699
10001.366653000 0.400528 0.030950 0.030560 0.108671 -0.187013 -0.176988 0.960152
10001.399986000 0.391226 0.028622 0.019421 0.106605 -0.191068 -0.180711 0.958891
10001.433319000 0.378535 0.028057 0.005875 0.104765 -0.194171 -0.183492 0.957942
10001.466652000 0.367004 0.025777 -0.008039 0.101863 -0.197703 -0.185253 0.957193
10001.499985000 0.353031 0.024949 -0.022693 0.098665 -0.200470 -0.186487 0.956713
10001.533318000 0.339825 0.024771 -0.038296 0.095247 -0.202762 -0.187442 0.956390
10001.566651000 0.327540 0.025023 -0.053215 0.091981 -0.204483 -0.187700 0.956292
10001.599984000 0.317158 0.026558 -0.067318 0.088953 -0.205590 -0.187654 0.956350
10001.633317000 0.308084 0.027500 -0.079793 0.085858 -0.206475 -0.187487 0.956476
10001.666650000 0.300902 0.031797 -0.098962 0.081338 -0.206732 -0.186630 0.956982
10001.699983000 0.301821 0.034889 -0.105194 0.079861 -0.205883 -0.186475 0.957320
10001.733316000 0.305505 0.038315 -0.109308 0.079649 -0.204715 -0.185818 0.957716
10001.766649000 0.312138 0.041144 -0.111652 0.078726 -0.203989 -0.185445 0.958019
10001.799982000 0.321273 0.045361 -0.111759 0.079157 -0.203296 -0.185189 0.958180
10001.833315000 0.330920 0.048783 -0.111173 0.079374 -0.201896 -0.185047 0.958486
10001.866648000 0.343409 0.051412 -0.109876 0.080184 -0.201545 -0.185015 0.958499
10001.899981000 0.356319 0.053912 -0.106854 0.080766 -0.201585 -0.185182 0.958409
10001.933314000 0.370607 0.056177 -0.103681 0.081298 -0.202352 -0.185635 0.958115
10001.966647000 0.383998 0.056922 -0.099489 0.082042 -0.203839 -0.186129 0.957640
10001.999980000 0.412868 0.055785 -0.090331 0.083620 -0.210767 -0.188324 0.955573
10002.033313000 0.426889 0.055104 -0.085967 0.084665 -0.215784 -0.189452 0.954137
10002.066646000 0.439217 0.052592 -0.080886 0.085077 -0.220744 -0.190705 0.952715
10002.099979000 0.451602 0.049816 -0.076654 0.085652 -0.226959 -0.193091 0.950720
10002.133312000 0.463422 0.045998 -0.071570 0.085975 -0.233581 -0.194824 0.948732
10002.166645000 0.474911 0.042200 -0.066662 0.085986 -0.240817 -0.196436 0.946587
10002.199978000 0.485217 0.036358 -0.061776 0.085173 -0.247610 -0.198597 0.944454
10002.233311000 0.495011 0.031287 -0.056459 0.084385 -0.255324 -0.200819 0.941998
10002.266644000 0.503661 0.023953 -0.050542 0.082543 -0.262033 -0.203074 0.939833
10002.299977000 0.511991 0.017488 -0.046006 0.080757 -0.269082 -0.204783 0.937623
10002.333310000 0.524253 0.002535 -0.032700 0.075098 -0.281374 -0.209852 0.933355
10002.366643000 0.528779 -0.005964 -0.027121 0.071396 -0.286555 -0.212054 0.931570
10002.399976000 0.533432 -0.012950 -0.021183 0.067825 -0.291187 -0.214086 0.929934
10002.433309000 0.535828 -0.020919 -0.014644 0.063909 -0.295665 -0.216762 0.928177
10002.466642000 0.538236 -0.028616 -0.008873 0.060031 -0.299246 -0.218702 0.926832
10002.499975000 0.539661 -0.036297 -0.002800 0.056237 -0.302242 -0.220985 0.925556
10002.533308000 0.541015 -0.043362 0.002609 0.053184 -0.304942 -0.222909 0.924388
10002.566641000 0.542001 -0.049174 0.008370 0.051365 -0.306996 -0.224228 0.923492
10002.599974000 0.542630 -0.055125 0.012949 0.050026 -0.308516 -0.225666 0.922708
10002.633307000 0.542348 -0.060350 0.016600 0.049741 -0.309289 -0.226468 0.922268
10002.666640000 0.543102 -0.068184 0.022642 0.053327 -0.309656 -0.226622 0.921907
10002.699973000 0.542978 -0.071126 0.025151 0.056659 -0.308729 -0.225998 0.922172
10002.733306000 0.543131 -0.072299 0.025984 0.061402 -0.307787 -0.224843 0.922466
10002.766639000 0.542478 -0.073635 0.027051 0.067044 -0.305674 -0.223001 0.923222
10002.799972000 0.542399 -0.074032 0.027574 0.073606 -0.303515 -0.220369 0.924066
10002.833305000 0.542189 -0.073260 0.027059 0.080783 -0.300673 -0.217377 0.925104
10002.866638000 0.543002 -0.072590 0.026655 0.088185 -0.298173 -0.214365 0.925940
10002.899971000 0.542460 -0.071132 0.025322 0.095408 -0.294462 -0.210310 0.927340
10002.933304000 0.542989 -0.069451 0.024165 0.102370 -0.291780 -0.206180 0.928372
10002.966637000 0.542556 -0.067793 0.022798 0.108584 -0.288082 -0.201664 0.929812
10002.999970000 0.542635 -0.061375 0.018545 0.118973 -0.280743 -0.191146 0.933002
10003.033303000 0.543045 -0.059069 0.016682 0.122728 -0.277499 -0.185732 0.934578
10003.066636000 0.542444 -0.056436 0.014435 0.126049 -0.273615 -0.179972 0.936406
10003.099969000 0.542528 -0.054094 0.012463 0.128153 -0.270563 -0.174431 0.938054
10003.133302000 0.543291 -0.052564 0.011340 0.129515 -0.267994 -0.168911 0.939614
10003.166635000 0.543017 -0.051872 0.010684 0.130856 -0.264944 -0.163851 0.941188
10003.199968000 0.542798 -0.051139 0.010054 0.131473 -0.262245 -0.158797 0.942723
10003.233301000 0.543304 -0.052388 0.011413 0.131742 -0.260204 -0.154386 0.943983
10003.266634000 0.542979 -0.054919 0.013168 0.132263 -0.257805 -0.150322 0.945223
10003.299967000 0.542917 -0.058482 0.016237 0.132456 -0.255965 -0.146876 0.946237
10003.333300000 0.543889 -0.073560 0.027008 0.131623 -0.253372 -0.142184 0.947767
10003.366633000 0.543726 -0.083392 0.034200 0.131238 -0.252377 -0.141012 0.948261
10003.399966000 0.543796 -0.093005 0.042043 0.131639 -0.251331 -0.140013 0.948631
10003.433299000 0.545440 -0.104761 0.050428 0.130854 -0.251390 -0.139831 0.948751
10003.466632000 0.546390 -0.114431 0.058058 0.131313 -0.250889 -0.140020 0.948792
10003.499965000 0.548756 -0.124592 0.066014 0.131060 -0.251213 -0.140490 0.948672
10003.533298000 0.550716 -0.133796 0.072505 0.130921 -0.251244 -0.140881 0.948625
10003.566631000 0.552968 -0.138945 0.077286 0.131467 -0.251307 -0.141457 0.948447
10003.599964000 0.557093 -0.142134 0.080699 0.131937 -0.252145 -0.142197 0.948048
10003.633297000 0.561021 -0.142785 0.081669 0.131872 -0.252901 -0.143108 0.947719
10003.666630000 0.572502 -0.131853 0.075729 0.133000 -0.254579 -0.144129 0.946957
10003.699963000 0.579810 -0.119824 0.068456 0.134095 -0.255871 -0.144400 0.946413
10003.733296000 0.586834 -0.105603 0.059237 0.134749 -0.256590 -0.144645 0.946088
10003.766629000 0.593681 -0.089159 0.047795 0.135595 -0.257277 -0.144466 0.945808
10003.799962000 0.600018 -0.070348 0.035319 0.136553 -0.257498 -0.144252 0.945642
10003.833295000 0.605862 -0.050215 0.021748 0.137318 -0.257358 -0.143925 0.945620
10003.866628000 0.610902 -0.029839 0.007623 0.138114 -0.257153 -0.143341 0.945648
10003.899961000 0.613756 -0.009686 -0.005810 0.138357 -0.256264 -0.143148 0.945883
10003.933294000 0.615843 0.006768 -0.018882 0.137732 -0.255372 -0.142667 0.946288
10003.966627000 0.615671 0.023396 -0.031418 0.137804 -0.253426 -0.141956 0.946908
10003.999960000 0.606649 0.051013 -0.052481 0.137071 -0.247606 -0.141369 0.948640
10004.033293000 0.598753 0.059307 -0.060627 0.136278 -0.243707 -0.140686 0.949865
10004.066626000 0.590015 0.064200 -0.066086 0.134956 -0.240050 -0.140526 0.951008
10004.099959000 0.579804 0.067979 -0.070425 0.133905 -0.235747 -0.140119 0.952292
10004.133292000 0.568432 0.068901 -0.072229 0.132715 -0.231603 -0.140008 0.953491
10004.166625000 0.557176 0.065361 -0.072154 0.130958 -0.227581 -0.139842 0.954726
10004.199958000 0.546324 0.060043 -0.070168 0.129319 -0.223854 -0.139694 0.955851
10004.233291000 0.537511 0.051083 -0.064533 0.127601 -0.221312 -0.140086 0.956616
10004.266624000 0.528565 0.041195 -0.057630 0.126237 -0.218712 -0.140190 0.957380
10004.299957000 0.522665 0.027652 -0.049079 0.124269 -0.217722 -0.140379 0.957835
10004.333290000 0.519959 -0.008886 -0.023239 0.120557 -0.220604 -0.141820 0.957438
10004.366623000 0.522151 -0.028998 -0.007553 0.119288 -0.223765 -0.142756 0.956724
10004.399956000 0.526522 -0.051850 0.009813 0.117492 -0.228483 -0.144061 0.955635
10004.433289000 0.532802 -0.074966 0.027811 0.115959 -0.234037 -0.145293 0.954290
10004.466622000 0.542117 -0.099030 0.046987 0.114209 -0.241321 -0.147083 0.952411
10004.499955000 0.550499 -0.123367 0.065962 0.112368 -0.248969 -0.148829 0.950388
10004.533288000 0.559819 -0.145944 0.083740 0.110594 -0.256968 -0.150659 0.948176
10004.566621000 0.569782 -0.166883 0.100796 0.109122 -0.265531 -0.152528 0.945686
10004.599954000 0.578890 -0.187422 0.117214 0.106487 -0.273992 -0.154800 0.943200
10004.633287000 0.586741 -0.203577 0.130534 0.104758 -0.281921 -0.156490 0.940775
10004.666620000 0.599603 -0.228768 0.150566 0.100297 -0.295661 -0.160170 0.936414
10004.699953000 0.602136 -0.235175 0.156033 0.098141 -0.300433 -0.161668 0.934865
10004.733286000 0.603723 -0.240607 0.160115 0.095046 -0.304556 -0.163391 0.933550
10004.766619000 0.605767 -0.244088 0.163111 0.092493 -0.308738 -0.164932 0.932160
10004.799952000 0.606476 -0.246758 0.165038 0.090054 -0.311573 -0.166318 0.931209
10004.833285000 0.606404 -0.249862 0.167749 0.087008 -0.314060 -0.167829 0.930392
10004.866618000 0.607521 -0.253483 0.170491 0.084029 -0.316362 -0.169261 0.929626
10004.899951000 0.608356 -0.258863 0.174513 0.080863 -0.318330 -0.170761 0.928961
10004.933284000 0.609704 -0.266455 0.180425 0.078097 -0.320392 -0.172147 0.928232
10004.966617000 0.613527 -0.278150 0.189361 0.074693 -0.323164 -0.173860 0.927232
10004.999950000 0.623873 -0.312258 0.216043 0.067824 -0.328965 -0.177581 0.925012
10005.033283000 0.630262 -0.335074 0.233789 0.064051 -0.332166 -0.179610 0.923745
10005.066616000 0.638533 -0.360371 0.253390 0.060730 -0.335980 -0.181541 0.922211
10005.099949000 0.647254 -0.387234 0.274431 0.056712 -0.340061 -0.183864 0.920509
10005.133282000 0.656464 -0.414946 0.296176 0.053066 -0.344412 -0.186180 0.918641
10005.166615000 0.665189 -0.440352 0.316293 0.050314 -0.348467 -0.188191 0.916855
10005.199948000 0.673011 -0.464534 0.335427 0.047041 -0.352286 -0.190158 0.915162
10005.233281000 0.679702 -0.486256 0.352022 0.044271 -0.355922 -0.191890 0.913531
10005.266614000 0.686577 -0.503739 0.365912 0.041845 -0.359496 -0.193646 0.911873
10005.299947000 0.690200 -0.515255 0.374992 0.040031 -0.362214 -0.194943 0.910602
10005.333280000 0.691757 -0.520807 0.379227 0.036993 -0.365801 -0.196927 0.908868
10005.366613000 0.689591 -0.513560 0.373863 0.036660 -0.366835 -0.196868 0.908477
10005.399946000 0.685469 -0.501126 0.364194 0.036401 -0.367214 -0.197102 0.908284
10005.433279000 0.680550 -0.486267 0.351284 0.036098 -0.367020 -0.197211 0.908351
10005.466612000 0.674087 -0.466991 0.336315 0.036515 -0.366593 -0.197031 0.908546
10005.499945000 0.667736 -0.447865 0.320977 0.036659 -0.366161 -0.196403 0.908850
10005.533278000 0.660827 -0.427266 0.305018 0.037316 -0.365415 -0.195952 0.909221
10005.566611000 0.654605 -0.408275 0.289973 0.037754 -0.364451 -0.196036 0.909571
10005.599944000 0.648816 -0.390726 0.276589 0.037964 -0.364349 -0.196027 0.909605
10005.633277000 0.644121 -0.376348 0.266537 0.038633 -0.364128 -0.195640 0.909749
10005.666610000 0.639618 -0.362947 0.257216 0.038941 -0.364738 -0.196634 0.909277
10005.699943000 0.640064 -0.363659 0.257968 0.038452 -0.365595 -0.197446 0.908778
10005.733276000 0.641427 -0.367643 0.262421 0.038301 -0.366552 -0.198126 0.908251
10005.766609000 0.644017 -0.375439 0.268465 0.037762 -0.367371 -0.198978 0.907756
10005.799942000 0.647121 -0.384738 0.276999 0.037625 -0.368328 -0.199711 0.907212
10005.833275000 0.650865 -0.396226 0.286172 0.037115 -0.369131 -0.200551 0.906721
10005.866608000 0.654652 -0.407435 0.295084 0.037162 -0.369083 -0.200481 0.906755
10005.899941000 0.658493 -0.419064 0.304119 0.036934 -0.369104 -0.200055 0.906849
10005.933274000 0.661967 -0.429762 0.311339 0.037032 -0.368177 -0.199320 0.907384
10005.966607000 0.664739 -0.438755 0.316977 0.037445 -0.366732 -0.198302 0.908175
10005.999940000 0.667013 -0.445734 0.319138 0.039834 -0.360930 -0.192896 0.911556
10006.033273000 0.666476 -0.444365 0.315630 0.041866 -0.356647 -0.189390 0.913882
10006.066606000 0.665258 -0.440954 0.310353 0.044184 -0.352014 -0.185666 0.916331
10006.099939000 0.663651 -0.435516 0.302870 0.046331 -0.347390 -0.182229 0.918676
10006.133272000 0.661041 -0.427715 0.295467 0.049483 -0.342661 -0.178693 0.920980
10006.166605000 0.658152 -0.419396 0.286255 0.052330 -0.337839 -0.175747 0.923168
10006.199938000 0.654811 -0.409043 0.278325 0.055606 -0.333996 -0.173362 0.924824
10006.233271000 0.651271 -0.397988 0.270903 0.059774 -0.330013 -0.171836 0.926278
10006.266604000 0.648007 -0.388111 0.265648 0.063178 -0.327678 -0.171815 0.926885
10006.299937000 0.644498 -0.376471 0.261636 0.067410 -0.325833 -0.172453 0.927118
10006.333270000 0.638583 -0.357570 0.261819 0.075781 -0.325835 -0.179225 0.925185
10006.366603000 0.636378 -0.349929 0.266767 0.080186 -0.327893 -0.184994 0.922948
10006.399936000 0.635079 -0.342019 0.274128 0.085337 -0.330873 -0.192352 0.919914
10006.433269000 0.633091 -0.336997 0.282799 0.089211 -0.334633 -0.200560 0.916427
10006.466602000 0.631708 -0.330785 0.293053 0.093962 -0.339743 -0.209593 0.912040
10006.499935000 0.630587 -0.324745 0.303642 0.099329 -0.345405 -0.219244 0.907062
10006.533268000 0.629335 -0.320497 0.315218 0.103799 -0.351533 -0.228947 0.901795
10006.566601000 0.628307 -0.316335 0.325266 0.107839 -0.357704 -0.238455 0.896414
10006.599934000 0.627846 -0.311507 0.333969 0.111119 -0.364021 -0.248214 0.890804
10006.633267000 0.626578 -0.307960 0.342887 0.114247 -0.371034 -0.256704 0.885090
10006.666600000 0.625339 -0.300438 0.351803 0.116871 -0.383051 -0.270639 0.875424
10006.699933000 0.623717 -0.299536 0.357355 0.115585 -0.389993 -0.275449 0.871019
10006.733266000 0.623043 -0.297370 0.357966 0.114529 -0.395378 -0.279277 0.867504
10006.766599000 0.621966 -0.293980 0.356772 0.111967 -0.400083 -0.282123 0.864756
10006.799932000 0.621614 -0.292505 0.355385 0.109664 -0.404768 -0.284260 0.862168
10006.833265000 0.621253 -0.292502 0.352793 0.105717 -0.408904 -0.285944 0.860150
10006.866598000 0.621107 -0.292022 0.350913 0.102415 -0.412677 -0.286789 0.858464
10006.899931000 0.621369 -0.293643 0.348666 0.098056 -0.416125 -0.287553 0.857052
10006.933264000 0.622118 -0.296337 0.348243 0.093757 -0.419493 -0.288258 0.855653
10006.966597000 0.623375 -0.300182 0.348734 0.089721 -0.423018 -0.288328 0.854326
10006.999930000 0.627560 -0.313627 0.355417 0.082901 -0.429080 -0.289773 0.851498
10007.033263000 0.630491 -0.322867 0.361476 0.080366 -0.432268 -0.291262 0.849619
10007.066596000 0.633010 -0.333402 0.368420 0.077189 -0.434886 -0.292980 0.847985
10007.099929000 0.636490 -0.344215 0.377223 0.075349 -0.437846 -0.294016 0.846267
10007.133262000 0.640242 -0.356649 0.387230 0.073614 -0.441252 -0.296336 0.843838
10007.166595000 0.644507 -0.368579 0.396519 0.072242 -0.443609 -0.297456 0.842325
10007.199928000 0.648680 -0.381131 0.407724 0.071033 -0.446050 -0.299154 0.840536
10007.233261000 0.652769 -0.394262 0.417899 0.069713 -0.448440 -0.300959 0.838729
10007.266594000 0.657041 -0.406886 0.429030 0.069142 -0.451369 -0.302374 0.836693
10007.299927000 0.660867 -0.418008 0.438108 0.068872 -0.452997 -0.303477 0.835435
10007.333260000 0.669938 -0.438206 0.455845 0.069525 -0.456738 -0.304860 0.832837
10007.366593000 0.673233 -0.446722 0.464070 0.070177 -0.457987 -0.304604 0.832190
10007.399926000 0.676950 -0.455501 0.470921 0.070070 -0.459514 -0.304827 0.831274
10007.433259000 0.679223 -0.462144 0.476768 0.070654 -0.459389 -0.304496 0.831416
10007.466592000 0.682639 -0.468905 0.482302 0.071055 -0.459950 -0.304261 0.831157
10007.499925000 0.685718 -0.475266 0.487570 0.070649 -0.460322 -0.304607 0.830859
10007.533258000 0.687338 -0.481123 0.492368 0.070601 -0.459654 -0.303913 0.831487
10007.566591000 0.688462 -0.487434 0.497028 0.069462 -0.458968 -0.304412 0.831779
10007.599924000 0.690329 -0.493366 0.500363 0.068278 -0.457718 -0.304914 0.832382
10007.633257000 0.690217 -0.499228 0.504807 0.066900 -0.455738 -0.305469 0.833376
10007.666590000 0.689487 -0.512872 0.514642 0.061698 -0.451899 -0.307914 0.834967
10007.699923000 0.687714 -0.520102 0.519422 0.058094 -0.448757 -0.310083 0.836117
10007.733256000 0.686104 -0.528015 0.525034 0.054153 -0.446093 -0.311989 0.837097
10007.766589000 0.684595 -0.535631 0.530414 0.050254 -0.443168 -0.314402 0.837991
10007.799922000 0.682331 -0.544449 0.534804 0.045201 -0.439629 -0.316707 0.839273
10007.833255000 0.679878 -0.552955 0.540397 0.040410 -0.436419 -0.318857 0.840379
10007.866588000 0.676555 -0.561942 0.546771 0.035608 -0.433540 -0.321242 0.841177
10007.899921000 0.674146 -0.569458 0.552594 0.031706 -0.430131 -0.322737 0.842510
10007.933254000 0.671836 -0.578312 0.558732 0.027405 -0.427572 -0.324721 0.843201
10007.966587000 0.669355 -0.586512 0.564486 0.023348 -0.424886 -0.325875 0.844235
10007.999920000 0.666544 -0.603299 0.576147 0.016455 -0.421057 -0.327165 0.845815
10008.033253000 0.665923 -0.610556 0.582686 0.014431 -0.420138 -0.327055 0.846352
10008.066586000 0.665424 -0.618312 0.588494 0.012183 -0.419552 -0.327019 0.846691
10008.099919000 0.665687 -0.625667 0.593905 0.011069 -0.418843 -0.326930 0.847092
10008.133252000 0.667060 -0.632959 0.600766 0.010307 -0.419178 -0.326200 0.847217
10008.166585000 0.669224 -0.639089 0.606822 0.010449 -0.419909 -0.325736 0.847032
10008.199918000 0.672235 -0.645156 0.613151 0.011614 -0.420803 -0.325265 0.846755
10008.233251000 0.675399 -0.651066 0.619445 0.013011 -0.421252 -0.324532 0.846792
10008.266584000 0.680186 -0.655776 0.624928 0.015485 -0.422164 -0.324451 0.846327
10008.299917000 0.684947 -0.660740 0.631812 0.018712 -0.423429 -0.324612 0.845568
10008.333250000 0.699426 -0.668764 0.645687 0.027201 -0.425820 -0.326899 0.843252
10008.366583000 0.707894 -0.671689 0.651506 0.032841 -0.427217 -0.328757 0.841621
10008.399916000 0.717395 -0.674833 0.659321 0.038509 -0.428610 -0.330945 0.839813
10008.433249000 0.726879 -0.679007 0.665308 0.044186 -0.429678 -0.333809 0.837852
10008.466582000 0.738580 -0.681549 0.671900 0.050490 -0.431464 -0.336630 0.835446
10008.499915000 0.749972 -0.684156 0.677013 0.056770 -0.432547 -0.339802 0.833195
10008.533248000 0.761925 -0.689125 0.682674 0.061393 -0.433841 -0.343408 0.830713
10008.566581000 0.773991 -0.693954 0.686928 0.066052 -0.435636 -0.346975 0.827929
10008.599914000 0.786107 -0.699119 0.690193 0.070243 -0.436973 -0.350907 0.825218
10008.633247000 0.799062 -0.705640 0.693687 0.073764 -0.439662 -0.354870 0.821781
10008.666580000 0.824948 -0.721485 0.695812 0.076560 -0.444774 -0.362303 0.815507
10008.699913000 0.837417 -0.731963 0.695645 0.076624 -0.447634 -0.366034 0.812263
10008.733246000 0.850678 -0.741872 0.694061 0.075785 -0.450666 -0.369105 0.809270
10008.766579000 0.863436 -0.753611 0.692214 0.073817 -0.454032 -0.372287 0.806107
10008.799912000 0.876056 -0.764389 0.689735 0.071757 -0.457575 -0.374375 0.803318
10008.833245000 0.888773 -0.775179 0.687213 0.069829 -0.460993 -0.376398 0.800584
10008.866578000 0.900548 -0.785773 0.683623 0.067196 -0.463816 -0.377538 0.798639
10008.899911000 0.912372 -0.796226 0.680689 0.064611 -0.467139 -0.378556 0.796431
10008.933244000 0.924186 -0.803788 0.677302 0.063096 -0.469746 -0.378278 0.795150
10008.966577000 0.935926 -0.811660 0.673645 0.061189 -0.472303 -0.377535 0.794136
10008.999910000 0.957995 -0.822900 0.668486 0.058810 -0.476727 -0.373711 0.793481
10009.033243000 0.968914 -0.825405 0.666009 0.058544 -0.478352 -0.370321 0.794112
10009.066576000 0.978738 -0.826519 0.663473 0.058668 -0.479154 -0.367181 0.795077
10009.099909000 0.988205 -0.827370 0.661797 0.059013 -0.480576 -0.364024 0.795645
10009.133242000 0.998151 -0.825912 0.661486 0.060664 -0.481686 -0.361181 0.796145
10009.166575000 1.006684 -0.823670 0.661041 0.062127 -0.482733 -0.358331 0.796686
10009.199908000 1.015950 -0.819649 0.662236 0.065080 -0.484449 -0.356621 0.796175
10009.233241000 1.023921 -0.815273 0.663103 0.067922 -0.485357 -0.356013 0.795657
10009.266574000 1.030632 -0.811188 0.665713 0.071126 -0.486674 -0.357101 0.794083
10009.299907000 1.038524 -0.804897 0.668676 0.075579 -0.488004 -0.359305 0.791858
10009.333240000 1.051543 -0.791399 0.676888 0.086476 -0.491043 -0.370033 0.783884
10009.366573000 1.056921 -0.784933 0.683510 0.092369 -0.493081 -0.378239 0.777994
10009.399906000 1.063644 -0.777239 0.689976 0.099334 -0.495079 -0.387641 0.771209
10009.433239000 1.068595 -0.770494 0.697224 0.106073 -0.496973 -0.398178 0.763689
10009.466572000 1.074801 -0.762572 0.704641 0.113461 -0.498823 -0.409588 0.755341
10009.499905000 1.081180 -0.754422 0.712222 0.121669 -0.500675 -0.420846 0.746599
10009.533238000 1.088488 -0.745839 0.719825 0.130085 -0.502144 -0.432461 0.737501
10009.566571000 1.097038 -0.736739 0.727495 0.138944 -0.503948 -0.443622 0.727963
10009.599904000 1.102060 -0.732277 0.734022 0.145162 -0.505246 -0.454062 0.719362
10009.633237000 1.112704 -0.723865 0.741840 0.153464 -0.507435 -0.463451 0.710050
10009.666570000 1.136770 -0.706103 0.753625 0.170071 -0.510076 -0.478854 0.693971
10009.699903000 1.150940 -0.699621 0.758242 0.177156 -0.511331 -0.484716 0.687173
10009.733236000 1.167188 -0.691195 0.762302 0.184269 -0.512977 -0.488259 0.681544
10009.766569000 1.185377 -0.683166 0.765111 0.191116 -0.513959 -0.490473 0.677316
10009.799902000 1.205322 -0.676583 0.765508 0.196919 -0.515378 -0.490284 0.674707
10009.833235000 1.228159 -0.669282 0.764783 0.201953 -0.516957 -0.488149 0.673559
10009.866568000 1.253248 -0.662537 0.763089 0.206457 -0.518389 -0.483296 0.674592
10009.899901000 1.281422 -0.656143 0.759689 0.210030 -0.520443 -0.475879 0.677174
