10000.000000000 0.000000 0.000000 0.000000 0.000000 0.000000 0.000000 1.000000
10000.033333000 -0.000644 0.005253 -0.000114 -0.000539 0.000449 -0.002137 0.999997
10000.066666000 -0.000847 0.003012 -0.000546 -0.001155 0.000331 -0.003017 0.999995
10000.099999000 -0.004895 0.004626 0.000211 -0.000981 0.000660 -0.004248 0.999990
10000.133332000 -0.005082 0.004980 -0.000332 -0.001799 -0.000475 -0.006156 0.999979
10000.166665000 -0.007953 0.009226 0.000003 -0.006999 0.000523 -0.007518 0.999947
10000.199998000 -0.013527 0.004038 0.002742 -0.011251 0.000448 -0.008605 0.999900
10000.233331000 -0.016913 0.005273 0.001149 -0.008180 -0.000776 -0.009158 0.999924
10000.266664000 -0.019922 -0.000217 -0.000513 -0.005387 -0.002446 -0.009659 0.999936
10000.299997000 -0.022592 0.000880 -0.001232 -0.002090 -0.003822 -0.010549 0.999935
10000.333330000 -0.024916 0.000958 -0.000328 0.001658 -0.005656 -0.012129 0.999909
10000.366663000 -0.025090 -0.004639 0.000222 0.005724 -0.007922 -0.012954 0.999868
10000.399996000 -0.028454 -0.013980 -0.000039 0.010233 -0.008170 -0.014618 0.999807
10000.433329000 -0.028161 -0.020814 -0.004253 0.017457 -0.009014 -0.016065 0.999678
10000.466662000 -0.030125 -0.022415 -0.005881 0.025666 -0.008682 -0.017407 0.999481
10000.499995000 -0.038265 -0.026354 -0.009802 0.031748 -0.007088 -0.018480 0.999300
10000.533328000 -0.036168 -0.030445 -0.012944 0.037337 -0.009098 -0.019622 0.999069
10000.566661000 -0.037102 -0.033885 -0.016125 0.042825 -0.009853 -0.021326 0.998806
10000.599994000 -0.039993 -0.038282 -0.016868 0.048708 -0.009820 -0.022191 0.998518
10000.633327000 -0.039196 -0.045100 -0.021026 0.056391 -0.010908 -0.022138 0.998104
10000.666660000 -0.042214 -0.053171 -0.023962 0.063388 -0.011228 -0.023639 0.997646
10000.699993000 -0.039460 -0.052682 -0.025006 0.070517 -0.011843 -0.025701 0.997109
10000.733326000 -0.041792 -0.056445 -0.026903 0.077167 -0.012899 -0.026987 0.996569
10000.766659000 -0.041275 -0.058547 -0.030167 0.083234 -0.014986 -0.027544 0.996037
10000.799992000 -0.042153 -0.064742 -0.029422 0.087240 -0.016409 -0.027840 0.995663
10000.833325000 -0.043655 -0.071700 -0.034668 0.089335 -0.018012 -0.028683 0.995426
10000.866658000 -0.051603 -0.079860 -0.036805 0.090076 -0.018929 -0.031149 0.995268
10000.899991000 -0.051836 -0.081351 -0.037328 0.093196 -0.021925 -0.033690 0.994836
10000.933324000 -0.053596 -0.084160 -0.038322 0.094951 -0.023803 -0.036333 0.994534
10000.966657000 -0.052749 -0.084525 -0.039448 0.097264 -0.026140 -0.037673 0.994202
10000.999990000 -0.049683 -0.083293 -0.035488 0.098484 -0.030209 -0.038197 0.993946
10001.033323000 -0.052736 -0.084090 -0.035866 0.099394 -0.034478 -0.038160 0.993718
10001.066656000 -0.054830 -0.081333 -0.036681 0.101404 -0.041026 -0.038449 0.993255
10001.099989000 -0.055315 -0.082355 -0.038533 0.100740 -0.048656 -0.040125 0.992912
10001.133322000 -0.058942 -0.083617 -0.034463 0.100149 -0.055553 -0.042824 0.992497
10001.166655000 -0.060420 -0.077197 -0.034627 0.101925 -0.062924 -0.046209 0.991724
10001.199988000 -0.068911 -0.083158 -0.035919 0.100831 -0.069463 -0.049389 0.991246
10001.233321000 -0.069834 -0.082918 -0.033477 0.100404 -0.078031 -0.052984 0.990466
10001.266654000 -0.074490 -0.078505 -0.030863 0.100445 -0.086785 -0.056068 0.989563
10001.299987000 -0.077682 -0.077430 -0.031021 0.099132 -0.096034 -0.058541 0.988698
10001.333320000 -0.073532 -0.083796 -0.025516 0.096819 -0.108271 -0.062238 0.987436
10001.366653000 -0.079055 -0.083352 -0.024237 0.095598 -0.115882 -0.064671 0.986534
10001.399986000 -0.082126 -0.082079 -0.022915 0.095188 -0.123965 -0.067069 0.985431
10001.433319000 -0.085835 -0.077737 -0.024517 0.094277 -0.131795 -0.070979 0.984228
10001.466652000 -0.088718 -0.076862 -0.022370 0.091567 -0.140391 -0.074924 0.983002
10001.499985000 -0.079165 -0.079775 -0.014346 0.087919 -0.152374 -0.079154 0.981217
10001.533318000 -0.084397 -0.077886 -0.013347 0.086176 -0.160677 -0.081765 0.979832
10001.566651000 -0.086759 -0.075814 -0.012160 0.083814 -0.169201 -0.084527 0.978367
10001.599984000 -0.086324 -0.070622 -0.010013 0.082345 -0.177695 -0.087190 0.976751
10001.633317000 -0.088789 -0.068758 -0.007081 0.078519 -0.186432 -0.090972 0.975091
10001.666650000 -0.082462 -0.070150 -0.000050 0.074582 -0.198073 -0.096783 0.972542
10001.699983000 -0.087287 -0.057981 0.000370 0.072402 -0.207003 -0.097576 0.970766
10001.733316000 -0.088857 -0.053305 0.002939 0.068609 -0.216286 -0.100539 0.968713
10001.766649000 -0.091531 -0.051317 0.003713 0.063816 -0.224387 -0.104696 0.966756
10001.799982000 -0.095121 -0.049619 0.007164 0.060271 -0.230088 -0.109650 0.965092
10001.833315000 -0.094403 -0.053262 0.011701 0.056032 -0.236569 -0.115811 0.963060
10001.866648000 -0.096615 -0.046135 0.013707 0.054463 -0.240981 -0.118134 0.961772
10001.899981000 -0.099525 -0.044326 0.017594 0.050930 -0.246186 -0.121040 0.960285
10001.933314000 -0.101563 -0.039761 0.023314 0.046579 -0.252037 -0.123695 0.958649
10001.966647000 -0.102947 -0.037146 0.028131 0.040872 -0.258259 -0.126429 0.956895
10001.999980000 -0.102133 -0.038614 0.038662 0.035863 -0.268379 -0.129385 0.953911
10002.033313000 -0.111668 -0.037852 0.039910 0.032522 -0.275383 -0.131848 0.951695
10002.066646000 -0.117625 -0.034765 0.044385 0.028869 -0.284698 -0.132968 0.948912
10002.099979000 -0.125511 -0.035629 0.063760 0.020238 -0.302393 -0.136450 0.943149
10002.133312000 -0.133204 -0.039001 0.079228 0.015317 -0.310443 -0.140860 0.939973
10002.166645000 -0.144951 -0.043047 0.103553 0.010435 -0.319041 -0.145444 0.936456
10002.199978000 -0.166731 -0.055272 0.127103 0.011662 -0.322396 -0.151740 0.934291
10002.233311000 -0.176982 -0.060300 0.146238 0.013430 -0.325214 -0.152529 0.933161
10002.266644000 -0.190382 -0.069076 0.177528 0.011487 -0.329193 -0.154679 0.931437
10002.299977000 -0.197785 -0.072672 0.198127 0.009423 -0.332373 -0.155434 0.930204
10002.333310000 -0.203852 -0.075967 0.217993 0.001866 -0.335919 -0.156126 0.928859
10002.366643000 -0.211693 -0.084685 0.236350 -0.002907 -0.336985 -0.159097 0.927966
10002.399976000 -0.216091 -0.093575 0.255064 -0.006152 -0.339505 -0.159102 0.927030
10002.433309000 -0.215883 -0.101394 0.275216 -0.005213 -0.343492 -0.157480 0.925844
10002.466642000 -0.214884 -0.109827 0.295992 -0.007514 -0.346557 -0.156562 0.924841
10002.499975000 -0.207181 -0.118630 0.323962 -0.010325 -0.350938 -0.156711 0.923135
10002.533308000 -0.201206 -0.132562 0.351181 -0.013895 -0.352172 -0.158541 0.922305
10002.566641000 -0.192398 -0.145669 0.380313 -0.012558 -0.353804 -0.161803 0.921132
10002.599974000 -0.179289 -0.163659 0.411741 -0.009782 -0.357442 -0.166076 0.918999
10002.633307000 -0.166345 -0.173265 0.438070 0.002416 -0.362514 -0.168552 0.916607
10002.666640000 -0.154656 -0.171080 0.462714 0.000096 -0.366552 -0.175846 0.913629
10002.699973000 -0.148361 -0.197886 0.488111 -0.012978 -0.371215 -0.182750 0.910293
10002.733306000 -0.136127 -0.210329 0.510420 -0.007433 -0.380621 -0.179276 0.907156
10002.766639000 -0.128617 -0.218916 0.529115 -0.008925 -0.388198 -0.179817 0.903819
10002.799972000 -0.124721 -0.227597 0.547951 -0.012393 -0.394723 -0.181777 0.900554
10002.833305000 -0.118824 -0.236616 0.566534 -0.014752 -0.404711 -0.183800 0.895661
10002.866638000 -0.118920 -0.246343 0.584843 -0.015748 -0.412710 -0.189998 0.890687
10002.899971000 -0.121010 -0.255156 0.604319 -0.013599 -0.417426 -0.194924 0.887454
10002.933304000 -0.125923 -0.260612 0.623895 -0.012801 -0.422442 -0.197315 0.884560
10002.966637000 -0.133142 -0.266071 0.641945 -0.013172 -0.430864 -0.199807 0.879921
10002.999970000 -0.141285 -0.270883 0.661312 -0.013783 -0.440714 -0.205333 0.873739
10003.033303000 -0.151503 -0.281732 0.682341 -0.014622 -0.453200 -0.210006 0.866195
10003.066636000 -0.162588 -0.291111 0.701236 -0.011857 -0.466138 -0.213462 0.858492
10003.099969000 -0.173749 -0.296399 0.719347 -0.008518 -0.478115 -0.219357 0.850421
10003.133302000 -0.183612 -0.302641 0.737235 -0.010501 -0.491598 -0.224660 0.841278
10003.166635000 -0.194065 -0.315931 0.750837 -0.010649 -0.502429 -0.231012 0.833118
10003.199968000 -0.201738 -0.324799 0.762238 -0.006145 -0.514492 -0.231282 0.825693
10003.233301000 -0.206924 -0.325498 0.774220 -0.003932 -0.527257 -0.232249 0.817340
10003.266634000 -0.214750 -0.330590 0.781932 -0.006175 -0.537737 -0.237259 0.809018
10003.299967000 -0.221605 -0.336682 0.785766 -0.004932 -0.549642 -0.241114 0.799834
10003.333300000 -0.222944 -0.346403 0.801568 -0.002078 -0.564738 -0.244411 0.788245
10003.366633000 -0.228487 -0.356086 0.805225 0.000551 -0.573945 -0.246717 0.780844
10003.399966000 -0.227794 -0.361870 0.816132 0.004670 -0.586228 -0.247310 0.771462
10003.433299000 -0.226032 -0.369314 0.826645 0.008016 -0.597870 -0.249529 0.761723
10003.466632000 -0.223575 -0.375491 0.837679 0.012406 -0.607421 -0.255630 0.752024
10003.499965000 -0.218767 -0.388163 0.865084 0.014629 -0.621829 -0.263323 0.737411
10003.533298000 -0.217195 -0.398868 0.876261 0.017531 -0.630961 -0.274100 0.725569
10003.566631000 -0.214145 -0.407053 0.887478 0.023668 -0.639633 -0.280840 0.715149
10003.599964000 -0.211352 -0.416318 0.899761 0.027569 -0.647795 -0.285959 0.705570
10003.633297000 -0.209604 -0.426391 0.906639 0.031292 -0.655325 -0.288748 0.697277
10003.666630000 -0.200453 -0.432644 0.927791 0.037102 -0.668338 -0.288486 0.684633
10003.699963000 -0.198001 -0.440947 0.931066 0.040785 -0.674687 -0.290728 0.677208
10003.733296000 -0.193436 -0.445992 0.937677 0.044009 -0.681740 -0.290144 0.670157
10003.766629000 -0.192384 -0.453416 0.942897 0.045871 -0.687501 -0.290325 0.664040
10003.799962000 -0.190278 -0.459656 0.948838 0.048919 -0.692678 -0.288465 0.659236
10003.833295000 -0.186064 -0.463433 0.960252 0.051685 -0.701051 -0.285231 0.651536
10003.866628000 -0.186167 -0.471665 0.958285 0.053454 -0.706391 -0.284925 0.645733
10003.899961000 -0.182730 -0.472509 0.960171 0.057282 -0.712540 -0.282759 0.639573
10003.933294000 -0.180148 -0.476827 0.960391 0.059290 -0.717224 -0.280079 0.635319
10003.966627000 -0.178879 -0.478407 0.959187 0.062200 -0.722006 -0.277822 0.630597
10003.999960000 -0.176548 -0.477685 0.960540 0.062085 -0.727326 -0.274280 0.626030
10004.033293000 -0.173592 -0.478979 0.960698 0.063365 -0.732720 -0.272506 0.620361
10004.066626000 -0.172484 -0.482115 0.958059 0.064073 -0.737288 -0.272697 0.614766
10004.099959000 -0.170689 -0.483092 0.957123 0.066335 -0.742431 -0.272131 0.608555
10004.133292000 -0.169938 -0.482064 0.951798 0.068968 -0.746461 -0.272628 0.603087
10004.166625000 -0.168045 -0.478578 0.953885 0.072285 -0.752049 -0.272370 0.595828
10004.199958000 -0.168279 -0.484180 0.948685 0.072962 -0.756175 -0.273796 0.589840
10004.233291000 -0.167233 -0.483776 0.949601 0.073784 -0.760880 -0.272400 0.584309
10004.266624000 -0.164508 -0.485264 0.947476 0.075326 -0.765621 -0.272471 0.577850
10004.299957000 -0.166112 -0.484274 0.947672 0.074711 -0.770245 -0.271829 0.572057
10004.333290000 -0.168040 -0.482762 0.947119 0.073600 -0.774513 -0.272830 0.565930
10004.366623000 -0.172584 -0.481542 0.949815 0.071496 -0.779354 -0.271906 0.559967
10004.399956000 -0.174599 -0.481155 0.950259 0.070324 -0.784428 -0.272148 0.552868
10004.433289000 -0.178367 -0.479503 0.951220 0.067195 -0.789416 -0.272345 0.546018
10004.466622000 -0.188666 -0.476298 0.954086 0.064682 -0.794996 -0.273664 0.537499
10004.499955000 -0.194280 -0.473324 0.953668 0.063389 -0.800120 -0.276003 0.528784
10004.533288000 -0.186841 -0.459173 0.947885 0.065308 -0.803698 -0.275628 0.523291
10004.566621000 -0.182685 -0.453725 0.942196 0.065566 -0.807267 -0.278143 0.516389
10004.599954000 -0.186942 -0.445977 0.928891 0.062423 -0.809904 -0.281608 0.510741
10004.633287000 -0.188576 -0.442182 0.922773 0.059737 -0.813075 -0.286297 0.503363
10004.666620000 -0.199193 -0.451526 0.929825 -0.052324 0.817176 0.292777 -0.493728
10004.699953000 -0.193356 -0.440549 0.928071 -0.053565 0.819041 0.297678 -0.487534
10004.733286000 -0.193047 -0.437264 0.918384 -0.053090 0.821572 0.301363 -0.481021
10004.766619000 -0.190870 -0.435785 0.911570 -0.050413 0.825831 0.303251 -0.472758
10004.799952000 -0.189081 -0.436016 0.900733 -0.049016 0.829791 0.306607 -0.463720
10004.833285000 -0.193433 -0.433479 0.897346 -0.047622 0.834110 0.309593 -0.454031
10004.866618000 -0.187492 -0.425981 0.886352 -0.044485 0.838155 0.311088 -0.445804
10004.899951000 -0.185962 -0.419622 0.877731 -0.041782 0.842091 0.314449 -0.436187
10004.933284000 -0.187406 -0.412165 0.859299 -0.037698 0.844345 0.320252 -0.427900
10004.966617000 -0.189355 -0.400878 0.850506 -0.034406 0.848231 0.323309 -0.418081
10004.999950000 -0.216675 -0.402469 0.848799 -0.032915 0.853576 0.328005 -0.403407
10005.033283000 -0.219140 -0.397647 0.830621 -0.031908 0.856783 0.329250 -0.395600
10005.066616000 -0.220779 -0.390713 0.812684 -0.031191 0.861061 0.328532 -0.386869
10005.099949000 -0.228677 -0.393258 0.797008 -0.028229 0.866881 0.329190 -0.373303
10005.133282000 -0.226788 -0.383704 0.781653 -0.027904 0.870865 0.329853 -0.363336
10005.166615000 -0.247838 -0.384668 0.769180 -0.027077 0.877930 0.326047 -0.349569
10005.199948000 -0.237780 -0.389480 0.724424 -0.026834 0.884877 0.321754 -0.335777
10005.233281000 -0.241316 -0.390569 0.720016 -0.028413 0.888947 0.318910 -0.327508
10005.266614000 -0.232944 -0.387039 0.711753 -0.031271 0.891727 0.316705 -0.321782
10005.299947000 -0.238450 -0.394119 0.709050 -0.031199 0.895133 0.316809 -0.312083
10005.333280000 -0.256197 -0.394532 0.724629 -0.028757 0.899633 0.317533 -0.298341
10005.366613000 -0.238752 -0.390904 0.711961 -0.025204 0.901112 0.317610 -0.294086
10005.399946000 -0.234402 -0.389343 0.710912 -0.022892 0.903340 0.317625 -0.287345
10005.433279000 -0.237054 -0.391159 0.714067 -0.020259 0.905084 0.320158 -0.279126
10005.466612000 -0.235013 -0.391294 0.719884 -0.021068 0.907478 0.320422 -0.270869
10005.499945000 -0.266462 -0.409387 0.738875 -0.019929 0.910128 0.326873 -0.253817
10005.533278000 -0.249332 -0.398766 0.741446 -0.022321 0.910579 0.329966 -0.247932
10005.566611000 -0.249945 -0.401574 0.751559 -0.023658 0.911628 0.334034 -0.238320
10005.599944000 -0.251561 -0.407960 0.759083 -0.020728 0.912472 0.338763 -0.228482
10005.633277000 -0.248894 -0.410685 0.769771 -0.019437 0.913270 0.343023 -0.218849
10005.666610000 -0.277055 -0.423339 0.793655 -0.019193 0.915201 0.348208 -0.201965
10005.699943000 -0.258900 -0.426974 0.789296 -0.018864 0.914892 0.352019 -0.196720
10005.733276000 -0.254500 -0.422579 0.804947 -0.018304 0.917264 0.350904 -0.187505
10005.766609000 -0.249706 -0.427774 0.812500 -0.018316 0.918359 0.353180 -0.177610
10005.799942000 -0.254780 -0.431192 0.819392 -0.017202 0.919064 0.356805 -0.166481
10005.833275000 -0.299500 -0.434126 0.852344 -0.013662 0.923096 0.355726 -0.145487
10005.866608000 -0.280056 -0.431997 0.853156 -0.013518 0.923947 0.355985 -0.139336
10005.899941000 -0.269809 -0.430888 0.859737 -0.013971 0.925048 0.356414 -0.130611
10005.933274000 -0.265450 -0.433193 0.861887 -0.013579 0.925498 0.357942 -0.123071
10005.966607000 -0.271802 -0.434071 0.873566 -0.012095 0.926901 0.357859 -0.112454
10005.999940000 -0.303155 -0.447884 0.888464 -0.008967 0.928240 0.359101 -0.096631
10006.033273000 -0.279480 -0.444693 0.883053 -0.010483 0.928367 0.360213 -0.090949
10006.066606000 -0.272264 -0.444350 0.887583 -0.011254 0.929187 0.360131 -0.082399
10006.099939000 -0.270393 -0.447068 0.888070 -0.010248 0.929662 0.361221 -0.071710
10006.133272000 -0.271137 -0.446117 0.892854 -0.008893 0.930545 0.361270 -0.059086
10006.166605000 -0.293560 -0.442524 0.908870 -0.006392 0.931752 0.360627 -0.041775
10006.199938000 -0.283708 -0.446299 0.907409 -0.005263 0.931601 0.362173 -0.030358
10006.233271000 -0.273973 -0.438386 0.914184 -0.005938 0.931907 0.362180 -0.018424
10006.266604000 -0.265964 -0.443851 0.910518 -0.006634 0.931056 0.364732 -0.007817
10006.299937000 -0.256839 -0.439235 0.914870 -0.006875 0.931223 0.364385 -0.001020
10006.333270000 -0.277418 -0.446728 0.907674 -0.005683 0.929921 0.367576 0.010165
10006.366603000 -0.273185 -0.436454 0.917294 -0.004770 0.930164 0.366813 0.014805
10006.399936000 -0.265332 -0.438048 0.914938 -0.004520 0.928636 0.370461 0.019312
10006.433269000 -0.261536 -0.434918 0.921089 -0.004549 0.927331 0.373366 0.025196
10006.466602000 -0.255868 -0.434432 0.920886 -0.004617 0.924416 0.380056 0.031480
10006.499935000 -0.259413 -0.439000 0.912499 -0.005470 0.921155 0.387141 0.039562
10006.533268000 -0.259885 -0.432135 0.922271 -0.004709 0.919546 0.390196 0.046470
10006.566601000 -0.254517 -0.427880 0.926654 -0.006297 0.917343 0.394646 0.051924
10006.599934000 -0.251630 -0.421411 0.933732 -0.006787 0.915227 0.398868 0.056732
10006.633267000 -0.248132 -0.420188 0.935763 -0.006709 0.912986 0.403165 0.062208
10006.666600000 -0.242160 -0.430604 0.919764 -0.007201 0.908584 0.411960 0.068638
10006.699933000 -0.237108 -0.420908 0.934755 -0.006862 0.907487 0.413779 0.072167
10006.733266000 -0.238756 -0.415221 0.940215 -0.006440 0.905173 0.417817 0.077779
10006.766599000 -0.235915 -0.411844 0.945909 -0.007306 0.902522 0.422248 0.084304
10006.799932000 -0.224427 -0.409118 0.951984 -0.008386 0.899880 0.426706 0.089819
10006.833265000 -0.222252 -0.412817 0.940832 -0.010050 0.894452 0.435759 0.099848
10006.866598000 -0.217698 -0.399404 0.962881 -0.008480 0.893108 0.436607 0.107985
10006.899931000 -0.207436 -0.398102 0.967084 -0.009396 0.887687 0.443376 0.123860
10006.933264000 -0.199527 -0.396179 0.972480 -0.010679 0.884278 0.447113 0.134270
10006.966597000 -0.188323 -0.396743 0.976388 -0.011655 0.881056 0.450485 0.143766
10006.999930000 -0.183325 -0.406648 0.963660 -0.013687 0.875292 0.457437 0.156296
10007.033263000 -0.174434 -0.400382 0.978877 -0.013569 0.874197 0.457019 0.163493
10007.066596000 -0.164929 -0.400994 0.982855 -0.013297 0.871577 0.459327 0.170868
10007.099929000 -0.159278 -0.400863 0.984756 -0.013001 0.869371 0.460614 0.178494
10007.133262000 -0.153329 -0.399421 0.988324 -0.012828 0.867239 0.462578 0.183722
10007.166595000 -0.155162 -0.403031 0.983697 -0.014230 0.863295 0.466629 0.191773
10007.199928000 -0.152490 -0.399614 0.986097 -0.013855 0.860081 0.470501 0.196716
10007.233261000 -0.146691 -0.398542 0.987821 -0.015545 0.856108 0.475950 0.200770
10007.266594000 -0.143573 -0.397324 0.990485 -0.017035 0.853316 0.478986 0.205265
10007.299927000 -0.140040 -0.393580 0.995777 -0.017400 0.851476 0.480510 0.209274
10007.333260000 -0.138968 -0.393546 0.996801 -0.019063 0.849121 0.482162 0.214828
10007.366593000 -0.132492 -0.393666 0.999143 -0.020226 0.848104 0.482372 0.218238
10007.399926000 -0.129651 -0.393894 1.000582 -0.018779 0.846726 0.482582 0.223198
10007.433259000 -0.127262 -0.392165 0.998999 -0.018045 0.844519 0.484014 0.228455
10007.466592000 -0.125108 -0.391263 0.992903 -0.018394 0.842090 0.485886 0.233368
10007.499925000 -0.127322 -0.387444 0.987287 -0.016918 0.841122 0.484799 0.239159
10007.533258000 -0.121388 -0.388467 0.978894 -0.017277 0.839862 0.485120 0.242883
10007.566591000 -0.121514 -0.382151 0.969769 -0.016131 0.838832 0.484586 0.247542
10007.599924000 -0.122763 -0.378990 0.953856 -0.015747 0.837542 0.484217 0.252606
10007.633257000 -0.123000 -0.374574 0.939338 -0.016188 0.838090 0.480534 0.257742
10007.666590000 -0.134117 -0.361805 0.917212 -0.013866 0.837299 0.477971 0.265107
10007.699923000 -0.131320 -0.355257 0.897749 -0.013695 0.836472 0.476969 0.269496
10007.733256000 -0.133319 -0.341124 0.879067 -0.013564 0.834353 0.476675 0.276500
10007.766589000 -0.130163 -0.332219 0.851094 -0.018061 0.830858 0.477964 0.284429
10007.799922000 -0.127417 -0.321799 0.828147 -0.017624 0.828631 0.477003 0.292452
10007.833255000 -0.129867 -0.308118 0.800694 -0.016829 0.823913 0.477217 0.305202
10007.866588000 -0.115794 -0.308866 0.776046 -0.019221 0.821285 0.477448 0.311714
10007.899921000 -0.112754 -0.300559 0.753944 -0.016368 0.819679 0.474846 0.319969
10007.933254000 -0.112489 -0.291769 0.736024 -0.014723 0.816984 0.473230 0.329201
10007.966587000 -0.107971 -0.287789 0.719649 -0.016956 0.815364 0.469464 0.338376
10007.999920000 -0.122854 -0.271985 0.703341 -0.014845 0.811422 0.463481 0.355751
10008.033253000 -0.122486 -0.266711 0.691342 -0.015090 0.807385 0.460739 0.368269
10008.066586000 -0.124999 -0.256479 0.679607 -0.013216 0.801376 0.458858 0.383498
10008.099919000 -0.127420 -0.248237 0.670004 -0.014507 0.793966 0.457327 0.400324
10008.133252000 -0.132722 -0.241134 0.659319 -0.016455 0.787030 0.453479 0.417935
10008.166585000 -0.149169 -0.232024 0.640316 -0.019498 0.778807 0.446839 0.439789
10008.199918000 -0.163333 -0.223969 0.632518 -0.022215 0.771052 0.439081 0.460645
10008.233251000 -0.169588 -0.216692 0.626741 -0.030409 0.761794 0.435181 0.478918
10008.266584000 -0.174320 -0.212116 0.621216 -0.038867 0.752508 0.432887 0.494803
10008.299917000 -0.178652 -0.209681 0.613506 -0.043083 0.745203 0.427558 0.509912
10008.333250000 -0.185651 -0.202629 0.603903 -0.046190 0.737590 0.422153 0.524990
10008.366583000 -0.187093 -0.200938 0.599173 -0.048180 0.732627 0.417173 0.535633
10008.399916000 -0.191554 -0.197764 0.588217 -0.046489 0.726569 0.414587 0.545943
10008.433249000 -0.195561 -0.193396 0.573648 -0.044873 0.719170 0.412739 0.557160
10008.466582000 -0.197214 -0.188581 0.560885 -0.044247 0.714149 0.408516 0.566700
10008.499915000 -0.200715 -0.179275 0.544443 -0.042493 0.707516 0.404921 0.577628
10008.533248000 -0.196265 -0.174033 0.532550 -0.043995 0.702239 0.401363 0.586372
10008.566581000 -0.194296 -0.163224 0.519575 -0.045117 0.696289 0.397855 0.595699
10008.599914000 -0.188091 -0.153903 0.506807 -0.048590 0.689145 0.395851 0.604996
10008.633247000 -0.177459 -0.145714 0.501995 -0.048595 0.684116 0.391043 0.613767
10008.666580000 -0.173455 -0.137464 0.483656 -0.048733 0.676936 0.381999 0.627263
10008.699913000 -0.164810 -0.131869 0.476701 -0.049917 0.672486 0.372438 0.637621
10008.733246000 -0.160947 -0.126469 0.463572 -0.050203 0.665958 0.364317 0.649040
10008.766579000 -0.159497 -0.122935 0.447483 -0.050582 0.659276 0.357696 0.659432
10008.799912000 -0.158671 -0.122402 0.435461 -0.046597 0.654654 0.350719 0.668022
10008.833245000 -0.163096 -0.115496 0.422615 -0.043610 0.648254 0.341509 0.679144
10008.866578000 -0.164173 -0.113473 0.414097 -0.044573 0.640119 0.337237 0.688863
10008.899911000 -0.165808 -0.111067 0.402789 -0.048329 0.631716 0.332679 0.698516
10008.933244000 -0.168315 -0.108799 0.391100 -0.049511 0.624843 0.328170 0.706699
10008.966577000 -0.171928 -0.107091 0.379118 -0.047265 0.618721 0.323230 0.714474
10008.999910000 -0.179923 -0.099947 0.360971 -0.043354 0.610248 0.317714 0.724414
10009.033243000 -0.190834 -0.097246 0.350224 -0.041180 0.603145 0.309217 0.734102
10009.066576000 -0.199720 -0.094825 0.337310 -0.046891 0.592689 0.302569 0.744965
10009.099909000 -0.211584 -0.094121 0.330270 -0.058545 0.585549 0.297059 0.751972
10009.133242000 -0.222949 -0.098199 0.327084 -0.071042 0.573437 0.298016 0.759809
10009.166575000 -0.240165 -0.103805 0.320526 -0.080845 0.559073 0.291194 0.772080
10009.199908000 -0.253280 -0.110592 0.317041 -0.086127 0.547447 0.284543 0.782253
10009.233241000 -0.264966 -0.114621 0.312329 -0.085513 0.535155 0.276009 0.793799
10009.266574000 -0.276837 -0.119074 0.307921 -0.084382 0.521932 0.267071 0.805692
10009.299907000 -0.290724 -0.125652 0.302818 -0.083019 0.508497 0.258868 0.817022
10009.333240000 -0.313435 -0.133061 0.290919 -0.080369 0.495015 0.248895 0.828584
10009.366573000 -0.322593 -0.138680 0.287932 -0.077523 0.485356 0.241702 0.836660
10009.399906000 -0.326406 -0.140728 0.288658 -0.074298 0.475781 0.236639 0.843868
10009.433239000 -0.332213 -0.144480 0.288200 -0.072261 0.465662 0.229893 0.851520
10009.466572000 -0.336942 -0.147861 0.291363 -0.071449 0.457252 0.224113 0.857665
10009.499905000 -0.341080 -0.138526 0.276345 -0.066506 0.444434 0.216216 0.866779
10009.533238000 -0.348467 -0.145712 0.277501 -0.065112 0.434517 0.211448 0.873067
10009.566571000 -0.356140 -0.142845 0.281416 -0.062065 0.425648 0.205021 0.879169
10009.599904000 -0.360464 -0.145731 0.281620 -0.060022 0.415583 0.200253 0.885205
10009.633237000 -0.367408 -0.147539 0.284382 -0.055952 0.405361 0.194496 0.891473
10009.666570000 -0.370244 -0.140640 0.273240 -0.051870 0.390636 0.187767 0.899698
10009.699903000 -0.372897 -0.144165 0.277014 -0.051734 0.379619 0.185398 0.904898
10009.733236000 -0.375078 -0.141688 0.277726 -0.050048 0.368675 0.181668 0.910259
10009.766569000 -0.377839 -0.140398 0.281284 -0.047555 0.358835 0.176639 0.915300
10009.799902000 -0.380502 -0.142207 0.285302 -0.045071 0.349917 0.171400 0.919863
10009.833235000 -0.373168 -0.134384 0.276591 -0.043018 0.336258 0.164970 0.926210
10009.866568000 -0.375256 -0.130500 0.283391 -0.045276 0.327549 0.159782 0.930124
10009.899901000 -0.376356 -0.125393 0.285460 -0.045917 0.317455 0.155174 0.934363
10009.933234000 -0.376430 -0.123507 0.286076 -0.045069 0.308415 0.148661 0.938482
10009.966567000 -0.376164 -0.125099 0.291978 -0.044136 0.300320 0.145580 0.941630
10009.999900000 -0.368817 -0.128905 0.294579 -0.046034 0.290136 0.143281 0.945078
10010.033233000 -0.372236 -0.124065 0.301527 -0.045801 0.281704 0.138799 0.948304
10010.066566000 -0.371532 -0.123953 0.307526 -0.047478 0.273616 0.135567 0.951053
10010.099899000 -0.369506 -0.126608 0.314283 -0.049397 0.264216 0.132636 0.954022
10010.133232000 -0.371842 -0.124014 0.322801 -0.048905 0.254591 0.127175 0.957402
10010.166565000 -0.368380 -0.131850 0.327284 -0.050938 0.243673 0.124152 0.960529
10010.199898000 -0.372473 -0.134266 0.338519 -0.051389 0.234286 0.118542 0.963544
10010.233231000 -0.374889 -0.135043 0.345872 -0.050006 0.225046 0.111895 0.966609
10010.266564000 -0.379205 -0.141810 0.353888 -0.048845 0.216019 0.105518 0.969441
10010.299897000 -0.376968 -0.144331 0.362522 -0.047187 0.205249 0.098768 0.972569
10010.333230000 -0.369010 -0.153097 0.366849 -0.046400 0.194622 0.092827 0.975373
10010.366563000 -0.377722 -0.144705 0.377606 -0.041233 0.188786 0.086982 0.977289
10010.399896000 -0.376694 -0.152639 0.386363 -0.040767 0.181588 0.084552 0.978884
10010.433229000 -0.376118 -0.160090 0.395161 -0.039910 0.173992 0.080680 0.980625
10010.466562000 -0.376242 -0.164701 0.405639 -0.038174 0.167668 0.077304 0.982066
10010.499895000 -0.371014 -0.181814 0.414866 -0.041629 0.160284 0.074376 0.983384
10010.533228000 -0.378511 -0.181892 0.425615 -0.039309 0.156349 0.070964 0.984365
10010.566561000 -0.380235 -0.187090 0.438362 -0.038647 0.151799 0.068500 0.985277
10010.599894000 -0.379554 -0.193826 0.447982 -0.038363 0.145494 0.065431 0.986447
10010.633227000 -0.380318 -0.199591 0.459829 -0.038038 0.139189 0.062052 0.987587
10010.666560000 -0.375293 -0.205036 0.470360 -0.036048 0.132033 0.059824 0.988782
10010.699893000 -0.378570 -0.210658 0.481601 -0.033825 0.126733 0.056035 0.989775
10010.733226000 -0.379632 -0.217713 0.494006 -0.030510 0.122288 0.053048 0.990606
10010.766559000 -0.381385 -0.222509 0.503856 -0.026939 0.117370 0.050246 0.991450
10010.799892000 -0.383600 -0.226977 0.514969 -0.020194 0.111594 0.046248 0.992472
10010.833225000 -0.382396 -0.232880 0.520082 -0.013053 0.104705 0.042405 0.993513
10010.866558000 -0.383754 -0.235834 0.527006 -0.004572 0.099584 0.037488 0.994312
10010.899891000 -0.384782 -0.239564 0.533329 -0.000095 0.095594 0.032129 0.994902
10010.933224000 -0.385347 -0.252056 0.538810 0.006630 0.092414 0.028039 0.995304
10010.966557000 -0.384411 -0.255805 0.540702 0.018355 0.089969 0.027618 0.995392
10010.999890000 -0.384938 -0.267989 0.538296 0.025094 0.087896 0.028236 0.995413
10011.033223000 -0.384896 -0.274979 0.538402 0.031657 0.084450 0.028740 0.995510
10011.066556000 -0.383860 -0.278042 0.534501 0.039920 0.079314 0.027982 0.995657
10011.099889000 -0.379955 -0.281215 0.529654 0.046770 0.074365 0.027446 0.995756
10011.133222000 -0.373564 -0.281355 0.524693 0.052327 0.069029 0.027160 0.995871
10011.166555000 -0.372148 -0.288228 0.516216 0.053610 0.064668 0.024005 0.996177
10011.199888000 -0.358497 -0.288243 0.508205 0.057318 0.058309 0.020054 0.996450
10011.233221000 -0.352085 -0.294842 0.497786 0.062116 0.054489 0.014944 0.996468
10011.266554000 -0.344619 -0.293499 0.485482 0.071012 0.048940 0.011289 0.996210
10011.299887000 -0.332998 -0.290928 0.472090 0.076084 0.042413 0.006727 0.996176
10011.333220000 -0.322458 -0.291710 0.460609 0.074773 0.035988 0.002953 0.996547
10011.366553000 -0.319424 -0.301415 0.448871 0.074787 0.031062 -0.001320 0.996715
10011.399886000 -0.308320 -0.297093 0.434519 0.081351 0.023647 -0.004880 0.996393
10011.433219000 -0.300235 -0.294569 0.423608 0.085844 0.017719 -0.008927 0.996111
10011.466552000 -0.292261 -0.292831 0.414462 0.088332 0.011536 -0.011879 0.995953
10011.499885000 -0.276095 -0.282505 0.407899 0.091086 0.001205 -0.013307 0.995753
10011.533218000 -0.274419 -0.282858 0.405043 0.089979 -0.006111 -0.016175 0.995794
10011.566551000 -0.270855 -0.279614 0.399276 0.089033 -0.016562 -0.018946 0.995711
10011.599884000 -0.262601 -0.276608 0.397865 0.084192 -0.027093 -0.022362 0.995830
10011.633217000 -0.258045 -0.278095 0.402610 0.077742 -0.034250 -0.025017 0.996071
10011.666550000 -0.232434 -0.283777 0.408919 0.075349 -0.049706 -0.027510 0.995538
10011.699883000 -0.231495 -0.279344 0.415112 0.073777 -0.058115 -0.030635 0.995109
10011.733216000 -0.227034 -0.279674 0.426231 0.068729 -0.065154 -0.034322 0.994914
10011.766549000 -0.221417 -0.285077 0.442581 0.063938 -0.072281 -0.036988 0.994645
10011.799882000 -0.216763 -0.291115 0.462581 0.060404 -0.080175 -0.038542 0.994202
10011.833215000 -0.186903 -0.302097 0.496172 0.055547 -0.093047 -0.040086 0.993303
10011.866548000 -0.185810 -0.308283 0.527084 0.050454 -0.095573 -0.042437 0.993237
10011.899881000 -0.184846 -0.320118 0.557130 0.049893 -0.097325 -0.043568 0.993046
10011.933214000 -0.183333 -0.327338 0.588257 0.050036 -0.099663 -0.042622 0.992848
10011.966547000 -0.184606 -0.343152 0.618655 0.050485 -0.102963 -0.043228 0.992462
10011.999880000 -0.187409 -0.354302 0.649435 0.051590 -0.108660 -0.043968 0.991765
10012.033213000 -0.190101 -0.364970 0.679994 0.048505 -0.110154 -0.047691 0.991584
10012.066546000 -0.189105 -0.373544 0.707189 0.048598 -0.113478 -0.047927 0.991193
10012.099879000 -0.184925 -0.380040 0.734793 0.047733 -0.116815 -0.048491 0.990820
10012.133212000 -0.178142 -0.392571 0.763931 0.042213 -0.119689 -0.050533 0.990626
10012.166545000 -0.171002 -0.399912 0.792464 0.041689 -0.125179 -0.050210 0.989985
10012.199878000 -0.166641 -0.412464 0.819920 0.038543 -0.126298 -0.051435 0.989908
10012.233211000 -0.153139 -0.420573 0.848481 0.038131 -0.129413 -0.051978 0.989493
10012.266544000 -0.140638 -0.435580 0.880149 0.038593 -0.132517 -0.054971 0.988902
10012.299877000 -0.126678 -0.445413 0.910062 0.044136 -0.136281 -0.057854 0.987994
10012.333210000 -0.109790 -0.454705 0.943976 0.048527 -0.142749 -0.061897 0.986629
10012.366543000 -0.092263 -0.460876 0.972804 0.054152 -0.148007 -0.066751 0.985244
10012.399876000 -0.075301 -0.466732 1.006891 0.051577 -0.156528 -0.069543 0.983871
10012.433209000 -0.061763 -0.482159 1.038263 0.048178 -0.166914 -0.073282 0.982063
10012.466542000 -0.046513 -0.490118 1.070034 0.050033 -0.179736 -0.073895 0.979659
10012.499875000 -0.034933 -0.501483 1.100225 0.045028 -0.192277 -0.077760 0.977218
10012.533208000 -0.024128 -0.511024 1.130034 0.040382 -0.203086 -0.081586 0.974920
10012.566541000 -0.015696 -0.521090 1.162877 0.038065 -0.209187 -0.087745 0.973187
10012.599874000 -0.010079 -0.530763 1.194632 0.037386 -0.213705 -0.092232 0.971816
10012.633207000 -0.005846 -0.541134 1.228038 0.035186 -0.218427 -0.094555 0.970624
10012.666540000 0.006497 -0.550540 1.265346 0.033563 -0.225258 -0.094987 0.969077
10012.699873000 0.005608 -0.567249 1.300821 0.029876 -0.226685 -0.096598 0.968705
10012.733206000 0.000042 -0.588058 1.337702 0.031898 -0.227244 -0.097255 0.968444
10012.766539000 0.001002 -0.590930 1.367353 0.039259 -0.230462 -0.096687 0.967470
10012.799872000 -0.002959 -0.604456 1.402007 0.033624 -0.231510 -0.097786 0.967321
10012.833205000 -0.002161 -0.616451 1.432871 0.034682 -0.235795 -0.095904 0.966437
10012.866538000 -0.004588 -0.623970 1.461865 0.031492 -0.239101 -0.093902 0.965930
10012.899871000 -0.003194 -0.632419 1.490204 0.027196 -0.240171 -0.094990 0.965689
10012.933204000 -0.004309 -0.644643 1.518506 0.023405 -0.241766 -0.097372 0.965153
10012.966537000 -0.004289 -0.652959 1.543016 0.023077 -0.246025 -0.098297 0.963990
10012.999870000 0.008935 -0.659537 1.574322 0.022570 -0.255580 -0.097885 0.961555
10013.033203000 0.012289 -0.665693 1.599789 0.020394 -0.263312 -0.097770 0.959527
10013.066536000 0.017215 -0.673077 1.624266 0.023330 -0.273485 -0.100447 0.956333
10013.099869000 0.024050 -0.681322 1.650260 0.023946 -0.286140 -0.106893 0.951906
10013.133202000 0.031505 -0.686650 1.673271 0.028195 -0.298665 -0.116376 0.946816
10013.166535000 0.049784 -0.692304 1.701130 0.023587 -0.314339 -0.127977 0.940349
10013.199868000 0.053701 -0.701838 1.720704 0.021674 -0.325010 -0.137862 0.935357
10013.233201000 0.061834 -0.704336 1.738577 0.020777 -0.338255 -0.144924 0.929596
10013.266534000 0.066765 -0.708416 1.752580 0.017953 -0.349367 -0.154447 0.923995
10013.299867000 0.070789 -0.714904 1.768248 0.015146 -0.361076 -0.162497 0.918145
10013.333200000 0.076875 -0.720076 1.782632 0.013115 -0.372525 -0.164781 0.913182
10013.366533000 0.075814 -0.725957 1.794532 0.010611 -0.379207 -0.167467 0.909969
10013.399866000 0.076802 -0.730973 1.807075 0.010772 -0.387105 -0.167892 0.906557
10013.433199000 0.076913 -0.734664 1.819466 0.011787 -0.394388 -0.169796 0.903044
10013.466532000 0.075959 -0.736612 1.830935 0.010985 -0.400296 -0.171077 0.900208
10013.499865000 0.078168 -0.738865 1.847056 0.010903 -0.408720 -0.172725 0.896100
10013.533198000 0.075209 -0.743105 1.862217 0.008800 -0.414100 -0.176624 0.892887
10013.566531000 0.072195 -0.745973 1.878836 0.006673 -0.418484 -0.177150 0.890755
10013.599864000 0.065599 -0.753652 1.893645 0.005269 -0.422412 -0.178394 0.888660
10013.633197000 0.059440 -0.761261 1.912007 0.006496 -0.427851 -0.178154 0.886094
10013.666530000 0.057905 -0.765341 1.933343 0.007506 -0.432455 -0.176871 0.884106
10013.699863000 0.050065 -0.772696 1.954887 0.006440 -0.429622 -0.175885 0.885691
10013.733196000 0.041668 -0.785457 1.977204 0.003143 -0.427488 -0.171993 0.887503
10013.766529000 0.033400 -0.798356 1.996409 0.002422 -0.427893 -0.168924 0.887900
10013.799862000 0.025804 -0.810595 2.013771 0.000139 -0.430016 -0.168261 0.887003
10013.833195000 0.009353 -0.824201 2.022632 -0.001495 -0.425868 -0.167798 0.889089
10013.866528000 -0.000168 -0.846473 2.039124 -0.001923 -0.423696 -0.165810 0.890497
10013.899861000 -0.007737 -0.863502 2.053600 -0.000631 -0.422629 -0.164993 0.891157
10013.933194000 -0.011644 -0.874721 2.065560 0.005667 -0.423965 -0.161769 0.891096
10013.966527000 -0.017731 -0.884923 2.075618 0.011173 -0.426277 -0.161487 0.889992
10013.999860000 -0.025516 -0.891457 2.080834 0.016445 -0.427138 -0.166785 0.888519
10014.033193000 -0.030426 -0.896775 2.090581 0.017703 -0.429200 -0.172115 0.886482
10014.066526000 -0.037383 -0.912512 2.100702 0.016945 -0.431581 -0.178369 0.884101
10014.099859000 -0.042898 -0.927377 2.108052 0.022953 -0.440348 -0.178880 0.879527
10014.133192000 -0.041841 -0.928009 2.120374 0.031468 -0.454919 -0.179117 0.871766
10014.166525000 -0.038095 -0.934923 2.141248 0.032330 -0.469877 -0.183498 0.862843
10014.199858000 -0.038146 -0.940861 2.159106 0.033250 -0.482850 -0.189788 0.854243
10014.233191000 -0.038150 -0.948851 2.178755 0.036473 -0.496871 -0.195965 0.844622
10014.266524000 -0.034637 -0.948714 2.197804 0.042245 -0.509164 -0.205955 0.834596
10014.299857000 -0.032584 -0.947310 2.211740 0.040875 -0.522157 -0.218125 0.823470
10014.333190000 -0.032363 -0.961185 2.223729 0.038622 -0.538596 -0.228182 0.810158
10014.366523000 -0.024779 -0.959992 2.236305 0.044615 -0.555590 -0.231967 0.797196
10014.399856000 -0.024069 -0.965099 2.245468 0.042636 -0.570622 -0.238462 0.784671
10014.433189000 -0.020957 -0.971436 2.256107 0.043766 -0.586799 -0.240252 0.772030
10014.466522000 -0.019456 -0.972023 2.266772 0.046332 -0.600367 -0.243924 0.760206
10014.499855000 -0.019747 -0.972209 2.278284 0.047835 -0.612402 -0.242881 0.750790
10014.533188000 -0.021175 -0.971412 2.284640 0.055971 -0.624271 -0.245247 0.739599
10014.566521000 -0.021116 -0.960393 2.293454 0.059498 -0.636371 -0.242423 0.729879
10014.599854000 -0.028091 -0.958206 2.305568 0.051261 -0.645596 -0.242337 0.722392
10014.633187000 -0.038997 -0.956832 2.312123 0.044853 -0.650337 -0.242412 0.718530
10014.666520000 -0.046701 -0.947810 2.318384 0.040325 -0.653609 -0.233126 0.718903
10014.699853000 -0.057659 -0.944554 2.320037 0.036750 -0.653317 -0.233225 0.719328
10014.733186000 -0.067043 -0.943511 2.323967 0.037490 -0.653273 -0.232674 0.719508
10014.766519000 -0.075955 -0.945759 2.329781 0.037847 -0.655270 -0.226792 0.719552
10014.799852000 -0.083559 -0.948271 2.332724 0.039991 -0.657068 -0.224305 0.718574
10014.833185000 -0.088610 -0.948408 2.341283 0.042965 -0.662799 -0.216689 0.715470
10014.866518000 -0.091602 -0.943682 2.352871 0.041838 -0.667602 -0.213885 0.711906
10014.899851000 -0.099315 -0.951007 2.369925 0.032676 -0.672947 -0.213782 0.707370
10014.933184000 -0.102444 -0.951786 2.386953 0.031914 -0.677262 -0.214272 0.703125
10014.966517000 -0.104301 -0.958211 2.404069 0.032081 -0.682347 -0.216049 0.697636
10014.999850000 -0.104194 -0.966427 2.421252 0.029861 -0.689287 -0.215794 0.690959
10015.033183000 -0.103581 -0.974930 2.442709 0.024531 -0.696395 -0.218642 0.683102
10015.066516000 -0.101711 -0.977318 2.459114 0.021871 -0.700109 -0.221522 0.678452
10015.099849000 -0.101485 -0.982598 2.475520 0.018601 -0.704982 -0.223349 0.672882
10015.133182000 -0.102671 -0.990490 2.492347 0.015566 -0.711120 -0.224178 0.666191
10015.166515000 -0.102063 -0.992698 2.503896 0.012224 -0.716022 -0.220588 0.662197
10015.199848000 -0.104946 -0.998641 2.518810 0.006684 -0.720575 -0.216581 0.658650
10015.233181000 -0.108676 -1.003047 2.526901 0.003574 -0.723736 -0.215047 0.655705
10015.266514000 -0.112962 -1.009915 2.531553 0.002040 -0.725995 -0.211646 0.654319
10015.299847000 -0.115517 -1.015622 2.535783 -0.001163 -0.729757 -0.205187 0.652190
10015.333180000 -0.117000 -1.015548 2.540361 -0.002999 -0.735873 -0.197470 0.647678
10015.366513000 -0.119384 -1.014964 2.547175 -0.005119 -0.739784 -0.192102 0.644818
10015.399846000 -0.123022 -1.016132 2.549203 -0.009061 -0.741451 -0.191151 0.643141
10015.433179000 -0.126675 -1.017370 2.548812 -0.012308 -0.743008 -0.190754 0.641405
10015.466512000 -0.127427 -1.017236 2.545213 -0.013542 -0.746561 -0.189953 0.637481
10015.499845000 -0.129362 -1.019230 2.541847 -0.014673 -0.751225 -0.192341 0.631230
10015.533178000 -0.130677 -1.017217 2.537593 -0.013728 -0.755236 -0.195856 0.625356
10015.566511000 -0.132927 -1.015298 2.529769 -0.011920 -0.758762 -0.203552 0.618631
10015.599844000 -0.134527 -1.015063 2.515064 -0.010129 -0.761637 -0.211940 0.612281
10015.633177000 -0.135673 -1.014587 2.502583 -0.007587 -0.766682 -0.218578 0.603627
10015.666510000 -0.139727 -1.021292 2.497633 -0.004797 -0.772357 -0.226917 0.593255
10015.699843000 -0.134802 -1.015546 2.479660 0.004677 -0.777056 -0.233163 0.584634
10015.733176000 -0.131471 -1.014464 2.461613 0.006707 -0.781233 -0.237320 0.577329
10015.766509000 -0.128893 -1.013276 2.446085 0.010223 -0.784773 -0.245053 0.569189
10015.799842000 -0.122992 -1.011865 2.423194 0.017860 -0.787556 -0.252521 0.561845
10015.833175000 -0.126088 -1.019970 2.412199 0.019951 -0.793197 -0.262374 0.549182
10015.866508000 -0.119120 -1.015385 2.388684 0.021407 -0.795468 -0.267045 0.543562
10015.899841000 -0.114012 -1.012377 2.370301 0.021365 -0.800112 -0.269877 0.535285
10015.933174000 -0.108673 -1.007820 2.350707 0.023590 -0.804457 -0.271832 0.527636
10015.966507000 -0.102140 -0.999964 2.331441 0.026968 -0.807286 -0.274141 0.521928
10015.999840000 -0.105731 -1.003399 2.321991 0.033094 -0.810891 -0.286755 0.509051
10016.033173000 -0.102778 -0.994298 2.306837 0.032155 -0.813558 -0.291264 0.502249
10016.066506000 -0.097015 -0.985677 2.287225 -0.033781 0.814435 0.298232 -0.496601
10016.099839000 -0.091462 -0.980629 2.262580 -0.035972 0.816042 0.303785 -0.490405
10016.133172000 -0.082779 -0.973073 2.241317 -0.040274 0.821150 0.303428 -0.481687
10016.166505000 -0.085223 -0.974018 2.237171 -0.039792 0.827662 0.306155 -0.468681
10016.199838000 -0.078599 -0.968370 2.216703 -0.040741 0.832932 0.305910 -0.459329
10016.233171000 -0.068667 -0.958808 2.195669 -0.044524 0.837870 0.306177 -0.449720
10016.266504000 -0.058005 -0.952775 2.176420 -0.049079 0.842242 0.308713 -0.439222
10016.299837000 -0.049749 -0.948643 2.153278 -0.050750 0.847621 0.309188 -0.428213
10016.333170000 -0.046465 -0.947709 2.141168 -0.051413 0.854335 0.308715 -0.414926
10016.366503000 -0.042141 -0.944533 2.127276 -0.051276 0.859601 0.309987 -0.402945
10016.399836000 -0.030738 -0.939000 2.108958 -0.053322 0.864091 0.311320 -0.391897
10016.433169000 -0.022035 -0.933957 2.092376 -0.053742 0.868708 0.312608 -0.380440
10016.466502000 -0.014346 -0.929870 2.079078 -0.053810 0.872819 0.313401 -0.370232
10016.499835000 -0.010393 -0.924287 2.060744 -0.055136 0.877032 0.313288 -0.360036
10016.533168000 -0.004247 -0.920475 2.052169 -0.053724 0.880959 0.313208 -0.350608
10016.566501000 0.008449 -0.912973 2.035792 -0.052308 0.886805 0.311778 -0.337098
10016.599834000 0.014689 -0.908003 2.021656 -0.050640 0.889496 0.313202 -0.328841
10016.633167000 0.023512 -0.902395 2.009133 -0.050182 0.892331 0.314249 -0.320117
10016.666500000 0.023998 -0.895717 1.992665 -0.048352 0.895557 0.316350 -0.309131
10016.699833000 0.033058 -0.888452 1.979589 -0.047474 0.898602 0.317734 -0.298840
10016.733166000 0.039398 -0.882509 1.965810 -0.045315 0.901032 0.320199 -0.289067
10016.766499000 0.044435 -0.881609 1.951114 -0.042168 0.903742 0.322246 -0.278622
10016.799832000 0.053851 -0.877915 1.937758 -0.041913 0.907438 0.321081 -0.267780
10016.833165000 0.061554 -0.870246 1.931255 -0.038471 0.911941 0.319694 -0.254322
10016.866498000 0.076179 -0.860697 1.914636 -0.036086 0.914493 0.322061 -0.242235
10016.899831000 0.083149 -0.862239 1.902414 -0.034082 0.917721 0.323703 -0.227689
10016.933164000 0.092697 -0.856214 1.895423 -0.035236 0.921383 0.323018 -0.213240
10016.966497000 0.097848 -0.852450 1.888988 -0.035782 0.924346 0.322878 -0.200133
10016.999830000 0.085036 -0.852084 1.892177 -0.035009 0.927213 0.323553 -0.185374
10017.033163000 0.089070 -0.849032 1.877982 -0.033931 0.928341 0.325324 -0.176625
10017.066496000 0.086653 -0.848817 1.867994 -0.033549 0.930212 0.324770 -0.167647
10017.099829000 0.081902 -0.847202 1.858641 -0.035318 0.932359 0.322378 -0.159786
10017.133162000 0.070305 -0.850664 1.840286 -0.036437 0.934706 0.318757 -0.152938
10017.166495000 0.055656 -0.849899 1.829555 -0.038307 0.939294 0.309213 -0.143689
10017.199828000 0.046350 -0.849089 1.818589 -0.041361 0.941708 0.304937 -0.135970
10017.233161000 0.044525 -0.849731 1.798513 -0.043159 0.945007 0.296486 -0.131131
10017.266494000 0.037109 -0.845740 1.789721 -0.045914 0.948165 0.288047 -0.126108
10017.299827000 0.036987 -0.839020 1.773025 -0.047195 0.949765 0.283381 -0.124158
10017.333160000 0.011347 -0.837763 1.757872 -0.046668 0.952083 0.278389 -0.117725
10017.366493000 0.010688 -0.860798 1.733914 -0.046897 0.952708 0.277214 -0.115324
10017.399826000 0.000001 -0.851875 1.725281 -0.048779 0.953325 0.275115 -0.114475
10017.433159000 -0.016994 -0.850478 1.713657 -0.049769 0.953774 0.272735 -0.115994
10017.466492000 -0.017328 -0.847607 1.699412 -0.049564 0.954962 0.266544 -0.120607
10017.499825000 0.021912 -0.827832 1.678542 -0.050608 0.954763 0.262229 -0.130777
10017.533158000 -0.010560 -0.824327 1.679173 -0.051662 0.954623 0.263518 -0.128776
10017.566491000 -0.025510 -0.806639 1.675482 -0.053272 0.954562 0.262366 -0.130909
10017.599824000 -0.019922 -0.789154 1.658050 -0.056776 0.953929 0.259884 -0.138766
10017.633157000 -0.016889 -0.800423 1.625226 -0.057366 0.952168 0.261974 -0.146473
10017.666490000 0.010663 -0.781712 1.587688 -0.059751 0.950850 0.260772 -0.155926
10017.699823000 0.001482 -0.788728 1.565449 -0.059320 0.950851 0.259691 -0.157874
10017.733156000 0.011138 -0.768799 1.538746 -0.059009 0.952282 0.251452 -0.162628
10017.766489000 0.034176 -0.760789 1.501032 -0.057890 0.953230 0.243290 -0.169739
10017.799822000 0.040020 -0.759639 1.469739 -0.054965 0.952915 0.241627 -0.174780
10017.833155000 0.054989 -0.753323 1.431901 -0.050970 0.952553 0.238831 -0.181670
10017.866488000 0.063663 -0.736415 1.412358 -0.048276 0.951853 0.238631 -0.186279
10017.899821000 0.065861 -0.712272 1.397799 -0.047243 0.950177 0.242604 -0.189935
10017.933154000 0.084424 -0.696353 1.371100 -0.044265 0.946081 0.253546 -0.196687
10017.966487000 0.085099 -0.677825 1.349559 -0.043036 0.942645 0.262002 -0.202296
10017.999820000 0.085283 -0.674553 1.316313 -0.041119 0.936314 0.277687 -0.210986
10018.033153000 0.078634 -0.654388 1.303181 -0.041512 0.931722 0.287514 -0.217960
10018.066486000 0.072575 -0.631842 1.299522 -0.045133 0.927205 0.295582 -0.225577
10018.099819000 0.063937 -0.608929 1.281617 -0.046585 0.920636 0.307226 -0.236372
10018.133152000 0.050211 -0.598590 1.269647 -0.042972 0.915524 0.316370 -0.244700
10018.166485000 0.051493 -0.589805 1.222513 -0.036036 0.909725 0.324636 -0.256347
10018.199818000 0.034179 -0.563793 1.209042 -0.032145 0.908394 0.325117 -0.260934
10018.233151000 0.033331 -0.535596 1.184622 -0.029272 0.905754 0.327072 -0.267913
10018.266484000 0.018944 -0.515569 1.159529 -0.025859 0.902172 0.333117 -0.272856
10018.299817000 -0.000671 -0.499343 1.128356 -0.021073 0.899036 0.338922 -0.276445
10018.333150000 -0.003540 -0.483240 1.080354 -0.021980 0.891631 0.350552 -0.285701
10018.366483000 -0.038509 -0.470492 1.065544 -0.019372 0.889603 0.353876 -0.288103
10018.399816000 -0.047744 -0.456957 1.033287 -0.017220 0.888505 0.351690 -0.294239
10018.433149000 -0.054998 -0.442312 0.999669 -0.016692 0.888214 0.344813 -0.303152
10018.466482000 -0.061670 -0.427352 0.969585 -0.014718 0.887700 0.338341 -0.311925
10018.499815000 -0.064460 -0.416035 0.937326 -0.015594 0.886278 0.330002 -0.324603
10018.533148000 -0.067003 -0.399597 0.911263 -0.012633 0.881885 0.327916 -0.338511
10018.566481000 -0.072884 -0.383302 0.884138 -0.013337 0.874318 0.333028 -0.352821
10018.599814000 -0.084414 -0.363931 0.863963 -0.013193 0.868655 0.332836 -0.366723
10018.633147000 -0.088398 -0.342257 0.839113 -0.010395 0.863133 0.329442 -0.382573
10018.666480000 -0.087555 -0.313655 0.802433 -0.007264 0.855591 0.325200 -0.402686
10018.699813000 -0.089236 -0.291112 0.766731 -0.007199 0.847814 0.320379 -0.422512
10018.733146000 -0.096904 -0.276999 0.747529 -0.005893 0.842322 0.310263 -0.440677
10018.766479000 -0.096242 -0.262378 0.707990 0.003774 0.833914 0.307288 -0.458418
10018.799812000 -0.097100 -0.246463 0.675908 0.008107 0.826939 0.303265 -0.473430
10018.833145000 -0.093264 -0.232231 0.635546 0.008905 0.818841 0.300813 -0.488806
10018.866478000 -0.108538 -0.228623 0.616961 0.009518 0.813646 0.299650 -0.498096
10018.899811000 -0.114209 -0.217454 0.588010 -0.010146 -0.806248 -0.298373 0.510720
10018.933144000 -0.122013 -0.209954 0.562004 -0.009905 -0.801089 -0.297456 0.519306
10018.966477000 -0.127355 -0.200964 0.541903 -0.007387 -0.795579 -0.297145 0.527924
10018.999810000 -0.127900 -0.182697 0.515375 -0.002353 -0.785276 -0.300032 0.541587
10019.033143000 -0.144529 -0.172796 0.508474 -0.000171 -0.778148 -0.301822 0.550808
10019.066476000 -0.158047 -0.163528 0.493272 -0.000501 -0.771394 -0.301620 0.560336
10019.099809000 -0.172012 -0.154481 0.479293 -0.002022 -0.764903 -0.301218 0.569375
10019.133142000 -0.186996 -0.142385 0.458448 -0.006581 -0.758548 -0.298760 0.579054
10019.166475000 -0.195509 -0.132241 0.431251 -0.009673 -0.752060 -0.294539 0.589542
10019.199808000 -0.218603 -0.138028 0.423055 -0.014995 -0.748333 -0.287305 0.597686
10019.233141000 -0.235402 -0.129734 0.408809 -0.018950 -0.742512 -0.283672 0.606503
10019.266474000 -0.251635 -0.127303 0.394814 -0.019652 -0.736564 -0.281593 0.614649
10019.299807000 -0.265348 -0.119453 0.381926 -0.016512 -0.728021 -0.281452 0.624898
10019.333140000 -0.275498 -0.105780 0.372550 -0.009109 -0.716337 -0.281639 0.638324
10019.366473000 -0.296408 -0.115859 0.370939 -0.009526 -0.707302 -0.279284 0.649333
10019.399806000 -0.307743 -0.114970 0.364429 -0.011228 -0.696980 -0.275792 0.661839
10019.433139000 -0.317920 -0.116650 0.361943 -0.011504 -0.687289 -0.274009 0.672622
10019.466472000 -0.325660 -0.116170 0.361035 -0.009620 -0.676436 -0.273699 0.683689
10019.499805000 -0.325663 -0.102329 0.343786 -0.008990 -0.663420 -0.265602 0.699463
10019.533138000 -0.331650 -0.105266 0.343478 -0.009221 -0.652503 -0.262586 0.710777
10019.566471000 -0.335892 -0.101324 0.341956 -0.009778 -0.641495 -0.257584 0.722523
10019.599804000 -0.337158 -0.098853 0.333606 -0.011152 -0.631091 -0.253466 0.733045
10019.633137000 -0.337740 -0.095188 0.324194 -0.012902 -0.621014 -0.247560 0.743565
10019.666470000 -0.336915 -0.087131 0.295998 -0.014922 -0.607696 -0.241010 0.756570
10019.699803000 -0.335135 -0.079392 0.283378 -0.016106 -0.597519 -0.235440 0.766342
10019.733136000 -0.331887 -0.072479 0.267140 -0.017411 -0.587494 -0.232949 0.774779
10019.766469000 -0.328712 -0.068325 0.254996 -0.018406 -0.578063 -0.227931 0.783296
10019.799802000 -0.321774 -0.060792 0.240754 -0.021507 -0.569922 -0.222659 0.790664
10019.833135000 -0.314343 -0.045057 0.214358 -0.020979 -0.559565 -0.221924 0.798246
10019.866468000 -0.307188 -0.041121 0.204048 -0.023411 -0.551792 -0.217048 0.804902
10019.899801000 -0.299853 -0.035791 0.197298 -0.024516 -0.543527 -0.214283 0.811209
10019.933134000 -0.289960 -0.033364 0.190504 -0.025815 -0.535415 -0.210417 0.817551
10019.966467000 -0.281912 -0.028604 0.185602 -0.025603 -0.525555 -0.206828 0.824839
10019.999800000 -0.275207 -0.021182 0.178145 -0.024570 -0.512104 -0.205701 0.833567
10020.033133000 -0.268420 -0.022038 0.179855 -0.026304 -0.499379 -0.201799 0.842143
10020.066466000 -0.261322 -0.023797 0.180483 -0.027467 -0.484865 -0.196378 0.851814
10020.099799000 -0.254579 -0.024947 0.184836 -0.027999 -0.469343 -0.191619 0.861519
10020.133132000 -0.245239 -0.031047 0.193728 -0.027998 -0.453740 -0.185742 0.871112
10020.166465000 -0.253046 -0.024891 0.183690 -0.024560 -0.432367 -0.173201 0.884566
10020.199798000 -0.237293 -0.027217 0.198329 -0.023364 -0.419448 -0.163631 0.892604
10020.233131000 -0.232602 -0.029551 0.205552 -0.023401 -0.401698 -0.156033 0.902078
10020.266464000 -0.225227 -0.030701 0.214612 -0.022334 -0.385187 -0.148794 0.910491
10020.299797000 -0.218977 -0.031754 0.222938 -0.023700 -0.368695 -0.141352 0.918434
10020.333130000 -0.224282 -0.017780 0.215447 -0.022865 -0.347895 -0.132127 0.927895
10020.366463000 -0.219172 -0.020344 0.227511 -0.028148 -0.332860 -0.128964 0.933692
10020.399796000 -0.214447 -0.019757 0.238198 -0.027566 -0.317901 -0.124296 0.939537
10020.433129000 -0.211380 -0.017758 0.247036 -0.027733 -0.306186 -0.119831 0.943992
10020.466462000 -0.207516 -0.020250 0.260097 -0.029143 -0.296671 -0.120013 0.946960
10020.499795000 -0.208940 -0.017828 0.266557 -0.027600 -0.285434 -0.117367 0.950784
10020.533128000 -0.207595 -0.018102 0.276439 -0.027746 -0.277580 -0.112121 0.953734
10020.566461000 -0.203444 -0.020729 0.288898 -0.028398 -0.273552 -0.107123 0.955451
10020.599794000 -0.199946 -0.020275 0.299505 -0.027271 -0.270076 -0.103661 0.956854
10020.633127000 -0.199806 -0.023123 0.311039 -0.029336 -0.265158 -0.102814 0.958259
10020.666460000 -0.199679 -0.025915 0.321972 -0.029648 -0.260798 -0.102035 0.959528
10020.699793000 -0.194109 -0.025396 0.337033 -0.029053 -0.257688 -0.098739 0.960731
10020.733126000 -0.190951 -0.027861 0.349539 -0.031245 -0.254019 -0.096100 0.961906
10020.766459000 -0.186788 -0.030096 0.363971 -0.033094 -0.250398 -0.092306 0.963164
10020.799792000 -0.182667 -0.034311 0.379309 -0.034678 -0.245728 -0.087758 0.964735
10020.833125000 -0.177390 -0.041538 0.394680 -0.029125 -0.237599 -0.083359 0.967341
10020.866458000 -0.173761 -0.040819 0.405736 -0.026159 -0.229097 -0.079188 0.969824
10020.899791000 -0.167422 -0.040676 0.420118 -0.027239 -0.219733 -0.078509 0.972014
10020.933124000 -0.162950 -0.038515 0.431756 -0.026177 -0.208885 -0.078130 0.974463
10020.966457000 -0.157810 -0.034514 0.441353 -0.027933 -0.202254 -0.075037 0.976055
10020.999790000 -0.157352 -0.030470 0.445858 -0.030405 -0.194823 -0.073071 0.977640
10021.033123000 -0.154747 -0.024588 0.451112 -0.031602 -0.186326 -0.071885 0.979345
10021.066456000 -0.153741 -0.019748 0.452898 -0.030764 -0.175946 -0.071804 0.981295
10021.099789000 -0.152562 -0.016263 0.454099 -0.032786 -0.166991 -0.070587 0.982882
10021.133122000 -0.152665 -0.010137 0.449763 -0.034495 -0.157353 -0.067415 0.984635
10021.166455000 -0.155903 -0.012687 0.445028 -0.035853 -0.146596 -0.066100 0.986334
10021.199788000 -0.154915 -0.005757 0.436600 -0.030973 -0.134976 -0.060779 0.988498
10021.233121000 -0.158661 -0.000104 0.426818 -0.027984 -0.125046 -0.055705 0.990191
10021.266454000 -0.162717 0.009201 0.415200 -0.026086 -0.115238 -0.052864 0.991587
10021.299787000 -0.171624 0.024315 0.394846 -0.024135 -0.097727 -0.044232 0.993937
10021.333120000 -0.183077 0.033180 0.376316 -0.021509 -0.082888 -0.037011 0.995639
10021.366453000 -0.189637 0.041331 0.356284 -0.019292 -0.068008 -0.027777 0.997111
10021.399786000 -0.193115 0.052395 0.335812 -0.017253 -0.056223 -0.016584 0.998131
10021.433119000 -0.196424 0.064348 0.314719 -0.015758 -0.047026 -0.005648 0.998753
10021.466452000 -0.198067 0.071729 0.294438 -0.015518 -0.040566 0.003945 0.999049
10021.499785000 -0.211830 0.080492 0.266548 -0.013417 -0.031553 0.006861 0.999388
10021.533118000 -0.204654 0.081779 0.246251 -0.011192 -0.028116 0.007071 0.999517
10021.566451000 -0.200947 0.090152 0.226364 -0.007193 -0.019101 0.006435 0.999771
10021.599784000 -0.193442 0.099402 0.212541 -0.006015 -0.008667 0.006685 0.999922
