10000.000000000 0.000000 0.000000 0.000000 0.000000 0.000000 0.000000 1.000000
10000.033333000 0.010350 0.003287 -0.001781 0.002255 -0.004436 -0.001607 0.999986
10000.066666000 0.020615 0.007485 -0.002877 0.004262 -0.008995 -0.003714 0.999944
10000.099999000 0.031215 0.010657 -0.003225 0.005959 -0.013629 -0.005845 0.999872
10000.133332000 0.041692 0.013800 -0.003762 0.007408 -0.018266 -0.008580 0.999769
10000.166665000 0.051308 0.016685 -0.004039 0.008781 -0.022511 -0.011043 0.999647
10000.199998000 0.061815 0.020041 -0.004421 0.010097 -0.027164 -0.014281 0.999478
10000.233331000 0.071650 0.022144 -0.004196 0.010960 -0.031426 -0.017305 0.999296
10000.266664000 0.080978 0.025647 -0.003865 0.012137 -0.035593 -0.020775 0.999077
10000.299997000 0.089825 0.027441 -0.003687 0.012631 -0.039417 -0.023518 0.998866
10000.333330000 0.109588 0.031746 -0.003201 0.013974 -0.048079 -0.030682 0.998274
10000.366663000 0.118319 0.033493 -0.002917 0.014522 -0.051797 -0.033375 0.997994
10000.399996000 0.126619 0.036503 -0.002544 0.015601 -0.055404 -0.036426 0.997677
10000.433329000 0.135520 0.038738 -0.002114 0.016589 -0.059100 -0.038977 0.997353
10000.466662000 0.143921 0.040916 -0.002526 0.017596 -0.062669 -0.041564 0.997013
10000.499995000 0.152621 0.043773 -0.002777 0.019061 -0.066287 -0.043475 0.996671
10000.533328000 0.161284 0.046230 -0.003212 0.020406 -0.069877 -0.045373 0.996314
10000.566661000 0.169812 0.048996 -0.003523 0.022075 -0.073395 -0.046699 0.995964
10000.599994000 0.178340 0.052336 -0.004471 0.023977 -0.076970 -0.047968 0.995590
10000.633327000 0.186680 0.054815 -0.006241 0.026046 -0.080296 -0.048603 0.995245
10000.666660000 0.202970 0.062531 -0.008648 0.031644 -0.087112 -0.048123 0.994532
10000.699993000 0.211030 0.066065 -0.011031 0.034543 -0.090417 -0.047591 0.994166
10000.733326000 0.219107 0.069562 -0.013461 0.037959 -0.093731 -0.046958 0.993765
10000.766659000 0.227134 0.073610 -0.015000 0.041952 -0.097084 -0.046223 0.993317
10000.799992000 0.235328 0.077265 -0.017299 0.045808 -0.100438 -0.046031 0.992822
10000.833325000 0.243555 0.080390 -0.018319 0.049899 -0.103937 -0.046370 0.992249
10000.866658000 0.252341 0.083014 -0.018487 0.054474 -0.107534 -0.047152 0.991587
10000.899991000 0.260775 0.084752 -0.018545 0.058890 -0.110867 -0.049426 0.990857
10000.933324000 0.269838 0.086311 -0.016807 0.063799 -0.114507 -0.052661 0.989972
10000.966657000 0.279945 0.087258 -0.014545 0.068436 -0.118628 -0.057142 0.988928
10000.999990000 0.300840 0.085521 -0.005489 0.078673 -0.126362 -0.070854 0.986318
10001.033323000 0.310720 0.082937 0.000364 0.083457 -0.129976 -0.080024 0.984752
10001.066656000 0.322235 0.080110 0.007149 0.088402 -0.134249 -0.089674 0.982914
10001.099989000 0.333806 0.076785 0.014348 0.093344 -0.138608 -0.100004 0.980854
10001.133322000 0.345152 0.071934 0.021434 0.097441 -0.143108 -0.110541 0.978676
10001.166655000 0.357151 0.067385 0.027786 0.101322 -0.147983 -0.121317 0.976277
10001.199988000 0.367833 0.062841 0.034952 0.105161 -0.152857 -0.131382 0.973814
10001.233321000 0.378806 0.057042 0.039715 0.107571 -0.158431 -0.141182 0.971286
10001.266654000 0.388272 0.051544 0.043115 0.109319 -0.163882 -0.150473 0.968788
10001.299987000 0.398348 0.046435 0.045056 0.110406 -0.170003 -0.158750 0.966286
10001.333320000 0.416965 0.034889 0.042827 0.108834 -0.184517 -0.173056 0.961333
10001.366653000 0.425341 0.030275 0.037969 0.106575 -0.192700 -0.178683 0.958948
10001.399986000 0.433515 0.025973 0.031469 0.103500 -0.201017 -0.183833 0.956601
10001.433319000 0.441459 0.022097 0.023704 0.100069 -0.209851 -0.188347 0.954188
10001.466652000 0.449998 0.019378 0.013965 0.095925 -0.219218 -0.192292 0.951717
10001.499985000 0.458321 0.017748 0.004889 0.092418 -0.228390 -0.195533 0.949244
10001.533318000 0.467745 0.014988 -0.004978 0.088482 -0.238067 -0.198611 0.946598
10001.566651000 0.476895 0.013429 -0.014990 0.084553 -0.247104 -0.200940 0.944147
10001.599984000 0.487819 0.013108 -0.024877 0.081585 -0.256468 -0.203106 0.941444
10001.633317000 0.500690 0.013866 -0.033122 0.080079 -0.265724 -0.204638 0.938670
10001.666650000 0.530095 0.017698 -0.046001 0.079870 -0.282520 -0.206479 0.933365
10001.699983000 0.545980 0.020983 -0.050787 0.081593 -0.289458 -0.207116 0.930945
10001.733316000 0.564141 0.025903 -0.054615 0.085017 -0.296055 -0.207158 0.928552
10001.766649000 0.582320 0.030263 -0.056496 0.088052 -0.302525 -0.207073 0.926200
10001.799982000 0.601208 0.035136 -0.058330 0.092161 -0.308044 -0.206732 0.924055
10001.833315000 0.620247 0.040782 -0.058011 0.096634 -0.313482 -0.206460 0.921827
10001.866648000 0.638698 0.047480 -0.057560 0.101975 -0.317881 -0.205629 0.919929
10001.899981000 0.656774 0.053371 -0.056210 0.106579 -0.322566 -0.205090 0.917894
10001.933314000 0.673223 0.059356 -0.054951 0.111066 -0.326199 -0.204294 0.916255
10001.966647000 0.688585 0.064601 -0.053325 0.115086 -0.329645 -0.203637 0.914670
10001.999980000 0.714152 0.075840 -0.050013 0.122547 -0.335562 -0.202358 0.911829
10002.033313000 0.724954 0.081394 -0.047619 0.125987 -0.338632 -0.201529 0.910408
10002.066646000 0.733775 0.085591 -0.046125 0.128146 -0.341228 -0.201076 0.909236
10002.099979000 0.741822 0.089504 -0.044496 0.129940 -0.343816 -0.200467 0.908141
10002.133312000 0.748915 0.091926 -0.044490 0.131384 -0.345767 -0.200077 0.907278
10002.166645000 0.755279 0.094250 -0.044379 0.132701 -0.347942 -0.199527 0.906375
10002.199978000 0.762601 0.096521 -0.044945 0.133706 -0.350075 -0.199338 0.905447
10002.233311000 0.769315 0.097953 -0.046386 0.134231 -0.351850 -0.199307 0.904688
10002.266644000 0.777131 0.098640 -0.049192 0.134877 -0.353434 -0.199175 0.904003
10002.299977000 0.785405 0.098200 -0.053409 0.134873 -0.354917 -0.199516 0.903347
10002.333310000 0.806775 0.097537 -0.066217 0.134800 -0.356918 -0.199801 0.902506
10002.366643000 0.818973 0.094096 -0.074856 0.133828 -0.357542 -0.200767 0.902190
10002.399976000 0.833079 0.092148 -0.083821 0.133760 -0.358466 -0.201477 0.901675
10002.433309000 0.845628 0.090300 -0.094406 0.133086 -0.358628 -0.201833 0.901630
10002.466642000 0.859086 0.086780 -0.105399 0.131989 -0.358938 -0.202837 0.901443
10002.499975000 0.871428 0.081993 -0.115505 0.130340 -0.359558 -0.203639 0.901255
10002.533308000 0.882394 0.077896 -0.126336 0.128443 -0.360144 -0.204577 0.901081
10002.566641000 0.891527 0.074827 -0.136785 0.126574 -0.360597 -0.205608 0.900930
10002.599974000 0.899174 0.072044 -0.145707 0.124536 -0.361061 -0.206048 0.900927
10002.633307000 0.904583 0.068145 -0.154015 0.121696 -0.362111 -0.206930 0.900692
10002.666640000 0.904391 0.062798 -0.164510 0.115414 -0.364811 -0.208649 0.900032
10002.699973000 0.899764 0.060526 -0.167194 0.111748 -0.366424 -0.209559 0.899628
10002.733306000 0.892836 0.058953 -0.169718 0.107947 -0.367743 -0.210489 0.899337
10002.766639000 0.884697 0.057492 -0.169340 0.104435 -0.369053 -0.211412 0.898998
10002.799972000 0.874774 0.056003 -0.168459 0.101506 -0.369376 -0.212313 0.898989
10002.833305000 0.863977 0.054796 -0.166582 0.099035 -0.369083 -0.212954 0.899233
10002.866638000 0.852563 0.052741 -0.164084 0.097401 -0.367158 -0.212952 0.900200
10002.899971000 0.841003 0.050581 -0.161481 0.096886 -0.363904 -0.213163 0.901526
10002.933304000 0.829824 0.046714 -0.157985 0.097385 -0.359190 -0.213115 0.903372
10002.966637000 0.820892 0.043004 -0.155498 0.099860 -0.352274 -0.212230 0.906030
10002.999970000 0.805263 0.032615 -0.151219 0.109893 -0.331722 -0.209817 0.913160
10003.033303000 0.800761 0.025927 -0.148358 0.117226 -0.319358 -0.208323 0.916989
10003.066636000 0.796741 0.018146 -0.146243 0.125433 -0.305352 -0.206551 0.921066
10003.099969000 0.795121 0.010877 -0.145434 0.134124 -0.291265 -0.205071 0.924728
10003.133302000 0.793834 0.002337 -0.144681 0.142647 -0.277076 -0.204055 0.928031
10003.166635000 0.792867 -0.004364 -0.143617 0.151294 -0.263440 -0.202644 0.930938
10003.199968000 0.792113 -0.012353 -0.143040 0.158991 -0.250640 -0.202102 0.933304
10003.233301000 0.791235 -0.018661 -0.142601 0.166068 -0.238957 -0.201596 0.935243
10003.266634000 0.789738 -0.025038 -0.141968 0.172210 -0.228320 -0.201054 0.936905
10003.299967000 0.788056 -0.032667 -0.142802 0.176517 -0.219454 -0.200944 0.938245
10003.333300000 0.779493 -0.040858 -0.142291 0.182884 -0.205891 -0.200656 0.940159
10003.366633000 0.773650 -0.043931 -0.142410 0.184321 -0.201179 -0.200224 0.940991
10003.399966000 0.765762 -0.045616 -0.143135 0.184812 -0.197457 -0.199897 0.941752
10003.433299000 0.758682 -0.047229 -0.143025 0.184712 -0.194939 -0.199637 0.942351
10003.466632000 0.749120 -0.049463 -0.142930 0.183486 -0.192926 -0.198952 0.943149
10003.499965000 0.740444 -0.050712 -0.143407 0.181986 -0.191707 -0.198603 0.943762
10003.533298000 0.730832 -0.052217 -0.142493 0.179940 -0.191181 -0.198557 0.944270
10003.566631000 0.720874 -0.054923 -0.140679 0.177393 -0.190921 -0.198337 0.944851
10003.599964000 0.711287 -0.057379 -0.139410 0.174822 -0.190710 -0.198079 0.945427
10003.633297000 0.701653 -0.060676 -0.137213 0.172044 -0.190590 -0.197919 0.945994
10003.666630000 0.683786 -0.070388 -0.130635 0.166438 -0.190492 -0.198078 0.946983
10003.699963000 0.675851 -0.077201 -0.126063 0.163790 -0.190186 -0.198235 0.947473
10003.733296000 0.668632 -0.085448 -0.120419 0.161119 -0.189890 -0.198403 0.947955
10003.766629000 0.661655 -0.093045 -0.114306 0.158945 -0.189480 -0.198805 0.948320
10003.799962000 0.655530 -0.102067 -0.108144 0.156516 -0.189168 -0.199294 0.948683
10003.833295000 0.650167 -0.112317 -0.100939 0.154081 -0.188875 -0.199778 0.949039
10003.866628000 0.644688 -0.122542 -0.093777 0.151678 -0.188702 -0.200781 0.949248
10003.899961000 0.638618 -0.132801 -0.086412 0.149538 -0.187863 -0.201024 0.949703
10003.933294000 0.633639 -0.142401 -0.078883 0.147458 -0.187654 -0.201955 0.949872
10003.966627000 0.628147 -0.153905 -0.072728 0.144617 -0.187272 -0.202961 0.950169
10003.999960000 0.618860 -0.174351 -0.058962 0.139811 -0.186738 -0.204001 0.950771
10004.033293000 0.613612 -0.184525 -0.053324 0.137099 -0.186513 -0.205011 0.950993
10004.066626000 0.608710 -0.193822 -0.046587 0.134428 -0.186606 -0.205728 0.951201
10004.099959000 0.603177 -0.201984 -0.040499 0.132134 -0.186184 -0.206156 0.951512
10004.133292000 0.598201 -0.211174 -0.034450 0.129384 -0.186144 -0.206834 0.951751
10004.166625000 0.591864 -0.220315 -0.028664 0.126317 -0.185909 -0.207569 0.952049
10004.199958000 0.585589 -0.229129 -0.022661 0.123317 -0.185683 -0.208292 0.952328
10004.233291000 0.578419 -0.237505 -0.016932 0.120509 -0.184642 -0.208191 0.952912
10004.266624000 0.571092 -0.246386 -0.011055 0.117279 -0.184081 -0.208843 0.953281
10004.299957000 0.563586 -0.254597 -0.004820 0.114290 -0.183401 -0.209392 0.953654
10004.333290000 0.545626 -0.275173 0.006630 0.106405 -0.181270 -0.210686 0.954689
10004.366623000 0.535547 -0.285025 0.013214 0.102698 -0.179679 -0.211077 0.955309
10004.399956000 0.525758 -0.295207 0.019326 0.098766 -0.178103 -0.211478 0.955930
10004.433289000 0.515690 -0.305056 0.026290 0.094953 -0.176503 -0.211817 0.956538
10004.466622000 0.506932 -0.314700 0.032141 0.091211 -0.175253 -0.212319 0.957020
10004.499955000 0.499452 -0.324084 0.038660 0.087599 -0.174326 -0.212862 0.957406
10004.533288000 0.492113 -0.332783 0.045305 0.084223 -0.173455 -0.213398 0.957748
10004.566621000 0.487114 -0.342349 0.050117 0.080590 -0.173197 -0.214247 0.957918
10004.599954000 0.485167 -0.351265 0.056464 0.077785 -0.173870 -0.215283 0.957795
10004.633287000 0.483855 -0.359687 0.061405 0.074893 -0.174808 -0.216462 0.957589
10004.666620000 0.491165 -0.374167 0.068971 0.070753 -0.179690 -0.219698 0.956263
10004.699953000 0.498271 -0.380437 0.073261 0.069426 -0.183277 -0.221580 0.955244
10004.733286000 0.508386 -0.385748 0.076520 0.068683 -0.187710 -0.223675 0.953948
10004.766619000 0.520675 -0.391840 0.080619 0.067975 -0.193045 -0.226102 0.952361
10004.799952000 0.532688 -0.395697 0.084564 0.067995 -0.198075 -0.228134 0.950840
10004.833285000 0.547000 -0.398842 0.088945 0.068542 -0.203831 -0.230275 0.949067
10004.866618000 0.560682 -0.403807 0.094102 0.068608 -0.209640 -0.232497 0.947253
10004.899951000 0.573234 -0.406814 0.099029 0.069135 -0.214905 -0.234525 0.945534
10004.933284000 0.585495 -0.409102 0.105530 0.070048 -0.220254 -0.236402 0.943767
10004.966617000 0.596939 -0.411073 0.113099 0.071069 -0.225441 -0.238161 0.942022
10004.999950000 0.613434 -0.415157 0.131348 0.072604 -0.234322 -0.240988 0.939014
10005.033283000 0.618167 -0.416960 0.142094 0.073233 -0.237926 -0.242197 0.937747
10005.066616000 0.620338 -0.418852 0.153450 0.073609 -0.240885 -0.243201 0.936701
10005.099949000 0.621795 -0.420491 0.165794 0.074072 -0.243778 -0.244160 0.935666
10005.133282000 0.622593 -0.422124 0.179017 0.074541 -0.246648 -0.245062 0.934641
10005.166615000 0.620441 -0.424902 0.192802 0.074350 -0.248898 -0.245972 0.933820
10005.199948000 0.619423 -0.426922 0.206225 0.074487 -0.251326 -0.246849 0.932927
10005.233281000 0.617775 -0.428330 0.220418 0.074842 -0.253712 -0.247531 0.932071
10005.266614000 0.616734 -0.430521 0.234018 0.074940 -0.256286 -0.248372 0.931135
10005.299947000 0.613757 -0.432785 0.246917 0.074762 -0.258196 -0.249191 0.930403
10005.333280000 0.612239 -0.438193 0.271432 0.074385 -0.263353 -0.251179 0.928451
10005.366613000 0.612047 -0.440892 0.283162 0.074242 -0.266104 -0.252222 0.927395
10005.399946000 0.613035 -0.443968 0.293925 0.074031 -0.269155 -0.253393 0.926211
10005.433279000 0.614250 -0.446987 0.304944 0.073895 -0.272341 -0.254626 0.924951
10005.466612000 0.615064 -0.450106 0.315547 0.073621 -0.275382 -0.255760 0.923760
10005.499945000 0.615653 -0.454292 0.325760 0.072922 -0.278542 -0.257189 0.922470
10005.533278000 0.618146 -0.457019 0.336762 0.073022 -0.282219 -0.258418 0.921000
10005.566611000 0.619019 -0.460233 0.347209 0.072729 -0.285425 -0.259646 0.919688
10005.599944000 0.620941 -0.463165 0.357950 0.072712 -0.289044 -0.260872 0.918212
10005.633277000 0.622401 -0.465297 0.369318 0.073035 -0.292667 -0.261977 0.916722
10005.666610000 0.624436 -0.469058 0.393368 0.073848 -0.299954 -0.264140 0.913676
10005.699943000 0.625516 -0.470817 0.407144 0.074514 -0.304067 -0.265155 0.911967
10005.733276000 0.626469 -0.472188 0.420180 0.075334 -0.308063 -0.266065 0.910292
10005.766609000 0.624829 -0.473456 0.433115 0.075492 -0.311797 -0.266668 0.908830
10005.799942000 0.625546 -0.474772 0.446360 0.076297 -0.315907 -0.267597 0.907069
10005.833275000 0.626640 -0.476903 0.460240 0.076863 -0.320475 -0.268755 0.905074
10005.866608000 0.627518 -0.478153 0.473442 0.077728 -0.324765 -0.269675 0.903195
10005.899941000 0.628577 -0.480155 0.486053 0.078265 -0.329097 -0.270711 0.901269
10005.933274000 0.629680 -0.482564 0.497608 0.078524 -0.333298 -0.271843 0.899360
10005.966607000 0.631026 -0.485956 0.508527 0.078716 -0.337075 -0.273274 0.897500
10005.999940000 0.634519 -0.494366 0.527445 0.077365 -0.345253 -0.276112 0.893631
10006.033273000 0.637198 -0.499756 0.534982 0.076548 -0.348883 -0.277992 0.891707
10006.066606000 0.639254 -0.505506 0.541778 0.075168 -0.352164 -0.279533 0.890051
10006.099939000 0.641174 -0.511906 0.547590 0.073374 -0.355599 -0.281939 0.888074
10006.133272000 0.644547 -0.518591 0.552720 0.071633 -0.358938 -0.283698 0.886311
10006.166605000 0.647007 -0.526021 0.557157 0.069310 -0.362222 -0.286335 0.884310
10006.199938000 0.649759 -0.533774 0.560674 0.066586 -0.365396 -0.288628 0.882466
10006.233271000 0.652627 -0.542072 0.565859 0.063833 -0.369185 -0.291047 0.880295
10006.266604000 0.655230 -0.550061 0.569213 0.060594 -0.372718 -0.293156 0.878333
10006.299937000 0.657115 -0.558062 0.572679 0.057218 -0.376046 -0.295341 0.876407
10006.333270000 0.660764 -0.574582 0.580240 0.049897 -0.383280 -0.299546 0.872284
10006.366603000 0.661507 -0.582742 0.584837 0.045943 -0.387014 -0.301488 0.870180
10006.399936000 0.662299 -0.591299 0.589828 0.041895 -0.391028 -0.303745 0.867802
10006.433269000 0.663607 -0.598359 0.595179 0.038825 -0.395089 -0.305997 0.865311
10006.466602000 0.665188 -0.605919 0.599426 0.035276 -0.398951 -0.307892 0.863016
10006.499935000 0.666616 -0.612829 0.604415 0.032493 -0.402565 -0.309944 0.860709
10006.533268000 0.668813 -0.619339 0.610565 0.030612 -0.406292 -0.311994 0.858283
10006.566601000 0.671274 -0.625956 0.615844 0.028864 -0.409410 -0.313897 0.856165
10006.599934000 0.675067 -0.631814 0.621447 0.028519 -0.412620 -0.316197 0.853786
10006.633267000 0.679105 -0.637534 0.627382 0.028741 -0.415535 -0.318701 0.851430
10006.666600000 0.691693 -0.646193 0.640523 0.033883 -0.420338 -0.323641 0.847009
10006.699933000 0.700024 -0.648991 0.646180 0.038434 -0.421925 -0.326200 0.845042
10006.733266000 0.708136 -0.652773 0.652709 0.043133 -0.423416 -0.329276 0.842873
10006.766599000 0.718557 -0.655941 0.659152 0.049397 -0.424743 -0.331882 0.840837
10006.799932000 0.729139 -0.659615 0.664629 0.054885 -0.425987 -0.335029 0.838616
10006.833265000 0.740653 -0.662888 0.670019 0.060889 -0.426931 -0.337825 0.836598
10006.866598000 0.752282 -0.666835 0.674536 0.066742 -0.427575 -0.341184 0.834457
10006.899931000 0.764693 -0.670502 0.678937 0.072402 -0.428722 -0.344232 0.832142
10006.933264000 0.777650 -0.675343 0.681603 0.077216 -0.429846 -0.347734 0.829669
10006.966597000 0.789814 -0.681726 0.684248 0.080308 -0.431182 -0.351111 0.827257
10006.999930000 0.816685 -0.696854 0.685859 0.084504 -0.435915 -0.358337 0.821238
10007.033263000 0.830790 -0.706544 0.685453 0.084632 -0.438860 -0.362059 0.818017
10007.066596000 0.844372 -0.716104 0.683666 0.084107 -0.442127 -0.365028 0.814987
10007.099929000 0.857245 -0.726624 0.682708 0.082774 -0.445405 -0.367925 0.812031
10007.133262000 0.870173 -0.737201 0.680358 0.080966 -0.449074 -0.370449 0.809040
10007.166595000 0.883109 -0.748171 0.677052 0.078522 -0.452261 -0.372745 0.806446
10007.199928000 0.895887 -0.757855 0.673833 0.076381 -0.455734 -0.374227 0.804006
10007.233261000 0.907475 -0.767881 0.670719 0.073503 -0.459047 -0.374901 0.802074
10007.266594000 0.919615 -0.776030 0.666544 0.071670 -0.461648 -0.374738 0.800822
10007.299927000 0.930535 -0.783909 0.663176 0.069152 -0.464595 -0.373821 0.799767
10007.333260000 0.952932 -0.794920 0.656986 0.066443 -0.468945 -0.369628 0.799407
10007.366593000 0.962096 -0.797449 0.654630 0.066031 -0.470054 -0.366325 0.800309
10007.399926000 0.971882 -0.798648 0.652055 0.065675 -0.471227 -0.362924 0.801198
10007.433259000 0.981286 -0.799298 0.650179 0.065891 -0.472362 -0.359141 0.802216
10007.466592000 0.990290 -0.798148 0.649355 0.067174 -0.473454 -0.355872 0.802922
10007.499925000 0.998718 -0.795410 0.649004 0.068830 -0.474526 -0.353067 0.803387
10007.533258000 1.006735 -0.792366 0.649425 0.071133 -0.475449 -0.351677 0.803251
10007.566591000 1.014919 -0.787522 0.649420 0.074062 -0.476547 -0.351220 0.802534
10007.599924000 1.022629 -0.782586 0.652026 0.078122 -0.478058 -0.352512 0.800682
10007.633257000 1.030087 -0.776399 0.654904 0.082584 -0.479562 -0.355439 0.798037
10007.666590000 1.046351 -0.760375 0.664899 0.095209 -0.483149 -0.367692 0.788863
10007.699923000 1.054715 -0.752211 0.671582 0.102417 -0.485459 -0.377042 0.782100
10007.733256000 1.061890 -0.743793 0.679410 0.110394 -0.487835 -0.387675 0.774299
10007.766589000 1.069557 -0.734598 0.686202 0.118605 -0.489618 -0.399184 0.766067
10007.799922000 1.077353 -0.725618 0.694428 0.127075 -0.491869 -0.410993 0.756968
10007.833255000 1.084331 -0.717375 0.702257 0.135292 -0.493562 -0.423364 0.747566
10007.866588000 1.091620 -0.709153 0.711366 0.143821 -0.495391 -0.434749 0.738171
10007.899921000 1.098711 -0.701587 0.717460 0.151421 -0.496669 -0.445791 0.729151
10007.933254000 1.104813 -0.694179 0.724061 0.158569 -0.497419 -0.455668 0.720970
10007.966587000 1.112322 -0.688605 0.729200 0.164424 -0.498286 -0.463757 0.713866
10007.999920000 1.123945 -0.678946 0.736439 0.173082 -0.498926 -0.475444 0.703611
10008.033253000 1.130288 -0.676193 0.738253 0.175756 -0.499121 -0.478544 0.700703
10008.066586000 1.135725 -0.674142 0.738590 0.177230 -0.499090 -0.480240 0.699191
10008.099919000 1.142445 -0.673007 0.738520 0.178125 -0.499326 -0.480696 0.698481
10008.133252000 1.149004 -0.671407 0.738098 0.178750 -0.499650 -0.479530 0.698891
10008.166585000 1.156779 -0.669947 0.736589 0.179150 -0.499865 -0.477432 0.700071
10008.199918000 1.165613 -0.668631 0.734173 0.179632 -0.499898 -0.474838 0.701687
10008.233251000 1.175334 -0.666489 0.732267 0.180622 -0.500404 -0.471266 0.703477
10008.266584000 1.185829 -0.664723 0.729984 0.181532 -0.501144 -0.467224 0.705409
10008.299917000 1.197779 -0.661058 0.727342 0.183501 -0.501756 -0.462931 0.707293
10008.333250000 1.227705 -0.650507 0.723668 0.190547 -0.504170 -0.453482 0.709830
10008.366583000 1.245062 -0.642916 0.722081 0.195364 -0.505590 -0.448340 0.710776
10008.399916000 1.263109 -0.636050 0.721421 0.200896 -0.507264 -0.443829 0.710873
10008.433249000 1.281341 -0.628414 0.719209 0.206220 -0.508745 -0.439389 0.711048
10008.466582000 1.301204 -0.620995 0.717825 0.212207 -0.510297 -0.435724 0.710430
10008.499915000 1.321601 -0.613903 0.718095 0.218145 -0.512430 -0.431527 0.709656
10008.533248000 1.338056 -0.608012 0.715294 0.223196 -0.513816 -0.428478 0.708931
10008.566581000 1.356575 -0.602718 0.714869 0.228727 -0.515415 -0.425817 0.707609
10008.599914000 1.372325 -0.600019 0.713689 0.232366 -0.517068 -0.423607 0.706544
10008.633247000 1.387738 -0.599192 0.712457 0.235760 -0.518750 -0.422296 0.704969
10008.666580000 1.410731 -0.602849 0.710288 0.239168 -0.521338 -0.420870 0.702762
10008.699913000 1.419018 -0.608779 0.709269 0.238957 -0.522841 -0.421416 0.701389
10008.733246000 1.425786 -0.615324 0.707302 0.237809 -0.523743 -0.422169 0.700652
10008.766579000 1.431305 -0.625098 0.705617 0.235819 -0.525031 -0.423417 0.699607
10008.799912000 1.435201 -0.636873 0.704054 0.233096 -0.526320 -0.425263 0.698430
10008.833245000 1.437418 -0.649841 0.703024 0.229799 -0.527645 -0.427430 0.697200
10008.866578000 1.438473 -0.664838 0.700482 0.225335 -0.528780 -0.429855 0.696304
10008.899911000 1.440433 -0.680160 0.698212 0.221291 -0.529694 -0.432596 0.695209
10008.933244000 1.440751 -0.695895 0.696426 0.217211 -0.530955 -0.435390 0.693788
10008.966577000 1.441911 -0.713183 0.694201 0.212330 -0.532339 -0.438082 0.692543
10008.999910000 1.443894 -0.747510 0.689130 0.203453 -0.534725 -0.444080 0.689542
10009.033243000 1.446524 -0.765151 0.687111 0.199233 -0.536226 -0.446901 0.687784
10009.066576000 1.449805 -0.781531 0.684491 0.195065 -0.537554 -0.449150 0.686477
10009.099909000 1.453350 -0.798096 0.683365 0.191558 -0.539210 -0.451556 0.684584
10009.133242000 1.457559 -0.814023 0.683425 0.188434 -0.540989 -0.453742 0.682599
10009.166575000 1.462224 -0.829374 0.683473 0.185792 -0.542668 -0.456186 0.680358
10009.199908000 1.468129 -0.843573 0.683784 0.183467 -0.544613 -0.457753 0.678379
10009.233241000 1.473698 -0.856844 0.684593 0.181208 -0.546378 -0.459254 0.676551
10009.266574000 1.481234 -0.868817 0.688220 0.179816 -0.548806 -0.460069 0.674400
10009.299907000 1.488251 -0.880315 0.691917 0.178356 -0.551068 -0.460964 0.672328
10009.333240000 1.506819 -0.900443 0.701765 0.176777 -0.556173 -0.461460 0.668188
10009.366573000 1.516593 -0.907548 0.708105 0.176812 -0.558841 -0.461006 0.666264
10009.399906000 1.527138 -0.914259 0.715187 0.176884 -0.561502 -0.460465 0.664379
10009.433239000 1.537469 -0.919591 0.721056 0.177119 -0.563769 -0.459830 0.662834
10009.466572000 1.548355 -0.924572 0.727996 0.177497 -0.566229 -0.458970 0.661230
10009.499905000 1.559996 -0.929591 0.733198 0.177855 -0.568375 -0.458121 0.659881
10009.533238000 1.571814 -0.932457 0.738383 0.178625 -0.570243 -0.457157 0.658729
10009.566571000 1.584656 -0.935263 0.741495 0.179313 -0.571744 -0.456224 0.657887
10009.599904000 1.595860 -0.937734 0.742719 0.179844 -0.572684 -0.455605 0.657353
10009.633237000 1.608049 -0.939259 0.743842 0.180448 -0.573391 -0.454951 0.657024
10009.666570000 1.629708 -0.942633 0.738193 0.181205 -0.573255 -0.454506 0.657243
10009.699903000 1.640497 -0.943228 0.732803 0.181371 -0.572450 -0.454506 0.657898
10009.733236000 1.650572 -0.944971 0.725534 0.181450 -0.571395 -0.454858 0.658550
10009.766569000 1.660772 -0.946154 0.715980 0.181231 -0.569807 -0.455312 0.659672
10009.799902000 1.670649 -0.948240 0.705658 0.180920 -0.568258 -0.455850 0.660721
10009.833235000 1.680697 -0.950728 0.696364 0.180655 -0.566966 -0.456391 0.661530
10009.866568000 1.690444 -0.952129 0.687624 0.180611 -0.565669 -0.456766 0.662392
10009.899901000 1.699859 -0.955468 0.678856 0.180196 -0.564542 -0.457419 0.663016
10009.933234000 1.710340 -0.958271 0.670731 0.179975 -0.563562 -0.457837 0.663620
10009.966567000 1.720609 -0.961602 0.665479 0.180002 -0.563290 -0.457919 0.663787
10009.999900000 1.740341 -0.970625 0.660946 0.179901 -0.564107 -0.457914 0.663124
10010.033233000 1.751629 -0.976009 0.661853 0.180152 -0.565333 -0.457541 0.662268
10010.066566000 1.761929 -0.981291 0.664954 0.180464 -0.566920 -0.457023 0.661184
10010.099899000 1.773244 -0.986394 0.670354 0.180888 -0.568847 -0.456357 0.659871
10010.133232000 1.783894 -0.992569 0.676220 0.181218 -0.570982 -0.455710 0.658383
10010.166565000 1.795287 -0.997711 0.682759 0.181677 -0.573098 -0.454899 0.656977
10010.199898000 1.806144 -1.002398 0.687759 0.181916 -0.574899 -0.454251 0.655785
10010.233231000 1.818495 -1.006823 0.695386 0.182322 -0.576939 -0.453481 0.654412
10010.266564000 1.829138 -1.009842 0.701763 0.182741 -0.578563 -0.452760 0.653360
10010.299897000 1.841562 -1.011525 0.707047 0.183246 -0.579677 -0.452209 0.652612
10010.333230000 1.863653 -1.011340 0.713334 0.183858 -0.580567 -0.451414 0.652198
10010.366563000 1.874760 -1.009164 0.714360 0.184078 -0.580199 -0.451321 0.652529
10010.399896000 1.884893 -1.006304 0.714589 0.184120 -0.579556 -0.451268 0.653125
10010.433229000 1.895535 -1.003715 0.713401 0.184055 -0.578664 -0.451405 0.653839
10010.466562000 1.906005 -1.000302 0.712172 0.183871 -0.577514 -0.451731 0.654681
10010.499895000 1.916510 -0.997234 0.709912 0.183454 -0.576294 -0.452120 0.655605
10010.533228000 1.926187 -0.994460 0.707160 0.183090 -0.574893 -0.452728 0.656517
10010.566561000 1.934033 -0.992389 0.706194 0.182404 -0.573742 -0.453457 0.657211
10010.599894000 1.941168 -0.991282 0.704489 0.181617 -0.572615 -0.454241 0.657869
10010.633227000 1.947125 -0.990164 0.702705 0.180607 -0.571394 -0.455175 0.658563
10010.666560000 1.954201 -0.992628 0.704726 0.178109 -0.570223 -0.457166 0.658880
10010.699893000 1.956463 -0.995716 0.706296 0.176701 -0.569896 -0.458334 0.658730
10010.733226000 1.958364 -0.999859 0.709097 0.175036 -0.569909 -0.459397 0.658423
10010.766559000 1.959404 -1.005146 0.713279 0.173449 -0.570221 -0.460452 0.657835
10010.799892000 1.960506 -1.011508 0.718530 0.171634 -0.570712 -0.461699 0.657011
10010.833225000 1.960708 -1.018016 0.723610 0.169778 -0.571124 -0.463065 0.656174
10010.866558000 1.962687 -1.025316 0.729857 0.167980 -0.572033 -0.464064 0.655138
10010.899891000 1.964936 -1.034192 0.737047 0.165972 -0.573037 -0.465311 0.653886
10010.933224000 1.967046 -1.043227 0.743988 0.164007 -0.573946 -0.466637 0.652639
10010.966557000 1.971697 -1.053049 0.751331 0.161982 -0.574954 -0.467973 0.651299
10010.999890000 1.985287 -1.070845 0.766768 0.158418 -0.577047 -0.470106 0.648784
10011.033223000 1.994811 -1.078594 0.773042 0.156822 -0.577826 -0.470941 0.647872
10011.066556000 2.005281 -1.087599 0.780791 0.155239 -0.578884 -0.471742 0.646726
10011.099889000 2.017257 -1.093860 0.787181 0.154200 -0.579561 -0.472353 0.645921
10011.133222000 2.029263 -1.100262 0.793523 0.153134 -0.580214 -0.472935 0.645162
10011.166555000 2.042176 -1.105367 0.796718 0.152300 -0.580476 -0.473522 0.644693
10011.199888000 2.055360 -1.109307 0.801129 0.151727 -0.580822 -0.473822 0.644296
10011.233221000 2.068125 -1.111454 0.803978 0.151453 -0.581026 -0.473824 0.644176
10011.266554000 2.080085 -1.112248 0.805978 0.151460 -0.581045 -0.473758 0.644205
10011.299887000 2.091300 -1.110927 0.807355 0.151852 -0.580914 -0.473557 0.644379
10011.333220000 2.110478 -1.103494 0.804499 0.153385 -0.580043 -0.472548 0.645540
10011.366553000 2.118806 -1.096600 0.801799 0.154587 -0.579400 -0.471682 0.646463
10011.399886000 2.126115 -1.088426 0.797980 0.156132 -0.578671 -0.470688 0.647469
10011.433219000 2.131718 -1.078714 0.791639 0.157644 -0.577426 -0.469800 0.648857
10011.466552000 2.138287 -1.069447 0.785191 0.159225 -0.576275 -0.468772 0.650236
10011.499885000 2.142652 -1.058893 0.779144 0.160931 -0.575060 -0.467817 0.651578
10011.533218000 2.148133 -1.048547 0.772195 0.162477 -0.573681 -0.466871 0.653087
10011.566551000 2.154127 -1.039526 0.765454 0.163728 -0.572482 -0.465866 0.654543
10011.599884000 2.160384 -1.031110 0.758634 0.165041 -0.571085 -0.465338 0.655808
10011.633217000 2.166308 -1.021437 0.751340 0.166182 -0.569420 -0.464760 0.657376
10011.666550000 2.179878 -1.007580 0.739577 0.167374 -0.566516 -0.464401 0.659831
10011.699883000 2.189296 -1.002974 0.735135 0.167558 -0.565272 -0.464477 0.660797
10011.733216000 2.198419 -1.001439 0.732504 0.167244 -0.564279 -0.465056 0.661318
10011.766549000 2.209146 -1.000823 0.730476 0.166771 -0.563392 -0.465688 0.661749
10011.799882000 2.218745 -0.998627 0.728605 0.166503 -0.562453 -0.466142 0.662295
10011.833215000 2.227931 -0.998299 0.727495 0.165780 -0.561679 -0.466728 0.662721
10011.866548000 2.238119 -0.997271 0.727737 0.165385 -0.561054 -0.467213 0.663007
10011.899881000 2.248013 -0.997472 0.730037 0.164919 -0.560767 -0.467717 0.663010
10011.933214000 2.256734 -0.995782 0.732486 0.164882 -0.560551 -0.467906 0.663069
10011.966547000 2.264370 -0.994140 0.735833 0.164703 -0.560478 -0.467970 0.663130
10011.999880000 2.279447 -0.987685 0.747983 0.165747 -0.561393 -0.466987 0.662789
10012.033213000 2.285761 -0.982956 0.755601 0.166633 -0.562111 -0.466089 0.662590
10012.066546000 2.291858 -0.978649 0.763284 0.167958 -0.562826 -0.465503 0.662061
10012.099879000 2.299398 -0.973258 0.771505 0.169536 -0.563863 -0.464389 0.661557
10012.133212000 2.304921 -0.965590 0.780114 0.171278 -0.564818 -0.462987 0.661277
10012.166545000 2.311278 -0.956895 0.788492 0.173331 -0.565775 -0.461321 0.661089
10012.199878000 2.318645 -0.948596 0.795891 0.175468 -0.566709 -0.459642 0.660894
10012.233211000 2.326739 -0.939452 0.802709 0.177727 -0.567542 -0.457892 0.660791
10012.266544000 2.335510 -0.929601 0.807803 0.180062 -0.568076 -0.456202 0.660868
10012.299877000 2.344113 -0.919230 0.811340 0.182432 -0.568320 -0.454549 0.661147
10012.333210000 2.366523 -0.896642 0.813173 0.187209 -0.568093 -0.451222 0.662285
10012.366543000 2.380032 -0.885263 0.810778 0.189482 -0.567533 -0.449682 0.663166
10012.399876000 2.395513 -0.875118 0.807155 0.191779 -0.566822 -0.448620 0.663832
10012.433209000 2.409778 -0.863880 0.800643 0.193809 -0.565651 -0.447699 0.664863
10012.466542000 2.425227 -0.853587 0.793917 0.195718 -0.564536 -0.446705 0.665919
10012.499875000 2.442638 -0.842534 0.785948 0.197620 -0.563287 -0.445510 0.667214
10012.533208000 2.459795 -0.831653 0.777077 0.199408 -0.561814 -0.444701 0.668463
10012.566541000 2.477101 -0.820349 0.768737 0.201413 -0.560445 -0.443707 0.669670
10012.599874000 2.492534 -0.808698 0.759886 0.203256 -0.558895 -0.442868 0.670963
10012.633207000 2.505620 -0.798040 0.751583 0.204997 -0.557336 -0.442317 0.672092
10012.666540000 2.533829 -0.774114 0.736262 0.208680 -0.554702 -0.440156 0.674552
10012.699873000 2.545912 -0.763765 0.729785 0.210384 -0.553401 -0.439618 0.675442
10012.733206000 2.556591 -0.753209 0.723423 0.212014 -0.552220 -0.438871 0.676384
10012.766539000 2.568762 -0.747018 0.712095 0.212111 -0.551190 -0.437765 0.677909
10012.799872000 2.571976 -0.737856 0.708943 0.213833 -0.550066 -0.437646 0.678358
10012.833205000 2.577993 -0.728269 0.702984 0.215463 -0.548742 -0.437430 0.679053
10012.866538000 2.585438 -0.724905 0.694751 0.215229 -0.548048 -0.436632 0.680200
10012.899871000 2.592955 -0.716984 0.689105 0.215908 -0.547505 -0.435581 0.681095
10012.933204000 2.595889 -0.709919 0.683891 0.216855 -0.546404 -0.435427 0.681777
10012.966537000 2.594780 -0.701946 0.677624 0.217741 -0.544984 -0.435421 0.682635
10012.999870000 2.584486 -0.694282 0.667563 0.217483 -0.543235 -0.434919 0.684429
10013.033203000 2.578139 -0.688510 0.661006 0.217666 -0.541810 -0.435114 0.685375
10013.066536000 2.570409 -0.683691 0.654342 0.217469 -0.540565 -0.435080 0.686441
10013.099869000 2.561787 -0.678723 0.648587 0.217272 -0.539379 -0.435172 0.687378
10013.133202000 2.551056 -0.674798 0.641452 0.217013 -0.537823 -0.435668 0.688364
10013.166535000 2.530088 -0.673647 0.636470 0.215960 -0.536566 -0.435892 0.689534
10013.199868000 2.517316 -0.670120 0.630421 0.215638 -0.535054 -0.436553 0.690390
10013.233201000 2.501789 -0.663248 0.626671 0.215861 -0.533532 -0.436964 0.691238
10013.266534000 2.487865 -0.659214 0.622844 0.215629 -0.532255 -0.437376 0.692034
10013.299867000 2.472380 -0.656675 0.621147 0.215189 -0.531303 -0.437812 0.692626
10013.333200000 2.442000 -0.648897 0.622299 0.214949 -0.529800 -0.438200 0.693606
10013.366533000 2.427524 -0.645270 0.624907 0.214965 -0.529333 -0.438345 0.693865
10013.399866000 2.413009 -0.641183 0.629735 0.215164 -0.529141 -0.438322 0.693966
10013.433199000 2.400064 -0.638336 0.635639 0.215279 -0.529215 -0.438231 0.693930
10013.466532000 2.386944 -0.634960 0.642447 0.215460 -0.529431 -0.438052 0.693822
10013.499865000 2.376202 -0.631902 0.651076 0.215857 -0.529991 -0.437694 0.693498
10013.533198000 2.366613 -0.628982 0.660963 0.216473 -0.530724 -0.437384 0.692941
10013.566531000 2.359165 -0.626635 0.670633 0.216998 -0.531631 -0.436915 0.692377
10013.599864000 2.353183 -0.624917 0.682280 0.217588 -0.532903 -0.436307 0.691597
10013.633197000 2.350723 -0.623299 0.694695 0.218152 -0.534579 -0.435320 0.690747
10013.666530000 2.353663 -0.626173 0.714545 0.218743 -0.537896 -0.433812 0.688931
10013.699863000 2.358674 -0.626392 0.728426 0.219510 -0.540176 -0.432568 0.687685
10013.733196000 2.361295 -0.629755 0.738901 0.219175 -0.542334 -0.431063 0.687038
10013.766529000 2.370629 -0.630104 0.752928 0.220292 -0.544663 -0.429922 0.685552
10013.799862000 2.380977 -0.630692 0.766129 0.221395 -0.546937 -0.428787 0.684095
10013.833195000 2.393236 -0.630775 0.778837 0.222674 -0.549027 -0.427680 0.682698
10013.866528000 2.405369 -0.630108 0.791393 0.223919 -0.551154 -0.426389 0.681382
10013.899861000 2.418452 -0.629121 0.803722 0.225288 -0.553201 -0.425088 0.680084
10013.933194000 2.432493 -0.627064 0.814194 0.226686 -0.554929 -0.423809 0.679009
10013.966527000 2.443890 -0.625075 0.819126 0.227283 -0.556098 -0.422458 0.678695
10013.999860000 2.466998 -0.614703 0.832326 0.230360 -0.557894 -0.419927 0.677753
10014.033193000 2.476769 -0.607631 0.837139 0.231870 -0.558372 -0.418668 0.677624
10014.066526000 2.485358 -0.600459 0.839350 0.233309 -0.558457 -0.417614 0.677710
10014.099859000 2.493602 -0.593462 0.841419 0.234767 -0.558508 -0.416747 0.677698
10014.133192000 2.501404 -0.587421 0.841381 0.235935 -0.558276 -0.416150 0.677851
10014.166525000 2.510121 -0.582946 0.840112 0.236757 -0.558057 -0.415639 0.678057
10014.199858000 2.518849 -0.579733 0.837392 0.237311 -0.557760 -0.415261 0.678340
10014.233191000 2.526388 -0.578511 0.833738 0.237723 -0.557323 -0.415279 0.678545
10014.266524000 2.534385 -0.579829 0.829641 0.237803 -0.557034 -0.415581 0.678568
10014.299857000 2.545870 -0.583661 0.826708 0.237580 -0.557084 -0.415901 0.678409
10014.333190000 2.565970 -0.606135 0.814650 0.234591 -0.557492 -0.417956 0.677852
10014.366523000 2.577006 -0.624601 0.808171 0.232170 -0.558068 -0.419631 0.677176
10014.399856000 2.587093 -0.645554 0.801412 0.229382 -0.558780 -0.421453 0.676407
10014.433189000 2.598295 -0.669824 0.795383 0.226000 -0.559789 -0.423517 0.675421
10014.466522000 2.597787 -0.698484 0.789154 0.221838 -0.560825 -0.425796 0.674507
10014.499855000 2.606823 -0.725904 0.783613 0.218107 -0.562047 -0.427702 0.673501
10014.533188000 2.613061 -0.754249 0.780012 0.214469 -0.563419 -0.430106 0.671990
10014.566521000 2.618770 -0.783292 0.777050 0.210779 -0.564851 -0.432438 0.670457
10014.599854000 2.621627 -0.811983 0.776003 0.207110 -0.566425 -0.434656 0.668837
10014.633187000 2.626241 -0.839069 0.773191 0.203320 -0.567957 -0.436330 0.667610
10014.666520000 2.617672 -0.891257 0.781313 0.196540 -0.571704 -0.440457 0.663720
10014.699853000 2.607717 -0.913660 0.789073 0.193629 -0.573803 -0.442077 0.661684
10014.733186000 2.596804 -0.933438 0.797956 0.190969 -0.575896 -0.443177 0.659901
10014.766519000 2.582748 -0.951562 0.808778 0.188344 -0.577975 -0.444326 0.658062
10014.799852000 2.566399 -0.969366 0.820548 0.185833 -0.580208 -0.445487 0.656022
10014.833185000 2.551665 -0.985955 0.833785 0.183480 -0.582491 -0.446486 0.653980
10014.866518000 2.535444 -1.001904 0.848404 0.181258 -0.584873 -0.447543 0.651747
10014.899851000 2.521007 -1.019267 0.863602 0.178712 -0.587564 -0.448425 0.649419
10014.933184000 2.506514 -1.034283 0.878873 0.176564 -0.589980 -0.449428 0.647118
10014.966517000 2.494167 -1.051256 0.894639 0.174268 -0.592568 -0.450444 0.644665
10014.999850000 2.475734 -1.085559 0.925090 0.169658 -0.597860 -0.452400 0.639620
10015.033183000 2.469774 -1.103961 0.939595 0.167247 -0.600459 -0.453341 0.637149
10015.066516000 2.465284 -1.120612 0.953634 0.165289 -0.602861 -0.454220 0.634762
10015.099849000 2.462950 -1.138786 0.966948 0.163138 -0.605315 -0.455137 0.632321
10015.133182000 2.460970 -1.156814 0.980236 0.161093 -0.607812 -0.455906 0.629891
10015.166515000 2.459617 -1.173202 0.991183 0.159301 -0.609854 -0.456694 0.627799
10015.199848000 2.458219 -1.189288 1.003224 0.157531 -0.612046 -0.457369 0.625618
10015.233181000 2.456201 -1.205342 1.013808 0.155878 -0.614241 -0.457936 0.623463
10015.266514000 2.453171 -1.220699 1.022315 0.154258 -0.616159 -0.458489 0.621563
10015.299847000 2.448085 -1.233065 1.030439 0.153036 -0.617939 -0.458901 0.619791
10015.333180000 2.431752 -1.256174 1.043432 0.150767 -0.621476 -0.459547 0.616323
10015.366513000 2.418690 -1.265053 1.048395 0.149865 -0.623021 -0.459631 0.614918
10015.399846000 2.405589 -1.271779 1.052072 0.149216 -0.624414 -0.459650 0.613648
10015.433179000 2.390230 -1.278334 1.053740 0.148410 -0.625639 -0.459722 0.612540
10015.466512000 2.371054 -1.282368 1.055855 0.147955 -0.626832 -0.459675 0.611465
10015.499845000 2.351330 -1.286227 1.057605 0.147348 -0.627941 -0.459776 0.610397
10015.533178000 2.331810 -1.289787 1.057853 0.146748 -0.628915 -0.459894 0.609449
10015.566511000 2.310518 -1.291825 1.057082 0.146144 -0.629603 -0.460202 0.608651
10015.599844000 2.288544 -1.293421 1.057671 0.145526 -0.630344 -0.460511 0.607798
10015.633177000 2.266500 -1.293357 1.056606 0.144894 -0.630739 -0.460882 0.607258
10015.666510000 2.222150 -1.293723 1.054386 0.143125 -0.631191 -0.462199 0.606205
10015.699843000 2.199755 -1.292022 1.054146 0.142181 -0.631193 -0.462980 0.605829
10015.733176000 2.178741 -1.291971 1.052539 0.140943 -0.630945 -0.464104 0.605517
10015.766509000 2.157665 -1.289087 1.050161 0.139896 -0.630388 -0.465085 0.605587
10015.799842000 2.135812 -1.287198 1.047824 0.138608 -0.629747 -0.466374 0.605559
10015.833175000 2.115651 -1.284844 1.044358 0.137227 -0.628756 -0.467819 0.605789
10015.866508000 2.095753 -1.282916 1.040678 0.135850 -0.627794 -0.469218 0.606015
10015.899841000 2.076594 -1.278424 1.035556 0.134736 -0.626436 -0.470613 0.606587
10015.933174000 2.058448 -1.275696 1.030557 0.133437 -0.625143 -0.472083 0.607066
10015.966507000 2.041538 -1.273211 1.022514 0.132026 -0.623381 -0.473763 0.607876
10015.999840000 2.010668 -1.266073 1.004025 0.129655 -0.619421 -0.476823 0.610039
10016.033173000 1.996416 -1.263279 0.992896 0.128435 -0.617196 -0.478450 0.611277
10016.066506000 1.984346 -1.260788 0.980947 0.127273 -0.614870 -0.480058 0.612602
10016.099839000 1.972432 -1.258591 0.968666 0.126209 -0.612582 -0.481599 0.613904
10016.133172000 1.962603 -1.256653 0.955888 0.125255 -0.610230 -0.483111 0.615251
10016.166505000 1.952370 -1.256334 0.943297 0.123991 -0.607971 -0.484771 0.616437
10016.199838000 1.943097 -1.256890 0.929741 0.122763 -0.605707 -0.486393 0.617633
10016.233171000 1.935919 -1.258547 0.917751 0.121481 -0.603641 -0.488007 0.618635
10016.266504000 1.928261 -1.262350 0.905145 0.119955 -0.601659 -0.489754 0.619482
10016.299837000 1.920813 -1.268513 0.893539 0.118161 -0.599986 -0.491636 0.619959
10016.333170000 1.907619 -1.288293 0.873648 0.113493 -0.597332 -0.495879 0.620014
10016.366503000 1.901997 -1.301179 0.865083 0.111131 -0.596476 -0.498090 0.619494
10016.399836000 1.896997 -1.315858 0.859595 0.108493 -0.596133 -0.500211 0.618582
10016.433169000 1.891146 -1.331265 0.854141 0.105732 -0.595801 -0.502438 0.617575
10016.466502000 1.885835 -1.348003 0.851388 0.102961 -0.595961 -0.504580 0.616140
10016.499835000 1.882142 -1.363673 0.849919 0.100681 -0.596316 -0.506477 0.614614
10016.533168000 1.876384 -1.379697 0.848860 0.098092 -0.596712 -0.508489 0.612986
10016.566501000 1.872370 -1.395952 0.851956 0.095759 -0.597829 -0.510054 0.610963
10016.599834000 1.868032 -1.410296 0.855615 0.093630 -0.598841 -0.511566 0.609034
10016.633167000 1.863383 -1.423747 0.861318 0.091786 -0.600236 -0.512761 0.606934
10016.666500000 1.854269 -1.445200 0.880868 0.088977 -0.604108 -0.514016 0.602432
10016.699833000 1.850162 -1.452341 0.891573 0.088093 -0.606069 -0.514204 0.600428
10016.733166000 1.844617 -1.459109 0.905805 0.087142 -0.608421 -0.514333 0.598074
10016.766499000 1.839371 -1.464165 0.920249 0.086515 -0.610856 -0.514095 0.595883
10016.799832000 1.833694 -1.467561 0.934112 0.086027 -0.613119 -0.513845 0.593842
10016.833165000 1.827262 -1.469535 0.949521 0.085699 -0.615598 -0.513385 0.591719
10016.866498000 1.819243 -1.472766 0.963955 0.084952 -0.617928 -0.513136 0.589610
10016.899831000 1.811533 -1.473544 0.976879 0.084509 -0.619935 -0.512786 0.587868
10016.933164000 1.801727 -1.475525 0.989728 0.083705 -0.621950 -0.512709 0.585919
10016.966497000 1.791051 -1.478553 1.000554 0.082672 -0.623806 -0.512803 0.584007
10016.999830000 1.764830 -1.485645 1.018852 0.079912 -0.626670 -0.514101 0.580171
10017.033163000 1.749809 -1.489124 1.023891 0.078292 -0.627506 -0.515151 0.578555
10017.066496000 1.734802 -1.493616 1.026836 0.076524 -0.627992 -0.516524 0.577038
10017.099829000 1.717575 -1.498747 1.029202 0.074324 -0.628268 -0.518277 0.575452
10017.133162000 1.699709 -1.504307 1.029775 0.072019 -0.628369 -0.520176 0.573919
10017.166495000 1.682007 -1.510125 1.030374 0.069498 -0.628358 -0.522168 0.572430
10017.199828000 1.664164 -1.515273 1.030131 0.067187 -0.628140 -0.524355 0.570944
10017.233161000 1.644060 -1.520883 1.029439 0.064439 -0.627846 -0.526706 0.569418
10017.266494000 1.626724 -1.525760 1.027520 0.061930 -0.627225 -0.529002 0.568252
10017.299827000 1.608976 -1.530264 1.026360 0.059485 -0.626711 -0.531302 0.566934
10017.333160000 1.573964 -1.539086 1.025054 0.054439 -0.625699 -0.535828 0.564292
10017.366493000 1.558416 -1.541668 1.024007 0.052268 -0.625007 -0.537878 0.563313
10017.399826000 1.542837 -1.545046 1.023262 0.050004 -0.624384 -0.540006 0.562173
10017.433159000 1.528495 -1.547619 1.023025 0.048028 -0.623869 -0.541903 0.561090
10017.466492000 1.514973 -1.550803 1.023464 0.046095 -0.623636 -0.543580 0.559888
10017.499825000 1.501138 -1.553355 1.024712 0.044198 -0.623367 -0.545339 0.558628
10017.533158000 1.489294 -1.556754 1.025464 0.042529 -0.623342 -0.546781 0.557375
10017.566491000 1.477187 -1.560662 1.027490 0.040872 -0.623686 -0.548090 0.555826
10017.599824000 1.465813 -1.565488 1.029570 0.039317 -0.624209 -0.549304 0.554150
10017.633157000 1.454603 -1.570603 1.032768 0.037882 -0.625073 -0.550365 0.552220
10017.666490000 1.433118 -1.586206 1.040977 0.034900 -0.628188 -0.551976 0.547252
10017.699823000 1.422623 -1.595332 1.045573 0.033475 -0.630134 -0.552606 0.544460
10017.733156000 1.411718 -1.606875 1.050426 0.031711 -0.632340 -0.553322 0.541272
10017.766489000 1.401911 -1.617307 1.056746 0.030375 -0.634982 -0.553577 0.537985
10017.799822000 1.392706 -1.628115 1.062154 0.029150 -0.637634 -0.553793 0.534684
10017.833155000 1.383555 -1.639962 1.069215 0.027733 -0.640481 -0.553984 0.531146
10017.866488000 1.373248 -1.651191 1.076325 0.026415 -0.643457 -0.554147 0.527434
10017.899821000 1.363999 -1.662233 1.082808 0.025009 -0.646180 -0.554229 0.524077
10017.933154000 1.354849 -1.673269 1.089096 0.023564 -0.648739 -0.554505 0.520678
10017.966487000 1.345451 -1.683819 1.096307 0.022119 -0.651341 -0.554773 0.517196
10017.999820000 1.326774 -1.701816 1.110486 0.019228 -0.655874 -0.555496 0.510769
10018.033153000 1.318645 -1.709568 1.117930 0.017876 -0.657788 -0.555927 0.507878
10018.066486000 1.308836 -1.716926 1.124987 0.016328 -0.659452 -0.556662 0.504958
10018.099819000 1.300716 -1.724235 1.130881 0.014778 -0.660752 -0.557418 0.502468
10018.133152000 1.293304 -1.731781 1.136339 0.013130 -0.661711 -0.558410 0.500144
10018.166485000 1.285898 -1.740080 1.142510 -0.011481 0.662818 0.559382 -0.497626
10018.199818000 1.280349 -1.748707 1.149115 -0.010037 0.664028 0.560119 -0.495209
10018.233151000 1.275337 -1.758080 1.154353 -0.008507 0.664852 0.561111 -0.493006
10018.266484000 1.271963 -1.769354 1.160154 -0.007029 0.665816 0.562075 -0.490623
10018.299817000 1.269244 -1.782343 1.164931 -0.005412 0.666640 0.563163 -0.488271
10018.333150000 1.270441 -1.814180 1.173978 -0.002434 0.668451 0.564953 -0.483731
10018.366483000 1.272622 -1.833437 1.178593 -0.000911 0.669492 0.565848 -0.481243
10018.399816000 1.277129 -1.853442 1.183048 0.000363 0.670526 0.566567 -0.478954
10018.433149000 1.281913 -1.875663 1.187779 0.001739 0.671759 0.567234 -0.476427
10018.466482000 1.289341 -1.897543 1.191286 0.002767 0.672765 0.567709 -0.474433
10018.499815000 1.296741 -1.920779 1.196878 0.003920 0.674133 0.568023 -0.472101
10018.533148000 1.305583 -1.943885 1.201763 0.004731 0.675508 0.568166 -0.469951
10018.566481000 1.315819 -1.966987 1.208081 0.005411 0.676986 0.568129 -0.467857
10018.599814000 1.325397 -1.989386 1.214894 0.006059 0.678610 0.567868 -0.465808
10018.633147000 1.336278 -2.011113 1.222357 0.006464 0.680310 0.567414 -0.463873
10018.666480000 1.357808 -2.050161 1.239950 0.006952 0.683756 0.566174 -0.460300
10018.699813000 1.369021 -2.066797 1.250165 0.006892 0.685769 0.565050 -0.458685
10018.733146000 1.378994 -2.083742 1.260424 0.007082 0.687605 0.564134 -0.457058
10018.766479000 1.388516 -2.098698 1.272003 0.007049 0.689607 0.563055 -0.455370
10018.799812000 1.396779 -2.112748 1.281932 0.007176 0.691309 0.562164 -0.453885
10018.833145000 1.403652 -2.125532 1.293927 0.007350 0.693279 0.561111 -0.452177
10018.866478000 1.408409 -2.138790 1.304799 0.007752 0.695056 0.560408 -0.450311
10018.899811000 1.410653 -2.150296 1.316019 0.008243 0.696716 0.559916 -0.448344
10018.933144000 1.410735 -2.161208 1.326589 0.008886 0.698374 0.559480 -0.446292
10018.966477000 1.408025 -2.171535 1.336377 0.009757 0.699887 0.559364 -0.444043
10018.999810000 1.392266 -2.193194 1.352686 0.012740 0.702347 0.560424 -0.438716
10019.033143000 1.378411 -2.203226 1.359383 0.014825 0.703317 0.561532 -0.435669
10019.066476000 1.364383 -2.213017 1.364656 0.016884 0.704078 0.562803 -0.432715
10019.099809000 1.347628 -2.221124 1.368555 0.019086 0.704608 0.564399 -0.429671
10019.133142000 1.328414 -2.230468 1.370921 0.021619 0.704891 0.566410 -0.426428
10019.166475000 1.309014 -2.236817 1.372149 0.024004 0.705000 0.568402 -0.423461
10019.199808000 1.288558 -2.242035 1.371624 0.026434 0.704820 0.570610 -0.420634
10019.233141000 1.268450 -2.244947 1.370469 0.028695 0.704542 0.572721 -0.418077
10019.266474000 1.249426 -2.246062 1.367968 0.030633 0.704076 0.574852 -0.415793
10019.299807000 1.231035 -2.244741 1.363344 0.032489 0.703262 0.576989 -0.414067
10019.333140000 1.199044 -2.233243 1.350547 0.035193 0.701082 0.580710 -0.412336
10019.366473000 1.186224 -2.224951 1.341863 0.036119 0.699623 0.582394 -0.412358
10019.399806000 1.175839 -2.212814 1.332100 0.036506 0.697997 0.583811 -0.413077
10019.433139000 1.167221 -2.199079 1.321994 0.036548 0.696309 0.585038 -0.414184
10019.466472000 1.160758 -2.184546 1.310056 0.036488 0.694285 0.586175 -0.415976
10019.499805000 1.156299 -2.169355 1.297903 0.036218 0.692209 0.587090 -0.418164
10019.533138000 1.153457 -2.153247 1.286459 0.035651 0.690232 0.587728 -0.420575
10019.566471000 1.151351 -2.136412 1.275004 0.035003 0.688233 0.588232 -0.423195
10019.599804000 1.152741 -2.120605 1.262778 0.034090 0.686080 0.588517 -0.426356
10019.633137000 1.155684 -2.104991 1.251104 0.032982 0.684021 0.588550 -0.429693
10019.666470000 1.164675 -2.075189 1.230864 0.030255 0.680424 0.588074 -0.436207
10019.699803000 1.172448 -2.062207 1.222014 0.028684 0.678866 0.587407 -0.439626
10019.733136000 1.180674 -2.050679 1.214244 0.027115 0.677504 0.586663 -0.442809
10019.766469000 1.188166 -2.039677 1.208009 0.025631 0.676407 0.585822 -0.445677
10019.799802000 1.197354 -2.029454 1.201887 0.023891 0.675351 0.584880 -0.448603
10019.833135000 1.205953 -2.020142 1.196564 0.022233 0.674451 0.583989 -0.451197
10019.866468000 1.213207 -2.011994 1.191753 0.020966 0.673600 0.583169 -0.453583
10019.899801000 1.218777 -2.004260 1.187489 0.019833 0.672841 0.582550 -0.455551
10019.933134000 1.223447 -1.997087 1.182609 0.018851 0.671945 0.582087 -0.457503
10019.966467000 1.226624 -1.991000 1.178853 0.018097 0.671244 0.581750 -0.458990
10019.999800000 1.223388 -1.980545 1.171085 0.017819 0.669704 0.582264 -0.460595
10020.033133000 1.218636 -1.976034 1.167415 0.018061 0.668926 0.582877 -0.460940
10020.066466000 1.212043 -1.971208 1.163432 0.018446 0.668063 0.583727 -0.461101
10020.099799000 1.203828 -1.967007 1.159512 0.019030 0.667206 0.584792 -0.460969
10020.133132000 1.193477 -1.962498 1.155439 0.019832 0.666280 0.586102 -0.460610
10020.166465000 1.180723 -1.958512 1.151572 0.020981 0.665329 0.587689 -0.459913
10020.199798000 1.167234 -1.954693 1.147554 0.022254 0.664324 0.589371 -0.459152
10020.233131000 1.153931 -1.950440 1.142700 0.023498 0.663164 0.591161 -0.458465
10020.266464000 1.138927 -1.945762 1.137406 0.025000 0.661849 0.593138 -0.457732
10020.299797000 1.122618 -1.941362 1.132377 0.026698 0.660541 0.595288 -0.456734
10020.333130000 1.092039 -1.931478 1.120676 0.029877 0.657564 0.599523 -0.455290
10020.366463000 1.076744 -1.926209 1.114137 0.031522 0.655894 0.601694 -0.454724
10020.399796000 1.062095 -1.919638 1.107730 0.032892 0.654231 0.603758 -0.454287
10020.433129000 1.047606 -1.913205 1.101187 0.034268 0.652534 0.605832 -0.453864
10020.466462000 1.034887 -1.906166 1.094364 0.035434 0.650764 0.607702 -0.453815
10020.499795000 1.021721 -1.899255 1.087464 0.036776 0.648925 0.609628 -0.453759
10020.533128000 1.009993 -1.891856 1.080663 0.037786 0.647132 0.611407 -0.453843
10020.566461000 1.000821 -1.884450 1.074714 0.038383 0.645574 0.612801 -0.454132
10020.599794000 0.991820 -1.876897 1.068391 0.039064 0.643882 0.614153 -0.454650
10020.633127000 0.984049 -1.869163 1.061797 0.039612 0.642144 0.615407 -0.455363
10020.666460000 0.974701 -1.854208 1.050023 0.039935 0.639081 0.616937 -0.457569
10020.699793000 0.972054 -1.846710 1.044522 0.039847 0.637673 0.617443 -0.458856
10020.733126000 0.971526 -1.840035 1.037922 0.039652 0.636097 0.617779 -0.460605
10020.766459000 0.971899 -1.832468 1.032375 0.039252 0.634722 0.617821 -0.462476
10020.799792000 0.973123 -1.824768 1.025885 0.038826 0.633156 0.617800 -0.464682
10020.833125000 0.975758 -1.817336 1.021023 0.038058 0.632003 0.617492 -0.466720
10020.866458000 0.978577 -1.809093 1.014666 0.037369 0.630469 0.617184 -0.469251
10020.899791000 0.982693 -1.801405 1.008900 0.036537 0.629128 0.616643 -0.471820
10020.933124000 0.987552 -1.792298 1.002879 0.035384 0.627716 0.616010 -0.474608
10020.966457000 0.992551 -1.783333 0.996638 0.034287 0.626237 0.615301 -0.477553
10020.999790000 1.002092 -1.761259 0.986112 0.031634 0.623536 0.613498 -0.483552
10021.033123000 1.005801 -1.750014 0.979748 0.030478 0.621881 0.612771 -0.486669
10021.066456000 1.011009 -1.738866 0.972712 0.029140 0.620137 0.611884 -0.490081
10021.099789000 1.016233 -1.728340 0.966408 0.027816 0.618550 0.610973 -0.493289
10021.133122000 1.021686 -1.717635 0.958857 0.026440 0.616712 0.610125 -0.496704
10021.166455000 1.027177 -1.706790 0.953215 0.024916 0.615269 0.609072 -0.499854
10021.199788000 1.032822 -1.697736 0.946962 -0.023622 -0.613764 -0.608145 0.502888
10021.233121000 1.039604 -1.688051 0.940782 -0.022054 -0.612264 -0.607037 0.506115
10021.266454000 1.045693 -1.680073 0.934463 -0.020727 -0.610792 -0.606129 0.509030
10021.299787000 1.053626 -1.674038 0.928531 -0.019361 -0.609567 -0.605055 0.511821
10021.333120000 1.068861 -1.665540 0.918245 -0.016856 -0.607565 -0.603181 0.516481
10021.366453000 1.078195 -1.663584 0.913385 -0.015567 -0.606814 -0.602221 0.518520
10021.399786000 1.087571 -1.664685 0.909367 -0.014587 -0.606376 -0.601345 0.520077
10021.433119000 1.098713 -1.667524 0.905793 -0.013459 -0.606183 -0.600423 0.521396
10021.466452000 1.109699 -1.672821 0.902484 -0.012623 -0.606142 -0.599702 0.522292
10021.499785000 1.121656 -1.681606 0.899429 -0.012002 -0.606356 -0.599082 0.522770
10021.533118000 1.134692 -1.693099 0.897378 -0.011425 -0.606926 -0.598496 0.522794
10021.566451000 1.149053 -1.707913 0.895280 -0.011041 -0.607648 -0.598000 0.522530
10021.599784000 1.164602 -1.726384 0.894685 -0.010781 -0.608868 -0.597529 0.521654
