10000.000000000 0.000000 0.000000 0.000000 0.000000 0.000000 0.000000 1.000000
10000.033333000 0.010482 0.003316 -0.001804 0.002386 -0.004897 -0.001871 0.999983
10000.066666000 0.020777 0.007204 -0.002853 0.004316 -0.009463 -0.004017 0.999938
10000.099999000 0.030370 0.010248 -0.003147 0.005949 -0.013660 -0.005926 0.999871
10000.133332000 0.040900 0.013432 -0.003612 0.007406 -0.018317 -0.008620 0.999768
10000.166665000 0.051433 0.016510 -0.004097 0.008857 -0.022949 -0.011363 0.999633
10000.199998000 0.060951 0.019417 -0.004415 0.009984 -0.027175 -0.014374 0.999477
10000.233331000 0.071792 0.021852 -0.004160 0.011009 -0.031875 -0.017601 0.999276
10000.266664000 0.081435 0.024927 -0.003183 0.011963 -0.036188 -0.021158 0.999049
10000.299997000 0.091324 0.027100 -0.002975 0.012499 -0.040046 -0.023919 0.998833
10000.333330000 0.110682 0.030984 -0.002588 0.013697 -0.048588 -0.031170 0.998238
10000.366663000 0.120476 0.033128 -0.002383 0.014279 -0.052331 -0.033830 0.997954
10000.399996000 0.129288 0.035918 -0.001328 0.015226 -0.056162 -0.036997 0.997620
10000.433329000 0.138690 0.037838 -0.001079 0.016173 -0.060132 -0.039801 0.997265
10000.466662000 0.147344 0.040541 -0.001340 0.017352 -0.063786 -0.042322 0.996915
10000.499995000 0.155977 0.043213 -0.001701 0.018764 -0.067379 -0.044282 0.996568
10000.533328000 0.164340 0.045817 -0.002043 0.020151 -0.070874 -0.046181 0.996212
10000.566661000 0.172909 0.048409 -0.002411 0.021773 -0.074417 -0.047495 0.995858
10000.599994000 0.180391 0.051658 -0.003233 0.023575 -0.077575 -0.048542 0.995525
10000.633327000 0.188873 0.054308 -0.004958 0.025873 -0.081328 -0.049410 0.995126
10000.666660000 0.203099 0.061982 -0.007966 0.031535 -0.087619 -0.048616 0.994467
10000.699993000 0.210005 0.066517 -0.010971 0.034707 -0.090378 -0.047713 0.994158
10000.733326000 0.216922 0.070375 -0.013861 0.038408 -0.093542 -0.046948 0.993766
10000.766659000 0.223843 0.074350 -0.015398 0.042458 -0.096846 -0.046199 0.993320
10000.799992000 0.231003 0.077452 -0.017671 0.046059 -0.099796 -0.045787 0.992886
10000.833325000 0.239419 0.080849 -0.018546 0.050406 -0.103741 -0.046333 0.992245
10000.866658000 0.247537 0.084294 -0.019551 0.055250 -0.107027 -0.046961 0.991608
10000.899991000 0.256359 0.086244 -0.019450 0.059566 -0.110078 -0.048990 0.990926
10000.933324000 0.266365 0.087332 -0.017192 0.064356 -0.114205 -0.052565 0.989976
10000.966657000 0.277419 0.087917 -0.014644 0.068718 -0.118407 -0.057190 0.988932
10000.999990000 0.304356 0.086257 -0.004839 0.078683 -0.127240 -0.071536 0.986155
10001.033323000 0.318793 0.084474 0.002389 0.083451 -0.131708 -0.081179 0.984428
10001.066656000 0.333965 0.079890 0.010619 0.087651 -0.137033 -0.091439 0.982435
10001.099989000 0.349390 0.074325 0.018401 0.091578 -0.142007 -0.102055 0.980322
10001.133322000 0.362452 0.070325 0.026010 0.095481 -0.146786 -0.112782 0.978068
10001.166655000 0.375287 0.066776 0.034047 0.100077 -0.151901 -0.123521 0.975527
10001.199988000 0.387719 0.060629 0.039881 0.103212 -0.157049 -0.133731 0.973036
10001.233321000 0.397565 0.056045 0.044790 0.106083 -0.162600 -0.143538 0.970414
10001.266654000 0.404016 0.050700 0.046980 0.108217 -0.167700 -0.152502 0.967941
10001.299987000 0.408005 0.045860 0.047213 0.109743 -0.172590 -0.160165 0.965669
10001.333320000 0.404858 0.037528 0.038683 0.109848 -0.181770 -0.172317 0.961873
10001.366653000 0.398447 0.034809 0.029951 0.109368 -0.186374 -0.176380 0.960309
10001.399986000 0.388910 0.033238 0.019027 0.107543 -0.190333 -0.180053 0.959056
10001.433319000 0.376575 0.032803 0.005892 0.105781 -0.193563 -0.182825 0.958081
10001.466652000 0.365115 0.030459 -0.007937 0.102863 -0.197117 -0.184611 0.957331
10001.499985000 0.350602 0.029864 -0.022825 0.099745 -0.199722 -0.185840 0.956883
10001.533318000 0.337873 0.029124 -0.038127 0.096216 -0.202187 -0.186784 0.956543
10001.566651000 0.325588 0.029609 -0.052931 0.093038 -0.203922 -0.187033 0.956441
10001.599984000 0.315814 0.031193 -0.066753 0.090056 -0.205181 -0.186992 0.956465
10001.633317000 0.306262 0.032827 -0.079298 0.087151 -0.205916 -0.186801 0.956613
10001.666650000 0.299680 0.036796 -0.098087 0.082598 -0.206387 -0.185986 0.957074
10001.699983000 0.300786 0.040175 -0.104171 0.081211 -0.205567 -0.185852 0.957396
10001.733316000 0.304680 0.043430 -0.108466 0.080935 -0.204441 -0.185247 0.957777
10001.766649000 0.310920 0.046343 -0.110911 0.080011 -0.203600 -0.184858 0.958109
10001.799982000 0.319868 0.050328 -0.111155 0.080335 -0.202880 -0.184547 0.958294
10001.833315000 0.329103 0.053634 -0.110751 0.080477 -0.201371 -0.184393 0.958631
10001.866648000 0.341652 0.056065 -0.109353 0.081258 -0.201044 -0.184411 0.958630
10001.899981000 0.354457 0.058689 -0.106581 0.081830 -0.201034 -0.184544 0.958558
10001.933314000 0.368265 0.060907 -0.103323 0.082346 -0.201690 -0.184967 0.958294
10001.966647000 0.381680 0.061745 -0.098970 0.083125 -0.203176 -0.185497 0.957810
10001.999980000 0.410171 0.061473 -0.089973 0.084883 -0.209938 -0.187643 0.955778
10002.033313000 0.423873 0.060650 -0.085747 0.085872 -0.214902 -0.188822 0.954353
10002.066646000 0.435962 0.058611 -0.080797 0.086364 -0.219767 -0.189988 0.952968
10002.099979000 0.448289 0.056143 -0.076384 0.087026 -0.225960 -0.192351 0.950983
10002.133312000 0.459807 0.052597 -0.071550 0.087388 -0.232493 -0.194029 0.949033
10002.166645000 0.471132 0.048981 -0.066822 0.087413 -0.239672 -0.195628 0.946914
10002.199978000 0.481282 0.043644 -0.062030 0.086713 -0.246393 -0.197691 0.944823
10002.233311000 0.490902 0.038526 -0.056704 0.085900 -0.254073 -0.199866 0.942402
10002.266644000 0.499033 0.031366 -0.051688 0.084009 -0.260591 -0.202040 0.940327
10002.299977000 0.507280 0.024781 -0.047116 0.082177 -0.267623 -0.203636 0.938167
10002.333310000 0.519074 0.009637 -0.034736 0.076368 -0.279773 -0.208527 0.934030
10002.366643000 0.523725 0.001096 -0.029262 0.072637 -0.284992 -0.210641 0.932274
10002.399976000 0.527981 -0.006276 -0.023557 0.068908 -0.289555 -0.212593 0.930706
10002.433309000 0.530574 -0.014365 -0.017205 0.064950 -0.294072 -0.215223 0.928969
10002.466642000 0.532933 -0.021741 -0.011386 0.061173 -0.297614 -0.217093 0.927661
10002.499975000 0.534374 -0.029416 -0.005448 0.057350 -0.300621 -0.219350 0.926404
10002.533308000 0.535717 -0.036241 -0.000086 0.054359 -0.303293 -0.221233 0.925265
10002.566641000 0.536455 -0.041718 0.005495 0.052618 -0.305249 -0.222513 0.924414
10002.599974000 0.537360 -0.047934 0.010302 0.051230 -0.306876 -0.223932 0.923611
10002.633307000 0.537049 -0.052159 0.013868 0.051200 -0.307561 -0.224688 0.923201
10002.666640000 0.537289 -0.059430 0.019851 0.054922 -0.307763 -0.224720 0.922912
10002.699973000 0.537053 -0.062076 0.022335 0.058337 -0.306786 -0.224093 0.923180
10002.733306000 0.537491 -0.063283 0.023506 0.063097 -0.305926 -0.222914 0.923438
10002.766639000 0.536669 -0.064305 0.024299 0.068799 -0.303730 -0.221076 0.924197
10002.799972000 0.536707 -0.064901 0.024859 0.075327 -0.301589 -0.218457 0.925012
10002.833305000 0.536467 -0.064270 0.024398 0.082462 -0.298731 -0.215469 0.926031
10002.866638000 0.537056 -0.063552 0.023838 0.089852 -0.296157 -0.212486 0.926859
10002.899971000 0.536665 -0.062294 0.022716 0.097042 -0.292489 -0.208480 0.928208
10002.933304000 0.537127 -0.060711 0.021481 0.103975 -0.289766 -0.204390 0.929220
10002.966637000 0.536636 -0.058755 0.019889 0.110252 -0.286009 -0.199897 0.930637
10002.999970000 0.536928 -0.053013 0.015557 0.120426 -0.278745 -0.189462 0.933757
10003.033303000 0.536964 -0.050572 0.013677 0.124225 -0.275393 -0.184049 0.935336
10003.066636000 0.536532 -0.048181 0.011512 0.127505 -0.271555 -0.178339 0.937121
10003.099969000 0.536922 -0.046002 0.009488 0.129565 -0.268568 -0.172861 0.938724
10003.133302000 0.537757 -0.044461 0.008241 0.130924 -0.265998 -0.167356 0.940264
10003.166635000 0.537578 -0.043876 0.007740 0.132247 -0.262989 -0.162300 0.941810
10003.199968000 0.537437 -0.043185 0.007195 0.132864 -0.260322 -0.157255 0.943319
10003.233301000 0.537685 -0.044411 0.008291 0.133112 -0.258200 -0.152823 0.944595
10003.266634000 0.537311 -0.046558 0.010148 0.133753 -0.255763 -0.148716 0.945822
10003.299967000 0.537303 -0.050282 0.013236 0.133923 -0.253951 -0.145251 0.946824
10003.333300000 0.537810 -0.064490 0.023906 0.133328 -0.251161 -0.140451 0.948375
10003.366633000 0.537706 -0.073865 0.031162 0.133099 -0.250147 -0.139224 0.948856
10003.399966000 0.537792 -0.083636 0.038875 0.133439 -0.249093 -0.138207 0.949234
10003.433299000 0.539589 -0.094960 0.047580 0.132830 -0.249182 -0.137992 0.949327
10003.466632000 0.540458 -0.104625 0.055220 0.133287 -0.248647 -0.138152 0.949380
10003.499965000 0.542385 -0.114358 0.062725 0.133101 -0.248797 -0.138516 0.949314
10003.533298000 0.544008 -0.122996 0.069226 0.133128 -0.248719 -0.138835 0.949284
10003.566631000 0.546240 -0.128252 0.074022 0.133640 -0.248799 -0.139379 0.949112
10003.599964000 0.550127 -0.131430 0.077050 0.134052 -0.249508 -0.140052 0.948768
10003.633297000 0.553643 -0.131704 0.077800 0.134039 -0.250124 -0.140851 0.948490
10003.666630000 0.564892 -0.121562 0.071297 0.134860 -0.251719 -0.141999 0.947780
10003.699963000 0.572599 -0.110577 0.063844 0.135602 -0.253129 -0.142348 0.947246
10003.733296000 0.579017 -0.096765 0.054121 0.136075 -0.253693 -0.142695 0.946975
10003.766629000 0.585731 -0.080558 0.042269 0.136782 -0.254319 -0.142571 0.946724
10003.799962000 0.592004 -0.062612 0.029433 0.137442 -0.254554 -0.142403 0.946590
10003.833295000 0.597480 -0.043018 0.015249 0.137994 -0.254321 -0.142185 0.946606
10003.866628000 0.602180 -0.023151 0.000933 0.138616 -0.254072 -0.141636 0.946664
10003.899961000 0.605415 -0.004227 -0.013204 0.138460 -0.253281 -0.141581 0.946907
10003.933294000 0.607216 0.012487 -0.026565 0.137902 -0.252299 -0.141186 0.947309
10003.966627000 0.607634 0.028304 -0.039458 0.137716 -0.250508 -0.140603 0.947898
10003.999960000 0.599007 0.055431 -0.060134 0.136931 -0.244865 -0.140153 0.949551
10004.033293000 0.591513 0.063879 -0.068159 0.136183 -0.241067 -0.139503 0.950726
10004.066626000 0.583171 0.068655 -0.073597 0.134862 -0.237530 -0.139422 0.951816
10004.099959000 0.573804 0.072050 -0.077498 0.133774 -0.233462 -0.139171 0.953012
10004.133292000 0.563199 0.072314 -0.078601 0.132497 -0.229587 -0.139063 0.954147
10004.166625000 0.552101 0.069067 -0.078544 0.130830 -0.225585 -0.138912 0.955352
10004.199958000 0.541916 0.063653 -0.075722 0.129230 -0.222098 -0.138739 0.956412
10004.233291000 0.532934 0.055339 -0.069873 0.127742 -0.219481 -0.139115 0.957161
10004.266624000 0.524484 0.045516 -0.062467 0.126435 -0.217044 -0.139134 0.957887
10004.299957000 0.518357 0.032994 -0.053163 0.124839 -0.216021 -0.139260 0.958309
10004.333290000 0.515691 -0.003359 -0.026998 0.121243 -0.218906 -0.140604 0.957920
10004.366623000 0.518556 -0.023656 -0.011450 0.119896 -0.222222 -0.141516 0.957191
10004.399956000 0.522161 -0.045700 0.005947 0.118321 -0.226705 -0.142685 0.956162
10004.433289000 0.528456 -0.068670 0.023827 0.116829 -0.232225 -0.143924 0.954834
10004.466622000 0.537614 -0.092835 0.042879 0.115050 -0.239420 -0.145656 0.953009
10004.499955000 0.546009 -0.116585 0.061709 0.113365 -0.247000 -0.147340 0.951015
10004.533288000 0.555033 -0.138820 0.079253 0.111658 -0.254872 -0.149082 0.948866
10004.566621000 0.565181 -0.160047 0.096367 0.110110 -0.263483 -0.150966 0.946394
10004.599954000 0.574126 -0.180238 0.112330 0.107523 -0.271821 -0.153162 0.943978
10004.633287000 0.582099 -0.196797 0.125612 0.105710 -0.279791 -0.154938 0.941561
10004.666620000 0.594782 -0.221800 0.144878 0.101220 -0.293339 -0.158568 0.937317
10004.699953000 0.597448 -0.228543 0.150436 0.098981 -0.298167 -0.160084 0.935774
10004.733286000 0.598896 -0.233658 0.154401 0.095966 -0.302209 -0.161750 0.934503
10004.766619000 0.600536 -0.236608 0.156927 0.093533 -0.306207 -0.163215 0.933193
10004.799952000 0.601206 -0.239302 0.159095 0.091092 -0.309062 -0.164556 0.932257
10004.833285000 0.600987 -0.242244 0.161579 0.088081 -0.311488 -0.166036 0.931477
10004.866618000 0.601638 -0.245658 0.164347 0.085185 -0.313682 -0.167428 0.930760
10004.899951000 0.602000 -0.250687 0.168322 0.082126 -0.315523 -0.168864 0.930154
10004.933284000 0.603417 -0.258190 0.174121 0.079379 -0.317562 -0.170230 0.929449
10004.966617000 0.607363 -0.269887 0.182739 0.075941 -0.320289 -0.171921 0.928489
10004.999950000 0.617678 -0.303885 0.209181 0.069082 -0.326001 -0.175530 0.926359
10005.033283000 0.624356 -0.326913 0.226707 0.065219 -0.329230 -0.177569 0.925107
10005.066616000 0.632656 -0.352101 0.245971 0.061903 -0.332922 -0.179479 0.923644
10005.099949000 0.641549 -0.378896 0.266773 0.057914 -0.336954 -0.181815 0.921982
10005.133282000 0.651038 -0.406604 0.288511 0.054262 -0.341328 -0.184108 0.920139
10005.166615000 0.660134 -0.432357 0.308744 0.051395 -0.345439 -0.186068 0.918373
10005.199948000 0.667935 -0.456817 0.327358 0.048010 -0.349132 -0.188091 0.916746
10005.233281000 0.675033 -0.478514 0.344264 0.045280 -0.352866 -0.189856 0.915090
10005.266614000 0.682078 -0.496117 0.357917 0.042779 -0.356394 -0.191601 0.913478
10005.299947000 0.685614 -0.507875 0.366996 0.040915 -0.359103 -0.192910 0.912226
10005.333280000 0.687198 -0.512901 0.370994 0.038031 -0.362593 -0.194878 0.910551
10005.366613000 0.684835 -0.506243 0.366168 0.037553 -0.363749 -0.194854 0.910114
10005.399946000 0.680669 -0.494027 0.356722 0.037254 -0.364205 -0.195089 0.909894
10005.433279000 0.675847 -0.478948 0.344010 0.037080 -0.364074 -0.195254 0.909918
10005.466612000 0.669489 -0.459774 0.329356 0.037503 -0.363766 -0.195126 0.910051
10005.499945000 0.663137 -0.440735 0.314746 0.037710 -0.363505 -0.194577 0.910265
10005.533278000 0.656024 -0.419889 0.299128 0.038520 -0.362796 -0.194169 0.910601
10005.566611000 0.649765 -0.400871 0.284365 0.038993 -0.361908 -0.194280 0.910910
10005.599944000 0.644240 -0.383595 0.270982 0.039125 -0.361892 -0.194270 0.910913
10005.633277000 0.639571 -0.369391 0.261226 0.039778 -0.361775 -0.193950 0.910999
10005.666610000 0.635522 -0.356404 0.252246 0.039998 -0.362564 -0.195039 0.910443
10005.699943000 0.635376 -0.357236 0.253313 0.039527 -0.363385 -0.195891 0.909954
10005.733276000 0.636564 -0.361042 0.257551 0.039387 -0.364266 -0.196526 0.909471
10005.766609000 0.638647 -0.368521 0.263524 0.038942 -0.364929 -0.197337 0.909048
10005.799942000 0.641668 -0.377961 0.271864 0.038726 -0.365820 -0.198021 0.908550
10005.833275000 0.645099 -0.389536 0.281187 0.038232 -0.366590 -0.198873 0.908075
10005.866608000 0.649009 -0.400718 0.289745 0.038255 -0.366460 -0.198800 0.908142
10005.899941000 0.652635 -0.412416 0.298818 0.038006 -0.366430 -0.198360 0.908261
10005.933274000 0.656348 -0.423265 0.306036 0.038055 -0.365540 -0.197627 0.908777
10005.966607000 0.659065 -0.432179 0.311892 0.038545 -0.364093 -0.196618 0.909556
10005.999940000 0.660939 -0.439077 0.314111 0.040964 -0.358206 -0.191154 0.912946
10006.033273000 0.660613 -0.437657 0.310800 0.043061 -0.353980 -0.187645 0.915223
10006.066606000 0.659720 -0.434227 0.305471 0.045387 -0.349435 -0.183972 0.917600
10006.099939000 0.658239 -0.428625 0.298172 0.047607 -0.344859 -0.180502 0.919905
10006.133272000 0.655875 -0.421063 0.291218 0.050743 -0.340282 -0.177030 0.922114
10006.166605000 0.653059 -0.412307 0.282076 0.053737 -0.335487 -0.174077 0.924261
10006.199938000 0.649992 -0.402189 0.274449 0.056961 -0.331764 -0.171733 0.925849
10006.233271000 0.646584 -0.391248 0.267150 0.061102 -0.327835 -0.170241 0.927259
10006.266604000 0.642903 -0.381640 0.261973 0.064443 -0.325469 -0.170262 0.927862
10006.299937000 0.639378 -0.370312 0.258020 0.068582 -0.323655 -0.171008 0.928063
10006.333270000 0.633381 -0.352082 0.258118 0.076709 -0.323597 -0.178004 0.926129
10006.366603000 0.630908 -0.344767 0.263055 0.081001 -0.325599 -0.183855 0.923916
10006.399936000 0.629489 -0.337943 0.270217 0.085739 -0.328566 -0.191230 0.920937
10006.433269000 0.627594 -0.332919 0.278755 0.089610 -0.332293 -0.199583 0.917452
10006.466602000 0.626196 -0.327140 0.288805 0.094173 -0.337384 -0.208710 0.913096
10006.499935000 0.624923 -0.321867 0.299484 0.099300 -0.343046 -0.218444 0.908152
10006.533268000 0.623780 -0.317547 0.310806 0.103758 -0.349114 -0.228223 0.902922
10006.566601000 0.622790 -0.313272 0.320449 0.107782 -0.355199 -0.237858 0.897575
10006.599934000 0.621956 -0.308983 0.329251 0.110895 -0.361507 -0.247678 0.892004
10006.633267000 0.621025 -0.305558 0.337992 0.113949 -0.368538 -0.256206 0.886315
10006.666600000 0.619870 -0.298547 0.347327 0.116428 -0.380691 -0.270258 0.876629
10006.699933000 0.618905 -0.296565 0.349853 0.115306 -0.387022 -0.275362 0.872407
10006.733266000 0.618323 -0.294375 0.350234 0.114215 -0.392367 -0.279227 0.868928
10006.766599000 0.617464 -0.291458 0.348871 0.111473 -0.397143 -0.282087 0.866186
10006.799932000 0.617350 -0.290097 0.347586 0.109145 -0.401904 -0.284259 0.863572
10006.833265000 0.617123 -0.289827 0.345132 0.105350 -0.406086 -0.286032 0.861499
10006.866598000 0.617096 -0.289554 0.343733 0.102025 -0.409967 -0.286865 0.859783
10006.899931000 0.617474 -0.291083 0.341432 0.097697 -0.413446 -0.287570 0.858383
10006.933264000 0.618211 -0.293372 0.340851 0.093486 -0.416751 -0.288166 0.857053
10006.966597000 0.619306 -0.297187 0.341748 0.089485 -0.420347 -0.288152 0.855728
10006.999930000 0.623790 -0.310433 0.348095 0.082715 -0.426375 -0.289613 0.852929
10007.033263000 0.626671 -0.319222 0.353973 0.080277 -0.429489 -0.291012 0.851121
10007.066596000 0.629131 -0.329936 0.361029 0.077063 -0.432138 -0.292723 0.849489
10007.099929000 0.632637 -0.340806 0.369750 0.075209 -0.435095 -0.293767 0.847784
10007.133262000 0.636823 -0.353495 0.379634 0.073354 -0.438570 -0.296048 0.845359
10007.166595000 0.640566 -0.365096 0.388554 0.072044 -0.440717 -0.297146 0.843968
10007.199928000 0.644672 -0.377304 0.399194 0.070856 -0.443008 -0.298742 0.842305
10007.233261000 0.648918 -0.390370 0.409399 0.069576 -0.445401 -0.300535 0.840509
10007.266594000 0.653285 -0.402844 0.420162 0.068991 -0.448271 -0.301919 0.838533
10007.299927000 0.657158 -0.414290 0.428988 0.068565 -0.449885 -0.303018 0.837307
10007.333260000 0.666249 -0.434552 0.446586 0.069190 -0.453568 -0.304417 0.834757
10007.366593000 0.670080 -0.442996 0.454347 0.069845 -0.454820 -0.304120 0.834129
10007.399926000 0.673855 -0.451525 0.460967 0.069760 -0.456307 -0.304326 0.833248
10007.433259000 0.676153 -0.458548 0.466527 0.070201 -0.456147 -0.303991 0.833421
10007.466592000 0.679575 -0.465447 0.472145 0.070565 -0.456719 -0.303792 0.833150
10007.499925000 0.682826 -0.471833 0.477218 0.070117 -0.457077 -0.304097 0.832880
10007.533258000 0.684580 -0.477482 0.481766 0.070092 -0.456335 -0.303334 0.833567
10007.566591000 0.685562 -0.483264 0.485962 0.069079 -0.455462 -0.303787 0.833964
10007.599924000 0.687395 -0.489097 0.489258 0.067898 -0.454184 -0.304249 0.834589
10007.633257000 0.687420 -0.494898 0.493477 0.066509 -0.452169 -0.304774 0.835603
10007.666590000 0.686740 -0.508567 0.503489 0.061317 -0.448362 -0.307189 0.837166
10007.699923000 0.684916 -0.515634 0.508355 0.057769 -0.445193 -0.309332 0.838320
10007.733256000 0.683244 -0.523472 0.514003 0.053845 -0.442509 -0.311194 0.839312
10007.766589000 0.681853 -0.531210 0.519474 0.049918 -0.439615 -0.313568 0.840192
10007.799922000 0.679563 -0.540097 0.524170 0.044868 -0.436157 -0.315864 0.841418
10007.833255000 0.677115 -0.548243 0.529686 0.040164 -0.432869 -0.317938 0.842572
10007.866588000 0.674163 -0.557431 0.535846 0.035289 -0.430020 -0.320289 0.843358
10007.899921000 0.671515 -0.564695 0.541952 0.031456 -0.426611 -0.321717 0.844696
10007.933254000 0.669271 -0.573563 0.548198 0.027155 -0.424074 -0.323659 0.845381
10007.966587000 0.666893 -0.581561 0.553698 0.023152 -0.421323 -0.324784 0.846443
10007.999920000 0.664313 -0.598161 0.565308 0.016326 -0.417505 -0.325977 0.848034
10008.033253000 0.663823 -0.605959 0.572081 0.014116 -0.416701 -0.325876 0.848508
10008.066586000 0.663324 -0.613050 0.577331 0.012052 -0.415894 -0.325722 0.848995
10008.099919000 0.663689 -0.620330 0.582796 0.010964 -0.415217 -0.325599 0.849388
10008.133252000 0.665096 -0.627688 0.589376 0.010134 -0.415452 -0.324850 0.849570
10008.166585000 0.667047 -0.634020 0.595554 0.010167 -0.416171 -0.324395 0.849392
10008.199918000 0.670280 -0.639991 0.601737 0.011333 -0.417029 -0.323868 0.849157
10008.233251000 0.673093 -0.645919 0.607863 0.012687 -0.417352 -0.323148 0.849253
10008.266584000 0.677807 -0.650631 0.613216 0.015119 -0.418193 -0.323077 0.848827
10008.299917000 0.682530 -0.655536 0.620095 0.018365 -0.419436 -0.323259 0.848080
10008.333250000 0.697240 -0.663563 0.633651 0.026778 -0.421768 -0.325532 0.845827
10008.366583000 0.705751 -0.666417 0.639434 0.032417 -0.423134 -0.327433 0.844213
10008.399916000 0.714712 -0.669396 0.646707 0.038090 -0.424286 -0.329740 0.842498
10008.433249000 0.724334 -0.673549 0.652560 0.043736 -0.425318 -0.332627 0.840566
10008.466582000 0.735921 -0.676104 0.659087 0.049984 -0.427091 -0.335474 0.838184
10008.499915000 0.747070 -0.678778 0.663815 0.056168 -0.428031 -0.338752 0.835991
10008.533248000 0.758950 -0.683554 0.668890 0.060775 -0.429143 -0.342381 0.833617
10008.566581000 0.770503 -0.688121 0.672561 0.065442 -0.430705 -0.346039 0.830944
10008.599914000 0.782130 -0.693229 0.675386 0.069532 -0.431839 -0.350004 0.828358
10008.633247000 0.795096 -0.699650 0.678348 0.073002 -0.434393 -0.353991 0.825024
10008.666580000 0.821098 -0.715503 0.680434 0.075724 -0.439612 -0.361444 0.818758
10008.699913000 0.833760 -0.725711 0.680245 0.075874 -0.442525 -0.365152 0.815524
10008.733246000 0.847206 -0.735421 0.678526 0.075108 -0.445600 -0.368208 0.812540
10008.766579000 0.860343 -0.746875 0.676666 0.073233 -0.449072 -0.371309 0.809383
10008.799912000 0.873103 -0.757509 0.674323 0.071256 -0.452720 -0.373343 0.806586
10008.833245000 0.886081 -0.768154 0.672039 0.069361 -0.456278 -0.375326 0.803822
10008.866578000 0.898060 -0.778656 0.668491 0.066744 -0.459198 -0.376400 0.801876
10008.899911000 0.910083 -0.788874 0.664994 0.064193 -0.462457 -0.377384 0.799747
10008.933244000 0.922138 -0.796388 0.661995 0.062736 -0.465247 -0.377045 0.798402
10008.966577000 0.934061 -0.804020 0.658794 0.061002 -0.467956 -0.376292 0.797308
10008.999910000 0.956044 -0.815227 0.653440 0.058588 -0.472408 -0.372378 0.796701
10009.033243000 0.967142 -0.817525 0.650648 0.058393 -0.474002 -0.368986 0.797347
10009.066576000 0.976757 -0.818768 0.648244 0.058477 -0.474840 -0.365878 0.798273
10009.099909000 0.986167 -0.819511 0.646403 0.058858 -0.476223 -0.362752 0.798848
10009.133242000 0.996004 -0.817982 0.645662 0.060489 -0.477220 -0.359922 0.799411
10009.166575000 1.004459 -0.815556 0.644898 0.062004 -0.478191 -0.357115 0.799973
10009.199908000 1.013533 -0.811743 0.645943 0.064825 -0.479873 -0.355420 0.799497
10009.233241000 1.021654 -0.807390 0.646516 0.067639 -0.480733 -0.354843 0.799004
10009.266574000 1.028177 -0.803327 0.648063 0.070732 -0.481789 -0.356034 0.797569
10009.299907000 1.035315 -0.797381 0.650329 0.074962 -0.482911 -0.358360 0.795459
10009.333240000 1.048469 -0.783585 0.658360 0.085889 -0.485939 -0.369170 0.787528
10009.366573000 1.053856 -0.777162 0.664442 0.091662 -0.487884 -0.377437 0.781734
10009.399906000 1.060317 -0.769678 0.670915 0.098447 -0.489879 -0.386920 0.774997
10009.433239000 1.065516 -0.762892 0.677164 0.105085 -0.491623 -0.397597 0.767581
10009.466572000 1.071614 -0.754865 0.684770 0.112419 -0.493512 -0.409051 0.759266
10009.499905000 1.077795 -0.746960 0.692213 0.120439 -0.495386 -0.420407 0.750563
10009.533238000 1.084846 -0.738776 0.699424 0.128537 -0.496837 -0.432104 0.741565
10009.566571000 1.093024 -0.729950 0.707426 0.137204 -0.498752 -0.443321 0.732044
10009.599904000 1.100549 -0.722675 0.712970 0.144615 -0.499741 -0.454048 0.723316
10009.633237000 1.110666 -0.714322 0.720562 0.152763 -0.501874 -0.463570 0.714065
10009.666570000 1.134542 -0.696898 0.732164 0.169127 -0.504606 -0.479138 0.697994
10009.699903000 1.149052 -0.689872 0.736596 0.176324 -0.505832 -0.485044 0.691214
10009.733236000 1.165191 -0.681414 0.740198 0.183379 -0.507437 -0.488666 0.685628
10009.766569000 1.182939 -0.673487 0.742351 0.190057 -0.508340 -0.490977 0.681477
10009.799902000 1.203355 -0.666446 0.742247 0.195994 -0.509647 -0.490890 0.678877
10009.833235000 1.226045 -0.659255 0.740954 0.200942 -0.511178 -0.488854 0.677747
10009.866568000 1.250766 -0.652179 0.739578 0.205636 -0.512662 -0.484025 0.678684
10009.899901000 1.278570 -0.646389 0.734991 0.208899 -0.514651 -0.476677 0.681377
10009.933234000 1.309786 -0.640237 0.728917 0.211555 -0.516849 -0.466065 0.686218
