10000.000000000 0.000000 0.000000 0.000000 0.000000 0.000000 0.000000 1.000000
10000.033333000 0.010450 0.003349 -0.001806 0.002396 -0.004890 -0.001857 0.999983
10000.066666000 0.020704 0.007181 -0.002782 0.004316 -0.009435 -0.003973 0.999938
10000.099999000 0.030303 0.010287 -0.003161 0.005964 -0.013633 -0.005889 0.999872
10000.133332000 0.040750 0.013265 -0.003682 0.007372 -0.018269 -0.008654 0.999768
10000.166665000 0.051217 0.016041 -0.004018 0.008758 -0.022872 -0.011361 0.999635
10000.199998000 0.061003 0.019101 -0.004448 0.009922 -0.027185 -0.014349 0.999478
10000.233331000 0.071611 0.021222 -0.004183 0.010867 -0.031801 -0.017618 0.999280
10000.266664000 0.081161 0.024034 -0.003199 0.011766 -0.036084 -0.021189 0.999055
10000.299997000 0.090894 0.025887 -0.003051 0.012195 -0.039895 -0.023999 0.998841
10000.333330000 0.110311 0.029769 -0.002654 0.013410 -0.048451 -0.031235 0.998247
10000.366663000 0.120133 0.031476 -0.002397 0.013863 -0.052209 -0.033909 0.997964
10000.399996000 0.128964 0.034249 -0.001414 0.014810 -0.056045 -0.037094 0.997629
10000.433329000 0.138771 0.036321 -0.001086 0.015847 -0.060117 -0.039930 0.997267
10000.466662000 0.147375 0.039064 -0.001501 0.017017 -0.063749 -0.042455 0.996917
10000.499995000 0.155804 0.041314 -0.001929 0.018317 -0.067289 -0.044458 0.996574
10000.533328000 0.164355 0.043693 -0.002203 0.019653 -0.070847 -0.046343 0.996216
10000.566661000 0.173046 0.046293 -0.002648 0.021273 -0.074430 -0.047679 0.995859
10000.599994000 0.180400 0.049267 -0.003525 0.023000 -0.077546 -0.048747 0.995531
10000.633327000 0.188723 0.051907 -0.005280 0.025308 -0.081257 -0.049619 0.995136
10000.666660000 0.203160 0.059179 -0.008390 0.030873 -0.087606 -0.048827 0.994479
10000.699993000 0.210399 0.063482 -0.011330 0.034002 -0.090460 -0.047911 0.994166
10000.733326000 0.217397 0.067625 -0.014291 0.037766 -0.093640 -0.047119 0.993773
10000.766659000 0.224338 0.070975 -0.015860 0.041663 -0.096948 -0.046409 0.993333
10000.799992000 0.231942 0.073998 -0.017942 0.045304 -0.100019 -0.046011 0.992888
10000.833325000 0.240120 0.077305 -0.018973 0.049630 -0.103892 -0.046565 0.992258
10000.866658000 0.248461 0.080355 -0.019944 0.054379 -0.107250 -0.047209 0.991621
10000.899991000 0.257265 0.081904 -0.019617 0.058624 -0.110305 -0.049332 0.990940
10000.933324000 0.267491 0.083172 -0.017349 0.063476 -0.114502 -0.052871 0.989982
10000.966657000 0.279069 0.083606 -0.014519 0.067830 -0.118878 -0.057518 0.988918
10000.999990000 0.305920 0.081904 -0.004942 0.077825 -0.127680 -0.071910 0.986139
10001.033323000 0.320578 0.078707 0.002202 0.082214 -0.132237 -0.081559 0.984430
10001.066656000 0.335705 0.074110 0.010298 0.086413 -0.137566 -0.091872 0.982430
10001.099989000 0.350481 0.070182 0.018635 0.090873 -0.142400 -0.102451 0.980290
10001.133322000 0.364846 0.066174 0.026329 0.094828 -0.147494 -0.113342 0.977961
10001.166655000 0.377638 0.061848 0.034189 0.099203 -0.152638 -0.124094 0.975429
10001.199988000 0.389690 0.056902 0.040268 0.102732 -0.157664 -0.134345 0.972903
10001.233321000 0.398966 0.052503 0.044882 0.105625 -0.163037 -0.144125 0.970304
10001.266654000 0.405386 0.047660 0.047195 0.107903 -0.168153 -0.153151 0.967794
10001.299987000 0.409873 0.043145 0.047764 0.109583 -0.173150 -0.160837 0.965475
10001.333320000 0.406434 0.034372 0.038744 0.109503 -0.182239 -0.173147 0.961675
10001.366653000 0.399556 0.031775 0.029750 0.108996 -0.186676 -0.177166 0.960148
10001.399986000 0.389219 0.030432 0.018388 0.107194 -0.190371 -0.180904 0.958928
10001.433319000 0.377190 0.029667 0.005314 0.105357 -0.193684 -0.183701 0.957935
10001.466652000 0.364621 0.027119 -0.008891 0.102290 -0.196985 -0.185510 0.957246
10001.499985000 0.350375 0.026601 -0.023539 0.099194 -0.199647 -0.186737 0.956782
10001.533318000 0.337295 0.026275 -0.038993 0.095734 -0.201983 -0.187669 0.956461
10001.566651000 0.325026 0.026480 -0.053869 0.092452 -0.203716 -0.187925 0.956366
10001.599984000 0.314706 0.027988 -0.067881 0.089421 -0.204852 -0.187910 0.956415
10001.633317000 0.305305 0.029316 -0.080480 0.086402 -0.205619 -0.187679 0.956573
10001.666650000 0.298251 0.033419 -0.099595 0.081836 -0.205929 -0.186852 0.957070
10001.699983000 0.299080 0.036751 -0.105840 0.080411 -0.205048 -0.186683 0.957413
10001.733316000 0.302940 0.040136 -0.109849 0.080203 -0.203913 -0.186030 0.957799
10001.766649000 0.309535 0.042994 -0.112195 0.079294 -0.203184 -0.185690 0.958096
10001.799982000 0.318573 0.047329 -0.112337 0.079735 -0.202467 -0.185351 0.958277
10001.833315000 0.328187 0.050779 -0.111904 0.079943 -0.201058 -0.185245 0.958577
10001.866648000 0.340922 0.053468 -0.110414 0.080805 -0.200765 -0.185262 0.958562
10001.899981000 0.353791 0.055993 -0.107600 0.081366 -0.200796 -0.185416 0.958479
10001.933314000 0.368169 0.058187 -0.104219 0.081916 -0.201586 -0.185880 0.958176
10001.966647000 0.381788 0.058806 -0.100049 0.082627 -0.203136 -0.186404 0.957686
10001.999980000 0.410374 0.058196 -0.091194 0.084315 -0.209955 -0.188606 0.955635
10002.033313000 0.424384 0.057307 -0.086742 0.085311 -0.214981 -0.189743 0.954203
10002.066646000 0.436780 0.054563 -0.081651 0.085677 -0.219958 -0.190987 0.952786
10002.099979000 0.449183 0.051903 -0.077285 0.086275 -0.226181 -0.193352 0.950796
10002.133312000 0.460857 0.048018 -0.072406 0.086565 -0.232765 -0.195091 0.948824
10002.166645000 0.472666 0.043748 -0.067482 0.086451 -0.240116 -0.196743 0.946659
10002.199978000 0.482654 0.038317 -0.062741 0.085722 -0.246804 -0.198852 0.944562
10002.233311000 0.492609 0.033271 -0.057298 0.084976 -0.254557 -0.201156 0.942081
10002.266644000 0.501236 0.025805 -0.051586 0.083080 -0.261261 -0.203435 0.939923
10002.299977000 0.509766 0.019291 -0.046758 0.081296 -0.268379 -0.205122 0.937704
10002.333310000 0.521944 0.004319 -0.034005 0.075626 -0.280583 -0.210234 0.933464
10002.366643000 0.526460 -0.004071 -0.028260 0.071947 -0.285770 -0.212406 0.931688
10002.399976000 0.531125 -0.011218 -0.022404 0.068326 -0.290417 -0.214471 0.930049
10002.433309000 0.533460 -0.019121 -0.015973 0.064424 -0.294846 -0.217134 0.928315
10002.466642000 0.535976 -0.026799 -0.009971 0.060562 -0.298479 -0.219054 0.926962
10002.499975000 0.537400 -0.034411 -0.003999 0.056765 -0.301464 -0.221361 0.925687
10002.533308000 0.538766 -0.041618 0.001415 0.053687 -0.304173 -0.223297 0.924519
10002.566641000 0.539683 -0.047502 0.007132 0.051835 -0.306210 -0.224616 0.923632
10002.599974000 0.540341 -0.053257 0.011781 0.050545 -0.307739 -0.226066 0.922841
10002.633307000 0.540123 -0.058459 0.015610 0.050284 -0.308542 -0.226895 0.922384
10002.666640000 0.540845 -0.066639 0.021632 0.053769 -0.308915 -0.227032 0.922029
10002.699973000 0.540509 -0.069425 0.023916 0.057128 -0.307919 -0.226408 0.922313
10002.733306000 0.540945 -0.070586 0.024812 0.061899 -0.307039 -0.225262 0.922579
10002.766639000 0.540149 -0.071741 0.025777 0.067580 -0.304906 -0.223434 0.923332
10002.799972000 0.540085 -0.072276 0.026316 0.074121 -0.302759 -0.220790 0.924172
10002.833305000 0.539897 -0.071776 0.025959 0.081250 -0.299952 -0.217837 0.925189
10002.866638000 0.540665 -0.070817 0.025610 0.088728 -0.297441 -0.214798 0.926023
10002.899971000 0.540328 -0.069345 0.024594 0.095986 -0.293804 -0.210710 0.927398
10002.933304000 0.540933 -0.068129 0.023370 0.102840 -0.291167 -0.206608 0.928418
10002.966637000 0.540423 -0.065969 0.022068 0.109213 -0.287432 -0.202088 0.929847
10002.999970000 0.540668 -0.059860 0.017888 0.119536 -0.280168 -0.191599 0.933009
10003.033303000 0.541036 -0.057612 0.016068 0.123288 -0.276932 -0.186152 0.934589
10003.066636000 0.540304 -0.054848 0.013819 0.126650 -0.273007 -0.180374 0.936425
10003.099969000 0.540573 -0.052504 0.012094 0.128788 -0.270024 -0.174814 0.938052
10003.133302000 0.541279 -0.051064 0.010791 0.130137 -0.267435 -0.169323 0.939613
10003.166635000 0.541267 -0.050468 0.010403 0.131471 -0.264476 -0.164248 0.941164
10003.199968000 0.541071 -0.049837 0.009772 0.132050 -0.261802 -0.159169 0.942702
10003.233301000 0.541650 -0.051010 0.011074 0.132343 -0.259763 -0.154780 0.943955
10003.266634000 0.541383 -0.053424 0.012869 0.132900 -0.257378 -0.150705 0.945189
10003.299967000 0.541250 -0.057089 0.015844 0.133099 -0.255513 -0.147275 0.946207
10003.333300000 0.542202 -0.072157 0.026632 0.132247 -0.252922 -0.142571 0.947742
10003.366633000 0.542000 -0.081414 0.033961 0.132041 -0.251893 -0.141334 0.948230
10003.399966000 0.542004 -0.091537 0.041710 0.132291 -0.250864 -0.140359 0.948613
10003.433299000 0.543915 -0.103357 0.050282 0.131544 -0.250985 -0.140194 0.948709
10003.466632000 0.544823 -0.113309 0.057696 0.131912 -0.250487 -0.140449 0.948752
10003.499965000 0.547303 -0.123580 0.065724 0.131634 -0.250864 -0.140922 0.948620
10003.533298000 0.549207 -0.132781 0.072317 0.131513 -0.250888 -0.141306 0.948574
10003.566631000 0.551577 -0.137689 0.077023 0.132125 -0.250962 -0.141886 0.948382
10003.599964000 0.555589 -0.141091 0.080363 0.132547 -0.251785 -0.142654 0.947990
10003.633297000 0.559804 -0.141607 0.081431 0.132499 -0.252616 -0.143502 0.947648
10003.666630000 0.571093 -0.130926 0.075509 0.133586 -0.254271 -0.144577 0.946889
10003.699963000 0.578716 -0.119009 0.068576 0.134650 -0.255666 -0.144833 0.946323
10003.733296000 0.585469 -0.104611 0.059181 0.135337 -0.256295 -0.145065 0.946020
10003.766629000 0.592643 -0.087944 0.047861 0.136259 -0.257041 -0.144920 0.945707
10003.799962000 0.598880 -0.069156 0.035410 0.137195 -0.257256 -0.144670 0.945551
10003.833295000 0.605039 -0.049332 0.021798 0.137865 -0.257207 -0.144390 0.945510
10003.866628000 0.609985 -0.028750 0.007868 0.138707 -0.256967 -0.143773 0.945546
10003.899961000 0.613156 -0.009459 -0.005537 0.138734 -0.256193 -0.143612 0.945777
10003.933294000 0.614542 0.008648 -0.018848 0.138524 -0.255025 -0.143081 0.946204
10003.966627000 0.614450 0.025491 -0.031398 0.138623 -0.253084 -0.142336 0.946822
10003.999960000 0.605422 0.052851 -0.052593 0.137816 -0.247266 -0.141786 0.948558
10004.033293000 0.597693 0.060940 -0.060643 0.136957 -0.243430 -0.141106 0.949776
10004.066626000 0.588814 0.065833 -0.066118 0.135633 -0.239732 -0.140922 0.950933
10004.099959000 0.578307 0.069532 -0.070664 0.134537 -0.235341 -0.140555 0.952239
10004.133292000 0.567135 0.069401 -0.072486 0.133080 -0.231286 -0.140418 0.953456
10004.166625000 0.555539 0.066694 -0.072420 0.131507 -0.227151 -0.140175 0.954704
10004.199958000 0.544589 0.061224 -0.070528 0.129816 -0.223406 -0.140034 0.955839
10004.233291000 0.535585 0.051697 -0.065256 0.127921 -0.220810 -0.140430 0.956639
10004.266624000 0.526407 0.041915 -0.058736 0.126508 -0.218143 -0.140489 0.957430
10004.299957000 0.520238 0.028525 -0.050100 0.124625 -0.217069 -0.140779 0.957878
10004.333290000 0.517496 -0.007686 -0.024330 0.120994 -0.219899 -0.142181 0.957491
10004.366623000 0.519976 -0.028382 -0.008708 0.119585 -0.223153 -0.143152 0.956770
10004.399956000 0.524324 -0.051484 0.008741 0.117731 -0.227890 -0.144450 0.955688
10004.433289000 0.530544 -0.074250 0.026614 0.116308 -0.233409 -0.145754 0.954331
10004.466622000 0.539699 -0.098533 0.045688 0.114493 -0.240643 -0.147493 0.952485
10004.499955000 0.548376 -0.122710 0.064775 0.112723 -0.248362 -0.149257 0.950438
10004.533288000 0.557723 -0.145137 0.082510 0.110986 -0.256366 -0.151069 0.948228
10004.566621000 0.567792 -0.166371 0.099682 0.109452 -0.264983 -0.152959 0.945732
10004.599954000 0.576483 -0.186494 0.115822 0.106890 -0.273296 -0.155136 0.943301
10004.633287000 0.585051 -0.203234 0.129577 0.105071 -0.281490 -0.156994 0.940785
10004.666620000 0.597176 -0.227761 0.149006 0.100745 -0.294953 -0.160564 0.936521
10004.699953000 0.600168 -0.234549 0.154700 0.098508 -0.299876 -0.162113 0.934928
10004.733286000 0.601819 -0.240206 0.158841 0.095342 -0.304041 -0.163836 0.933609
10004.766619000 0.603732 -0.243335 0.161711 0.092889 -0.308138 -0.165345 0.932247
10004.799952000 0.604515 -0.246303 0.163848 0.090357 -0.311047 -0.166745 0.931280
10004.833285000 0.604380 -0.249400 0.166416 0.087315 -0.313507 -0.168295 0.930466
10004.866618000 0.605425 -0.252920 0.169151 0.084377 -0.315791 -0.169736 0.929702
10004.899951000 0.606342 -0.258309 0.173335 0.081206 -0.317793 -0.171225 0.929029
10004.933284000 0.607740 -0.265872 0.179216 0.078445 -0.319863 -0.172611 0.928299
10004.966617000 0.611428 -0.277748 0.188087 0.074967 -0.322606 -0.174307 0.927320
10004.999950000 0.621721 -0.311814 0.214612 0.068109 -0.328365 -0.178013 0.925121
10005.033283000 0.628226 -0.334708 0.232477 0.064341 -0.331615 -0.180091 0.923828
10005.066616000 0.636513 -0.360143 0.252281 0.060994 -0.335477 -0.182045 0.922277
10005.099949000 0.645238 -0.386902 0.273282 0.057024 -0.339560 -0.184366 0.920574
10005.133282000 0.654421 -0.414601 0.294959 0.053396 -0.343886 -0.186689 0.918716
10005.166615000 0.662906 -0.440380 0.315092 0.050501 -0.347922 -0.188657 0.916956
10005.199948000 0.670840 -0.464637 0.334307 0.047255 -0.351812 -0.190737 0.915213
10005.233281000 0.677772 -0.486140 0.351167 0.044599 -0.355529 -0.192513 0.913537
10005.266614000 0.684561 -0.503509 0.364927 0.042209 -0.359055 -0.194226 0.911907
10005.299947000 0.688326 -0.515306 0.374146 0.040323 -0.361868 -0.195564 0.910593
10005.333280000 0.689891 -0.520672 0.378361 0.037354 -0.365440 -0.197561 0.908861
10005.366613000 0.687735 -0.513723 0.373054 0.036919 -0.366502 -0.197524 0.908459
10005.399946000 0.683725 -0.501450 0.363371 0.036600 -0.366903 -0.197750 0.908261
10005.433279000 0.678809 -0.486710 0.350540 0.036269 -0.366715 -0.197892 0.908319
10005.466612000 0.672337 -0.467290 0.335632 0.036698 -0.366302 -0.197679 0.908515
10005.499945000 0.666047 -0.447996 0.320391 0.036907 -0.365897 -0.197065 0.908803
10005.533278000 0.659179 -0.427345 0.304226 0.037562 -0.365108 -0.196628 0.909188
10005.566611000 0.652951 -0.408277 0.289184 0.038013 -0.364125 -0.196693 0.909549
10005.599944000 0.647257 -0.390997 0.275884 0.038145 -0.364062 -0.196705 0.909566
10005.633277000 0.642532 -0.376608 0.265964 0.038821 -0.363871 -0.196345 0.909692
10005.666610000 0.638104 -0.363130 0.256575 0.039122 -0.364456 -0.197310 0.909236
10005.699943000 0.638540 -0.363899 0.257307 0.038619 -0.365306 -0.198137 0.908736
10005.733276000 0.639973 -0.367913 0.261750 0.038466 -0.366283 -0.198834 0.908197
10005.766609000 0.642533 -0.375615 0.267688 0.037956 -0.367074 -0.199685 0.907712
10005.799942000 0.645579 -0.385133 0.276288 0.037743 -0.368047 -0.200408 0.907168
10005.833275000 0.649293 -0.396423 0.285410 0.037302 -0.368820 -0.201236 0.906689
10005.866608000 0.653067 -0.407805 0.294489 0.037308 -0.368816 -0.201192 0.906700
10005.899941000 0.656933 -0.419386 0.303514 0.037110 -0.368843 -0.200771 0.906790
10005.933274000 0.660293 -0.429815 0.310504 0.037278 -0.367830 -0.199992 0.907367
10005.966607000 0.663259 -0.439151 0.316315 0.037616 -0.366476 -0.199025 0.908113
10005.999940000 0.665394 -0.445872 0.318355 0.040064 -0.360631 -0.193597 0.911515
10006.033273000 0.664732 -0.444458 0.314817 0.042114 -0.356307 -0.190050 0.913867
10006.066606000 0.663696 -0.440928 0.309831 0.044514 -0.351761 -0.186380 0.916267
10006.099939000 0.661983 -0.435599 0.302041 0.046589 -0.347057 -0.182874 0.918661
10006.133272000 0.659457 -0.427741 0.294751 0.049768 -0.342348 -0.179326 0.920958
10006.166605000 0.656484 -0.419241 0.285444 0.052675 -0.337497 -0.176393 0.923151
10006.199938000 0.653169 -0.409042 0.277589 0.055898 -0.333685 -0.174007 0.924798
10006.233271000 0.649634 -0.397983 0.270193 0.060059 -0.329688 -0.172453 0.926260
10006.266604000 0.646386 -0.387808 0.264720 0.063559 -0.327299 -0.172422 0.926880
10006.299937000 0.642896 -0.376288 0.260867 0.067777 -0.325503 -0.173106 0.927086
10006.333270000 0.637041 -0.357179 0.260950 0.076171 -0.325454 -0.179839 0.925168
10006.366603000 0.634998 -0.349789 0.266092 0.080524 -0.327598 -0.185624 0.922897
10006.399936000 0.633345 -0.342451 0.273179 0.085432 -0.330491 -0.192911 0.919925
10006.433269000 0.631575 -0.337015 0.282103 0.089479 -0.334302 -0.201145 0.916393
10006.466602000 0.630138 -0.330739 0.292280 0.094226 -0.339383 -0.210175 0.912013
10006.499935000 0.628955 -0.325136 0.302975 0.099480 -0.345068 -0.219849 0.907027
10006.533268000 0.627641 -0.321123 0.314457 0.103863 -0.351193 -0.229559 0.901764
10006.566601000 0.626669 -0.316871 0.324399 0.107891 -0.357340 -0.239060 0.896392
10006.599934000 0.625825 -0.312521 0.333499 0.111072 -0.363712 -0.248858 0.890756
10006.633267000 0.624746 -0.308958 0.342192 0.114169 -0.370692 -0.257327 0.885063
10006.666600000 0.623454 -0.301874 0.351612 0.116641 -0.382868 -0.271163 0.875373
10006.699933000 0.622579 -0.299812 0.354583 0.115578 -0.389284 -0.276089 0.871134
10006.733266000 0.621658 -0.297572 0.355242 0.114530 -0.394630 -0.279896 0.867645
10006.766599000 0.620817 -0.294823 0.354299 0.111810 -0.399476 -0.282792 0.864839
10006.799932000 0.620333 -0.293295 0.352948 0.109503 -0.404137 -0.284909 0.862270
10006.833265000 0.620147 -0.292972 0.350040 0.105623 -0.408221 -0.286595 0.860269
10006.866598000 0.620154 -0.292729 0.348537 0.102272 -0.412091 -0.287414 0.858554
10006.899931000 0.620381 -0.294191 0.346064 0.097943 -0.415487 -0.288196 0.857159
10006.933264000 0.621095 -0.296803 0.345538 0.093646 -0.418817 -0.288887 0.855784
10006.966597000 0.622340 -0.300989 0.346326 0.089538 -0.422406 -0.288965 0.854432
10006.999930000 0.626604 -0.314474 0.353080 0.082701 -0.428503 -0.290416 0.851589
10007.033263000 0.629464 -0.323381 0.358796 0.080211 -0.431591 -0.291834 0.849781
10007.066596000 0.631952 -0.333999 0.365815 0.077002 -0.434229 -0.293561 0.848138
10007.099929000 0.635511 -0.344788 0.374210 0.075156 -0.437136 -0.294606 0.846446
10007.133262000 0.639567 -0.357227 0.384077 0.073369 -0.440554 -0.296826 0.844052
10007.166595000 0.643420 -0.369208 0.393684 0.072038 -0.442920 -0.298066 0.842490
10007.199928000 0.647654 -0.381712 0.404811 0.070835 -0.445355 -0.299755 0.840707
10007.233261000 0.651901 -0.394949 0.414958 0.069496 -0.447765 -0.301551 0.838895
10007.266594000 0.656018 -0.407347 0.426120 0.068993 -0.450671 -0.302978 0.836863
10007.299927000 0.659976 -0.418918 0.435210 0.068591 -0.452366 -0.304101 0.835574
10007.333260000 0.668858 -0.439038 0.452784 0.069278 -0.456024 -0.305503 0.833013
10007.366593000 0.672352 -0.447357 0.460839 0.070025 -0.457259 -0.305255 0.832364
10007.399926000 0.676038 -0.455944 0.467997 0.069993 -0.458830 -0.305474 0.831421
10007.433259000 0.678464 -0.462785 0.473744 0.070527 -0.458724 -0.305132 0.831560
10007.466592000 0.681735 -0.469440 0.479251 0.070946 -0.459255 -0.304901 0.831317
10007.499925000 0.685004 -0.476049 0.484561 0.070477 -0.459689 -0.305269 0.830982
10007.533258000 0.686662 -0.481639 0.489229 0.070487 -0.458957 -0.304530 0.831656
10007.566591000 0.687589 -0.487985 0.494053 0.069369 -0.458304 -0.305080 0.831908
10007.599924000 0.689529 -0.493946 0.497382 0.068186 -0.457068 -0.305592 0.832498
10007.633257000 0.689398 -0.499931 0.501949 0.066770 -0.455130 -0.306156 0.833467
10007.666590000 0.688727 -0.513325 0.511439 0.061601 -0.451201 -0.308556 0.835114
10007.699923000 0.686960 -0.520592 0.516245 0.058005 -0.448065 -0.310756 0.836244
10007.733256000 0.685264 -0.528481 0.521953 0.054057 -0.445398 -0.312648 0.837227
10007.766589000 0.683879 -0.536302 0.527207 0.050147 -0.442475 -0.315106 0.838098
10007.799922000 0.681484 -0.545388 0.531973 0.044992 -0.439034 -0.317419 0.839327
10007.833255000 0.678932 -0.553670 0.537584 0.040264 -0.435788 -0.319552 0.840449
10007.866588000 0.675723 -0.562839 0.543555 0.035376 -0.432833 -0.321893 0.841302
10007.899921000 0.673161 -0.570578 0.550084 0.031448 -0.429584 -0.323456 0.842523
10007.933254000 0.670854 -0.579395 0.556129 0.027165 -0.427005 -0.325462 0.843210
10007.966587000 0.668268 -0.587717 0.561946 0.023082 -0.424309 -0.326620 0.844244
10007.999920000 0.665409 -0.604454 0.573526 0.016192 -0.420451 -0.327907 0.845834
10008.033253000 0.664806 -0.611979 0.580412 0.014080 -0.419659 -0.327831 0.846295
10008.066586000 0.664373 -0.619781 0.585949 0.011822 -0.418996 -0.327774 0.846679
10008.099919000 0.664642 -0.627155 0.591562 0.010719 -0.418342 -0.327706 0.847044
10008.133252000 0.666001 -0.634547 0.598420 0.009931 -0.418692 -0.327010 0.847150
10008.166585000 0.668240 -0.640525 0.604369 0.010126 -0.419400 -0.326531 0.846982
10008.199918000 0.671289 -0.646730 0.610632 0.011233 -0.420301 -0.326058 0.846704
10008.233251000 0.674428 -0.652586 0.616940 0.012651 -0.420743 -0.325321 0.846748
10008.266584000 0.679154 -0.657349 0.622447 0.015116 -0.421664 -0.325252 0.846275
10008.299917000 0.683866 -0.662274 0.629469 0.018380 -0.422951 -0.325424 0.845502
10008.333250000 0.698457 -0.670422 0.642952 0.026786 -0.425294 -0.327673 0.843231
10008.366583000 0.706935 -0.673312 0.649061 0.032441 -0.426737 -0.329490 0.841594
10008.399916000 0.716322 -0.676240 0.656566 0.038243 -0.428075 -0.331769 0.839773
10008.433249000 0.725988 -0.680328 0.662454 0.043970 -0.429143 -0.334619 0.837814
10008.466582000 0.737661 -0.683040 0.669049 0.050199 -0.430958 -0.337439 0.835398
10008.499915000 0.748909 -0.685881 0.674225 0.056397 -0.432058 -0.340647 0.833130
10008.533248000 0.760945 -0.690816 0.679765 0.061035 -0.433336 -0.344204 0.830673
10008.566581000 0.772911 -0.695516 0.683906 0.065761 -0.435105 -0.347812 0.827880
10008.599914000 0.784974 -0.700777 0.687333 0.069957 -0.436475 -0.351779 0.825135
10008.633247000 0.798215 -0.707146 0.690446 0.073524 -0.439098 -0.355703 0.821744
10008.666580000 0.823791 -0.723144 0.692682 0.076285 -0.444246 -0.363172 0.815434
10008.699913000 0.836357 -0.733644 0.692408 0.076322 -0.447104 -0.366901 0.812193
10008.733246000 0.849664 -0.743633 0.690716 0.075460 -0.450137 -0.369970 0.809200
10008.766579000 0.862266 -0.755376 0.688808 0.073463 -0.453473 -0.373154 0.806053
10008.799912000 0.874816 -0.766272 0.686364 0.071384 -0.457025 -0.375244 0.803259
10008.833245000 0.887409 -0.776971 0.684048 0.069486 -0.460485 -0.377297 0.800483
10008.866578000 0.898959 -0.787749 0.680223 0.066753 -0.463240 -0.378446 0.798581
10008.899911000 0.911055 -0.798018 0.677171 0.064262 -0.466566 -0.379444 0.796373
10008.933244000 0.922682 -0.806013 0.673891 0.062608 -0.469224 -0.379197 0.795059
10008.966577000 0.934353 -0.813813 0.670427 0.060754 -0.471814 -0.378472 0.794015
10008.999910000 0.956400 -0.824969 0.665050 0.058371 -0.476181 -0.374616 0.793415
10009.033243000 0.967429 -0.827477 0.662536 0.058141 -0.477813 -0.371244 0.794036
10009.066576000 0.977155 -0.828738 0.660030 0.058225 -0.478632 -0.368120 0.794990
10009.099909000 0.986615 -0.829556 0.658484 0.058579 -0.480074 -0.364940 0.795560
10009.133242000 0.996547 -0.828129 0.657849 0.060204 -0.481111 -0.362089 0.796115
10009.166575000 1.005055 -0.825735 0.657647 0.061761 -0.482209 -0.359249 0.796618
10009.199908000 1.014413 -0.821861 0.658893 0.064665 -0.483958 -0.357531 0.796100
10009.233241000 1.022618 -0.817299 0.659399 0.067581 -0.484811 -0.356930 0.795608
10009.266574000 1.029476 -0.813012 0.662385 0.070879 -0.486209 -0.357993 0.793988
10009.299907000 1.037066 -0.807082 0.665032 0.075178 -0.487467 -0.360233 0.791806
10009.333240000 1.050115 -0.793471 0.673525 0.086116 -0.490566 -0.370916 0.783805
10009.366573000 1.055768 -0.786950 0.679735 0.092025 -0.492540 -0.379127 0.777945
10009.399906000 1.062262 -0.779506 0.686364 0.098882 -0.494571 -0.388531 0.771146
10009.433239000 1.067633 -0.772616 0.692927 0.105656 -0.496364 -0.399088 0.763668
10009.466572000 1.073754 -0.764687 0.700332 0.113009 -0.498196 -0.410473 0.755342
10009.499905000 1.079880 -0.756645 0.708006 0.121169 -0.500053 -0.421748 0.746588
10009.533238000 1.087304 -0.748286 0.715414 0.129469 -0.501512 -0.433383 0.737497
10009.566571000 1.096220 -0.738767 0.723630 0.138600 -0.503424 -0.444502 0.727854
10009.599904000 1.102927 -0.732251 0.728406 0.145681 -0.504242 -0.455242 0.719216
10009.633237000 1.113501 -0.723709 0.736512 0.154030 -0.506451 -0.464638 0.709855
10009.666570000 1.137220 -0.706645 0.748038 0.170316 -0.509114 -0.480041 0.693798
10009.699903000 1.151916 -0.699611 0.752577 0.177570 -0.510307 -0.485884 0.687002
10009.733236000 1.168461 -0.690980 0.756440 0.184779 -0.511884 -0.489453 0.681372
10009.766569000 1.185944 -0.683504 0.759285 0.191410 -0.512907 -0.491708 0.677135
10009.799902000 1.206712 -0.676345 0.759735 0.197476 -0.514281 -0.491521 0.674482
10009.833235000 1.229670 -0.669059 0.759324 0.202576 -0.515929 -0.489391 0.673258
10009.866568000 1.254735 -0.662385 0.757361 0.207027 -0.517339 -0.484541 0.674329
10009.899901000 1.282861 -0.656089 0.753895 0.210558 -0.519406 -0.477130 0.676927
