10000.000000000 0.000000 0.000000 0.000000 0.000000 0.000000 0.000000 1.000000
10000.033333000 0.010376 0.003289 -0.001786 0.002381 -0.004868 -0.001864 0.999984
10000.066666000 0.020710 0.007206 -0.002853 0.004320 -0.009443 -0.004000 0.999938
10000.099999000 0.030321 0.010149 -0.003147 0.005926 -0.013645 -0.005915 0.999872
10000.133332000 0.040871 0.013272 -0.003605 0.007369 -0.018304 -0.008629 0.999768
10000.166665000 0.051398 0.016344 -0.004090 0.008827 -0.022937 -0.011352 0.999634
10000.199998000 0.060868 0.019164 -0.004423 0.009925 -0.027149 -0.014351 0.999479
10000.233331000 0.071708 0.021531 -0.004238 0.010926 -0.031843 -0.017612 0.999278
10000.266664000 0.081338 0.024363 -0.003209 0.011819 -0.036152 -0.021163 0.999052
10000.299997000 0.091189 0.026525 -0.003042 0.012345 -0.039997 -0.023942 0.998837
10000.333330000 0.110635 0.030477 -0.002642 0.013570 -0.048560 -0.031163 0.998242
10000.366663000 0.120435 0.032473 -0.002434 0.014107 -0.052313 -0.033841 0.997958
10000.399996000 0.129181 0.035006 -0.001373 0.014978 -0.056128 -0.037030 0.997624
10000.433329000 0.138936 0.037147 -0.001172 0.016000 -0.060190 -0.039826 0.997264
10000.466662000 0.147499 0.039621 -0.001494 0.017104 -0.063814 -0.042370 0.996915
10000.499995000 0.156139 0.042201 -0.001851 0.018492 -0.067411 -0.044332 0.996568
10000.533328000 0.164569 0.044600 -0.002188 0.019826 -0.070933 -0.046234 0.996212
10000.566661000 0.173199 0.047252 -0.002520 0.021468 -0.074494 -0.047551 0.995856
10000.599994000 0.180544 0.050278 -0.003402 0.023207 -0.077613 -0.048623 0.995527
10000.633327000 0.188994 0.052926 -0.005168 0.025502 -0.081356 -0.049490 0.995129
10000.666660000 0.203309 0.060485 -0.008149 0.031145 -0.087671 -0.048700 0.994471
10000.699993000 0.210285 0.064777 -0.011167 0.034251 -0.090452 -0.047807 0.994163
10000.733326000 0.217258 0.068722 -0.014034 0.037978 -0.093633 -0.047027 0.993770
10000.766659000 0.224202 0.072434 -0.015585 0.041958 -0.096941 -0.046283 0.993328
10000.799992000 0.231541 0.075589 -0.017815 0.045595 -0.099940 -0.045903 0.992888
10000.833325000 0.239826 0.078987 -0.018742 0.049936 -0.103847 -0.046436 0.992253
10000.866658000 0.248146 0.082296 -0.019662 0.054761 -0.107196 -0.047065 0.991612
10000.899991000 0.257047 0.084108 -0.019449 0.059064 -0.110276 -0.049147 0.990926
10000.933324000 0.267063 0.085092 -0.017239 0.063826 -0.114408 -0.052716 0.989979
10000.966657000 0.278428 0.085756 -0.014446 0.068240 -0.118716 -0.057357 0.988919
10000.999990000 0.305301 0.084240 -0.004590 0.078273 -0.127526 -0.071714 0.986138
10001.033323000 0.319893 0.081470 0.002535 0.082771 -0.132058 -0.081348 0.984425
10001.066656000 0.335128 0.076927 0.010795 0.087012 -0.137404 -0.091640 0.982421
10001.099989000 0.350071 0.072763 0.018931 0.091389 -0.142264 -0.102243 0.980283
10001.133322000 0.364391 0.068090 0.026646 0.095147 -0.147388 -0.113145 0.977968
10001.166655000 0.377161 0.064048 0.034378 0.099582 -0.152506 -0.123904 0.975435
10001.199988000 0.389116 0.059769 0.040535 0.103278 -0.157474 -0.134054 0.972916
10001.233321000 0.399000 0.054792 0.045471 0.106063 -0.163049 -0.143921 0.970285
10001.266654000 0.405414 0.050132 0.047684 0.108396 -0.168124 -0.152887 0.967786
10001.299987000 0.409549 0.045754 0.048102 0.110068 -0.173022 -0.160569 0.965487
10001.333320000 0.406618 0.036768 0.039335 0.109976 -0.182259 -0.172846 0.961671
10001.366653000 0.399786 0.034166 0.030246 0.109473 -0.186712 -0.176934 0.960130
10001.399986000 0.390137 0.032632 0.019288 0.107634 -0.190634 -0.180569 0.958889
10001.433319000 0.378235 0.031914 0.006176 0.105805 -0.193974 -0.183311 0.957902
10001.466652000 0.365858 0.029430 -0.007907 0.102786 -0.197303 -0.185132 0.957200
10001.499985000 0.351569 0.028880 -0.022785 0.099677 -0.199961 -0.186383 0.956735
10001.533318000 0.338553 0.028208 -0.038164 0.096145 -0.202325 -0.187333 0.956414
10001.566651000 0.326308 0.028696 -0.052927 0.092965 -0.204061 -0.187595 0.956308
10001.599984000 0.316221 0.030153 -0.066850 0.089932 -0.205246 -0.187553 0.956352
10001.633317000 0.306499 0.031869 -0.079595 0.087003 -0.205907 -0.187332 0.956525
10001.666650000 0.299805 0.035793 -0.098483 0.082418 -0.206326 -0.186502 0.957002
10001.699983000 0.300784 0.039158 -0.104574 0.081025 -0.205485 -0.186347 0.957333
10001.733316000 0.304565 0.042386 -0.108803 0.080753 -0.204336 -0.185721 0.957723
10001.766649000 0.311041 0.045328 -0.111138 0.079865 -0.203563 -0.185368 0.958031
10001.799982000 0.319998 0.049321 -0.111381 0.080197 -0.202842 -0.185033 0.958220
10001.833315000 0.329658 0.052514 -0.110937 0.080332 -0.201457 -0.184914 0.958524
10001.866648000 0.342402 0.055119 -0.109460 0.081174 -0.201175 -0.184932 0.958509
10001.899981000 0.355201 0.057646 -0.106667 0.081733 -0.201178 -0.185083 0.958432
10001.933314000 0.369336 0.059732 -0.103310 0.082240 -0.201922 -0.185506 0.958150
10001.966647000 0.382943 0.060578 -0.099111 0.083015 -0.203448 -0.186056 0.957654
10001.999980000 0.411521 0.060175 -0.090067 0.084762 -0.210260 -0.188250 0.955598
10002.033313000 0.425489 0.059271 -0.085703 0.085747 -0.215282 -0.189415 0.954161
10002.066646000 0.437803 0.056788 -0.080604 0.086170 -0.220223 -0.190641 0.952750
10002.099979000 0.450085 0.054284 -0.076308 0.086809 -0.226402 -0.193002 0.950766
10002.133312000 0.461693 0.050506 -0.071448 0.087115 -0.232967 -0.194719 0.948800
10002.166645000 0.473323 0.046679 -0.066622 0.087109 -0.240240 -0.196360 0.946646
10002.199978000 0.483430 0.041009 -0.061853 0.086319 -0.246968 -0.198441 0.944551
10002.233311000 0.493358 0.035873 -0.056307 0.085549 -0.254733 -0.200732 0.942072
10002.266644000 0.501618 0.028884 -0.051136 0.083735 -0.261292 -0.202997 0.939951
10002.299977000 0.509947 0.022339 -0.046302 0.081938 -0.268357 -0.204612 0.937766
10002.333310000 0.521949 0.007507 -0.033795 0.076281 -0.280509 -0.209690 0.933556
10002.366643000 0.526504 -0.000906 -0.028212 0.072599 -0.285696 -0.211846 0.931788
10002.399976000 0.530870 -0.008116 -0.022462 0.068927 -0.290275 -0.213850 0.930192
10002.433309000 0.533397 -0.016332 -0.016039 0.064947 -0.294781 -0.216508 0.928445
10002.466642000 0.535857 -0.023920 -0.010157 0.061125 -0.298364 -0.218424 0.927110
10002.499975000 0.537305 -0.031724 -0.004193 0.057272 -0.301375 -0.220712 0.925840
10002.533308000 0.538608 -0.038705 0.001185 0.054245 -0.304052 -0.222613 0.924691
10002.566641000 0.539373 -0.044219 0.006749 0.052488 -0.306015 -0.223908 0.923832
10002.599974000 0.540214 -0.050373 0.011510 0.051110 -0.307614 -0.225358 0.923025
10002.633307000 0.539934 -0.055305 0.015198 0.050907 -0.308367 -0.226153 0.922590
10002.666640000 0.540372 -0.063201 0.021150 0.054460 -0.308650 -0.226260 0.922267
10002.699973000 0.540170 -0.065999 0.023520 0.057824 -0.307690 -0.225664 0.922529
10002.733306000 0.540550 -0.067243 0.024637 0.062570 -0.306825 -0.224490 0.922793
10002.766639000 0.539761 -0.068243 0.025425 0.068279 -0.304647 -0.222646 0.923557
10002.799972000 0.539865 -0.068860 0.026034 0.074808 -0.302536 -0.220014 0.924375
10002.833305000 0.539600 -0.068295 0.025579 0.081932 -0.299689 -0.217036 0.925402
10002.866638000 0.540315 -0.067452 0.025033 0.089366 -0.297148 -0.214038 0.926231
10002.899971000 0.539909 -0.066067 0.023924 0.096587 -0.293488 -0.209989 0.927599
10002.933304000 0.540395 -0.064511 0.022721 0.103518 -0.290792 -0.205877 0.928622
10002.966637000 0.539853 -0.062441 0.021123 0.109845 -0.287013 -0.201396 0.930052
10002.999970000 0.540203 -0.056548 0.017035 0.120107 -0.279791 -0.190946 0.933183
10003.033303000 0.540457 -0.054150 0.015177 0.123898 -0.276501 -0.185496 0.934766
10003.066636000 0.539793 -0.051519 0.012975 0.127236 -0.272600 -0.179734 0.936587
10003.099969000 0.540177 -0.049287 0.011097 0.129331 -0.269632 -0.174245 0.938195
10003.133302000 0.540875 -0.047775 0.009865 0.130686 -0.267041 -0.168729 0.939756
10003.166635000 0.540674 -0.047133 0.009334 0.132025 -0.264027 -0.163674 0.941313
10003.199968000 0.540590 -0.046541 0.008806 0.132616 -0.261383 -0.158625 0.942831
10003.233301000 0.540902 -0.047857 0.009944 0.132849 -0.259284 -0.154208 0.944110
10003.266634000 0.540536 -0.050091 0.011776 0.133459 -0.256860 -0.150117 0.945345
10003.299967000 0.540518 -0.053780 0.014788 0.133645 -0.255032 -0.146676 0.946353
10003.333300000 0.541117 -0.068347 0.025570 0.132935 -0.252319 -0.141905 0.947906
10003.366633000 0.541001 -0.077759 0.032850 0.132692 -0.251315 -0.140685 0.948389
10003.399966000 0.541193 -0.088217 0.040673 0.132846 -0.250360 -0.139725 0.948762
10003.433299000 0.542651 -0.099178 0.049090 0.132313 -0.250315 -0.139501 0.948881
10003.466632000 0.543729 -0.109233 0.056765 0.132662 -0.249876 -0.139726 0.948915
10003.499965000 0.545921 -0.119312 0.064540 0.132427 -0.250137 -0.140165 0.948814
10003.533298000 0.547581 -0.128006 0.071041 0.132435 -0.250066 -0.140511 0.948781
10003.566631000 0.550140 -0.133461 0.075710 0.132883 -0.250226 -0.141110 0.948587
10003.599964000 0.554063 -0.136804 0.078971 0.133291 -0.251006 -0.141833 0.948216
10003.633297000 0.558087 -0.137144 0.079919 0.133300 -0.251757 -0.142705 0.947885
10003.666630000 0.569264 -0.126499 0.073855 0.134345 -0.253376 -0.143795 0.947140
10003.699963000 0.577063 -0.115119 0.066772 0.135263 -0.254834 -0.144122 0.946569
10003.733296000 0.583629 -0.100764 0.057204 0.135914 -0.255405 -0.144371 0.946284
10003.766629000 0.590503 -0.083939 0.045849 0.136861 -0.256076 -0.144201 0.945992
10003.799962000 0.596826 -0.065450 0.033262 0.137701 -0.256305 -0.143975 0.945842
10003.833295000 0.602734 -0.045599 0.019561 0.138377 -0.256201 -0.143755 0.945805
10003.866628000 0.607441 -0.025107 0.005430 0.139181 -0.255904 -0.143097 0.945867
10003.899961000 0.610610 -0.006012 -0.008154 0.139138 -0.255145 -0.143022 0.946090
10003.933294000 0.612113 0.011956 -0.021597 0.138896 -0.253991 -0.142509 0.946513
10003.966627000 0.612087 0.028834 -0.034318 0.138996 -0.252052 -0.141819 0.947120
10003.999960000 0.603050 0.055972 -0.055229 0.138155 -0.246274 -0.141261 0.948845
10004.033293000 0.595324 0.064716 -0.063231 0.137472 -0.242405 -0.140553 0.950045
10004.066626000 0.586337 0.069605 -0.068970 0.136127 -0.238672 -0.140369 0.951211
10004.099959000 0.576246 0.073013 -0.073174 0.135005 -0.234410 -0.140074 0.952473
10004.133292000 0.565065 0.072847 -0.074989 0.133525 -0.230355 -0.139889 0.953698
10004.166625000 0.553785 0.069898 -0.074955 0.131915 -0.226294 -0.139688 0.954922
10004.199958000 0.543175 0.064335 -0.072501 0.130246 -0.222672 -0.139543 0.956024
10004.233291000 0.533752 0.055560 -0.067526 0.128539 -0.219906 -0.139904 0.956842
10004.266624000 0.524820 0.045281 -0.060565 0.127058 -0.217352 -0.139958 0.957615
10004.299957000 0.518903 0.031751 -0.051813 0.125152 -0.216348 -0.140260 0.958049
10004.333290000 0.516189 -0.004178 -0.025996 0.121617 -0.219167 -0.141623 0.957663
10004.366623000 0.518868 -0.025012 -0.010385 0.120153 -0.222472 -0.142565 0.956945
10004.399956000 0.523045 -0.047762 0.007009 0.118386 -0.227146 -0.143812 0.955881
10004.433289000 0.529593 -0.070873 0.024848 0.116864 -0.232756 -0.145146 0.954516
10004.466622000 0.538511 -0.095043 0.043833 0.115072 -0.239901 -0.146831 0.952705
10004.499955000 0.547242 -0.119059 0.062826 0.113345 -0.247612 -0.148602 0.950662
10004.533288000 0.556441 -0.141301 0.080496 0.111661 -0.255549 -0.150403 0.948475
10004.566621000 0.566665 -0.162789 0.097673 0.110057 -0.264202 -0.152327 0.945982
10004.599954000 0.575302 -0.182789 0.113565 0.107510 -0.272470 -0.154465 0.943580
10004.633287000 0.583824 -0.199643 0.127097 0.105657 -0.280634 -0.156359 0.941081
10004.666620000 0.595934 -0.224148 0.146479 0.101330 -0.294062 -0.159920 0.936849
10004.699953000 0.598931 -0.231224 0.152156 0.099011 -0.299010 -0.161495 0.935259
10004.733286000 0.600511 -0.236540 0.156219 0.095948 -0.303125 -0.163206 0.933955
10004.766619000 0.602355 -0.239730 0.158860 0.093457 -0.307186 -0.164713 0.932616
10004.799952000 0.603031 -0.242564 0.161031 0.090969 -0.310064 -0.166071 0.931668
10004.833285000 0.602943 -0.245666 0.163487 0.087907 -0.312521 -0.167583 0.930870
10004.866618000 0.603841 -0.249256 0.166298 0.084963 -0.314775 -0.169014 0.930125
10004.899951000 0.604406 -0.254453 0.170323 0.081860 -0.316669 -0.170490 0.929491
10004.933284000 0.605799 -0.262120 0.176119 0.079062 -0.318726 -0.171868 0.928776
10004.966617000 0.609706 -0.273748 0.184943 0.075675 -0.321482 -0.173594 0.927786
10004.999950000 0.619959 -0.307870 0.211315 0.068784 -0.327199 -0.177238 0.925633
10005.033283000 0.626708 -0.331072 0.229093 0.064910 -0.330503 -0.179325 0.924336
10005.066616000 0.635062 -0.356332 0.248659 0.061617 -0.334313 -0.181293 0.922806
10005.099949000 0.643943 -0.383199 0.269481 0.057617 -0.338384 -0.183628 0.921117
10005.133282000 0.653222 -0.410878 0.291094 0.053970 -0.342707 -0.185908 0.919281
10005.166615000 0.661955 -0.436713 0.311240 0.051078 -0.346753 -0.187869 0.917528
10005.199948000 0.670097 -0.461297 0.330375 0.047730 -0.350689 -0.189977 0.915777
10005.233281000 0.677132 -0.482740 0.347115 0.045103 -0.354400 -0.191792 0.914102
10005.266614000 0.683944 -0.500211 0.360651 0.042644 -0.357874 -0.193476 0.912510
10005.299947000 0.687748 -0.512185 0.369977 0.040737 -0.360710 -0.194838 0.911190
10005.333280000 0.689360 -0.517461 0.374025 0.037779 -0.364250 -0.196819 0.909482
10005.366613000 0.687163 -0.510608 0.368892 0.037340 -0.365347 -0.196804 0.909063
10005.399946000 0.683097 -0.498354 0.359340 0.037040 -0.365773 -0.197053 0.908850
10005.433279000 0.678178 -0.483622 0.346686 0.036733 -0.365632 -0.197210 0.908885
10005.466612000 0.671837 -0.464450 0.331836 0.037116 -0.365271 -0.197039 0.909052
10005.499945000 0.665524 -0.445358 0.317175 0.037323 -0.364973 -0.196470 0.909286
10005.533278000 0.658600 -0.424577 0.301117 0.038051 -0.364187 -0.196046 0.909662
10005.566611000 0.652287 -0.405501 0.286197 0.038521 -0.363227 -0.196149 0.910004
10005.599944000 0.646706 -0.388430 0.272970 0.038595 -0.363219 -0.196145 0.910005
10005.633277000 0.641966 -0.374139 0.263166 0.039267 -0.363057 -0.195813 0.910113
10005.666610000 0.637760 -0.360838 0.253945 0.039544 -0.363735 -0.196830 0.909610
10005.699943000 0.637971 -0.361600 0.254703 0.039059 -0.364544 -0.197668 0.909126
10005.733276000 0.639290 -0.365544 0.259010 0.038907 -0.365478 -0.198357 0.908607
10005.766609000 0.641728 -0.373216 0.265047 0.038409 -0.366247 -0.199191 0.908136
10005.799942000 0.644833 -0.382626 0.273496 0.038217 -0.367174 -0.199881 0.907618
10005.833275000 0.648386 -0.394096 0.282588 0.037734 -0.367926 -0.200728 0.907147
10005.866608000 0.652287 -0.405508 0.291433 0.037722 -0.367890 -0.200679 0.907172
10005.899941000 0.656028 -0.417057 0.300474 0.037532 -0.367883 -0.200253 0.907277
10005.933274000 0.659470 -0.427582 0.307451 0.037667 -0.366887 -0.199488 0.907843
10005.966607000 0.662280 -0.436636 0.313291 0.038117 -0.365476 -0.198508 0.908608
10005.999940000 0.664349 -0.443830 0.315432 0.040432 -0.359648 -0.193081 0.911997
10006.033273000 0.663980 -0.442644 0.312113 0.042451 -0.355425 -0.189567 0.914295
10006.066606000 0.663062 -0.439280 0.307142 0.044791 -0.350932 -0.185909 0.916667
10006.099939000 0.661364 -0.433860 0.299465 0.046910 -0.346243 -0.182400 0.919046
10006.133272000 0.658957 -0.426100 0.292437 0.050101 -0.341605 -0.178900 0.921299
10006.166605000 0.656091 -0.417314 0.283247 0.053109 -0.336784 -0.175948 0.923471
10006.199938000 0.652885 -0.407322 0.275577 0.056289 -0.333032 -0.173588 0.925088
10006.233271000 0.649417 -0.396301 0.268246 0.060458 -0.329075 -0.172090 0.926520
10006.266604000 0.645998 -0.386153 0.262781 0.063943 -0.326656 -0.172051 0.927149
10006.299937000 0.642517 -0.374733 0.258968 0.068125 -0.324873 -0.172742 0.927349
10006.333270000 0.636576 -0.355863 0.259090 0.076473 -0.324820 -0.179572 0.925418
10006.366603000 0.634376 -0.347888 0.264119 0.080995 -0.326867 -0.185351 0.923170
10006.399936000 0.632690 -0.340987 0.271073 0.085748 -0.329752 -0.192655 0.920215
10006.433269000 0.631068 -0.334934 0.279873 0.089994 -0.333518 -0.200954 0.916670
10006.466602000 0.629653 -0.328973 0.290052 0.094643 -0.338624 -0.210026 0.912286
10006.499935000 0.628440 -0.323505 0.300859 0.099864 -0.344310 -0.219710 0.907307
10006.533268000 0.627349 -0.318915 0.312183 0.104424 -0.350373 -0.229452 0.902045
10006.566601000 0.626283 -0.314319 0.322221 0.108617 -0.356486 -0.239051 0.896646
10006.599934000 0.625269 -0.310222 0.331182 0.111689 -0.362805 -0.248855 0.891049
10006.633267000 0.624557 -0.306432 0.339658 0.114861 -0.369783 -0.257353 0.885346
10006.666600000 0.623034 -0.299482 0.349226 0.117311 -0.381931 -0.271283 0.875655
10006.699933000 0.622310 -0.297005 0.351828 0.116376 -0.388275 -0.276293 0.871413
10006.733266000 0.621546 -0.294705 0.352202 0.115295 -0.393589 -0.280079 0.867958
10006.766599000 0.620834 -0.292122 0.351196 0.112513 -0.398470 -0.283007 0.865141
10006.799932000 0.620550 -0.290694 0.349932 0.110194 -0.403190 -0.285153 0.862545
10006.833265000 0.620426 -0.290393 0.347286 0.106370 -0.407343 -0.286914 0.860487
10006.866598000 0.620412 -0.290121 0.345864 0.103028 -0.411217 -0.287730 0.858776
10006.899931000 0.620754 -0.291748 0.343474 0.098657 -0.414666 -0.288479 0.857379
10006.933264000 0.621413 -0.294054 0.342905 0.094448 -0.417952 -0.289130 0.856037
10006.966597000 0.622705 -0.298245 0.343811 0.090346 -0.421591 -0.289203 0.854670
10006.999930000 0.627028 -0.311440 0.350279 0.083601 -0.427606 -0.290670 0.851865
10007.033263000 0.629920 -0.320331 0.356046 0.081123 -0.430711 -0.292078 0.850057
10007.066596000 0.632405 -0.331023 0.363018 0.077910 -0.433343 -0.293821 0.848418
10007.099929000 0.635901 -0.341796 0.371443 0.076061 -0.436252 -0.294861 0.846732
10007.133262000 0.640017 -0.354088 0.381125 0.074308 -0.439632 -0.297084 0.844360
10007.166595000 0.643986 -0.366248 0.390573 0.072918 -0.442003 -0.298317 0.842807
10007.199928000 0.648237 -0.378767 0.401517 0.071706 -0.444420 -0.300018 0.841034
10007.233261000 0.652501 -0.391936 0.411776 0.070406 -0.446841 -0.301813 0.839217
10007.266594000 0.656717 -0.404345 0.422667 0.069869 -0.449714 -0.303217 0.837219
10007.299927000 0.660633 -0.415839 0.431642 0.069478 -0.451378 -0.304333 0.835950
10007.333260000 0.669631 -0.436263 0.449203 0.070090 -0.455065 -0.305764 0.833374
10007.366593000 0.673287 -0.444612 0.457080 0.070816 -0.456304 -0.305489 0.832736
10007.399926000 0.677012 -0.452885 0.463733 0.070824 -0.457780 -0.305695 0.831848
10007.433259000 0.679343 -0.459937 0.469345 0.071273 -0.457655 -0.305358 0.832003
10007.466592000 0.682586 -0.466758 0.474850 0.071657 -0.458177 -0.305147 0.831760
10007.499925000 0.685756 -0.473208 0.480023 0.071204 -0.458548 -0.305465 0.831477
10007.533258000 0.687532 -0.478696 0.484387 0.071226 -0.457761 -0.304702 0.832189
10007.566591000 0.688557 -0.485053 0.489172 0.070103 -0.457117 -0.305248 0.832439
10007.599924000 0.690362 -0.490927 0.492508 0.068931 -0.455846 -0.305731 0.833055
10007.633257000 0.690349 -0.496733 0.496766 0.067544 -0.453845 -0.306249 0.834071
10007.666590000 0.689642 -0.510323 0.506567 0.062378 -0.449990 -0.308675 0.835666
10007.699923000 0.687851 -0.517513 0.511474 0.058807 -0.446856 -0.310841 0.836803
10007.733256000 0.686248 -0.525394 0.516963 0.054875 -0.444159 -0.312729 0.837802
10007.766589000 0.684813 -0.533179 0.522435 0.050953 -0.441264 -0.315123 0.838682
10007.799922000 0.682507 -0.542064 0.527123 0.045888 -0.437805 -0.317412 0.839923
10007.833255000 0.680027 -0.550338 0.532745 0.041169 -0.434558 -0.319540 0.841046
10007.866588000 0.676877 -0.559510 0.539014 0.036317 -0.431676 -0.321870 0.841865
10007.899921000 0.674276 -0.567165 0.545354 0.032403 -0.428377 -0.323398 0.843123
10007.933254000 0.672009 -0.576082 0.551481 0.028091 -0.425824 -0.325372 0.843811
10007.966587000 0.669536 -0.584231 0.557053 0.024048 -0.423084 -0.326503 0.844877
10007.999920000 0.666785 -0.600827 0.568645 0.017238 -0.419235 -0.327734 0.846484
10008.033253000 0.666262 -0.608632 0.575546 0.015041 -0.418486 -0.327650 0.846929
10008.066586000 0.665798 -0.616197 0.580973 0.012856 -0.417763 -0.327546 0.847362
10008.099919000 0.666113 -0.623596 0.586560 0.011732 -0.417117 -0.327443 0.847736
10008.133252000 0.667540 -0.631008 0.593264 0.010927 -0.417440 -0.326732 0.847863
10008.166585000 0.669628 -0.637264 0.599494 0.011028 -0.418205 -0.326283 0.847657
10008.199918000 0.672728 -0.643337 0.605644 0.012164 -0.419058 -0.325783 0.847412
10008.233251000 0.675702 -0.649323 0.611848 0.013531 -0.419458 -0.325067 0.847469
10008.266584000 0.680489 -0.654000 0.617294 0.016010 -0.420352 -0.324996 0.847010
10008.299917000 0.685234 -0.658879 0.624120 0.019278 -0.421587 -0.325167 0.846262
10008.333250000 0.699836 -0.667056 0.637720 0.027692 -0.423944 -0.327447 0.843968
10008.366583000 0.708260 -0.669975 0.643800 0.033324 -0.425366 -0.329280 0.842335
10008.399916000 0.717601 -0.672869 0.651257 0.039128 -0.426673 -0.331568 0.840525
10008.433249000 0.727423 -0.676925 0.657179 0.044879 -0.427761 -0.334433 0.838547
10008.466582000 0.738943 -0.679665 0.663706 0.051071 -0.429533 -0.337272 0.836147
10008.499915000 0.750331 -0.682333 0.668882 0.057343 -0.430629 -0.340501 0.833864
10008.533248000 0.762366 -0.687101 0.674272 0.062033 -0.431846 -0.344079 0.831427
10008.566581000 0.774244 -0.691689 0.678298 0.066804 -0.433570 -0.347749 0.828629
10008.599914000 0.786040 -0.696994 0.681507 0.070908 -0.434848 -0.351718 0.825938
10008.633247000 0.799270 -0.703431 0.684448 0.074415 -0.437424 -0.355654 0.822577
10008.666580000 0.824918 -0.719444 0.686779 0.077196 -0.442612 -0.363187 0.816229
10008.699913000 0.837491 -0.729865 0.686589 0.077265 -0.445489 -0.366909 0.812987
10008.733246000 0.850811 -0.739746 0.685001 0.076450 -0.448556 -0.369984 0.809978
10008.766579000 0.863589 -0.751326 0.683107 0.074549 -0.451935 -0.373185 0.806802
10008.799912000 0.876129 -0.762122 0.680756 0.072509 -0.455509 -0.375265 0.804009
10008.833245000 0.888837 -0.772931 0.678368 0.070529 -0.459000 -0.377278 0.801253
10008.866578000 0.900434 -0.783742 0.674499 0.067762 -0.461772 -0.378408 0.799363
10008.899911000 0.912750 -0.793758 0.671607 0.065395 -0.465163 -0.379406 0.797118
10008.933244000 0.924381 -0.801635 0.668327 0.063769 -0.467840 -0.379144 0.795807
10008.966577000 0.936142 -0.809536 0.665054 0.061893 -0.470508 -0.378402 0.794735
10008.999910000 0.958081 -0.820753 0.659794 0.059482 -0.474916 -0.374530 0.794131
10009.033243000 0.969187 -0.823109 0.657123 0.059272 -0.476526 -0.371137 0.794775
10009.066576000 0.978772 -0.824384 0.654846 0.059357 -0.477384 -0.368034 0.795696
10009.099909000 0.988222 -0.825179 0.653090 0.059707 -0.478787 -0.364875 0.796282
10009.133242000 0.998108 -0.823715 0.652402 0.061323 -0.479798 -0.362029 0.796849
10009.166575000 1.006704 -0.821194 0.651867 0.062906 -0.480834 -0.359203 0.797380
10009.199908000 1.015798 -0.817376 0.653153 0.065763 -0.482563 -0.357502 0.796869
10009.233241000 1.023989 -0.812949 0.653452 0.068621 -0.483362 -0.356922 0.796404
10009.266574000 1.030834 -0.808558 0.656276 0.071928 -0.484712 -0.357997 0.794807
10009.299907000 1.038423 -0.802442 0.659109 0.076293 -0.485993 -0.360251 0.792597
10009.333240000 1.051447 -0.788794 0.667532 0.087216 -0.489052 -0.370972 0.784603
10009.366573000 1.056982 -0.782247 0.673660 0.093093 -0.490989 -0.379187 0.778769
10009.399906000 1.063489 -0.774783 0.680209 0.099921 -0.492975 -0.388621 0.771988
10009.433239000 1.068942 -0.767789 0.686693 0.106715 -0.494742 -0.399214 0.764507
10009.466572000 1.075145 -0.759708 0.694197 0.114109 -0.496557 -0.410618 0.756177
10009.499905000 1.081411 -0.751706 0.701791 0.122228 -0.498409 -0.421905 0.747425
10009.533238000 1.088767 -0.743248 0.709359 0.130539 -0.499868 -0.433543 0.738330
10009.566571000 1.097105 -0.734372 0.717236 0.139275 -0.501715 -0.444684 0.728794
10009.599904000 1.105187 -0.726650 0.723318 0.147024 -0.502767 -0.455358 0.719901
10009.633237000 1.115620 -0.718149 0.731508 0.155373 -0.504963 -0.464814 0.710506
10009.666570000 1.139347 -0.701130 0.743000 0.171584 -0.507588 -0.480259 0.694453
10009.699903000 1.154069 -0.693898 0.747674 0.178920 -0.508780 -0.486127 0.687613
10009.733236000 1.170509 -0.685325 0.751532 0.186071 -0.510356 -0.489704 0.681985
10009.766569000 1.188118 -0.677629 0.753981 0.192693 -0.511296 -0.491952 0.677812
10009.799902000 1.208782 -0.670339 0.754598 0.198812 -0.512667 -0.491782 0.675127
10009.833235000 1.231574 -0.663016 0.754250 0.203901 -0.514313 -0.489661 0.673898
10009.866568000 1.256432 -0.656315 0.752352 0.208367 -0.515722 -0.484843 0.674937
10009.899901000 1.284618 -0.650006 0.748821 0.211886 -0.517812 -0.477427 0.677523
