10000.000000000 0.000000 0.000000 0.000000 0.000000 0.000000 0.000000 1.000000
10000.033333000 0.010464 0.003377 -0.001793 0.002404 -0.004894 -0.001860 0.999983
10000.066666000 0.020697 0.007155 -0.002776 0.004311 -0.009433 -0.003975 0.999938
10000.099999000 0.030279 0.010323 -0.003160 0.005977 -0.013626 -0.005881 0.999872
10000.133332000 0.040610 0.013307 -0.003651 0.007393 -0.018231 -0.008660 0.999769
10000.166665000 0.051322 0.015929 -0.003976 0.008713 -0.022906 -0.011349 0.999635
10000.199998000 0.061067 0.018952 -0.004426 0.009863 -0.027204 -0.014377 0.999478
10000.233331000 0.071689 0.021230 -0.004094 0.010864 -0.031826 -0.017594 0.999280
10000.266664000 0.081312 0.024006 -0.003183 0.011735 -0.036138 -0.021180 0.999053
10000.299997000 0.091225 0.026062 -0.002960 0.012227 -0.040000 -0.023946 0.998838
10000.333330000 0.110253 0.029738 -0.002631 0.013378 -0.048456 -0.031293 0.998245
10000.366663000 0.120255 0.031489 -0.002315 0.013849 -0.052259 -0.033920 0.997961
10000.399996000 0.129154 0.034351 -0.001398 0.014820 -0.056112 -0.037116 0.997624
10000.433329000 0.138855 0.036320 -0.001057 0.015808 -0.060152 -0.039945 0.997264
10000.466662000 0.147537 0.039122 -0.001502 0.016993 -0.063809 -0.042469 0.996913
10000.499995000 0.155960 0.041155 -0.001915 0.018241 -0.067358 -0.044495 0.996569
10000.533328000 0.164479 0.043724 -0.002138 0.019624 -0.070900 -0.046378 0.996211
10000.566661000 0.173169 0.046155 -0.002557 0.021202 -0.074477 -0.047718 0.995855
10000.599994000 0.180747 0.049681 -0.003374 0.023096 -0.077659 -0.048750 0.995520
10000.633327000 0.189043 0.052218 -0.005160 0.025369 -0.081360 -0.049630 0.995125
10000.666660000 0.203388 0.059599 -0.008186 0.030949 -0.087685 -0.048867 0.994467
10000.699993000 0.210617 0.063764 -0.011109 0.034037 -0.090535 -0.047916 0.994157
10000.733326000 0.217471 0.067667 -0.014152 0.037733 -0.093671 -0.047184 0.993768
10000.766659000 0.224498 0.071403 -0.015665 0.041734 -0.097011 -0.046434 0.993323
10000.799992000 0.231952 0.074364 -0.017832 0.045318 -0.100038 -0.046012 0.992885
10000.833325000 0.240206 0.077570 -0.018887 0.049632 -0.103930 -0.046613 0.992251
10000.866658000 0.248413 0.080972 -0.019808 0.054466 -0.107251 -0.047274 0.991613
10000.899991000 0.257156 0.082538 -0.019589 0.058701 -0.110277 -0.049345 0.990938
10000.933324000 0.267488 0.083839 -0.017236 0.063564 -0.114506 -0.052913 0.989974
10000.966657000 0.278865 0.084224 -0.014367 0.067926 -0.118813 -0.057552 0.988917
10000.999990000 0.305766 0.082250 -0.005066 0.077789 -0.127648 -0.071971 0.986142
10001.033323000 0.320427 0.080271 0.002283 0.082527 -0.132185 -0.081656 0.984403
10001.066656000 0.335833 0.075456 0.010374 0.086654 -0.137600 -0.091975 0.982394
10001.099989000 0.351371 0.070230 0.018727 0.090737 -0.142637 -0.102507 0.980262
10001.133322000 0.364375 0.066670 0.026446 0.094778 -0.147398 -0.113243 0.977991
10001.166655000 0.377468 0.062653 0.034452 0.099264 -0.152599 -0.123987 0.975442
10001.199988000 0.389887 0.056662 0.040400 0.102462 -0.157764 -0.134202 0.972935
10001.233321000 0.399511 0.052389 0.045473 0.105462 -0.163243 -0.144058 0.970297
10001.266654000 0.405940 0.047384 0.047762 0.107704 -0.168350 -0.153034 0.967801
10001.299987000 0.410364 0.042655 0.048133 0.109298 -0.173341 -0.160744 0.965489
10001.333320000 0.407174 0.033694 0.039454 0.109206 -0.182496 -0.172963 0.961693
10001.366653000 0.400629 0.030876 0.030510 0.108656 -0.187039 -0.177010 0.960145
10001.399986000 0.391228 0.028806 0.019359 0.106656 -0.191052 -0.180710 0.958889
10001.433319000 0.378576 0.028144 0.005832 0.104791 -0.194176 -0.183505 0.957935
10001.466652000 0.367136 0.025745 -0.008052 0.101858 -0.197740 -0.185262 0.957184
10001.499985000 0.353107 0.024958 -0.022720 0.098678 -0.200484 -0.186500 0.956706
10001.533318000 0.339882 0.024776 -0.038343 0.095249 -0.202774 -0.187450 0.956385
10001.566651000 0.327598 0.024997 -0.053276 0.091975 -0.204495 -0.187711 0.956288
10001.599984000 0.317228 0.026609 -0.067356 0.088966 -0.205605 -0.187666 0.956344
10001.633317000 0.308115 0.027570 -0.079825 0.085877 -0.206476 -0.187496 0.956472
10001.666650000 0.300924 0.031915 -0.099048 0.081361 -0.206729 -0.186641 0.956979
10001.699983000 0.301844 0.035010 -0.105273 0.079887 -0.205880 -0.186486 0.957316
10001.733316000 0.305531 0.038440 -0.109385 0.079679 -0.204712 -0.185829 0.957712
10001.766649000 0.312139 0.041311 -0.111744 0.078762 -0.203977 -0.185454 0.958017
10001.799982000 0.321283 0.045430 -0.111865 0.079166 -0.203292 -0.185199 0.958179
10001.833315000 0.330927 0.048919 -0.111251 0.079403 -0.201888 -0.185052 0.958484
10001.866648000 0.343430 0.051503 -0.109950 0.080205 -0.201542 -0.185025 0.958496
10001.899981000 0.356316 0.054053 -0.106957 0.080795 -0.201573 -0.185191 0.958407
10001.933314000 0.370616 0.056285 -0.103792 0.081316 -0.202346 -0.185647 0.958112
10001.966647000 0.384018 0.057020 -0.099576 0.082063 -0.203834 -0.186136 0.957638
10001.999980000 0.412870 0.055969 -0.090427 0.083662 -0.210753 -0.188331 0.955571
10002.033313000 0.426883 0.055266 -0.086051 0.084702 -0.215770 -0.189458 0.954136
10002.066646000 0.439208 0.052754 -0.080975 0.085115 -0.220728 -0.190712 0.952714
10002.099979000 0.451611 0.049998 -0.076742 0.085694 -0.226948 -0.193099 0.950718
10002.133312000 0.463413 0.046162 -0.071677 0.086009 -0.233568 -0.194836 0.948729
10002.166645000 0.474889 0.042382 -0.066782 0.086024 -0.240797 -0.196439 0.946588
10002.199978000 0.485219 0.036584 -0.061890 0.085223 -0.247593 -0.198605 0.944453
10002.233311000 0.495029 0.031469 -0.056552 0.084423 -0.255321 -0.200833 0.941993
10002.266644000 0.503702 0.024094 -0.050610 0.082578 -0.262035 -0.203090 0.939826
10002.299977000 0.512060 0.017535 -0.046102 0.080772 -0.269093 -0.204809 0.937613
10002.333310000 0.524254 0.002704 -0.032783 0.075129 -0.281369 -0.209860 0.933352
10002.366643000 0.528804 -0.005833 -0.027186 0.071419 -0.286560 -0.212065 0.931564
10002.399976000 0.533477 -0.012888 -0.021244 0.067835 -0.291199 -0.214107 0.929925
10002.433309000 0.535883 -0.020868 -0.014685 0.063914 -0.295682 -0.216780 0.928167
10002.466642000 0.538282 -0.028443 -0.008953 0.060061 -0.299252 -0.218715 0.926825
10002.499975000 0.539697 -0.036116 -0.002865 0.056270 -0.302245 -0.220993 0.925550
10002.533308000 0.541066 -0.043247 0.002570 0.053204 -0.304955 -0.222921 0.924380
10002.566641000 0.542006 -0.048975 0.008228 0.051403 -0.306981 -0.224237 0.923492
10002.599974000 0.542706 -0.055046 0.012915 0.050037 -0.308539 -0.225687 0.922695
10002.633307000 0.542472 -0.060259 0.016607 0.049757 -0.309326 -0.226488 0.922250
10002.666640000 0.543165 -0.068037 0.022598 0.053351 -0.309672 -0.226640 0.921895
10002.699973000 0.543030 -0.070960 0.025103 0.056689 -0.308740 -0.226018 0.922161
10002.733306000 0.543196 -0.072136 0.025939 0.061429 -0.307803 -0.224861 0.922454
10002.766639000 0.542565 -0.073478 0.027041 0.067072 -0.305698 -0.223019 0.923208
10002.799972000 0.542492 -0.073873 0.027551 0.073637 -0.303537 -0.220393 0.924051
10002.833305000 0.542276 -0.073113 0.027031 0.080810 -0.300695 -0.217402 0.925088
10002.866638000 0.543086 -0.072442 0.026651 0.088213 -0.298198 -0.214386 0.925924
10002.899971000 0.542578 -0.071037 0.025322 0.095427 -0.294496 -0.210334 0.927322
10002.933304000 0.543090 -0.069333 0.024147 0.102390 -0.291811 -0.206204 0.928355
10002.966637000 0.542677 -0.067708 0.022808 0.108598 -0.288121 -0.201691 0.929792
10002.999970000 0.542747 -0.061240 0.018530 0.118991 -0.280779 -0.191162 0.932985
10003.033303000 0.543178 -0.059013 0.016680 0.122735 -0.277542 -0.185755 0.934560
10003.066636000 0.542573 -0.056385 0.014440 0.126051 -0.273661 -0.179990 0.936389
10003.099969000 0.542625 -0.054006 0.012450 0.128167 -0.270596 -0.174457 0.938038
10003.133302000 0.543411 -0.052511 0.011351 0.129524 -0.268036 -0.168936 0.939596
10003.166635000 0.543124 -0.051793 0.010681 0.130863 -0.264984 -0.163867 0.941173
10003.199968000 0.542862 -0.051016 0.009997 0.131484 -0.262270 -0.158807 0.942712
10003.233301000 0.543357 -0.052273 0.011376 0.131754 -0.260227 -0.154400 0.943972
10003.266634000 0.543042 -0.054782 0.013130 0.132281 -0.257830 -0.150337 0.945211
10003.299967000 0.542973 -0.058411 0.016189 0.132452 -0.255993 -0.146885 0.946229
10003.333300000 0.543947 -0.073553 0.026931 0.131611 -0.253397 -0.142206 0.947759
10003.366633000 0.543762 -0.083239 0.034150 0.131262 -0.252392 -0.141020 0.948252
10003.399966000 0.543840 -0.092806 0.041975 0.131678 -0.251342 -0.140030 0.948620
10003.433299000 0.545466 -0.104605 0.050392 0.130883 -0.251402 -0.139846 0.948741
10003.466632000 0.546385 -0.114201 0.057974 0.131354 -0.250888 -0.140031 0.948785
10003.499965000 0.548802 -0.124396 0.065957 0.131095 -0.251228 -0.140509 0.948660
10003.533298000 0.550803 -0.133719 0.072477 0.130924 -0.251278 -0.140892 0.948614
10003.566631000 0.553005 -0.138806 0.077216 0.131489 -0.251321 -0.141476 0.948437
10003.599964000 0.557142 -0.142003 0.080670 0.131958 -0.252165 -0.142206 0.948039
10003.633297000 0.561066 -0.142727 0.081610 0.131862 -0.252924 -0.143110 0.947714
10003.666630000 0.572578 -0.131777 0.075698 0.133001 -0.254608 -0.144134 0.946948
10003.699963000 0.579919 -0.119716 0.068453 0.134105 -0.255908 -0.144399 0.946401
10003.733296000 0.586884 -0.105541 0.059195 0.134746 -0.256611 -0.144654 0.946081
10003.766629000 0.593800 -0.089073 0.047785 0.135602 -0.257314 -0.144470 0.945796
10003.799962000 0.600082 -0.070252 0.035284 0.136561 -0.257521 -0.144256 0.945634
10003.833295000 0.605905 -0.050057 0.021674 0.137331 -0.257367 -0.143914 0.945617
10003.866628000 0.610928 -0.029655 0.007589 0.138149 -0.257160 -0.143342 0.945641
10003.899961000 0.613872 -0.009666 -0.005840 0.138357 -0.256293 -0.143170 0.945872
10003.933294000 0.615978 0.006839 -0.018882 0.137738 -0.255406 -0.142673 0.946277
10003.966627000 0.615731 0.023519 -0.031511 0.137808 -0.253443 -0.141955 0.946903
10003.999960000 0.606843 0.051012 -0.052442 0.137073 -0.247657 -0.141393 0.948623
10004.033293000 0.598841 0.059341 -0.060643 0.136277 -0.243729 -0.140692 0.949858
10004.066626000 0.590117 0.064187 -0.066107 0.134944 -0.240078 -0.140526 0.951002
10004.099959000 0.579862 0.067889 -0.070451 0.133869 -0.235768 -0.140117 0.952292
10004.133292000 0.568499 0.068847 -0.072289 0.132693 -0.231621 -0.140025 0.953487
10004.166625000 0.557206 0.065291 -0.072201 0.130930 -0.227592 -0.139851 0.954726
10004.199958000 0.546387 0.059977 -0.070235 0.129288 -0.223872 -0.139699 0.955850
10004.233291000 0.537368 0.051311 -0.064667 0.127636 -0.221264 -0.140078 0.956624
10004.266624000 0.528647 0.040901 -0.057665 0.126142 -0.218751 -0.140184 0.957384
10004.299957000 0.522760 0.027403 -0.049129 0.124181 -0.217763 -0.140378 0.957837
10004.333290000 0.520006 -0.009098 -0.023308 0.120475 -0.220631 -0.141809 0.957444
10004.366623000 0.522238 -0.029260 -0.007587 0.119192 -0.223808 -0.142747 0.956727
10004.399956000 0.526631 -0.052093 0.009813 0.117405 -0.228533 -0.144051 0.955635
10004.433289000 0.532863 -0.075251 0.027721 0.115855 -0.234073 -0.145295 0.954294
10004.466622000 0.542239 -0.099372 0.046980 0.114095 -0.241380 -0.147086 0.952409
10004.499955000 0.550582 -0.123649 0.065961 0.112271 -0.249013 -0.148828 0.950388
10004.533288000 0.559915 -0.146242 0.083742 0.110492 -0.257021 -0.150658 0.948174
10004.566621000 0.569921 -0.167216 0.100873 0.109016 -0.265599 -0.152526 0.945679
10004.599954000 0.578989 -0.187726 0.117244 0.106380 -0.274049 -0.154792 0.943197
10004.633287000 0.586868 -0.203869 0.130574 0.104664 -0.281982 -0.156500 0.940765
10004.666620000 0.599722 -0.229063 0.150619 0.100201 -0.295722 -0.160176 0.936404
10004.699953000 0.602259 -0.235494 0.156067 0.098037 -0.300495 -0.161676 0.934854
10004.733286000 0.603851 -0.240928 0.160156 0.094942 -0.304621 -0.163402 0.933537
10004.766619000 0.605843 -0.244344 0.163184 0.092410 -0.308790 -0.164934 0.932151
10004.799952000 0.606599 -0.247060 0.165117 0.089962 -0.311638 -0.166330 0.931194
10004.833285000 0.606519 -0.250182 0.167816 0.086910 -0.314121 -0.167840 0.930378
10004.866618000 0.607635 -0.253777 0.170569 0.083939 -0.316425 -0.169273 0.929611
10004.899951000 0.608489 -0.259162 0.174631 0.080773 -0.318401 -0.170763 0.928944
10004.933284000 0.609812 -0.266772 0.180506 0.078001 -0.320455 -0.172157 0.928217
10004.966617000 0.613624 -0.278469 0.189424 0.074592 -0.323223 -0.173872 0.927217
10004.999950000 0.624030 -0.312641 0.216207 0.067718 -0.329048 -0.177600 0.924986
10005.033283000 0.630346 -0.335398 0.233911 0.063950 -0.332228 -0.179612 0.923729
10005.066616000 0.638612 -0.360715 0.253494 0.060622 -0.336038 -0.181545 0.922196
10005.099949000 0.647362 -0.387604 0.274558 0.056597 -0.340132 -0.183873 0.920488
10005.133282000 0.656568 -0.415287 0.296319 0.052960 -0.344482 -0.186192 0.918619
10005.166615000 0.665291 -0.440685 0.316409 0.050207 -0.348529 -0.188197 0.916836
10005.199948000 0.673105 -0.464968 0.335567 0.046903 -0.352357 -0.190168 0.915140
10005.233281000 0.679813 -0.486631 0.352178 0.044151 -0.356001 -0.191906 0.913502
10005.266614000 0.686669 -0.504188 0.366120 0.041702 -0.359581 -0.193655 0.911844
10005.299947000 0.690327 -0.515701 0.375219 0.039893 -0.362308 -0.194959 0.910567
10005.333280000 0.691837 -0.521256 0.379450 0.036848 -0.365888 -0.196936 0.908837
10005.366613000 0.689654 -0.513992 0.374073 0.036520 -0.366916 -0.196874 0.908449
10005.399946000 0.685561 -0.501604 0.364441 0.036252 -0.367308 -0.197113 0.908250
10005.433279000 0.680637 -0.486706 0.351483 0.035959 -0.367105 -0.197222 0.908320
10005.466612000 0.674163 -0.467444 0.336530 0.036370 -0.366679 -0.197042 0.908514
10005.499945000 0.667824 -0.448322 0.321209 0.036519 -0.366254 -0.196419 0.908815
10005.533278000 0.660927 -0.427752 0.305266 0.037168 -0.365512 -0.195971 0.909184
10005.566611000 0.654688 -0.408731 0.290190 0.037612 -0.364538 -0.196050 0.909539
10005.599944000 0.648912 -0.391230 0.276804 0.037814 -0.364440 -0.196050 0.909570
10005.633277000 0.644217 -0.376799 0.266716 0.038498 -0.364210 -0.195658 0.909718
10005.666610000 0.639719 -0.363402 0.257384 0.038804 -0.364820 -0.196652 0.909246
10005.699943000 0.640180 -0.364152 0.258173 0.038309 -0.365684 -0.197463 0.908744
10005.733276000 0.641549 -0.368137 0.262640 0.038161 -0.366644 -0.198148 0.908214
10005.766609000 0.644119 -0.375939 0.268653 0.037618 -0.367457 -0.199002 0.907722
10005.799942000 0.647232 -0.385238 0.277212 0.037479 -0.368418 -0.199730 0.907178
10005.833275000 0.650982 -0.396728 0.286403 0.036968 -0.369227 -0.200570 0.906684
10005.866608000 0.654735 -0.407922 0.295310 0.037016 -0.369170 -0.200494 0.906722
10005.899941000 0.658576 -0.419556 0.304342 0.036787 -0.369191 -0.200069 0.906817
10005.933274000 0.662040 -0.430254 0.311571 0.036884 -0.368264 -0.199335 0.907351
10005.966607000 0.664836 -0.439235 0.317245 0.037306 -0.366828 -0.198319 0.908138
10005.999940000 0.667089 -0.446249 0.319373 0.039681 -0.361020 -0.192921 0.911522
10006.033273000 0.666523 -0.444856 0.315844 0.041715 -0.356727 -0.189412 0.913854
10006.066606000 0.665342 -0.441513 0.310647 0.044027 -0.352114 -0.185699 0.916293
10006.099939000 0.663740 -0.436038 0.303161 0.046181 -0.347489 -0.182250 0.918642
10006.133272000 0.661135 -0.428230 0.295753 0.049338 -0.342760 -0.178719 0.920946
10006.166605000 0.658257 -0.419949 0.286554 0.052172 -0.337945 -0.175772 0.923133
10006.199938000 0.654895 -0.409592 0.278615 0.055452 -0.334097 -0.173391 0.924792
10006.233271000 0.651380 -0.398524 0.271176 0.059620 -0.330115 -0.171860 0.926247
10006.266604000 0.648122 -0.388651 0.265929 0.063025 -0.327782 -0.171840 0.926854
10006.299937000 0.644634 -0.377026 0.261910 0.067257 -0.325940 -0.172480 0.927087
10006.333270000 0.638726 -0.358154 0.262095 0.075617 -0.325949 -0.179260 0.925151
10006.366603000 0.636519 -0.350486 0.267067 0.080036 -0.328005 -0.185024 0.922916
10006.399936000 0.635233 -0.342587 0.274420 0.085182 -0.330990 -0.192381 0.919880
10006.433269000 0.633281 -0.337556 0.283117 0.089056 -0.334762 -0.200580 0.916390
10006.466602000 0.631855 -0.331302 0.293385 0.093819 -0.339865 -0.209605 0.912007
10006.499935000 0.630736 -0.325271 0.303973 0.099192 -0.345528 -0.219267 0.907024
10006.533268000 0.629527 -0.320969 0.315464 0.103666 -0.351648 -0.228963 0.901761
10006.566601000 0.628481 -0.316953 0.325606 0.107678 -0.357848 -0.238478 0.896370
10006.599934000 0.628004 -0.312059 0.334354 0.110982 -0.364159 -0.248238 0.890758
10006.633267000 0.626788 -0.308496 0.343248 0.114118 -0.371174 -0.256731 0.885040
10006.666600000 0.625555 -0.300973 0.352246 0.116750 -0.383205 -0.270660 0.875367
10006.699933000 0.623982 -0.299885 0.357277 0.115444 -0.390065 -0.275429 0.871011
10006.733266000 0.623303 -0.297677 0.357926 0.114405 -0.395452 -0.279259 0.867493
10006.766599000 0.622247 -0.294411 0.356839 0.111823 -0.400186 -0.282113 0.864730
10006.799932000 0.621881 -0.292935 0.355468 0.109522 -0.404870 -0.284248 0.862142
10006.833265000 0.621532 -0.292920 0.352790 0.105573 -0.408995 -0.285932 0.860128
10006.866598000 0.621411 -0.292461 0.350995 0.102267 -0.412786 -0.286768 0.858437
10006.899931000 0.621686 -0.294084 0.348749 0.097906 -0.416236 -0.287532 0.857022
10006.933264000 0.622445 -0.296779 0.348344 0.093610 -0.419609 -0.288240 0.855618
10006.966597000 0.623689 -0.300660 0.348863 0.089567 -0.423136 -0.288306 0.854291
10006.999930000 0.627877 -0.314068 0.355513 0.082754 -0.429193 -0.289751 0.851463
10007.033263000 0.630782 -0.323280 0.361606 0.080231 -0.432377 -0.291239 0.849584
10007.066596000 0.633299 -0.333889 0.368536 0.077032 -0.434999 -0.292963 0.847947
10007.099929000 0.636748 -0.344714 0.377417 0.075191 -0.437969 -0.294001 0.846223
10007.133262000 0.640503 -0.357114 0.387339 0.073463 -0.441360 -0.296315 0.843802
10007.166595000 0.644756 -0.369015 0.396683 0.072103 -0.443721 -0.297441 0.842284
10007.199928000 0.648909 -0.381614 0.407935 0.070884 -0.446170 -0.299140 0.840490
10007.233261000 0.652990 -0.394663 0.418054 0.069579 -0.448543 -0.300943 0.838690
10007.266594000 0.657241 -0.407285 0.429173 0.069008 -0.451465 -0.302358 0.836658
10007.299927000 0.661076 -0.418424 0.438289 0.068736 -0.453104 -0.303461 0.835394
10007.333260000 0.670140 -0.438586 0.456030 0.069398 -0.456842 -0.304844 0.832797
10007.366593000 0.673420 -0.447105 0.464255 0.070054 -0.458084 -0.304588 0.832152
10007.399926000 0.677142 -0.455802 0.471090 0.069965 -0.459605 -0.304802 0.831243
10007.433259000 0.679402 -0.462490 0.476974 0.070535 -0.459492 -0.304476 0.831376
10007.466592000 0.682817 -0.469244 0.482497 0.070938 -0.460049 -0.304239 0.831120
10007.499925000 0.685871 -0.475625 0.487757 0.070525 -0.460421 -0.304591 0.830821
10007.533258000 0.687530 -0.481481 0.492584 0.070476 -0.459765 -0.303898 0.831442
10007.566591000 0.688650 -0.487759 0.497226 0.069342 -0.459068 -0.304385 0.831744
10007.599924000 0.690516 -0.493673 0.500568 0.068166 -0.457816 -0.304888 0.832347
10007.633257000 0.690411 -0.499565 0.504995 0.066777 -0.455840 -0.305448 0.833338
10007.666590000 0.689666 -0.513202 0.514841 0.061578 -0.452000 -0.307895 0.834928
10007.699923000 0.687895 -0.520438 0.519621 0.057971 -0.448859 -0.310063 0.836078
10007.733256000 0.686293 -0.528377 0.525254 0.054024 -0.446202 -0.311975 0.837053
10007.766589000 0.684785 -0.535922 0.530549 0.050137 -0.443256 -0.314379 0.837959
10007.799922000 0.682541 -0.544702 0.534915 0.045095 -0.439711 -0.316678 0.839247
10007.833255000 0.680048 -0.553230 0.540569 0.040301 -0.436512 -0.318841 0.840341
10007.866588000 0.676716 -0.562213 0.546916 0.035493 -0.433631 -0.321224 0.841142
10007.899921000 0.674326 -0.569700 0.552688 0.031597 -0.430209 -0.322710 0.842485
10007.933254000 0.672003 -0.578511 0.558802 0.027307 -0.427639 -0.324693 0.843181
10007.966587000 0.669527 -0.586755 0.564591 0.023238 -0.424963 -0.325847 0.844210
10007.999920000 0.666708 -0.603640 0.576320 0.016317 -0.421157 -0.327149 0.845774
10008.033253000 0.666084 -0.610884 0.582834 0.014293 -0.420228 -0.327031 0.846318
10008.066586000 0.665598 -0.618603 0.588613 0.012064 -0.419638 -0.327003 0.846657
10008.099919000 0.665843 -0.625994 0.594043 0.010933 -0.418931 -0.326909 0.847058
10008.133252000 0.667216 -0.633304 0.600928 0.010169 -0.419273 -0.326186 0.847177
10008.166585000 0.669386 -0.639418 0.606994 0.010317 -0.420006 -0.325720 0.846992
10008.199918000 0.672361 -0.645485 0.613335 0.011480 -0.420896 -0.325250 0.846715
10008.233251000 0.675536 -0.651409 0.619648 0.012878 -0.421352 -0.324521 0.846749
10008.266584000 0.680332 -0.656123 0.625139 0.015349 -0.422268 -0.324437 0.846283
10008.299917000 0.685102 -0.661072 0.631971 0.018572 -0.423518 -0.324589 0.845535
10008.333250000 0.699567 -0.669077 0.645841 0.027065 -0.425906 -0.326876 0.843222
10008.366583000 0.708069 -0.672002 0.651658 0.032708 -0.427309 -0.328731 0.841590
10008.399916000 0.717541 -0.675178 0.659507 0.038367 -0.428707 -0.330926 0.839778
10008.433249000 0.727032 -0.679302 0.665484 0.044062 -0.429770 -0.333785 0.837821
10008.466582000 0.738721 -0.681851 0.672046 0.050355 -0.431548 -0.336601 0.835422
10008.499915000 0.750140 -0.684455 0.677159 0.056643 -0.432636 -0.339778 0.833168
10008.533248000 0.762087 -0.689402 0.682826 0.061274 -0.433927 -0.343384 0.830687
10008.566581000 0.774182 -0.694275 0.687057 0.065916 -0.435726 -0.346947 0.827904
10008.599914000 0.786205 -0.699354 0.690363 0.070141 -0.437051 -0.350887 0.825194
10008.633247000 0.799256 -0.705901 0.693816 0.073640 -0.439743 -0.354826 0.821768
10008.666580000 0.825102 -0.721786 0.695975 0.076430 -0.444864 -0.362267 0.815486
10008.699913000 0.837575 -0.732241 0.695772 0.076498 -0.447713 -0.365991 0.812251
10008.733246000 0.850813 -0.742186 0.694261 0.075654 -0.450762 -0.369068 0.809246
10008.766579000 0.863585 -0.753950 0.692416 0.073679 -0.454132 -0.372250 0.806080
10008.799912000 0.876198 -0.764726 0.689967 0.071623 -0.457677 -0.374341 0.803287
10008.833245000 0.888885 -0.775482 0.687462 0.069709 -0.461092 -0.376365 0.800552
10008.866578000 0.900662 -0.786097 0.683827 0.067064 -0.463908 -0.377501 0.798614
10008.899911000 0.912482 -0.796589 0.680906 0.064461 -0.467234 -0.378515 0.796406
10008.933244000 0.924299 -0.804144 0.677512 0.062949 -0.469841 -0.378237 0.795125
10008.966577000 0.936047 -0.811989 0.673885 0.061060 -0.472399 -0.377499 0.794107
10008.999910000 0.958109 -0.823268 0.668717 0.058662 -0.476824 -0.373668 0.793454
10009.033243000 0.969028 -0.825774 0.666248 0.058397 -0.478449 -0.370280 0.794084
10009.066576000 0.978856 -0.826878 0.663718 0.058522 -0.479251 -0.367137 0.795050
10009.099909000 0.988321 -0.827771 0.662014 0.058851 -0.480668 -0.363980 0.795621
10009.133242000 0.998268 -0.826279 0.661681 0.060517 -0.481775 -0.361142 0.796120
10009.166575000 1.006833 -0.824047 0.661229 0.061981 -0.482822 -0.358292 0.796660
10009.199908000 1.016071 -0.820036 0.662439 0.064928 -0.484540 -0.356584 0.796149
10009.233241000 1.024061 -0.815646 0.663290 0.067773 -0.485446 -0.355972 0.795634
10009.266574000 1.030767 -0.811538 0.665910 0.070988 -0.486762 -0.357060 0.794060
10009.299907000 1.038647 -0.805276 0.668855 0.075424 -0.488090 -0.359260 0.791840
10009.333240000 1.051681 -0.791747 0.677049 0.086331 -0.491128 -0.369986 0.783869
10009.366573000 1.057038 -0.785277 0.683719 0.092235 -0.493174 -0.378196 0.777971
10009.399906000 1.063807 -0.777558 0.690164 0.099207 -0.495172 -0.387591 0.771191
10009.433239000 1.068717 -0.770858 0.697409 0.105937 -0.497067 -0.398137 0.763668
10009.466572000 1.074894 -0.762878 0.704838 0.113340 -0.498916 -0.409541 0.755323
10009.499905000 1.081326 -0.754731 0.712395 0.121550 -0.500768 -0.420797 0.746583
10009.533238000 1.088622 -0.746190 0.720015 0.129954 -0.502246 -0.432410 0.737484
10009.566571000 1.097116 -0.737192 0.727723 0.138785 -0.504070 -0.443570 0.727941
10009.599904000 1.102285 -0.732592 0.734255 0.145056 -0.505365 -0.454014 0.719331
10009.633237000 1.113020 -0.724069 0.742111 0.153396 -0.507556 -0.463388 0.710020
10009.666570000 1.137059 -0.706360 0.753923 0.169991 -0.510208 -0.478789 0.693939
10009.699903000 1.151231 -0.699855 0.758574 0.177087 -0.511465 -0.484648 0.687139
10009.733236000 1.167480 -0.691419 0.762503 0.184190 -0.513091 -0.488198 0.681524
10009.766569000 1.185629 -0.683413 0.765458 0.191051 -0.514095 -0.490413 0.677275
10009.799902000 1.205612 -0.676820 0.765799 0.196853 -0.515507 -0.490222 0.674673
10009.833235000 1.228424 -0.669532 0.765093 0.201882 -0.517088 -0.488086 0.673524
10009.866568000 1.253556 -0.662757 0.763410 0.206395 -0.518521 -0.483227 0.674558
10009.899901000 1.281671 -0.656358 0.760015 0.209968 -0.520568 -0.475815 0.677142
