10000.000000000 0.000000 0.000000 0.000000 0.000000 0.000000 0.000000 1.000000
10000.033333000 -0.010103 -0.014262 0.072860 -0.017147 -0.038305 -0.096868 0.994412
10000.066666000 -0.021498 -0.023326 0.136847 -0.024532 -0.078526 -0.204418 0.975420
10000.099999000 -0.031636 -0.036523 0.193431 -0.024055 -0.120729 -0.314328 0.941299
10000.133332000 -0.042566 -0.049736 0.242160 -0.017113 -0.159924 -0.405065 0.900030
10000.166665000 -0.054530 -0.060670 0.284047 -0.005491 -0.193738 -0.474850 0.858459
10000.199998000 -0.068647 -0.070944 0.319673 0.005843 -0.221324 -0.523064 0.823034
10000.233331000 -0.083350 -0.080372 0.349722 0.015050 -0.242048 -0.554388 0.796141
10000.266664000 -0.098833 -0.088917 0.374762 0.022523 -0.257716 -0.575051 0.776139
10000.299997000 -0.115209 -0.098319 0.394763 0.025995 -0.267970 -0.589930 0.761248
10000.333330000 -0.150567 -0.114956 0.423072 0.025357 -0.272204 -0.599892 0.751925
10000.366663000 -0.169891 -0.122639 0.432527 0.021068 -0.267935 -0.599640 0.753790
10000.399996000 -0.190168 -0.131601 0.438266 0.014219 -0.259321 -0.594882 0.760701
10000.433329000 -0.211348 -0.139870 0.442940 0.005886 -0.247442 -0.584514 0.772710
10000.466662000 -0.233788 -0.148578 0.444504 -0.004899 -0.231425 -0.568818 0.789218
10000.499995000 -0.256703 -0.158045 0.445945 -0.015949 -0.214294 -0.547519 0.808731
10000.533328000 -0.281331 -0.167050 0.445599 -0.028452 -0.193204 -0.515049 0.834618
10000.566661000 -0.306379 -0.176947 0.445909 -0.039528 -0.171674 -0.474081 0.862678
10000.599994000 -0.334303 -0.187967 0.446801 -0.051051 -0.149367 -0.426965 0.890384
10000.633327000 -0.362554 -0.199886 0.448354 -0.060166 -0.126790 -0.371184 0.917893
10000.666660000 -0.423270 -0.224972 0.454761 -0.070603 -0.085924 -0.256660 0.960082
10000.699993000 -0.455223 -0.238968 0.461523 -0.072130 -0.069643 -0.207210 0.973145
10000.733326000 -0.487994 -0.254537 0.469468 -0.073745 -0.055287 -0.163628 0.982207
10000.766659000 -0.521534 -0.269205 0.478247 -0.073094 -0.043468 -0.126473 0.988318
10000.799992000 -0.554580 -0.285625 0.486247 -0.073106 -0.034596 -0.099037 0.991791
10000.833325000 -0.586762 -0.302011 0.494993 -0.072558 -0.026773 -0.075017 0.994179
10000.866658000 -0.618440 -0.317974 0.502523 -0.071531 -0.021505 -0.058460 0.995491
10000.899991000 -0.650204 -0.335409 0.509631 -0.071639 -0.017757 -0.047814 0.996126
10000.933324000 -0.680969 -0.352833 0.515792 -0.071055 -0.014269 -0.038315 0.996634
10000.966657000 -0.707674 -0.368640 0.520182 -0.070201 -0.014217 -0.036026 0.996781
10000.999990000 -0.755994 -0.401860 0.521999 -0.070090 -0.016528 -0.041544 0.996538
10001.033323000 -0.778651 -0.419175 0.520185 -0.070457 -0.017984 -0.046661 0.996261
10001.066656000 -0.797786 -0.434938 0.516766 -0.070841 -0.020649 -0.054601 0.995778
10001.099989000 -0.814817 -0.451494 0.512751 -0.071010 -0.024571 -0.066336 0.994964
10001.133322000 -0.830566 -0.467185 0.508109 -0.072348 -0.026764 -0.073209 0.994329
10001.166655000 -0.844267 -0.483147 0.502573 -0.073084 -0.029077 -0.080792 0.993623
10001.199988000 -0.858101 -0.499257 0.497376 -0.075035 -0.028913 -0.081139 0.993454
10001.233321000 -0.869275 -0.514845 0.492698 -0.077545 -0.028594 -0.080486 0.993323
10001.266654000 -0.879928 -0.530875 0.488363 -0.080484 -0.025941 -0.073187 0.993727
10001.299987000 -0.890624 -0.545991 0.485824 -0.084056 -0.020730 -0.057889 0.994562
10001.333320000 -0.908646 -0.577197 0.485443 -0.092374 -0.003366 -0.003362 0.995713
10001.366653000 -0.916739 -0.592768 0.487478 -0.096970 0.009651 0.039851 0.994442
10001.399986000 -0.924055 -0.607884 0.491424 -0.099751 0.024363 0.089493 0.990680
10001.433319000 -0.931825 -0.622850 0.497500 -0.100807 0.042739 0.151882 0.982315
10001.466652000 -0.938332 -0.638285 0.504089 -0.100437 0.060411 0.212538 0.970098
10001.499985000 -0.945183 -0.653318 0.511184 -0.097081 0.078405 0.271486 0.954318
10001.533318000 -0.951478 -0.669162 0.519740 -0.092647 0.095185 0.324533 0.936501
10001.566651000 -0.957299 -0.684048 0.527817 -0.088028 0.108435 0.364438 0.920694
10001.599984000 -0.962834 -0.699800 0.537049 -0.082818 0.120134 0.397820 0.905786
10001.633317000 -0.968370 -0.716642 0.546196 -0.078885 0.128316 0.419991 0.894941
10001.666650000 -0.978662 -0.749131 0.562931 -0.075768 0.132726 0.430807 0.889409
10001.699983000 -0.983184 -0.766834 0.572022 -0.077435 0.129543 0.423043 0.893452
10001.733316000 -0.988997 -0.784271 0.579192 -0.078765 0.124569 0.409080 0.900518
10001.766649000 -0.994015 -0.800558 0.587023 -0.080350 0.117286 0.387744 0.910738
10001.799982000 -0.999650 -0.818185 0.594408 -0.082797 0.110091 0.367407 0.919802
10001.833315000 -1.007143 -0.835760 0.600687 -0.083861 0.103343 0.345948 0.928767
10001.866648000 -1.013559 -0.852452 0.607266 -0.085289 0.096807 0.325598 0.936664
10001.899981000 -1.022389 -0.869511 0.612877 -0.084454 0.094533 0.316600 0.940051
10001.933314000 -1.031903 -0.884831 0.619340 -0.081739 0.096223 0.319699 0.939070
10001.966647000 -1.041604 -0.900249 0.624418 -0.078283 0.100453 0.330758 0.935083
10001.999980000 -1.067747 -0.929714 0.634270 -0.063821 0.126893 0.394858 0.907696
10002.033313000 -1.081741 -0.942561 0.638411 -0.052766 0.145021 0.434937 0.887139
10002.066646000 -1.098676 -0.955680 0.645074 -0.039297 0.167751 0.474449 0.863258
10002.099979000 -1.113147 -0.968211 0.647247 -0.024242 0.187800 0.510456 0.838795
10002.133312000 -1.128514 -0.980330 0.651264 -0.008818 0.208481 0.537380 0.817117
10002.166645000 -1.145371 -0.992321 0.654812 0.006254 0.229127 0.559241 0.796687
10002.199978000 -1.161798 -1.004402 0.660131 0.020914 0.249584 0.575776 0.778301
10002.233311000 -1.177928 -1.015953 0.665161 0.034713 0.267923 0.588126 0.762312
10002.266644000 -1.194681 -1.028106 0.670272 0.047731 0.285764 0.597330 0.747835
10002.299977000 -1.208848 -1.039968 0.677058 0.058663 0.300726 0.603847 0.735861
10002.333310000 -1.233206 -1.065782 0.690419 0.075029 0.324888 0.614457 0.715025
10002.366643000 -1.242104 -1.078508 0.695811 0.080023 0.333419 0.618904 0.706672
10002.399976000 -1.250853 -1.092298 0.702370 0.083687 0.341010 0.624083 0.698018
10002.433309000 -1.258183 -1.106356 0.709646 0.086445 0.348262 0.629629 0.689064
10002.466642000 -1.265457 -1.121749 0.717808 0.088324 0.355781 0.636399 0.678686
10002.499975000 -1.271517 -1.137508 0.725269 0.088699 0.362778 0.644393 0.667295
10002.533308000 -1.277761 -1.153368 0.731697 0.088566 0.370053 0.653382 0.654453
10002.566641000 -1.282974 -1.170286 0.737340 0.087698 0.377148 0.663064 0.640636
10002.599974000 -1.287459 -1.188383 0.742263 0.086308 0.385035 0.674904 0.623541
10002.633307000 -1.291857 -1.206158 0.746531 0.084866 0.394135 0.686808 0.604772
10002.666640000 -1.298993 -1.243137 0.747447 0.081011 0.411790 0.711562 0.563512
10002.699973000 -1.303106 -1.262559 0.746790 0.079615 0.422513 0.723166 0.540532
10002.733306000 -1.308009 -1.283633 0.744418 0.078616 0.433164 0.733314 0.518112
10002.766639000 -1.313111 -1.303700 0.741362 0.077820 0.443251 0.741725 0.497309
10002.799972000 -1.317980 -1.323990 0.737803 0.077167 0.453085 0.748089 0.478667
10002.833305000 -1.323966 -1.343739 0.734386 0.077134 0.462682 0.753365 0.460887
10002.866638000 -1.330553 -1.363200 0.730433 0.077503 0.471346 0.756597 0.446528
10002.899971000 -1.339245 -1.381928 0.726727 0.078252 0.479557 0.758398 0.434435
10002.933304000 -1.348437 -1.400920 0.724604 0.079270 0.487173 0.759286 0.424102
10002.966637000 -1.358807 -1.418028 0.722759 0.080913 0.494039 0.758871 0.416525
10002.999970000 -1.384772 -1.448246 0.723509 0.085166 0.506288 0.754433 0.408962
10003.033303000 -1.399968 -1.461724 0.725649 0.088068 0.511631 0.751123 0.407790
10003.066636000 -1.416044 -1.475557 0.729339 0.090838 0.516793 0.747163 0.407948
10003.099969000 -1.433282 -1.487496 0.733955 0.094003 0.521167 0.743372 0.408590
10003.133302000 -1.449900 -1.499057 0.739259 0.096863 0.525500 0.739259 0.409834
10003.166635000 -1.466657 -1.510454 0.744696 0.099709 0.529124 0.735929 0.410480
10003.199968000 -1.482934 -1.522307 0.751092 0.102278 0.532531 0.732760 0.411111
10003.233301000 -1.499018 -1.533463 0.757701 0.103758 0.535676 0.729803 0.411914
10003.266634000 -1.514608 -1.546714 0.763684 0.104814 0.538370 0.728307 0.410781
10003.299967000 -1.527803 -1.559577 0.769767 0.105159 0.540798 0.727414 0.409082
10003.333300000 -1.548801 -1.588546 0.779697 0.102457 0.543929 0.729997 0.400933
10003.366633000 -1.556746 -1.604812 0.783561 0.099619 0.545240 0.732914 0.394495
10003.399966000 -1.563729 -1.621409 0.787675 0.096251 0.546074 0.736863 0.386745
10003.433299000 -1.570250 -1.639151 0.792589 0.092553 0.547242 0.741317 0.377372
10003.466632000 -1.575451 -1.656333 0.796847 0.088163 0.547852 0.746407 0.367371
10003.499965000 -1.580733 -1.674025 0.801217 0.083758 0.548347 0.752083 0.355909
10003.533298000 -1.585764 -1.690753 0.806605 0.079658 0.549083 0.757493 0.344043
10003.566631000 -1.592012 -1.706694 0.813540 0.075858 0.550234 0.762547 0.331679
10003.599964000 -1.599431 -1.723180 0.821648 0.072700 0.551739 0.767332 0.318591
10003.633297000 -1.607465 -1.737558 0.830260 0.069851 0.552970 0.771398 0.307066
10003.666630000 -1.628411 -1.761004 0.854323 0.066453 0.557215 0.776905 0.285506
10003.699963000 -1.642149 -1.770504 0.868822 0.066293 0.560076 0.778096 0.276562
10003.733296000 -1.657711 -1.779783 0.884182 0.066226 0.563398 0.778268 0.269250
10003.766629000 -1.673812 -1.787222 0.900014 0.066386 0.566790 0.777976 0.262859
10003.799962000 -1.689851 -1.794983 0.916114 0.066476 0.570305 0.777331 0.257078
10003.833295000 -1.707295 -1.801955 0.931793 0.067002 0.573980 0.775981 0.252807
10003.866628000 -1.724744 -1.810466 0.946981 0.067131 0.578361 0.773966 0.248936
10003.899961000 -1.741609 -1.818489 0.960778 0.067223 0.582281 0.771934 0.246066
10003.933294000 -1.758019 -1.827673 0.972073 0.066258 0.586290 0.769730 0.243700
10003.966627000 -1.773165 -1.838175 0.981529 0.064941 0.590245 0.767487 0.241573
10003.999960000 -1.798528 -1.864532 0.991924 0.060123 0.597597 0.763198 0.238311
10004.033293000 -1.808062 -1.880601 0.993940 0.056600 0.601492 0.761121 0.236006
10004.066626000 -1.817669 -1.898161 0.992142 0.052770 0.604698 0.759280 0.234628
10004.099959000 -1.825335 -1.916785 0.989815 0.049250 0.608075 0.757860 0.231232
10004.133292000 -1.832049 -1.936408 0.985670 0.046375 0.611057 0.756829 0.227305
10004.166625000 -1.838060 -1.957025 0.980690 0.044423 0.613820 0.756506 0.221247
10004.199958000 -1.843197 -1.978026 0.975984 0.043084 0.616933 0.756262 0.213554
10004.233291000 -1.848070 -1.998801 0.971186 0.043024 0.619456 0.756699 0.204523
10004.266624000 -1.852561 -2.020559 0.967774 0.043512 0.622346 0.757177 0.193585
10004.299957000 -1.857558 -2.041011 0.964000 0.045539 0.624966 0.757986 0.181113
10004.333290000 -1.867243 -2.080791 0.964691 0.049663 0.630949 0.758907 0.153288
10004.366623000 -1.871788 -2.099785 0.968012 0.050701 0.634308 0.758672 0.139639
10004.399956000 -1.878050 -2.117720 0.971706 0.050794 0.637690 0.757929 0.127730
10004.433289000 -1.883421 -2.135184 0.977645 0.049468 0.641173 0.756769 0.117260
10004.466622000 -1.890689 -2.151210 0.985019 0.047345 0.644668 0.755213 0.108696
10004.499955000 -1.896958 -2.167668 0.992588 0.043738 0.648096 0.753469 0.101706
10004.533288000 -1.904652 -2.182098 1.000326 0.039876 0.650997 0.751848 0.096630
10004.566621000 -1.912539 -2.196194 1.008976 0.035651 0.653874 0.750000 0.093152
10004.599954000 -1.919815 -2.209639 1.016499 0.031455 0.655692 0.748888 0.090801
10004.633287000 -1.929105 -2.222278 1.024766 0.028433 0.657448 0.747623 0.089519
10004.666620000 -1.947375 -2.244869 1.038173 0.026210 0.658410 0.746966 0.088607
10004.699953000 -1.956951 -2.254683 1.043181 0.027130 0.657769 0.747505 0.088544
10004.733286000 -1.965488 -2.264410 1.047112 0.028606 0.656689 0.748335 0.089083
10004.766619000 -1.974498 -2.272923 1.050417 0.031512 0.655264 0.749406 0.089586
10004.799952000 -1.981341 -2.281211 1.053782 0.033947 0.653745 0.750548 0.090241
10004.833285000 -1.986922 -2.289526 1.055960 0.036831 0.652052 0.751817 0.090790
10004.866618000 -1.990917 -2.296028 1.058415 0.039337 0.650457 0.752985 0.091498
10004.899951000 -1.991406 -2.302425 1.059701 0.041065 0.648799 0.754237 0.092192
10004.933284000 -1.990290 -2.308965 1.062479 0.042217 0.647455 0.755212 0.093135
10004.966617000 -1.984973 -2.314344 1.063684 0.042499 0.646348 0.756104 0.093466
10004.999950000 -1.962869 -2.324866 1.068040 0.039768 0.645164 0.757314 0.093038
10005.033283000 -1.945894 -2.329968 1.070589 0.036550 0.645309 0.757408 0.092593
10005.066616000 -1.927659 -2.334418 1.073791 0.033198 0.645633 0.757411 0.091569
10005.099949000 -1.906029 -2.339682 1.076106 0.028877 0.646112 0.757344 0.090190
10005.133282000 -1.884730 -2.345772 1.078651 0.024384 0.646864 0.757000 0.089015
10005.166615000 -1.863501 -2.350276 1.082221 0.019669 0.647708 0.756577 0.087632
10005.199948000 -1.844161 -2.356455 1.085066 0.015154 0.648632 0.756024 0.086452
10005.233281000 -1.825968 -2.363564 1.088256 0.010708 0.649544 0.755434 0.085419
10005.266614000 -1.811208 -2.371282 1.091873 0.006862 0.650760 0.754519 0.084652
10005.299947000 -1.799708 -2.379786 1.094723 0.003822 0.651663 0.753867 0.083698
10005.333280000 -1.789830 -2.400204 1.099949 0.000566 0.653399 0.752455 0.082946
10005.366613000 -1.792149 -2.413002 1.103734 0.000666 0.654380 0.751619 0.082796
10005.399946000 -1.798208 -2.425465 1.106330 0.001557 0.654971 0.751062 0.083165
10005.433279000 -1.807086 -2.439721 1.109773 0.003235 0.655856 0.750247 0.083499
10005.466612000 -1.816332 -2.455076 1.113334 0.004745 0.656520 0.749630 0.083744
10005.499945000 -1.828224 -2.471120 1.117994 0.007035 0.657495 0.748715 0.084123
10005.533278000 -1.838630 -2.488236 1.124582 0.008759 0.658543 0.747744 0.084394
10005.566611000 -1.849150 -2.506312 1.131351 0.010322 0.659776 0.746587 0.084831
10005.599944000 -1.857384 -2.524758 1.140107 0.011515 0.661075 0.745404 0.084969
10005.633277000 -1.863560 -2.543613 1.149927 0.011822 0.662581 0.744029 0.085254
10005.666610000 -1.863501 -2.582621 1.177416 0.009832 0.666936 0.740229 0.084622
10005.699943000 -1.857312 -2.603138 1.194266 0.007237 0.669524 0.737953 0.084326
10005.733276000 -1.848409 -2.624192 1.212472 0.004214 0.672247 0.735575 0.083643
10005.766609000 -1.837497 -2.644040 1.230868 0.000864 0.674951 0.733180 0.082988
10005.799942000 -1.824289 -2.664259 1.249525 -0.003035 0.677592 0.730819 0.082236
10005.833275000 -1.810743 -2.685379 1.270024 -0.006707 0.680370 0.728300 0.081423
10005.866608000 -1.796362 -2.704348 1.288742 -0.010145 0.682822 0.726041 0.080718
10005.899941000 -1.783854 -2.721450 1.307108 -0.013039 0.685215 0.723800 0.080153
10005.933274000 -1.772011 -2.738622 1.324310 -0.015376 0.687327 0.721804 0.079652
10005.966607000 -1.762407 -2.754025 1.340346 -0.016461 0.689329 0.719937 0.079020
10005.999940000 -1.753831 -2.781668 1.365238 -0.015044 0.691995 0.717426 0.078848
10006.033273000 -1.753532 -2.793630 1.373970 -0.012312 0.692772 0.716741 0.078728
10006.066606000 -1.756160 -2.803483 1.380989 -0.009065 0.693373 0.716180 0.078986
10006.099939000 -1.760468 -2.812358 1.386312 -0.004952 0.693540 0.716007 0.079446
10006.133272000 -1.765902 -2.819704 1.390228 -0.000272 0.693404 0.716126 0.079719
10006.166605000 -1.771704 -2.827014 1.391866 0.004271 0.692899 0.716528 0.080383
10006.199938000 -1.777050 -2.833084 1.393376 0.008684 0.692092 0.717177 0.081181
10006.233271000 -1.783407 -2.839704 1.392782 0.013021 0.691019 0.718030 0.082197
10006.266604000 -1.788144 -2.844900 1.391657 0.016506 0.689718 0.719045 0.083606
10006.299937000 -1.791833 -2.850042 1.389273 0.019787 0.688089 0.720369 0.084914
10006.333270000 -1.792793 -2.860105 1.383642 0.022564 0.684367 0.723414 0.088343
10006.366603000 -1.789347 -2.865556 1.380300 0.022447 0.682254 0.725186 0.090171
10006.399936000 -1.784957 -2.870205 1.377699 0.021743 0.680108 0.727009 0.091856
10006.433269000 -1.776783 -2.875875 1.374735 0.019815 0.677896 0.728949 0.093263
10006.466602000 -1.767034 -2.880858 1.373588 0.017600 0.675895 0.730728 0.094304
10006.499935000 -1.754268 -2.885324 1.374287 0.014539 0.674068 0.732410 0.094846
10006.533268000 -1.740382 -2.890347 1.375272 0.011209 0.672431 0.734001 0.094624
10006.566601000 -1.723891 -2.895271 1.379585 0.007736 0.671329 0.735181 0.093635
10006.599934000 -1.705489 -2.898770 1.385785 0.004375 0.670600 0.736169 0.091285
10006.633267000 -1.684506 -2.903492 1.395108 0.000704 0.670576 0.736593 0.088084
10006.666600000 -1.637403 -2.910677 1.424304 -0.004041 0.672959 0.735786 0.075694
10006.699933000 -1.611534 -2.913672 1.442836 -0.005187 0.675186 0.734599 0.066789
10006.733266000 -1.584956 -2.916298 1.464672 -0.004793 0.678136 0.732782 0.056027
10006.766599000 -1.556923 -2.919649 1.488499 -0.003023 0.681603 0.730441 0.043170
10006.799932000 -1.529247 -2.922283 1.512545 0.000486 0.685263 0.727728 0.028749
10006.833265000 -1.502413 -2.924733 1.536426 0.006022 0.688927 0.724692 0.012812
10006.866598000 -1.475417 -2.926899 1.560667 0.013062 0.692576 0.721214 -0.004319
10006.899931000 -1.449357 -2.929358 1.583840 0.021166 0.696020 0.717377 -0.021881
10006.933264000 -1.426033 -2.932211 1.605862 0.029647 0.699217 0.713245 -0.038708
10006.966597000 -1.404153 -2.934622 1.624421 0.037870 0.701714 0.709385 -0.054188
10006.999930000 -1.368541 -2.941101 1.652286 0.049255 0.705284 0.703080 -0.076333
10007.033263000 -1.353572 -2.943984 1.660436 0.050601 0.706543 0.701079 -0.082002
10007.066596000 -1.342096 -2.949240 1.666017 0.050023 0.707382 0.700009 -0.084240
10007.099929000 -1.332359 -2.952844 1.669810 0.047081 0.708058 0.699576 -0.083854
10007.133262000 -1.325032 -2.957642 1.670423 0.042080 0.708380 0.699941 -0.080681
10007.166595000 -1.318469 -2.962423 1.669677 0.035910 0.708532 0.700654 -0.076006
10007.199928000 -1.313640 -2.966915 1.668062 0.028623 0.708690 0.701498 -0.069574
10007.233261000 -1.309714 -2.971184 1.665398 0.020680 0.708433 0.702723 -0.062256
10007.266594000 -1.305672 -2.975445 1.662765 0.012700 0.708203 0.703773 -0.054691
10007.299927000 -1.302743 -2.979474 1.659931 0.005890 0.707850 0.704689 -0.048240
10007.333260000 -1.296393 -2.986779 1.655309 -0.005015 0.706920 0.706239 -0.038274
10007.366593000 -1.293385 -2.990151 1.654436 -0.007550 0.706671 0.706576 -0.036179
10007.399926000 -1.289468 -2.993283 1.654442 -0.009264 0.706537 0.706750 -0.034986
10007.433259000 -1.286633 -2.996124 1.654487 -0.009989 0.706459 0.706830 -0.034728
10007.466592000 -1.283536 -2.997973 1.654837 -0.009227 0.706410 0.706826 -0.036006
10007.499925000 -1.279127 -2.999362 1.656356 -0.008408 0.706494 0.706664 -0.037704
10007.533258000 -1.274672 -3.000170 1.657653 -0.006900 0.706670 0.706354 -0.040429
10007.566591000 -1.270624 -2.999647 1.658159 -0.005717 0.706838 0.706074 -0.042499
10007.599924000 -1.265678 -2.998907 1.658724 -0.004080 0.707019 0.705721 -0.045455
10007.633257000 -1.259974 -2.997293 1.660262 -0.003548 0.707230 0.705366 -0.047654
10007.666590000 -1.246954 -2.990579 1.659766 -0.004423 0.707770 0.704593 -0.050907
10007.699923000 -1.240145 -2.985785 1.659966 -0.005790 0.708095 0.704182 -0.051921
10007.733256000 -1.232652 -2.980514 1.658871 -0.008025 0.708204 0.704029 -0.052210
10007.766589000 -1.225021 -2.974160 1.657460 -0.010704 0.708300 0.703916 -0.051952
10007.799922000 -1.218005 -2.968883 1.655294 -0.012919 0.708225 0.703963 -0.051839
10007.833255000 -1.210853 -2.960809 1.653294 -0.015344 0.708065 0.704106 -0.051409
10007.866588000 -1.202825 -2.954425 1.649813 -0.018003 0.707643 0.704496 -0.051016
10007.899921000 -1.196614 -2.945814 1.646869 -0.020640 0.706979 0.705178 -0.049783
10007.933254000 -1.191064 -2.939157 1.643209 -0.022309 0.706118 0.706040 -0.049057
10007.966587000 -1.184856 -2.932830 1.638203 -0.024303 0.704956 0.707219 -0.047833
10007.999920000 -1.172012 -2.921240 1.628277 -0.026238 0.701817 0.710355 -0.046474
10008.033253000 -1.166093 -2.914271 1.622727 -0.026603 0.699884 0.712300 -0.045636
10008.066586000 -1.162852 -2.910086 1.616496 -0.026551 0.697609 0.714630 -0.044058
10008.099919000 -1.158532 -2.904947 1.609967 -0.025864 0.695314 0.716944 -0.043143
10008.133252000 -1.155781 -2.899161 1.603352 -0.025076 0.692986 0.719295 -0.041906
10008.166585000 -1.152125 -2.894786 1.596238 -0.024129 0.690468 0.721787 -0.041165
10008.199918000 -1.149592 -2.888041 1.589394 -0.023053 0.688175 0.724060 -0.040261
10008.233251000 -1.147013 -2.881313 1.582334 -0.022049 0.685883 0.726301 -0.039568
10008.266584000 -1.145224 -2.873780 1.575965 -0.021010 0.683732 0.728388 -0.038993
10008.299917000 -1.144972 -2.864806 1.569380 -0.020159 0.681744 0.730310 -0.038295
10008.333250000 -1.145947 -2.844873 1.556474 -0.018680 0.678322 0.733565 -0.037582
10008.366583000 -1.147033 -2.833588 1.550985 -0.018471 0.677095 0.734723 -0.037186
10008.399916000 -1.150186 -2.821735 1.544981 -0.017867 0.675784 0.735947 -0.037133
10008.433249000 -1.152840 -2.809193 1.540731 -0.017838 0.675041 0.736645 -0.036828
10008.466582000 -1.156374 -2.796204 1.535965 -0.017817 0.674224 0.737408 -0.036525
10008.499915000 -1.161204 -2.783255 1.532242 -0.017775 0.673658 0.737942 -0.036201
10008.533248000 -1.166217 -2.771649 1.527939 -0.018046 0.673193 0.738402 -0.035319
10008.566581000 -1.172597 -2.759465 1.524269 -0.017900 0.672926 0.738684 -0.034594
10008.599914000 -1.178809 -2.749039 1.521194 -0.017804 0.672859 0.738782 -0.033843
10008.633247000 -1.185485 -2.739755 1.518698 -0.017913 0.672936 0.738774 -0.032390
10008.666580000 -1.200866 -2.727111 1.513512 -0.017021 0.673144 0.738740 -0.029173
10008.699913000 -1.209050 -2.722637 1.511807 -0.016377 0.673362 0.738631 -0.027197
10008.733246000 -1.217934 -2.719273 1.510289 -0.015720 0.673596 0.738505 -0.025129
10008.766579000 -1.226865 -2.717115 1.508755 -0.015433 0.673884 0.738334 -0.022471
10008.799912000 -1.235901 -2.714816 1.507830 -0.014262 0.674041 0.738268 -0.020637
10008.833245000 -1.246230 -2.713673 1.505837 -0.013520 0.674012 0.738367 -0.018437
10008.866578000 -1.252969 -2.712756 1.505240 -0.013256 0.673920 0.738489 -0.017037
10008.899911000 -1.261066 -2.710216 1.504509 -0.012857 0.673587 0.738826 -0.015825
10008.933244000 -1.268482 -2.707517 1.503316 -0.012562 0.672965 0.739415 -0.014987
10008.966577000 -1.275364 -2.703886 1.501638 -0.012519 0.671952 0.740343 -0.014659
10008.999910000 -1.284636 -2.692048 1.499301 -0.013279 0.668980 0.742980 -0.016439
10009.033243000 -1.287335 -2.683369 1.496975 -0.014043 0.666627 0.745027 -0.018599
10009.066576000 -1.289234 -2.674698 1.494890 -0.015061 0.664070 0.747211 -0.021427
10009.099909000 -1.289614 -2.664827 1.492199 -0.016184 0.661046 0.749751 -0.025095
10009.133242000 -1.287897 -2.655219 1.489389 -0.017497 0.657759 0.752435 -0.029798
10009.166575000 -1.285206 -2.646226 1.486798 -0.018951 0.654098 0.755358 -0.035098
10009.199908000 -1.281469 -2.637614 1.482864 -0.020557 0.650032 0.758520 -0.041017
10009.233241000 -1.274721 -2.629357 1.479498 -0.022522 0.645888 0.761601 -0.047798
10009.266574000 -1.266500 -2.623373 1.475981 -0.024542 0.641601 0.764651 -0.055273
10009.299907000 -1.255808 -2.617112 1.471443 -0.026865 0.637156 0.767650 -0.063428
10009.333240000 -1.227270 -2.611259 1.462177 -0.031694 0.628589 0.772814 -0.081422
10009.366573000 -1.209759 -2.610629 1.456848 -0.034210 0.624619 0.774866 -0.090907
10009.399906000 -1.190823 -2.611941 1.451420 -0.036754 0.620904 0.776549 -0.100495
10009.433239000 -1.171249 -2.614123 1.444727 -0.038973 0.617289 0.778067 -0.109761
10009.466572000 -1.149857 -2.617893 1.436250 -0.041244 0.613740 0.779411 -0.118913
10009.499905000 -1.128158 -2.621140 1.428644 -0.043336 0.610923 0.780133 -0.127621
10009.533238000 -1.105214 -2.624409 1.419072 -0.045390 0.607965 0.780890 -0.136119
10009.566571000 -1.083024 -2.628670 1.407616 -0.047049 0.605422 0.781434 -0.143572
10009.599904000 -1.060813 -2.630767 1.396260 -0.048655 0.603166 0.781776 -0.150499
10009.633237000 -1.039328 -2.632646 1.384355 -0.049911 0.601728 0.781726 -0.156005
10009.666570000 -0.999879 -2.634550 1.353406 -0.051673 0.598691 0.782263 -0.164208
10009.699903000 -0.981283 -2.632765 1.337657 -0.052353 0.597759 0.782311 -0.167128
10009.733236000 -0.963861 -2.628867 1.319933 -0.052719 0.596883 0.782536 -0.169081
10009.766569000 -0.947485 -2.624010 1.303507 -0.052805 0.596319 0.782701 -0.170280
10009.799902000 -0.932115 -2.617129 1.285757 -0.052914 0.595540 0.783067 -0.171284
10009.833235000 -0.917656 -2.608337 1.270586 -0.052986 0.595085 0.783222 -0.172133
10009.866568000 -0.902399 -2.597285 1.256430 -0.053109 0.594543 0.783408 -0.173120
10009.899901000 -0.888957 -2.585023 1.244086 -0.053252 0.593885 0.783680 -0.174096
10009.933234000 -0.875195 -2.570278 1.233872 -0.053449 0.593258 0.783850 -0.175409
10009.966567000 -0.861310 -2.554065 1.226399 -0.053677 0.592340 0.784071 -0.177440
10009.999900000 -0.834809 -2.514386 1.224183 -0.054904 0.590359 0.784093 -0.183466
10010.033233000 -0.821419 -2.492075 1.227979 -0.055685 0.589053 0.784009 -0.187739
10010.066566000 -0.809226 -2.468030 1.234917 -0.056496 0.587594 0.783945 -0.192283
10010.099899000 -0.798066 -2.443997 1.243504 -0.057419 0.585803 0.784015 -0.197125
10010.133232000 -0.786918 -2.419501 1.254863 -0.058560 0.584026 0.783998 -0.202068
10010.166565000 -0.778500 -2.394553 1.267942 -0.059445 0.582172 0.784051 -0.206898
10010.199898000 -0.771771 -2.370045 1.281941 -0.059895 0.580093 0.784426 -0.211141
10010.233231000 -0.767858 -2.347137 1.297661 -0.060152 0.578128 0.784831 -0.214917
10010.266564000 -0.766614 -2.325471 1.312744 -0.060114 0.575934 0.785646 -0.217821
10010.299897000 -0.769062 -2.305608 1.327455 -0.059772 0.573588 0.786978 -0.219293
10010.333230000 -0.781256 -2.274569 1.353770 -0.058296 0.569183 0.790522 -0.218418
10010.366563000 -0.792904 -2.263292 1.366487 -0.056809 0.567158 0.793016 -0.215013
10010.399896000 -0.807298 -2.252908 1.376134 -0.055218 0.564833 0.795989 -0.210514
10010.433229000 -0.823759 -2.244560 1.384551 -0.053111 0.562765 0.799167 -0.204466
10010.466562000 -0.841806 -2.237220 1.392005 -0.050297 0.561005 0.802410 -0.197187
10010.499895000 -0.861075 -2.229292 1.398371 -0.048101 0.559620 0.805533 -0.188753
10010.533228000 -0.880340 -2.222510 1.403268 -0.046513 0.558904 0.808392 -0.178788
10010.566561000 -0.900569 -2.214667 1.406367 -0.043861 0.558461 0.811050 -0.168510
10010.599894000 -0.920728 -2.205506 1.406494 -0.041030 0.558285 0.813527 -0.157503
10010.633227000 -0.939450 -2.194860 1.406358 -0.038537 0.558984 0.815330 -0.145905
10010.666560000 -0.971669 -2.167547 1.399989 -0.034000 0.562708 0.816886 -0.122066
10010.699893000 -0.990030 -2.151242 1.388740 -0.030978 0.563834 0.818142 -0.108515
10010.733226000 -1.001639 -2.130651 1.384483 -0.029006 0.568443 0.816542 -0.096389
10010.766559000 -1.012421 -2.108510 1.375540 -0.026590 0.572509 0.815113 -0.084366
10010.799892000 -1.023366 -2.089945 1.368801 -0.024048 0.577733 0.812888 -0.069709
10010.833225000 -1.033198 -2.070984 1.362861 -0.021443 0.583563 0.809921 -0.054987
10010.866558000 -1.037465 -2.047200 1.350971 -0.019195 0.588157 0.807418 -0.042183
10010.899891000 -1.042882 -2.023463 1.338884 -0.016249 0.592622 0.804804 -0.028739
10010.933224000 -1.048875 -1.994634 1.329410 -0.012636 0.598095 0.801183 -0.015107
10010.966557000 -1.058056 -1.968329 1.319297 -0.008075 0.602465 0.798105 0.000344
10010.999890000 -1.072974 -1.918224 1.298017 0.001880 0.607284 0.793769 0.033677
10011.033223000 -1.077662 -1.896285 1.287116 0.006501 0.608148 0.792147 0.051160
10011.066556000 -1.084451 -1.873493 1.276995 0.011811 0.607828 0.790803 0.070958
10011.099889000 -1.092334 -1.851418 1.266845 0.017939 0.606213 0.789667 0.092791
10011.133222000 -1.100394 -1.829027 1.256952 0.024365 0.603413 0.788638 0.115534
10011.166555000 -1.108006 -1.807613 1.248389 0.030960 0.600150 0.786869 0.140350
10011.199888000 -1.118501 -1.785348 1.239271 0.038443 0.596003 0.784334 0.167697
10011.233221000 -1.128690 -1.764209 1.230701 0.045969 0.591181 0.781210 0.195201
10011.266554000 -1.140662 -1.741536 1.222392 0.053966 0.586763 0.776278 0.224030
10011.299887000 -1.149066 -1.716218 1.216513 0.061373 0.582733 0.770325 0.251504
10011.333220000 -1.166043 -1.681686 1.206019 0.073496 0.577332 0.755150 0.301720
10011.366553000 -1.180425 -1.658296 1.199232 0.081058 0.574412 0.746754 0.325330
10011.399886000 -1.195740 -1.631628 1.191145 0.088973 0.571715 0.738284 0.346644
10011.433219000 -1.212663 -1.605169 1.182468 0.096389 0.568997 0.730242 0.365648
10011.466552000 -1.228096 -1.578206 1.174126 0.102939 0.566444 0.722305 0.383171
10011.499885000 -1.243608 -1.554629 1.163840 0.108502 0.563700 0.715651 0.397885
10011.533218000 -1.258420 -1.530031 1.154517 0.113787 0.560836 0.709571 0.411126
10011.566551000 -1.272824 -1.505802 1.143679 0.118171 0.557455 0.703701 0.424364
10011.599884000 -1.286200 -1.485147 1.131490 0.121531 0.553859 0.699015 0.435716
10011.633217000 -1.298869 -1.465784 1.117577 0.123492 0.549408 0.694414 0.447984
10011.666550000 -1.319068 -1.437693 1.082690 0.125228 0.536505 0.688397 0.471795
10011.699883000 -1.324104 -1.419968 1.065835 0.126890 0.528036 0.685620 0.484770
10011.733216000 -1.331486 -1.406377 1.044671 0.127947 0.518063 0.683221 0.498447
10011.766549000 -1.335571 -1.392705 1.022963 0.127781 0.506846 0.680397 0.513653
10011.799882000 -1.338909 -1.383458 0.999336 0.126161 0.494523 0.678237 0.528701
10011.833215000 -1.340719 -1.371962 0.972562 0.124414 0.479942 0.675641 0.545605
10011.866548000 -1.340504 -1.362512 0.947633 0.121283 0.465151 0.672077 0.563239
10011.899881000 -1.338244 -1.352029 0.919273 0.117291 0.448274 0.668694 0.581500
10011.933214000 -1.334719 -1.342913 0.892147 0.111951 0.431367 0.664220 0.600168
10011.966547000 -1.336456 -1.330610 0.870926 0.109254 0.415846 0.658167 0.618022
10011.999880000 -1.323345 -1.307957 0.809391 0.094728 0.379969 0.646844 0.654402
10012.033213000 -1.311642 -1.300334 0.771650 0.083921 0.360573 0.641237 0.672130
10012.066546000 -1.301071 -1.285506 0.740148 0.075855 0.343709 0.634303 0.688309
10012.099879000 -1.294537 -1.283792 0.723068 0.063522 0.337295 0.624810 0.701291
10012.133212000 -1.283052 -1.267171 0.691908 0.055616 0.323085 0.617118 0.715324
10012.166545000 -1.271779 -1.250039 0.664695 0.048728 0.310856 0.609751 0.727460
10012.199878000 -1.258557 -1.231271 0.633856 0.042596 0.298076 0.602454 0.739179
10012.233211000 -1.247358 -1.212905 0.609803 0.037424 0.288725 0.595485 0.748756
10012.266544000 -1.236266 -1.195213 0.587139 0.033530 0.280982 0.589189 0.756823
10012.299877000 -1.225876 -1.178013 0.568198 0.030388 0.274740 0.583750 0.763434
10012.333210000 -1.208682 -1.145345 0.542491 0.028278 0.268372 0.574776 0.772534
10012.366543000 -1.202012 -1.129447 0.534873 0.028705 0.267308 0.571130 0.775586
10012.399876000 -1.195374 -1.114855 0.528532 0.029983 0.266987 0.568414 0.777640
10012.433209000 -1.188545 -1.100233 0.525882 0.031995 0.267770 0.565637 0.779314
10012.466542000 -1.183330 -1.085691 0.523147 0.034916 0.269262 0.562879 0.780670
10012.499875000 -1.176321 -1.070752 0.520258 0.037654 0.269665 0.559138 0.783089
10012.533208000 -1.169680 -1.055028 0.517724 0.041392 0.270418 0.554980 0.785594
10012.566541000 -1.163407 -1.040011 0.513847 0.044975 0.270812 0.549543 0.789076
10012.599874000 -1.156117 -1.023831 0.507366 0.048613 0.269922 0.541847 0.794469
10012.633207000 -1.149504 -1.007625 0.497389 0.052332 0.267885 0.532817 0.801002
10012.666540000 -1.131464 -0.971866 0.464699 0.057342 0.257148 0.507260 0.820533
10012.699873000 -1.122115 -0.952180 0.443755 0.059512 0.249865 0.491535 0.832117
10012.733206000 -1.111151 -0.933705 0.418864 0.060527 0.240997 0.474482 0.844467
10012.766539000 -1.100235 -0.913913 0.391274 0.061416 0.231547 0.456523 0.856855
10012.799872000 -1.088104 -0.893825 0.362321 0.061795 0.221156 0.437851 0.869228
10012.833205000 -1.076256 -0.875330 0.331589 0.061243 0.211221 0.420929 0.880030
10012.866538000 -1.064468 -0.857588 0.300667 0.059775 0.201529 0.404465 0.890068
10012.899871000 -1.052907 -0.840565 0.271509 0.057974 0.192770 0.389612 0.898711
10012.933204000 -1.041331 -0.825669 0.241317 0.054531 0.184281 0.376944 0.906079
10012.966537000 -1.031689 -0.812385 0.214285 0.050583 0.177520 0.367690 0.911445
10012.999870000 -1.013653 -0.791118 0.165806 0.038530 0.166328 0.357627 0.918125
10013.033203000 -1.006618 -0.783645 0.146468 0.030986 0.162513 0.357154 0.919277
10013.066536000 -1.000207 -0.777396 0.128767 0.022318 0.159450 0.359261 0.919244
10013.099869000 -0.995007 -0.772978 0.113974 0.013304 0.157437 0.364187 0.917826
10013.133202000 -0.991009 -0.770494 0.102108 0.003932 0.156338 0.371417 0.915201
10013.166535000 -0.987050 -0.767068 0.091861 -0.005476 0.155022 0.378669 0.912441
10013.199868000 -0.984768 -0.765010 0.082100 -0.014288 0.154746 0.388114 0.908415
10013.233201000 -0.982930 -0.762760 0.075670 -0.022404 0.155028 0.398380 0.903747
10013.266534000 -0.982370 -0.761013 0.069425 -0.029499 0.155168 0.407601 0.899397
10013.299867000 -0.982628 -0.758699 0.064177 -0.035788 0.155376 0.416288 0.895143
10013.333200000 -0.985383 -0.749085 0.056782 -0.042968 0.154264 0.423276 0.891737
10013.366533000 -0.986917 -0.743040 0.053194 -0.045003 0.152602 0.421598 0.892716
10013.399866000 -0.988526 -0.736393 0.050274 -0.045686 0.150549 0.417113 0.895134
10013.433199000 -0.989853 -0.728980 0.047182 -0.045336 0.148388 0.410773 0.898438
10013.466532000 -0.990600 -0.720298 0.044698 -0.044099 0.145873 0.402479 0.902656
10013.499865000 -0.989207 -0.711779 0.042473 -0.042324 0.142979 0.392208 0.907711
10013.533198000 -0.985196 -0.703010 0.040168 -0.040421 0.140045 0.382159 0.912528
10013.566531000 -0.980034 -0.694440 0.037070 -0.038157 0.137255 0.371922 0.917267
10013.599864000 -0.972315 -0.686577 0.035262 -0.036308 0.134798 0.362818 0.921344
10013.633197000 -0.960888 -0.678362 0.030959 -0.034212 0.132247 0.353901 0.925254
10013.666530000 -0.927488 -0.662128 0.021025 -0.031574 0.127868 0.340547 0.930957
10013.699863000 -0.905296 -0.654701 0.014656 -0.031316 0.126227 0.336692 0.932590
10013.733196000 -0.881169 -0.647040 0.009419 -0.031162 0.124987 0.333581 0.933879
10013.766529000 -0.855663 -0.639437 0.003188 -0.031746 0.123921 0.331539 0.934729
10013.799862000 -0.828336 -0.631818 -0.001782 -0.032478 0.123303 0.330921 0.935004
10013.833195000 -0.800679 -0.623530 -0.007432 -0.033248 0.122865 0.330619 0.935142
10013.866528000 -0.773955 -0.614506 -0.012210 -0.033953 0.123310 0.332500 0.934390
10013.899861000 -0.748169 -0.603229 -0.015787 -0.034257 0.123782 0.334050 0.933764
10013.933194000 -0.724260 -0.591622 -0.017361 -0.034311 0.125303 0.337962 0.932150
10013.966527000 -0.702997 -0.577828 -0.018567 -0.033426 0.127194 0.341644 0.930582
10013.999860000 -0.670105 -0.544912 -0.015266 -0.029855 0.132614 0.351703 0.926190
10014.033193000 -0.659725 -0.525165 -0.010082 -0.026679 0.136532 0.357592 0.923458
10014.066526000 -0.651269 -0.504872 -0.003510 -0.023416 0.140125 0.362607 0.921050
10014.099859000 -0.645431 -0.481089 0.005020 -0.019399 0.143782 0.367192 0.918760
10014.133192000 -0.641772 -0.457646 0.013595 -0.015252 0.147616 0.371841 0.916357
10014.166525000 -0.638333 -0.433310 0.024752 -0.011434 0.151133 0.375631 0.914292
10014.199858000 -0.634598 -0.408272 0.036231 -0.007394 0.154410 0.379192 0.912314
10014.233191000 -0.632256 -0.383021 0.049345 -0.003916 0.157818 0.382615 0.910321
10014.266524000 -0.628286 -0.358282 0.064211 -0.000638 0.160606 0.385353 0.908685
10014.299857000 -0.622224 -0.333893 0.079220 0.001702 0.163003 0.387650 0.907279
10014.333190000 -0.603676 -0.286871 0.111425 0.004870 0.166166 0.390415 0.905506
10014.366523000 -0.591093 -0.265008 0.127569 0.005543 0.167220 0.391505 0.904837
10014.399856000 -0.575993 -0.244163 0.144320 0.005509 0.167726 0.391794 0.904619
10014.433189000 -0.558016 -0.223929 0.159049 0.004990 0.166990 0.392051 0.904647
10014.466522000 -0.538718 -0.204876 0.173644 0.003779 0.165933 0.391591 0.905046
10014.499855000 -0.518451 -0.186972 0.186874 0.002289 0.164470 0.390028 0.905992
10014.533188000 -0.497546 -0.169717 0.200626 0.000279 0.162502 0.387273 0.907531
10014.566521000 -0.475013 -0.152210 0.211024 -0.001394 0.159214 0.382660 0.910066
10014.599854000 -0.453036 -0.136550 0.219163 -0.003585 0.155482 0.377492 0.912859
10014.633187000 -0.430486 -0.121147 0.226776 -0.005692 0.151073 0.369283 0.916938
10014.666520000 -0.389204 -0.095681 0.233139 -0.009600 0.141352 0.349053 0.926331
10014.699853000 -0.369154 -0.082862 0.232743 -0.010702 0.135326 0.334853 0.932441
10014.733186000 -0.350483 -0.071255 0.229693 -0.011763 0.129094 0.319636 0.938631
10014.766519000 -0.330895 -0.061874 0.224242 -0.013543 0.121723 0.303128 0.945047
10014.799852000 -0.314512 -0.045921 0.219851 -0.010437 0.114498 0.286615 0.951122
10014.833185000 -0.299687 -0.033182 0.212397 -0.008991 0.107897 0.269030 0.957027
10014.866518000 -0.289010 -0.020115 0.208086 -0.006576 0.103625 0.252980 0.961883
10014.899851000 -0.277325 -0.007100 0.200576 -0.004092 0.098154 0.237941 0.966299
10014.933184000 -0.268221 0.007108 0.192801 -0.000864 0.093048 0.223702 0.970206
10014.966517000 -0.262130 0.021246 0.188279 0.002503 0.089863 0.211786 0.973173
10014.999850000 -0.256573 0.054789 0.181439 0.011823 0.084853 0.194203 0.977213
10015.033183000 -0.257877 0.074803 0.179601 0.017879 0.083303 0.187969 0.978473
10015.066516000 -0.261643 0.096271 0.180269 0.024469 0.083313 0.184301 0.979027
10015.099849000 -0.264724 0.118656 0.181748 0.031338 0.082609 0.180248 0.979645
10015.133182000 -0.269566 0.141359 0.182650 0.038133 0.082708 0.176833 0.980018
10015.166515000 -0.274094 0.164915 0.184805 0.045346 0.083058 0.174726 0.980059
10015.199848000 -0.279592 0.188193 0.187514 0.052442 0.083883 0.172618 0.980008
10015.233181000 -0.283715 0.211285 0.189700 0.059698 0.084221 0.169383 0.980129
10015.266514000 -0.286163 0.233326 0.191162 0.066099 0.084277 0.165940 0.980302
10015.299847000 -0.285027 0.254907 0.191218 0.072274 0.083513 0.161343 0.980699
10015.333180000 -0.273466 0.297185 0.186601 0.083454 0.079848 0.149618 0.981975
10015.366513000 -0.263677 0.316978 0.181402 0.088660 0.076948 0.142449 0.982816
10015.399846000 -0.253770 0.330290 0.179180 0.092266 0.075196 0.135068 0.983661
10015.433179000 -0.238634 0.346085 0.172139 0.095820 0.071179 0.126495 0.984759
10015.466512000 -0.222994 0.361959 0.165403 0.099540 0.067089 0.118067 0.985724
10015.499845000 -0.205883 0.376724 0.158586 0.102595 0.062381 0.108476 0.986821
10015.533178000 -0.189057 0.388097 0.151744 0.104556 0.057785 0.099483 0.987842
10015.566511000 -0.171403 0.397968 0.145469 0.106054 0.052686 0.089828 0.988892
10015.599844000 -0.153970 0.405054 0.140355 0.106912 0.047183 0.079678 0.989947
10015.633177000 -0.137169 0.409782 0.134967 0.106764 0.041570 0.070043 0.990943
10015.666510000 -0.110179 0.411539 0.129803 0.104166 0.030613 0.050887 0.992785
10015.699843000 -0.100810 0.408790 0.129807 0.101810 0.025434 0.041700 0.993604
10015.733176000 -0.092925 0.403471 0.130141 0.098655 0.020148 0.032085 0.994400
10015.766509000 -0.084276 0.398240 0.132370 0.095358 0.013781 0.020907 0.995128
10015.799842000 -0.078653 0.390740 0.134829 0.091665 0.008230 0.010655 0.995699
10015.833175000 -0.074127 0.381404 0.138724 0.087215 0.002057 -0.000726 0.996187
10015.866508000 -0.068881 0.372084 0.143803 0.082797 -0.004678 -0.013613 0.996462
10015.899841000 -0.065131 0.362518 0.149196 0.078454 -0.011175 -0.026431 0.996505
10015.933174000 -0.060517 0.352270 0.154691 0.073943 -0.018376 -0.040284 0.996279
10015.966507000 -0.056899 0.342870 0.160197 0.069811 -0.025612 -0.055268 0.995699
10015.999840000 -0.046370 0.325909 0.171639 0.062737 -0.041758 -0.088330 0.993236
10016.033173000 -0.041291 0.318070 0.177047 0.059768 -0.049997 -0.105409 0.991371
10016.066506000 -0.034770 0.311709 0.182792 0.057709 -0.058483 -0.123120 0.988985
10016.099839000 -0.028814 0.305114 0.187579 0.055742 -0.066568 -0.140417 0.986278
10016.133172000 -0.021725 0.297683 0.191462 0.053883 -0.075080 -0.158476 0.983029
10016.166505000 -0.014528 0.292485 0.194567 0.053002 -0.083018 -0.175014 0.979627
10016.199838000 -0.007653 0.286086 0.197254 0.052046 -0.090644 -0.191211 0.975968
10016.233171000 0.000534 0.280169 0.199409 0.051440 -0.098118 -0.206444 0.972167
10016.266504000 0.008105 0.272736 0.200033 0.050752 -0.105197 -0.221076 0.968237
10016.299837000 0.015578 0.266585 0.199560 0.050414 -0.111155 -0.233551 0.964654
10016.333170000 0.029405 0.248635 0.194307 0.047724 -0.121178 -0.255344 0.958038
10016.366503000 0.036442 0.239237 0.189421 0.046150 -0.124840 -0.263840 0.955340
10016.399836000 0.042241 0.228396 0.184088 0.044009 -0.127689 -0.271012 0.953054
10016.433169000 0.049216 0.218195 0.177592 0.042144 -0.130455 -0.277981 0.950753
10016.466502000 0.056383 0.206268 0.170435 0.039706 -0.132684 -0.284041 0.948756
10016.499835000 0.062649 0.195680 0.162757 0.037569 -0.134271 -0.288963 0.947132
10016.533168000 0.069423 0.185251 0.156458 0.035489 -0.135584 -0.293248 0.945708
10016.566501000 0.076848 0.175858 0.149681 0.033797 -0.136930 -0.297344 0.944296
10016.599834000 0.085296 0.166317 0.143592 0.032303 -0.138555 -0.301984 0.942637
10016.633167000 0.093867 0.157925 0.138584 0.031109 -0.139997 -0.305851 0.941217
10016.666500000 0.112417 0.143911 0.131521 0.029796 -0.143187 -0.313740 0.938177
10016.699833000 0.122772 0.139217 0.130313 0.030073 -0.145340 -0.318042 0.936387
10016.733166000 0.133181 0.134808 0.129949 0.030445 -0.147531 -0.322240 0.934596
10016.766499000 0.143230 0.132150 0.130196 0.031241 -0.149798 -0.326083 0.932874
10016.799832000 0.153508 0.128964 0.132624 0.032138 -0.152370 -0.330665 0.930812
10016.833165000 0.162854 0.126101 0.134973 0.033132 -0.155227 -0.335659 0.928515
10016.866498000 0.171480 0.123581 0.136770 0.034099 -0.157745 -0.340121 0.926429
10016.899831000 0.179590 0.120775 0.140459 0.035171 -0.160960 -0.345678 0.923776
10016.933164000 0.185452 0.117594 0.144036 0.035834 -0.163593 -0.350542 0.921452
10016.966497000 0.190057 0.114010 0.147935 0.036411 -0.166562 -0.356039 0.918786
10016.999830000 0.193939 0.103779 0.155514 0.036565 -0.172814 -0.368573 0.912662
10017.033163000 0.193376 0.097629 0.159335 0.036313 -0.176117 -0.375627 0.909158
10017.066496000 0.190574 0.090361 0.162426 0.035426 -0.178942 -0.382115 0.905932
10017.099829000 0.187493 0.082938 0.166887 0.034909 -0.182106 -0.389003 0.902383
10017.133162000 0.182982 0.074272 0.169299 0.033758 -0.185152 -0.396634 0.898477
10017.166495000 0.178585 0.066328 0.173084 0.032774 -0.188082 -0.403777 0.894715
10017.199828000 0.173094 0.058293 0.176507 0.031720 -0.191021 -0.410977 0.890844
10017.233161000 0.168245 0.048792 0.179595 0.030447 -0.193984 -0.418637 0.886671
10017.266494000 0.163770 0.040465 0.183290 0.029391 -0.196725 -0.425475 0.882840
10017.299827000 0.160342 0.031639 0.185942 0.028157 -0.199438 -0.432742 0.878730
10017.333160000 0.157435 0.016055 0.193241 0.026636 -0.204425 -0.444571 0.871698
10017.366493000 0.158379 0.007911 0.196755 0.025864 -0.206894 -0.450731 0.867968
10017.399826000 0.159586 0.000101 0.199844 0.025101 -0.209069 -0.456216 0.864596
10017.433159000 0.162420 -0.008437 0.203935 0.024485 -0.211277 -0.461577 0.861225
10017.466492000 0.167512 -0.017052 0.207596 0.024393 -0.213945 -0.467369 0.857437
10017.499825000 0.172981 -0.026797 0.212915 0.023967 -0.216874 -0.473915 0.853110
10017.533158000 0.179591 -0.036951 0.217237 0.023887 -0.219907 -0.480367 0.848715
10017.566491000 0.187444 -0.049330 0.222612 0.023698 -0.223390 -0.487931 0.843480
10017.599824000 0.195937 -0.062336 0.228215 0.023768 -0.227070 -0.495324 0.838170
10017.633157000 0.205933 -0.077838 0.233780 0.023929 -0.231398 -0.504169 0.831683
10017.666490000 0.228722 -0.114548 0.248189 0.024803 -0.242038 -0.524686 0.815786
10017.699823000 0.241437 -0.135977 0.256568 0.025560 -0.248337 -0.536198 0.806329
10017.733156000 0.253417 -0.159523 0.265839 0.026134 -0.254875 -0.548262 0.796093
10017.766489000 0.266637 -0.182702 0.275476 0.027402 -0.261875 -0.560282 0.785338
10017.799822000 0.279157 -0.207313 0.285099 0.028330 -0.269064 -0.572670 0.773855
10017.833155000 0.290941 -0.231199 0.294179 0.029350 -0.275913 -0.584340 0.762599
10017.866488000 0.302172 -0.253939 0.303891 0.030567 -0.282911 -0.595509 0.751263
10017.899821000 0.311948 -0.277231 0.313653 0.031378 -0.289479 -0.606272 0.740035
10017.933154000 0.321765 -0.297518 0.323419 0.032613 -0.296102 -0.616559 0.728777
10017.966487000 0.328995 -0.316127 0.333305 0.033215 -0.301906 -0.625977 0.718264
10017.999820000 0.338691 -0.346885 0.351514 0.033912 -0.312464 -0.643839 0.697630
10018.033153000 0.340045 -0.358025 0.360254 0.033692 -0.316985 -0.651976 0.687977
10018.066486000 0.339956 -0.367641 0.367633 0.033106 -0.320806 -0.659819 0.678695
10018.099819000 0.338462 -0.375180 0.375039 0.032470 -0.324264 -0.667505 0.669504
10018.133152000 0.335268 -0.382157 0.380267 0.031481 -0.327178 -0.674769 0.660795
10018.166485000 0.330532 -0.387627 0.384715 0.030096 -0.329577 -0.682061 0.652124
10018.199818000 0.326181 -0.392735 0.388007 0.028770 -0.331874 -0.688983 0.643688
10018.233151000 0.320080 -0.398087 0.388485 0.027094 -0.333351 -0.695648 0.635781
10018.266484000 0.313781 -0.403915 0.387424 0.025210 -0.334337 -0.702101 0.628202
10018.299817000 0.307706 -0.410488 0.384081 0.023356 -0.335004 -0.708678 0.620486
10018.333150000 0.293943 -0.428555 0.371168 0.019282 -0.335605 -0.720954 0.605990
10018.366483000 0.287195 -0.440444 0.360449 0.016966 -0.335021 -0.726814 0.599345
10018.399816000 0.281346 -0.454163 0.349302 0.014764 -0.335126 -0.732118 0.592854
10018.433149000 0.275723 -0.465724 0.335449 0.013244 -0.333477 -0.736899 0.587876
10018.466482000 0.270935 -0.481148 0.320787 0.011472 -0.333100 -0.741760 0.581984
10018.499815000 0.267291 -0.496298 0.306147 0.010000 -0.332499 -0.745543 0.577503
10018.533148000 0.264660 -0.512874 0.290114 0.008687 -0.331880 -0.749632 0.572566
10018.566481000 0.263345 -0.529284 0.274279 0.007544 -0.331405 -0.752816 0.568666
10018.599814000 0.262869 -0.546846 0.259750 0.006603 -0.331329 -0.755804 0.564747
10018.633147000 0.264759 -0.563204 0.244465 0.006147 -0.331316 -0.757399 0.562617
10018.666480000 0.272004 -0.595786 0.221401 0.006384 -0.332973 -0.760253 0.557767
10018.699813000 0.278413 -0.611857 0.212029 0.007208 -0.334528 -0.760646 0.556288
10018.733146000 0.286443 -0.626089 0.203844 0.008218 -0.335828 -0.760164 0.556149
10018.766479000 0.293889 -0.640889 0.198107 0.009331 -0.337592 -0.759981 0.555314
10018.799812000 0.301918 -0.655689 0.193336 0.010517 -0.339216 -0.759548 0.554896
10018.833145000 0.309474 -0.669791 0.189602 0.011580 -0.340441 -0.758473 0.555594
10018.866478000 0.315698 -0.683610 0.187939 0.012531 -0.341694 -0.757785 0.555742
10018.899811000 0.321934 -0.697004 0.186849 0.013399 -0.342499 -0.756540 0.556922
10018.933144000 0.325588 -0.711431 0.186267 0.013728 -0.342611 -0.755655 0.558045
10018.966477000 0.327360 -0.724725 0.188005 0.013879 -0.342379 -0.754709 0.559462
10018.999810000 0.321627 -0.751999 0.192802 0.012309 -0.339225 -0.753605 0.562899
10019.033143000 0.314132 -0.765848 0.197676 0.010855 -0.336878 -0.753639 0.564291
10019.066476000 0.303937 -0.778921 0.201085 0.009065 -0.333699 -0.753253 0.566721
10019.099809000 0.292150 -0.792525 0.206721 0.007244 -0.330741 -0.753434 0.568239
10019.133142000 0.277240 -0.805648 0.212634 0.005302 -0.327721 -0.753751 0.569587
10019.166475000 0.260829 -0.819161 0.218179 0.003150 -0.325021 -0.754486 0.570177
10019.199808000 0.243787 -0.832575 0.225176 0.001668 -0.322949 -0.755421 0.570123
10019.233141000 0.224076 -0.845861 0.231824 0.000147 -0.321529 -0.756853 0.569028
10019.266474000 0.202574 -0.858310 0.238079 -0.000992 -0.320643 -0.758541 0.567276
10019.299807000 0.182525 -0.870062 0.244141 -0.001087 -0.321341 -0.760336 0.564471
10019.333140000 0.139231 -0.892104 0.257995 0.001513 -0.327626 -0.765940 0.553168
10019.366473000 0.117646 -0.902700 0.264144 0.004269 -0.333214 -0.769102 0.545373
10019.399806000 0.095256 -0.913053 0.270248 0.007437 -0.339900 -0.772184 0.536792
10019.433139000 0.072953 -0.922593 0.275830 0.010927 -0.347235 -0.775108 0.527746
10019.466472000 0.049603 -0.931940 0.280738 0.014532 -0.355324 -0.777967 0.517978
10019.499805000 0.026323 -0.941671 0.284713 0.018151 -0.363631 -0.780709 0.507874
10019.533138000 0.001807 -0.951228 0.288530 -0.021359 0.371901 0.783499 -0.497357
10019.566471000 -0.022322 -0.961031 0.291580 -0.024435 0.379880 0.786140 -0.486907
10019.599804000 -0.046388 -0.970062 0.294185 -0.026750 0.386900 0.788845 -0.476777
10019.633137000 -0.071649 -0.980067 0.296238 -0.028096 0.392849 0.792468 -0.465699
10019.666470000 -0.124211 -1.000334 0.297336 -0.027747 0.399923 0.801938 -0.442931
10019.699803000 -0.150522 -1.010674 0.297062 -0.026137 0.400966 0.808056 -0.430799
10019.733136000 -0.176717 -1.021567 0.295686 -0.023885 0.400663 0.814832 -0.418267
10019.766469000 -0.202991 -1.031768 0.296048 -0.021187 0.399454 0.822221 -0.404896
10019.799802000 -0.229124 -1.041752 0.296832 -0.018490 0.398175 0.830018 -0.390109
10019.833135000 -0.253849 -1.052746 0.299128 -0.015909 0.396785 0.837751 -0.374809
10019.866468000 -0.278018 -1.062901 0.302045 -0.013578 0.395681 0.845293 -0.358793
10019.899801000 -0.300663 -1.071828 0.307638 -0.011959 0.395521 0.852056 -0.342666
10019.933134000 -0.321279 -1.081012 0.315533 -0.010765 0.396318 0.858008 -0.326555
10019.966467000 -0.341112 -1.090413 0.327294 -0.010376 0.398974 0.862617 -0.310812
10019.999800000 -0.372976 -1.105744 0.359517 -0.011896 0.409372 0.866221 -0.286242
10020.033133000 -0.385612 -1.113021 0.380133 -0.013678 0.417159 0.865478 -0.277018
10020.066466000 -0.396095 -1.120482 0.405545 -0.016176 0.427137 0.862839 -0.269816
10020.099799000 -0.405282 -1.127310 0.430476 -0.018712 0.436904 0.859476 -0.264697
10020.133132000 -0.412543 -1.134122 0.457099 -0.021716 0.447453 0.854778 -0.262046
10020.166465000 -0.418207 -1.141790 0.484397 -0.024812 0.458247 0.849404 -0.260590
10020.199798000 -0.422507 -1.149725 0.511158 -0.028061 0.468265 0.843881 -0.260394
10020.233131000 -0.425504 -1.160229 0.537764 -0.031274 0.478021 0.838019 -0.261231
10020.266464000 -0.426952 -1.170505 0.561332 -0.034335 0.486038 0.832498 -0.263695
10020.299797000 -0.428668 -1.181876 0.582623 -0.037034 0.492701 0.827514 -0.266637
10020.333130000 -0.428199 -1.209808 0.615111 -0.041104 0.499663 0.820166 -0.275635
10020.366463000 -0.427243 -1.226365 0.629117 -0.042707 0.500675 0.817494 -0.281432
10020.399796000 -0.425729 -1.245200 0.638503 -0.043686 0.499754 0.815794 -0.287781
10020.433129000 -0.423510 -1.264235 0.646122 -0.044222 0.497111 0.814753 -0.295129
10020.466462000 -0.421577 -1.283297 0.652143 -0.044409 0.493425 0.814248 -0.302587
10020.499795000 -0.419461 -1.303468 0.658202 -0.044358 0.488989 0.813816 -0.310845
10020.533128000 -0.416364 -1.323869 0.662550 -0.044120 0.483573 0.813642 -0.319683
10020.566461000 -0.413378 -1.344504 0.667648 -0.043627 0.478123 0.813337 -0.328600
10020.599794000 -0.410694 -1.365117 0.674434 -0.043001 0.472414 0.813161 -0.337261
10020.633127000 -0.408678 -1.384185 0.681372 -0.042152 0.466435 0.812960 -0.346059
10020.666460000 -0.403600 -1.419819 0.701970 -0.041057 0.456829 0.811596 -0.361848
10020.699793000 -0.400844 -1.436317 0.715788 -0.040716 0.453024 0.810291 -0.369513
10020.733126000 -0.399214 -1.452520 0.731731 -0.040446 0.449953 0.809550 -0.374881
10020.766459000 -0.398381 -1.467124 0.748714 -0.039888 0.447054 0.808594 -0.380431
10020.799792000 -0.396314 -1.481434 0.766055 -0.039669 0.444342 0.807581 -0.385745
10020.833125000 -0.394411 -1.495763 0.784345 -0.039448 0.442321 0.806597 -0.390124
10020.866458000 -0.392171 -1.509552 0.803243 -0.039368 0.440464 0.805730 -0.394005
10020.899791000 -0.390370 -1.523596 0.821544 -0.039105 0.438669 0.805176 -0.397154
10020.933124000 -0.388795 -1.539440 0.840189 -0.038686 0.437521 0.804791 -0.399238
10020.966457000 -0.386663 -1.554000 0.856799 -0.038275 0.435744 0.804854 -0.401088
10020.999790000 -0.380490 -1.585611 0.885804 -0.037174 0.431866 0.805514 -0.404051
10021.033123000 -0.378069 -1.602722 0.898264 -0.035957 0.429422 0.806609 -0.404580
10021.066456000 -0.375075 -1.621440 0.908337 -0.034866 0.426985 0.808061 -0.404357
10021.099789000 -0.372866 -1.639380 0.916744 -0.033348 0.423898 0.810118 -0.403619
10021.133122000 -0.370654 -1.657895 0.924829 -0.031830 0.421589 0.812470 -0.401425
10021.166455000 -0.367851 -1.677122 0.931709 -0.030430 0.419729 0.815049 -0.398242
10021.199788000 -0.366357 -1.696351 0.937500 -0.028408 0.417478 0.818484 -0.393686
10021.233121000 -0.363848 -1.713781 0.940684 -0.027452 0.415123 0.822351 -0.388147
10021.266454000 -0.362947 -1.733797 0.945761 -0.025948 0.414565 0.826559 -0.379820
10021.299787000 -0.361826 -1.752838 0.950827 -0.024777 0.415090 0.830631 -0.370324
10021.333120000 -0.362397 -1.790929 0.958409 -0.022429 0.418018 0.840019 -0.345147
10021.366453000 -0.364234 -1.809129 0.962980 -0.021722 0.421568 0.844663 -0.329170
10021.399786000 -0.366828 -1.828098 0.967647 -0.021179 0.426351 0.849330 -0.310507
10021.433119000 -0.369443 -1.845596 0.973135 -0.021100 0.432831 0.852713 -0.291707
10021.466452000 -0.375001 -1.861698 0.977756 -0.020971 0.439840 0.855767 -0.271596
10021.499785000 -0.380677 -1.878204 0.983943 -0.021107 0.449147 0.857285 -0.250766
10021.533118000 -0.387825 -1.893247 0.990223 -0.021437 0.459516 0.857570 -0.230128
10021.566451000 -0.397096 -1.906984 0.998425 -0.021635 0.471115 0.856557 -0.209505
10021.599784000 -0.407656 -1.921343 1.006854 -0.021863 0.483960 0.853944 -0.189960
