10000.000000000 0.000000 0.000000 0.000000 0.000000 0.000000 0.000000 1.000000
10000.033333000 0.010376 0.003289 -0.001786 0.002381 -0.004868 -0.001864 0.999984
10000.066666000 0.020709 0.007206 -0.002853 0.004320 -0.009443 -0.004000 0.999938
10000.099999000 0.030321 0.010150 -0.003147 0.005926 -0.013645 -0.005915 0.999872
10000.133332000 0.040871 0.013272 -0.003605 0.007369 -0.018304 -0.008629 0.999768
10000.166665000 0.051399 0.016344 -0.004091 0.008827 -0.022937 -0.011352 0.999633
10000.199998000 0.060870 0.019162 -0.004424 0.009925 -0.027149 -0.014351 0.999479
10000.233331000 0.071709 0.021533 -0.004236 0.010926 -0.031843 -0.017612 0.999278
10000.266664000 0.081339 0.024361 -0.003207 0.011818 -0.036153 -0.021163 0.999052
10000.299997000 0.091191 0.026532 -0.003042 0.012347 -0.039998 -0.023942 0.998837
10000.333330000 0.110637 0.030482 -0.002639 0.013572 -0.048561 -0.031163 0.998242
10000.366663000 0.120434 0.032476 -0.002431 0.014108 -0.052312 -0.033841 0.997958
10000.399996000 0.129177 0.035011 -0.001370 0.014980 -0.056127 -0.037030 0.997624
10000.433329000 0.138935 0.037150 -0.001169 0.016001 -0.060190 -0.039826 0.997264
10000.466662000 0.147498 0.039625 -0.001491 0.017106 -0.063815 -0.042370 0.996915
10000.499995000 0.156136 0.042205 -0.001849 0.018493 -0.067410 -0.044332 0.996568
10000.533328000 0.164565 0.044604 -0.002185 0.019828 -0.070932 -0.046234 0.996212
10000.566661000 0.173197 0.047255 -0.002518 0.021469 -0.074494 -0.047551 0.995856
10000.599994000 0.180542 0.050282 -0.003399 0.023208 -0.077613 -0.048623 0.995527
10000.633327000 0.188993 0.052928 -0.005166 0.025503 -0.081356 -0.049490 0.995129
10000.666660000 0.203306 0.060485 -0.008144 0.031146 -0.087670 -0.048700 0.994471
10000.699993000 0.210278 0.064783 -0.011166 0.034253 -0.090450 -0.047806 0.994163
10000.733326000 0.217256 0.068726 -0.014033 0.037980 -0.093633 -0.047027 0.993770
10000.766659000 0.224196 0.072438 -0.015585 0.041959 -0.096940 -0.046283 0.993328
10000.799992000 0.231537 0.075598 -0.017812 0.045598 -0.099939 -0.045902 0.992888
10000.833325000 0.239822 0.078995 -0.018739 0.049939 -0.103846 -0.046435 0.992253
10000.866658000 0.248142 0.082305 -0.019659 0.054764 -0.107195 -0.047064 0.991612
10000.899991000 0.257045 0.084118 -0.019445 0.059067 -0.110276 -0.049146 0.990926
10000.933324000 0.267059 0.085099 -0.017236 0.063828 -0.114407 -0.052715 0.989979
10000.966657000 0.278424 0.085764 -0.014445 0.068242 -0.118715 -0.057357 0.988919
10000.999990000 0.305294 0.084251 -0.004588 0.078276 -0.127524 -0.071714 0.986138
10001.033323000 0.319887 0.081479 0.002533 0.082772 -0.132057 -0.081347 0.984425
10001.066656000 0.335121 0.076939 0.010795 0.087015 -0.137402 -0.091639 0.982421
10001.099989000 0.350063 0.072770 0.018928 0.091390 -0.142262 -0.102243 0.980284
10001.133322000 0.364381 0.068103 0.026645 0.095149 -0.147385 -0.113144 0.977969
10001.166655000 0.377151 0.064063 0.034377 0.099586 -0.152503 -0.123903 0.975435
10001.199988000 0.389108 0.059777 0.040535 0.103280 -0.157472 -0.134052 0.972916
10001.233321000 0.398990 0.054802 0.045471 0.106065 -0.163047 -0.143919 0.970285
10001.266654000 0.405406 0.050143 0.047683 0.108398 -0.168122 -0.152886 0.967786
10001.299987000 0.409542 0.045765 0.048102 0.110071 -0.173021 -0.160568 0.965488
10001.333320000 0.406610 0.036780 0.039334 0.109979 -0.182257 -0.172845 0.961671
10001.366653000 0.399778 0.034178 0.030245 0.109475 -0.186710 -0.176933 0.960130
10001.399986000 0.390126 0.032650 0.019289 0.107638 -0.190631 -0.180567 0.958890
10001.433319000 0.378231 0.031918 0.006174 0.105806 -0.193974 -0.183310 0.957902
10001.466652000 0.365854 0.029431 -0.007906 0.102786 -0.197303 -0.185131 0.957201
10001.499985000 0.351561 0.028890 -0.022787 0.099679 -0.199958 -0.186381 0.956735
10001.533318000 0.338545 0.028218 -0.038165 0.096147 -0.202323 -0.187331 0.956414
10001.566651000 0.326302 0.028706 -0.052929 0.092967 -0.204059 -0.187593 0.956308
10001.599984000 0.316211 0.030167 -0.066850 0.089935 -0.205244 -0.187551 0.956353
10001.633317000 0.306494 0.031876 -0.079593 0.087005 -0.205906 -0.187331 0.956525
10001.666650000 0.299794 0.035797 -0.098484 0.082419 -0.206324 -0.186500 0.957003
10001.699983000 0.300775 0.039161 -0.104576 0.081025 -0.205484 -0.186345 0.957333
10001.733316000 0.304553 0.042391 -0.108804 0.080754 -0.204334 -0.185719 0.957724
10001.766649000 0.311027 0.045332 -0.111141 0.079866 -0.203560 -0.185366 0.958031
10001.799982000 0.319990 0.049325 -0.111381 0.080198 -0.202841 -0.185032 0.958221
10001.833315000 0.329646 0.052518 -0.110940 0.080332 -0.201455 -0.184912 0.958525
10001.866648000 0.342397 0.055123 -0.109461 0.081175 -0.201174 -0.184930 0.958509
10001.899981000 0.355194 0.057650 -0.106669 0.081733 -0.201177 -0.185081 0.958432
10001.933314000 0.369328 0.059735 -0.103312 0.082240 -0.201921 -0.185504 0.958151
10001.966647000 0.382936 0.060587 -0.099111 0.083017 -0.203447 -0.186054 0.957654
10001.999980000 0.411510 0.060185 -0.090070 0.084764 -0.210258 -0.188248 0.955599
10002.033313000 0.425479 0.059280 -0.085706 0.085748 -0.215280 -0.189413 0.954162
10002.066646000 0.437795 0.056796 -0.080605 0.086172 -0.220222 -0.190639 0.952750
10002.099979000 0.450073 0.054295 -0.076313 0.086811 -0.226400 -0.192999 0.950767
10002.133312000 0.461679 0.050515 -0.071453 0.087117 -0.232964 -0.194717 0.948801
10002.166645000 0.473309 0.046693 -0.066628 0.087111 -0.240237 -0.196358 0.946648
10002.199978000 0.483416 0.041023 -0.061859 0.086322 -0.246964 -0.198438 0.944553
10002.233311000 0.493345 0.035883 -0.056311 0.085550 -0.254730 -0.200729 0.942073
10002.266644000 0.501604 0.028897 -0.051145 0.083736 -0.261288 -0.202994 0.939952
10002.299977000 0.509933 0.022354 -0.046308 0.081941 -0.268353 -0.204609 0.937767
10002.333310000 0.521938 0.007521 -0.033797 0.076284 -0.280506 -0.209687 0.933557
10002.366643000 0.526490 -0.000891 -0.028219 0.072601 -0.285693 -0.211843 0.931789
10002.399976000 0.530856 -0.008102 -0.022469 0.068929 -0.290271 -0.213847 0.930194
10002.433309000 0.533383 -0.016318 -0.016047 0.064949 -0.294777 -0.216505 0.928447
10002.466642000 0.535844 -0.023905 -0.010165 0.061128 -0.298361 -0.218421 0.927112
10002.499975000 0.537290 -0.031707 -0.004202 0.057275 -0.301371 -0.220709 0.925842
10002.533308000 0.538596 -0.038695 0.001179 0.054246 -0.304050 -0.222611 0.924692
10002.566641000 0.539361 -0.044209 0.006742 0.052489 -0.306012 -0.223905 0.923833
10002.599974000 0.540199 -0.050353 0.011502 0.051114 -0.307610 -0.225354 0.923027
10002.633307000 0.539924 -0.055292 0.015194 0.050909 -0.308365 -0.226151 0.922592
10002.666640000 0.540362 -0.063185 0.021145 0.054463 -0.308647 -0.226257 0.922268
10002.699973000 0.540158 -0.065982 0.023513 0.057828 -0.307686 -0.225660 0.922530
10002.733306000 0.540539 -0.067223 0.024630 0.062574 -0.306822 -0.224486 0.922795
10002.766639000 0.539748 -0.068226 0.025420 0.068282 -0.304643 -0.222643 0.923558
10002.799972000 0.539852 -0.068846 0.026029 0.074811 -0.302532 -0.220012 0.924377
10002.833305000 0.539586 -0.068282 0.025574 0.081935 -0.299685 -0.217033 0.925404
10002.866638000 0.540301 -0.067437 0.025028 0.089369 -0.297145 -0.214034 0.926233
10002.899971000 0.539894 -0.066052 0.023918 0.096590 -0.293484 -0.209986 0.927601
10002.933304000 0.540380 -0.064497 0.022716 0.103521 -0.290789 -0.205874 0.928623
10002.966637000 0.539839 -0.062424 0.021119 0.109849 -0.287009 -0.201392 0.930054
10002.999970000 0.540187 -0.056530 0.017028 0.120111 -0.279786 -0.190943 0.933185
10003.033303000 0.540442 -0.054132 0.015172 0.123902 -0.276497 -0.185493 0.934767
10003.066636000 0.539778 -0.051501 0.012969 0.127239 -0.272596 -0.179731 0.936589
10003.099969000 0.540161 -0.049267 0.011091 0.129335 -0.269627 -0.174242 0.938197
10003.133302000 0.540860 -0.047756 0.009858 0.130690 -0.267037 -0.168726 0.939757
10003.166635000 0.540660 -0.047116 0.009328 0.132028 -0.264023 -0.163671 0.941314
10003.199968000 0.540575 -0.046524 0.008799 0.132619 -0.261378 -0.158622 0.942832
10003.233301000 0.540885 -0.047839 0.009937 0.132853 -0.259279 -0.154205 0.944111
10003.266634000 0.540522 -0.050072 0.011769 0.133463 -0.256856 -0.150114 0.945346
10003.299967000 0.540506 -0.053763 0.014782 0.133648 -0.255028 -0.146673 0.946354
10003.333300000 0.541105 -0.068330 0.025564 0.132939 -0.252316 -0.141902 0.947907
10003.366633000 0.540987 -0.077742 0.032843 0.132695 -0.251311 -0.140682 0.948390
10003.399966000 0.541181 -0.088201 0.040666 0.132850 -0.250356 -0.139722 0.948763
10003.433299000 0.542637 -0.099160 0.049083 0.132317 -0.250311 -0.139498 0.948882
10003.466632000 0.543715 -0.109215 0.056758 0.132666 -0.249872 -0.139723 0.948916
10003.499965000 0.545907 -0.119295 0.064532 0.132431 -0.250133 -0.140162 0.948815
10003.533298000 0.547570 -0.127989 0.071033 0.132438 -0.250062 -0.140508 0.948782
10003.566631000 0.550125 -0.133444 0.075701 0.132886 -0.250221 -0.141107 0.948588
10003.599964000 0.554048 -0.136786 0.078962 0.133294 -0.251002 -0.141829 0.948217
10003.633297000 0.558074 -0.137128 0.079911 0.133303 -0.251752 -0.142701 0.947886
10003.666630000 0.569252 -0.126481 0.073846 0.134348 -0.253372 -0.143792 0.947141
10003.699963000 0.577049 -0.115109 0.066765 0.135264 -0.254830 -0.144119 0.946570
10003.733296000 0.583614 -0.100752 0.057198 0.135916 -0.255401 -0.144368 0.946285
10003.766629000 0.590489 -0.083929 0.045843 0.136862 -0.256073 -0.144198 0.945993
10003.799962000 0.596814 -0.065440 0.033256 0.137702 -0.256302 -0.143972 0.945843
10003.833295000 0.602722 -0.045588 0.019553 0.138379 -0.256197 -0.143753 0.945806
10003.866628000 0.607432 -0.025096 0.005425 0.139183 -0.255902 -0.143094 0.945868
10003.899961000 0.610600 -0.006002 -0.008156 0.139140 -0.255143 -0.143020 0.946091
10003.933294000 0.612105 0.011964 -0.021597 0.138898 -0.253989 -0.142508 0.946514
10003.966627000 0.612077 0.028845 -0.034321 0.138998 -0.252050 -0.141817 0.947121
10003.999960000 0.603039 0.055982 -0.055232 0.138157 -0.246272 -0.141259 0.948846
10004.033293000 0.595314 0.064726 -0.063234 0.137474 -0.242403 -0.140551 0.950046
10004.066626000 0.586326 0.069616 -0.068973 0.136129 -0.238669 -0.140367 0.951211
10004.099959000 0.576232 0.073023 -0.073178 0.135006 -0.234407 -0.140072 0.952474
10004.133292000 0.565054 0.072855 -0.074991 0.133527 -0.230352 -0.139887 0.953698
10004.166625000 0.553779 0.069905 -0.074956 0.131917 -0.226293 -0.139687 0.954923
10004.199958000 0.543161 0.064348 -0.072503 0.130249 -0.222669 -0.139542 0.956024
10004.233291000 0.533736 0.055575 -0.067530 0.128542 -0.219903 -0.139902 0.956842
10004.266624000 0.524803 0.045297 -0.060570 0.127061 -0.217348 -0.139956 0.957616
10004.299957000 0.518889 0.031764 -0.051814 0.125156 -0.216345 -0.140258 0.958049
10004.333290000 0.516175 -0.004163 -0.025999 0.121620 -0.219164 -0.141621 0.957663
10004.366623000 0.518855 -0.024998 -0.010389 0.120156 -0.222469 -0.142563 0.956946
10004.399956000 0.523036 -0.047750 0.007007 0.118389 -0.227144 -0.143810 0.955881
10004.433289000 0.529578 -0.070858 0.024845 0.116868 -0.232752 -0.145144 0.954517
10004.466622000 0.538495 -0.095026 0.043829 0.115075 -0.239897 -0.146828 0.952706
10004.499955000 0.547224 -0.119042 0.062821 0.113349 -0.247607 -0.148599 0.950663
10004.533288000 0.556429 -0.141286 0.080493 0.111665 -0.255546 -0.150401 0.948476
10004.566621000 0.566656 -0.162775 0.097671 0.110060 -0.264199 -0.152325 0.945982
10004.599954000 0.575289 -0.182775 0.113560 0.107514 -0.272466 -0.154463 0.943581
10004.633287000 0.583809 -0.199629 0.127092 0.105660 -0.280630 -0.156357 0.941082
10004.666620000 0.595918 -0.224131 0.146475 0.101335 -0.294057 -0.159919 0.936850
10004.699953000 0.598918 -0.231209 0.152153 0.099015 -0.299007 -0.161494 0.935260
10004.733286000 0.600494 -0.236519 0.156214 0.095953 -0.303120 -0.163204 0.933957
10004.766619000 0.602337 -0.239712 0.158857 0.093462 -0.307182 -0.164711 0.932617
10004.799952000 0.603012 -0.242543 0.161026 0.090975 -0.310058 -0.166069 0.931670
10004.833285000 0.602924 -0.245647 0.163482 0.087912 -0.312516 -0.167581 0.930872
10004.866618000 0.603821 -0.249236 0.166294 0.084969 -0.314769 -0.169011 0.930127
10004.899951000 0.604390 -0.254435 0.170314 0.081864 -0.316663 -0.170488 0.929493
10004.933284000 0.605782 -0.262102 0.176109 0.079066 -0.318721 -0.171866 0.928778
10004.966617000 0.609688 -0.273729 0.184934 0.075680 -0.321476 -0.173592 0.927789
10004.999950000 0.619944 -0.307854 0.211307 0.068788 -0.327194 -0.177237 0.925635
10005.033283000 0.626688 -0.331049 0.229080 0.064915 -0.330496 -0.179322 0.924339
10005.066616000 0.635041 -0.356312 0.248645 0.061622 -0.334306 -0.181291 0.922809
10005.099949000 0.643925 -0.383181 0.269471 0.057621 -0.338378 -0.183625 0.921120
10005.133282000 0.653204 -0.410860 0.291084 0.053974 -0.342701 -0.185905 0.919283
10005.166615000 0.661938 -0.436695 0.311231 0.051082 -0.346747 -0.187866 0.917531
10005.199948000 0.670082 -0.461278 0.330367 0.047735 -0.350683 -0.189974 0.915780
10005.233281000 0.677115 -0.482723 0.347104 0.045107 -0.354394 -0.191789 0.914105
10005.266614000 0.683927 -0.500194 0.360639 0.042648 -0.357867 -0.193473 0.912513
10005.299947000 0.687731 -0.512167 0.369965 0.040741 -0.360703 -0.194835 0.911193
10005.333280000 0.689343 -0.517445 0.374014 0.037783 -0.364243 -0.196816 0.909485
10005.366613000 0.687146 -0.510593 0.368882 0.037344 -0.365341 -0.196801 0.909066
10005.399946000 0.683080 -0.498338 0.359330 0.037044 -0.365767 -0.197050 0.908853
10005.433279000 0.678162 -0.483604 0.346676 0.036737 -0.365627 -0.197207 0.908888
10005.466612000 0.671819 -0.464437 0.331826 0.037118 -0.365266 -0.197036 0.909055
10005.499945000 0.665506 -0.445344 0.317164 0.037326 -0.364967 -0.196467 0.909289
10005.533278000 0.658580 -0.424562 0.301105 0.038053 -0.364181 -0.196043 0.909666
10005.566611000 0.652270 -0.405488 0.286187 0.038523 -0.363222 -0.196147 0.910007
10005.599944000 0.646688 -0.388418 0.272962 0.038597 -0.363214 -0.196143 0.910008
10005.633277000 0.641948 -0.374125 0.263156 0.039270 -0.363051 -0.195810 0.910115
10005.666610000 0.637742 -0.360825 0.253934 0.039546 -0.363729 -0.196828 0.909613
10005.699943000 0.637952 -0.361586 0.254692 0.039062 -0.364538 -0.197666 0.909128
10005.733276000 0.639273 -0.365531 0.259001 0.038909 -0.365473 -0.198355 0.908609
10005.766609000 0.641710 -0.373202 0.265036 0.038411 -0.366241 -0.199188 0.908139
10005.799942000 0.644810 -0.382614 0.273484 0.038219 -0.367167 -0.199879 0.907621
10005.833275000 0.648366 -0.394085 0.282574 0.037735 -0.367919 -0.200726 0.907150
10005.866608000 0.652267 -0.405497 0.291419 0.037723 -0.367884 -0.200677 0.907176
10005.899941000 0.656009 -0.417044 0.300460 0.037534 -0.367876 -0.200250 0.907281
10005.933274000 0.659450 -0.427571 0.307439 0.037668 -0.366881 -0.199486 0.907846
10005.966607000 0.662261 -0.436623 0.313275 0.038119 -0.365469 -0.198505 0.908612
10005.999940000 0.664330 -0.443817 0.315418 0.040434 -0.359641 -0.193078 0.912000
10006.033273000 0.663960 -0.442634 0.312101 0.042452 -0.355419 -0.189565 0.914298
10006.066606000 0.663040 -0.439267 0.307126 0.044793 -0.350924 -0.185906 0.916670
10006.099939000 0.661348 -0.433849 0.299449 0.046912 -0.346237 -0.182397 0.919049
10006.133272000 0.658940 -0.426090 0.292423 0.050102 -0.341599 -0.178897 0.921301
10006.166605000 0.656075 -0.417304 0.283229 0.053110 -0.336778 -0.175945 0.923473
10006.199938000 0.652868 -0.407310 0.275558 0.056291 -0.333025 -0.173586 0.925091
10006.233271000 0.649402 -0.396288 0.268229 0.060460 -0.329069 -0.172088 0.926523
10006.266604000 0.645983 -0.386142 0.262764 0.063945 -0.326650 -0.172049 0.927151
10006.299937000 0.642502 -0.374722 0.258952 0.068126 -0.324867 -0.172740 0.927352
10006.333270000 0.636560 -0.355852 0.259073 0.076474 -0.324814 -0.179570 0.925420
10006.366603000 0.634359 -0.347878 0.264101 0.080995 -0.326861 -0.185349 0.923173
10006.399936000 0.632674 -0.340978 0.271056 0.085748 -0.329746 -0.192654 0.920217
10006.433269000 0.631053 -0.334925 0.279856 0.089995 -0.333512 -0.200952 0.916673
10006.466602000 0.629637 -0.328964 0.290036 0.094644 -0.338618 -0.210025 0.912288
10006.499935000 0.628426 -0.323494 0.300841 0.099865 -0.344304 -0.219708 0.907309
10006.533268000 0.627334 -0.318908 0.312169 0.104424 -0.350368 -0.229451 0.902048
10006.566601000 0.626269 -0.314311 0.322205 0.108618 -0.356481 -0.239049 0.896649
10006.599934000 0.625254 -0.310216 0.331161 0.111688 -0.362799 -0.248854 0.891052
10006.633267000 0.624542 -0.306425 0.339637 0.114860 -0.369777 -0.257351 0.885349
10006.666600000 0.623019 -0.299475 0.349207 0.117310 -0.381925 -0.271282 0.875659
10006.699933000 0.622295 -0.296997 0.351808 0.116376 -0.388269 -0.276292 0.871416
10006.733266000 0.621531 -0.294699 0.352183 0.115294 -0.393583 -0.280078 0.867961
10006.766599000 0.620817 -0.292115 0.351176 0.112512 -0.398464 -0.283006 0.865145
10006.799932000 0.620534 -0.290687 0.349911 0.110193 -0.403183 -0.285151 0.862548
10006.833265000 0.620411 -0.290386 0.347268 0.106369 -0.407337 -0.286913 0.860490
10006.866598000 0.620395 -0.290112 0.345843 0.103027 -0.411211 -0.287729 0.858780
10006.899931000 0.620737 -0.291743 0.343456 0.098655 -0.414660 -0.288477 0.857382
10006.933264000 0.621399 -0.294051 0.342888 0.094446 -0.417947 -0.289129 0.856040
10006.966597000 0.622689 -0.298241 0.343793 0.090344 -0.421586 -0.289203 0.854673
10006.999930000 0.627014 -0.311437 0.350265 0.083600 -0.427602 -0.290670 0.851868
10007.033263000 0.629906 -0.320329 0.356030 0.081121 -0.430706 -0.292078 0.850060
10007.066596000 0.632392 -0.331021 0.363005 0.077909 -0.433339 -0.293821 0.848420
10007.099929000 0.635887 -0.341791 0.371422 0.076059 -0.436247 -0.294861 0.846736
10007.133262000 0.640004 -0.354086 0.381107 0.074306 -0.439627 -0.297083 0.844362
10007.166595000 0.643972 -0.366244 0.390555 0.072917 -0.441998 -0.298316 0.842810
10007.199928000 0.648223 -0.378762 0.401498 0.071706 -0.444414 -0.300017 0.841037
10007.233261000 0.652487 -0.391931 0.411757 0.070405 -0.446835 -0.301812 0.839220
10007.266594000 0.656705 -0.404340 0.422648 0.069868 -0.449709 -0.303217 0.837222
10007.299927000 0.660618 -0.415833 0.431625 0.069477 -0.451373 -0.304332 0.835953
10007.333260000 0.669618 -0.436256 0.449183 0.070089 -0.455060 -0.305763 0.833377
10007.366593000 0.673274 -0.444605 0.457060 0.070816 -0.456298 -0.305488 0.832739
10007.399926000 0.676999 -0.452878 0.463712 0.070824 -0.457775 -0.305694 0.831852
10007.433259000 0.679331 -0.459930 0.469327 0.071273 -0.457650 -0.305358 0.832006
10007.466592000 0.682573 -0.466753 0.474831 0.071656 -0.458172 -0.305147 0.831763
10007.499925000 0.685742 -0.473202 0.480004 0.071203 -0.458543 -0.305464 0.831481
10007.533258000 0.687521 -0.478691 0.484371 0.071226 -0.457757 -0.304702 0.832192
10007.566591000 0.688544 -0.485047 0.489154 0.070102 -0.457112 -0.305247 0.832442
10007.599924000 0.690351 -0.490923 0.492491 0.068930 -0.455842 -0.305731 0.833058
10007.633257000 0.690338 -0.496726 0.496743 0.067544 -0.453840 -0.306248 0.834074
10007.666590000 0.689628 -0.510319 0.506552 0.062376 -0.449986 -0.308673 0.835669
10007.699923000 0.687838 -0.517512 0.511458 0.058804 -0.446852 -0.310840 0.836806
10007.733256000 0.686236 -0.525390 0.516945 0.054873 -0.444154 -0.312728 0.837805
10007.766589000 0.684802 -0.533174 0.522417 0.050952 -0.441259 -0.315123 0.838685
10007.799922000 0.682492 -0.542061 0.527104 0.045887 -0.437800 -0.317412 0.839926
10007.833255000 0.680013 -0.550334 0.532725 0.041168 -0.434553 -0.319540 0.841049
10007.866588000 0.676867 -0.559506 0.538994 0.036315 -0.431672 -0.321869 0.841868
10007.899921000 0.674267 -0.567162 0.545335 0.032401 -0.428373 -0.323397 0.843126
10007.933254000 0.671998 -0.576077 0.551461 0.028089 -0.425819 -0.325371 0.843814
10007.966587000 0.669526 -0.584227 0.557034 0.024046 -0.423079 -0.326504 0.844880
10007.999920000 0.666774 -0.600823 0.568627 0.017237 -0.419230 -0.327734 0.846487
10008.033253000 0.666250 -0.608626 0.575527 0.015040 -0.418480 -0.327649 0.846932
10008.066586000 0.665786 -0.616194 0.580956 0.012854 -0.417759 -0.327545 0.847364
10008.099919000 0.666102 -0.623592 0.586543 0.011731 -0.417112 -0.327443 0.847739
10008.133252000 0.667527 -0.631006 0.593248 0.010925 -0.417435 -0.326732 0.847865
10008.166585000 0.669617 -0.637262 0.599479 0.011025 -0.418202 -0.326282 0.847659
10008.199918000 0.672717 -0.643331 0.605623 0.012163 -0.419052 -0.325783 0.847415
10008.233251000 0.675692 -0.649317 0.611828 0.013530 -0.419452 -0.325066 0.847472
10008.266584000 0.680480 -0.653993 0.617271 0.016009 -0.420346 -0.324995 0.847013
10008.299917000 0.685224 -0.658875 0.624103 0.019277 -0.421582 -0.325166 0.846265
10008.333250000 0.699825 -0.667050 0.637698 0.027691 -0.423938 -0.327447 0.843971
10008.366583000 0.708248 -0.669972 0.643781 0.033322 -0.425361 -0.329279 0.842338
10008.399916000 0.717590 -0.672865 0.651238 0.039126 -0.426668 -0.331568 0.840527
10008.433249000 0.727411 -0.676922 0.657160 0.044877 -0.427756 -0.334432 0.838550
10008.466582000 0.738931 -0.679660 0.663684 0.051069 -0.429527 -0.337271 0.836150
10008.499915000 0.750320 -0.682329 0.668865 0.057341 -0.430625 -0.340501 0.833866
10008.533248000 0.762354 -0.687098 0.674255 0.062031 -0.431842 -0.344079 0.831429
10008.566581000 0.774233 -0.691687 0.678281 0.066801 -0.433566 -0.347749 0.828631
10008.599914000 0.786029 -0.696992 0.681492 0.070906 -0.434845 -0.351718 0.825940
10008.633247000 0.799258 -0.703427 0.684429 0.074413 -0.437420 -0.355654 0.822579
10008.666580000 0.824907 -0.719440 0.686761 0.077194 -0.442608 -0.363187 0.816232
10008.699913000 0.837477 -0.729861 0.686569 0.077263 -0.445485 -0.366909 0.812989
10008.733246000 0.850798 -0.739742 0.684980 0.076448 -0.448551 -0.369984 0.809981
10008.766579000 0.863575 -0.751324 0.683089 0.074547 -0.451932 -0.373185 0.806805
10008.799912000 0.876115 -0.762119 0.680737 0.072507 -0.455505 -0.375265 0.804011
10008.833245000 0.888821 -0.772927 0.678347 0.070527 -0.458995 -0.377278 0.801256
10008.866578000 0.900418 -0.783740 0.674475 0.067760 -0.461767 -0.378409 0.799366
10008.899911000 0.912734 -0.793754 0.671584 0.065392 -0.465158 -0.379407 0.797121
10008.933244000 0.924365 -0.801631 0.668304 0.063767 -0.467834 -0.379145 0.795810
10008.966577000 0.936126 -0.809530 0.665033 0.061892 -0.470503 -0.378403 0.794738
10008.999910000 0.958066 -0.820751 0.659770 0.059479 -0.474911 -0.374531 0.794134
10009.033243000 0.969171 -0.823106 0.657100 0.059270 -0.476520 -0.371138 0.794778
10009.066576000 0.978756 -0.824381 0.654822 0.059354 -0.477379 -0.368035 0.795699
10009.099909000 0.988205 -0.825176 0.653066 0.059704 -0.478782 -0.364875 0.796285
10009.133242000 0.998092 -0.823710 0.652375 0.061321 -0.479792 -0.362029 0.796853
10009.166575000 1.006687 -0.821192 0.651842 0.062902 -0.480828 -0.359203 0.797384
10009.199908000 1.015781 -0.817374 0.653128 0.065760 -0.482558 -0.357502 0.796872
10009.233241000 1.023975 -0.812946 0.653424 0.068618 -0.483356 -0.356922 0.796407
10009.266574000 1.030814 -0.808559 0.656247 0.071923 -0.484706 -0.357997 0.794811
10009.299907000 1.038406 -0.802440 0.659085 0.076289 -0.485988 -0.360250 0.792600
10009.333240000 1.051429 -0.788793 0.667511 0.087212 -0.489048 -0.370972 0.784606
10009.366573000 1.056964 -0.782242 0.673634 0.093091 -0.490983 -0.379187 0.778773
10009.399906000 1.063472 -0.774781 0.680183 0.099917 -0.492969 -0.388621 0.771992
10009.433239000 1.068922 -0.767791 0.686675 0.106711 -0.494739 -0.399214 0.764509
10009.466572000 1.075126 -0.759706 0.694167 0.114105 -0.496551 -0.410618 0.756181
10009.499905000 1.081391 -0.751705 0.701759 0.122222 -0.498403 -0.421905 0.747430
10009.533238000 1.088750 -0.743244 0.709332 0.130536 -0.499863 -0.433544 0.738334
10009.566571000 1.097086 -0.734371 0.717208 0.139270 -0.501709 -0.444684 0.728799
10009.599904000 1.105168 -0.726649 0.723288 0.147019 -0.502762 -0.455358 0.719906
10009.633237000 1.115602 -0.718146 0.731482 0.155369 -0.504958 -0.464814 0.710511
10009.666570000 1.139327 -0.701130 0.742972 0.171578 -0.507583 -0.480260 0.694457
10009.699903000 1.154049 -0.693897 0.747648 0.178916 -0.508775 -0.486127 0.687617
10009.733236000 1.170492 -0.685323 0.751502 0.186067 -0.510351 -0.489705 0.681990
10009.766569000 1.188105 -0.677627 0.753947 0.192688 -0.511290 -0.491954 0.677817
10009.799902000 1.208768 -0.670339 0.754568 0.198807 -0.512663 -0.491783 0.675131
10009.833235000 1.231558 -0.663015 0.754221 0.203896 -0.514309 -0.489662 0.673902
10009.866568000 1.256415 -0.656315 0.752323 0.208361 -0.515718 -0.484845 0.674942
10009.899901000 1.284600 -0.650005 0.748791 0.211882 -0.517807 -0.477428 0.677528
