10005.333280000 0.000000 0.000000 0.000000 0.000000 0.000000 0.000000 1.000000
10005.366613000 -0.028547 -0.008173 0.007390 0.005134 0.007426 0.002647 0.999956
10005.399946000 -0.052627 -0.017029 0.016203 0.006420 0.017401 0.003840 0.999821
10005.433279000 -0.077324 -0.031186 0.033070 0.010854 0.042283 0.010680 0.998990
10005.466612000 -0.091108 -0.043448 0.046094 0.013455 0.055093 0.017337 0.998240
10005.499945000 -0.118064 -0.044877 0.058823 0.017745 0.066359 0.022480 0.997385
10005.533278000 -0.132255 -0.052348 0.073749 0.017077 0.070232 0.022455 0.997132
10005.566611000 -0.156641 -0.053708 0.089657 0.018486 0.075248 0.022323 0.996744
10005.599944000 -0.179202 -0.057740 0.109577 0.014254 0.073950 0.023370 0.996886
10005.633277000 -0.199345 -0.064528 0.134551 0.011364 0.080677 0.026196 0.996331
10005.666610000 -0.223347 -0.078395 0.160309 0.015162 0.091972 0.033197 0.995093
10005.699943000 -0.244059 -0.100517 0.187008 0.021678 0.101451 0.043489 0.993653
10005.733276000 -0.282177 -0.124070 0.225641 0.030783 0.109893 0.058991 0.991714
10005.766609000 -0.304046 -0.140778 0.254147 0.023375 0.120129 0.067204 0.990205
10005.799942000 -0.324356 -0.163939 0.280861 0.021376 0.126846 0.075371 0.988824
10005.833275000 -0.350867 -0.177838 0.305854 0.023393 0.136228 0.078682 0.987271
10005.866608000 -0.369441 -0.190668 0.327978 0.020615 0.146279 0.078309 0.985924
10005.899941000 -0.388356 -0.212404 0.349349 0.020739 0.161727 0.081497 0.983246
10005.933274000 -0.426253 -0.234496 0.377308 0.034090 0.186698 0.090936 0.977605
10005.966607000 -0.451345 -0.243446 0.394906 0.039734 0.202510 0.098000 0.973554
10005.999940000 -0.486164 -0.259231 0.414226 0.041233 0.221927 0.107244 0.968270
10006.033273000 -0.525907 -0.270858 0.433933 0.044543 0.238575 0.118180 0.962877
10006.066606000 -0.570222 -0.281321 0.450594 0.047169 0.253975 0.131644 0.957048
10006.099939000 -0.614739 -0.300697 0.464631 0.049865 0.265809 0.142700 0.952101
10006.133272000 -0.663272 -0.319509 0.483202 0.059198 0.279949 0.150042 0.946368
10006.166605000 -0.721547 -0.339817 0.515984 0.058183 0.302133 0.154760 0.938818
10006.199938000 -0.753031 -0.356667 0.544978 0.055836 0.316240 0.159688 0.933474
10006.233271000 -0.777421 -0.370843 0.570500 0.055772 0.328632 0.162880 0.928634
10006.266604000 -0.797677 -0.387021 0.600812 0.054642 0.344361 0.164880 0.922629
10006.299937000 -0.814725 -0.407529 0.631060 0.054997 0.358370 0.165181 0.917203
10006.333270000 -0.824931 -0.426042 0.654527 0.060569 0.367612 0.162847 0.913605
10006.366603000 -0.838435 -0.445084 0.688608 0.068709 0.378113 0.162158 0.908853
10006.399936000 -0.846843 -0.465121 0.720975 0.074756 0.387581 0.166776 0.903536
10006.433269000 -0.852525 -0.487642 0.755216 0.078090 0.395029 0.176207 0.898223
10006.466602000 -0.855800 -0.512148 0.792648 0.074611 0.401393 0.188326 0.893224
10006.499935000 -0.855191 -0.536105 0.819149 0.075076 0.412345 0.200529 0.885507
10006.533268000 -0.848459 -0.553497 0.837957 0.075291 0.427953 0.201107 0.877920
10006.566601000 -0.850724 -0.579818 0.874706 0.076867 0.452239 0.206931 0.864147
10006.599934000 -0.852215 -0.589276 0.899774 0.073456 0.461422 0.215880 0.857374
10006.633267000 -0.851795 -0.598436 0.928157 0.061916 0.465526 0.226429 0.853336
10006.666600000 -0.851689 -0.616884 0.963863 0.046533 0.476510 0.234517 0.846034
10006.699933000 -0.851624 -0.630886 0.996254 0.039055 0.486362 0.240257 0.839168
10006.733266000 -0.849482 -0.654355 1.027388 0.042173 0.494347 0.247288 0.832281
10006.766599000 -0.852473 -0.677219 1.060511 0.052395 0.506445 0.249872 0.823609
10006.799932000 -0.857348 -0.706392 1.102510 0.054550 0.519885 0.251823 0.814450
10006.833265000 -0.862128 -0.731403 1.136612 0.055795 0.525484 0.248745 0.811714
10006.866598000 -0.864495 -0.753710 1.173758 0.052079 0.531543 0.249509 0.807772
10006.899931000 -0.861529 -0.772848 1.213552 0.044360 0.536736 0.250131 0.804600
10006.933264000 -0.856239 -0.793110 1.254715 0.038487 0.535203 0.253096 0.804996
10006.966597000 -0.851602 -0.809163 1.287965 0.038555 0.532845 0.253303 0.806490
10006.999930000 -0.846311 -0.821734 1.318814 0.036010 0.530113 0.252524 0.808650
10007.033263000 -0.830547 -0.850690 1.369433 0.039680 0.537263 0.256105 0.802611
10007.066596000 -0.827153 -0.869375 1.411114 0.049480 0.546555 0.258574 0.794965
10007.099929000 -0.821409 -0.889363 1.449020 0.054691 0.547412 0.268268 0.790811
10007.133262000 -0.812826 -0.903254 1.479365 0.048992 0.549011 0.278099 0.786668
10007.166595000 -0.799768 -0.923943 1.494766 0.043756 0.559759 0.286167 0.776443
10007.199928000 -0.794480 -0.942112 1.516751 0.037201 0.575987 0.290666 0.763131
10007.233261000 -0.789998 -0.966160 1.543613 0.042231 0.592673 0.293605 0.748834
10007.266594000 -0.789924 -0.985183 1.569168 0.049999 0.608463 0.300193 0.732910
10007.299927000 -0.799836 -0.999052 1.601081 0.051602 0.622458 0.309518 0.716995
10007.333260000 -0.803059 -1.015356 1.631065 0.048124 0.637008 0.321103 0.699141
10007.366593000 -0.809834 -1.036535 1.666649 0.045970 0.654346 0.334433 0.676663
10007.399926000 -0.831585 -1.046471 1.702476 0.042857 0.673945 0.346493 0.651080
10007.433259000 -0.848914 -1.061934 1.732399 0.033515 0.695606 0.364173 0.618375
10007.466592000 -0.865227 -1.076700 1.760902 0.019026 0.709662 0.389734 0.586622
10007.499925000 -0.868864 -1.104990 1.774448 0.006869 0.723220 0.405847 0.558743
10007.533258000 -0.897047 -1.108163 1.790709 0.005568 0.735423 0.411151 0.538588
10007.566591000 -0.914426 -1.125156 1.808635 0.004608 0.744343 0.430558 0.510442
10007.599924000 -0.930744 -1.131479 1.817070 0.013869 0.746074 0.436335 0.502786
10007.633257000 -0.948179 -1.134431 1.828071 0.013553 0.747390 0.438752 0.498719
10007.666590000 -0.967270 -1.133881 1.842290 0.011002 0.747231 0.438928 0.498866
10007.699923000 -0.972861 -1.140043 1.855625 0.005742 0.740990 0.446241 0.501767
10007.733256000 -0.981237 -1.147759 1.860299 0.004961 0.736286 0.447579 0.507476
10007.766589000 -0.996158 -1.152239 1.865292 0.010275 0.734929 0.444435 0.512105
10007.799922000 -1.024038 -1.145807 1.882500 0.014371 0.732125 0.444972 0.515545
10007.833255000 -1.036214 -1.157294 1.885671 0.011404 0.723470 0.450233 0.523213
10007.866588000 -1.046279 -1.164762 1.902247 0.012849 0.718984 0.447496 0.531643
10007.899921000 -1.046208 -1.174765 1.915218 0.012147 0.712462 0.446146 0.541484
10007.933254000 -1.045230 -1.187324 1.928304 0.013728 0.707041 0.441342 0.552379
10007.966587000 -1.041424 -1.198669 1.949625 0.013682 0.706050 0.434003 0.559417
10007.999920000 -1.037264 -1.207430 1.962667 0.012263 0.703622 0.427763 0.567260
10008.033253000 -1.024898 -1.223410 1.977743 0.011142 0.700457 0.424281 0.573778
10008.066586000 -1.012933 -1.237582 1.998426 0.011180 0.697330 0.419150 0.581309
10008.099919000 -1.001622 -1.248473 2.024586 0.011006 0.694602 0.412917 0.588988
10008.133252000 -0.986157 -1.260412 2.041626 0.009285 0.690472 0.410010 0.595865
10008.166585000 -0.962835 -1.278335 2.061269 0.009116 0.687851 0.404770 0.602445
10008.199918000 -0.942261 -1.296914 2.083182 0.013702 0.687256 0.399336 0.606649
10008.233251000 -0.920202 -1.315387 2.102512 0.021910 0.687916 0.395842 0.607948
10008.266584000 -0.890467 -1.331102 2.122720 0.028429 0.682701 0.397451 0.612490
10008.299917000 -0.865204 -1.342448 2.134814 0.031066 0.685410 0.397673 0.609183
10008.333250000 -0.840239 -1.353890 2.141006 0.034810 0.687975 0.397945 0.605904
10008.366583000 -0.814073 -1.360782 2.142487 0.038361 0.690994 0.395411 0.603909
10008.399916000 -0.787324 -1.366066 2.145520 0.040359 0.694382 0.394397 0.600547
10008.433249000 -0.760695 -1.368134 2.147235 0.041995 0.697331 0.391768 0.598735
10008.466582000 -0.729214 -1.373026 2.144858 0.043593 0.699455 0.389317 0.597741
10008.499915000 -0.702890 -1.368478 2.146230 0.047565 0.700551 0.382357 0.600641
10008.533248000 -0.667488 -1.374592 2.144953 0.048472 0.697237 0.381010 0.605262
10008.566581000 -0.636556 -1.377529 2.145108 0.051103 0.693053 0.375112 0.613479
10008.599914000 -0.600080 -1.384197 2.143113 0.052263 0.688442 0.372360 0.620213
10008.633247000 -0.549908 -1.402719 2.149356 0.057862 0.683859 0.360084 0.631925
10008.666580000 -0.521447 -1.414676 2.159783 0.059673 0.674478 0.351241 0.646644
10008.699913000 -0.497328 -1.427943 2.176248 0.061580 0.664774 0.341362 0.661631
10008.733246000 -0.475522 -1.440596 2.192725 0.063244 0.653178 0.336432 0.675406
10008.766579000 -0.454043 -1.452881 2.212277 0.064464 0.641487 0.331214 0.688938
10008.799912000 -0.429646 -1.463522 2.229928 0.065145 0.633361 0.326229 0.698702
10008.833245000 -0.405328 -1.468119 2.254340 0.066021 0.628994 0.322108 0.704453
10008.866578000 -0.374358 -1.479662 2.278251 0.065172 0.627196 0.322175 0.706102
10008.899911000 -0.346331 -1.490499 2.300216 0.065308 0.632046 0.321110 0.702240
10008.933244000 -0.320823 -1.503779 2.319447 0.059931 0.631471 0.326378 0.700807
10008.966577000 -0.284260 -1.521078 2.331033 0.056233 0.634256 0.331106 0.696367
10008.999910000 -0.256792 -1.533581 2.349289 0.056057 0.640076 0.333248 0.690004
10009.033243000 -0.230428 -1.543244 2.358396 0.057330 0.640462 0.338454 0.687001
10009.066576000 -0.207198 -1.546386 2.364670 0.054121 0.645623 0.340141 0.681576
10009.099909000 -0.172545 -1.556121 2.368873 0.053691 0.650739 0.348597 0.672411
10009.133242000 -0.125609 -1.559737 2.375259 0.057965 0.659254 0.351847 0.661988
10009.166575000 -0.090696 -1.565746 2.376059 0.058761 0.668852 0.354085 0.651005
10009.199908000 -0.049782 -1.567545 2.378158 0.059872 0.680203 0.354958 0.638548
10009.233241000 -0.009227 -1.570248 2.376742 0.064431 0.689699 0.355569 0.627482
10009.266574000 0.028196 -1.574133 2.385008 0.064975 0.694853 0.355374 0.621825
10009.299907000 0.070041 -1.577710 2.391521 0.060474 0.697592 0.362215 0.615230
10009.333240000 0.112591 -1.584682 2.395445 0.056380 0.697854 0.373817 0.608343
10009.366573000 0.144885 -1.588263 2.407224 0.056617 0.699054 0.373761 0.606976
10009.399906000 0.178809 -1.595712 2.423061 0.049220 0.698654 0.377707 0.605638
10009.433239000 0.216122 -1.606134 2.438308 0.045875 0.700034 0.381342 0.602019
10009.466572000 0.265172 -1.627311 2.466732 0.051212 0.706347 0.382976 0.593111
10009.499905000 0.288279 -1.643473 2.484070 0.059506 0.711543 0.381066 0.587328
10009.533238000 0.325148 -1.666551 2.515702 0.068009 0.720696 0.377449 0.577498
10009.566571000 0.357910 -1.689702 2.550496 0.070454 0.729924 0.375935 0.566498
10009.599904000 0.392133 -1.714432 2.583953 0.065088 0.737400 0.379171 0.555189
10009.633237000 0.431359 -1.745845 2.602577 0.062662 0.743765 0.387860 0.540787
10009.666570000 0.462382 -1.771376 2.621802 0.066927 0.753802 0.387318 0.526581
10009.699903000 0.498073 -1.791972 2.647275 0.066908 0.763253 0.386852 0.513140
10009.733236000 0.544465 -1.809934 2.662345 0.061828 0.773327 0.390373 0.495733
10009.766569000 0.588856 -1.820020 2.685562 0.060214 0.785791 0.388717 0.477290
10009.799902000 0.636539 -1.830344 2.702997 0.057859 0.793503 0.390258 0.463362
10009.833235000 0.705395 -1.838169 2.721097 0.062104 0.800614 0.390847 0.449887
10009.866568000 0.754923 -1.845224 2.729033 0.066693 0.805618 0.391370 0.439728
10009.899901000 0.816621 -1.855141 2.746400 0.059645 0.809691 0.401245 0.424082
10009.933234000 0.873604 -1.874429 2.745833 0.059792 0.810305 0.409873 0.414529
10009.966567000 0.918913 -1.886103 2.758235 0.053511 0.811426 0.407442 0.415590
10009.999900000 0.969795 -1.905264 2.761057 0.045801 0.816787 0.405253 0.408081
10010.033233000 1.008335 -1.913703 2.757559 0.043893 0.822740 0.400705 0.400759
10010.066566000 1.079592 -1.926112 2.770673 0.043224 0.831038 0.400586 0.383455
10010.099899000 1.132063 -1.928897 2.782727 0.039600 0.834470 0.406255 0.370200
10010.133232000 1.178766 -1.937473 2.798265 0.039484 0.837496 0.411285 0.357611
10010.166565000 1.226236 -1.949345 2.816607 0.037523 0.839797 0.417412 0.345110
