10005.333280000 0.000000 0.000000 0.000000 0.000000 0.000000 0.000000 1.000000
10005.366613000 -0.028548 -0.008180 0.007388 0.005132 0.007427 0.002648 0.999956
10005.399946000 -0.052597 -0.017034 0.016187 0.006418 0.017396 0.003836 0.999821
10005.433279000 -0.077286 -0.031222 0.033039 0.010851 0.042273 0.010687 0.998990
10005.466612000 -0.091047 -0.043518 0.046041 0.013446 0.055080 0.017351 0.998241
10005.499945000 -0.118008 -0.044914 0.058795 0.017740 0.066348 0.022476 0.997386
10005.533278000 -0.132157 -0.052406 0.073705 0.017072 0.070207 0.022469 0.997133
10005.566611000 -0.156602 -0.053736 0.089644 0.018475 0.075242 0.022328 0.996744
10005.599944000 -0.179128 -0.057936 0.109425 0.014217 0.073945 0.023392 0.996887
10005.633277000 -0.199216 -0.064664 0.134480 0.011341 0.080646 0.026236 0.996333
10005.666610000 -0.223076 -0.078483 0.160187 0.015143 0.091924 0.033213 0.995097
10005.699943000 -0.244034 -0.100423 0.186958 0.021695 0.101449 0.043482 0.993653
10005.733276000 -0.282129 -0.124119 0.225483 0.030768 0.109880 0.059009 0.991715
10005.766609000 -0.303995 -0.140737 0.253941 0.023381 0.120124 0.067227 0.990204
10005.799942000 -0.324251 -0.164090 0.280723 0.021341 0.126826 0.075396 0.988825
10005.833275000 -0.350699 -0.177915 0.305767 0.023373 0.136198 0.078702 0.987274
10005.866608000 -0.369308 -0.190599 0.328048 0.020620 0.146258 0.078300 0.985927
10005.899941000 -0.388365 -0.212496 0.349325 0.020707 0.161738 0.081486 0.983246
10005.933274000 -0.426210 -0.234543 0.377291 0.034076 0.186700 0.090918 0.977607
10005.966607000 -0.451267 -0.243428 0.394981 0.039737 0.202511 0.097983 0.973555
10005.999940000 -0.486168 -0.259173 0.414267 0.041250 0.221929 0.107229 0.968271
10006.033273000 -0.525826 -0.270846 0.433810 0.044544 0.238551 0.118188 0.962882
10006.066606000 -0.570205 -0.281280 0.450453 0.047177 0.253961 0.131654 0.957050
10006.099939000 -0.614880 -0.300735 0.464470 0.049864 0.265822 0.142715 0.952095
10006.133272000 -0.663288 -0.319483 0.483119 0.059205 0.279947 0.150063 0.946364
10006.166605000 -0.721745 -0.339975 0.515795 0.058162 0.302153 0.154821 0.938803
10006.199938000 -0.753130 -0.356644 0.544898 0.055843 0.316248 0.159699 0.933470
10006.233271000 -0.777388 -0.370862 0.570363 0.055764 0.328612 0.162911 0.928636
10006.266604000 -0.797807 -0.387070 0.600748 0.054635 0.344381 0.164921 0.922615
10006.299937000 -0.814997 -0.407807 0.630993 0.054947 0.358417 0.165244 0.917176
10006.333270000 -0.825052 -0.426220 0.654644 0.060537 0.367661 0.162897 0.913578
10006.366603000 -0.838482 -0.445268 0.688626 0.068671 0.378133 0.162207 0.908839
10006.399936000 -0.847047 -0.465277 0.721124 0.074717 0.387648 0.166799 0.903507
10006.433269000 -0.852658 -0.487814 0.755218 0.078050 0.395066 0.176263 0.898200
10006.466602000 -0.855902 -0.512321 0.792758 0.074554 0.401448 0.188376 0.893194
10006.499935000 -0.855372 -0.536292 0.819199 0.075020 0.412401 0.200565 0.885478
10006.533268000 -0.848624 -0.553695 0.838052 0.075232 0.428015 0.201143 0.877887
10006.566601000 -0.850941 -0.580106 0.874829 0.076777 0.452320 0.206952 0.864108
10006.599934000 -0.852371 -0.589781 0.899958 0.073317 0.461513 0.215914 0.857328
10006.633267000 -0.851978 -0.598784 0.928263 0.061810 0.465601 0.226456 0.853296
10006.666600000 -0.851891 -0.617290 0.963925 0.046416 0.476580 0.234566 0.845988
10006.699933000 -0.851751 -0.631337 0.996372 0.038931 0.486433 0.240313 0.839117
10006.733266000 -0.849579 -0.654762 1.027476 0.042051 0.494406 0.247333 0.832239
10006.766599000 -0.852582 -0.677673 1.060691 0.052268 0.506527 0.249913 0.823555
10006.799932000 -0.857486 -0.706818 1.102692 0.054423 0.519972 0.251869 0.814389
10006.833265000 -0.862301 -0.731839 1.136709 0.055683 0.525557 0.248794 0.811659
10006.866598000 -0.864576 -0.754191 1.173868 0.051947 0.531607 0.249557 0.807723
10006.899931000 -0.861630 -0.773435 1.213719 0.044206 0.536813 0.250183 0.804541
10006.933264000 -0.856300 -0.793708 1.254853 0.038335 0.535272 0.253165 0.804936
10006.966597000 -0.851690 -0.809634 1.287932 0.038440 0.532879 0.253389 0.806447
10006.999930000 -0.846449 -0.822229 1.318831 0.035892 0.530170 0.252618 0.808589
10007.033263000 -0.830675 -0.851085 1.369408 0.039584 0.537306 0.256180 0.802563
10007.066596000 -0.827257 -0.869859 1.411070 0.049364 0.546592 0.258665 0.794917
10007.099929000 -0.821527 -0.889874 1.449010 0.054576 0.547454 0.268352 0.790760
10007.133262000 -0.812915 -0.903699 1.479334 0.048879 0.549049 0.278173 0.786623
10007.166595000 -0.799861 -0.924461 1.494752 0.043636 0.559803 0.286264 0.776382
10007.199928000 -0.794556 -0.942679 1.516676 0.037058 0.576014 0.290770 0.763077
10007.233261000 -0.790125 -0.966715 1.543533 0.042106 0.592706 0.293714 0.748772
10007.266594000 -0.790051 -0.985751 1.569114 0.049868 0.608506 0.300293 0.732842
10007.299927000 -0.799981 -0.999642 1.601003 0.051477 0.622499 0.309622 0.716923
10007.333260000 -0.803122 -1.015971 1.630897 0.047978 0.637021 0.321218 0.699086
10007.366593000 -0.809883 -1.037114 1.666606 0.045833 0.654382 0.334534 0.676587
10007.399926000 -0.831720 -1.047024 1.702365 0.042728 0.673975 0.346580 0.651010
10007.433259000 -0.848969 -1.062471 1.732345 0.033377 0.695643 0.364250 0.618295
10007.466592000 -0.865279 -1.077241 1.760829 0.018895 0.709694 0.389811 0.586537
10007.499925000 -0.868896 -1.105534 1.774369 0.006730 0.723248 0.405922 0.558654
10007.533258000 -0.897046 -1.108744 1.790569 0.005427 0.735440 0.411238 0.538499
10007.566591000 -0.914429 -1.125738 1.808567 0.004453 0.744370 0.430620 0.510353
10007.599924000 -0.930771 -1.132069 1.817007 0.013716 0.746103 0.436394 0.502695
10007.633257000 -0.948329 -1.134944 1.827924 0.013448 0.747404 0.438811 0.498650
10007.666590000 -0.967343 -1.134449 1.842179 0.010871 0.747248 0.438996 0.498783
10007.699923000 -0.972977 -1.140614 1.855507 0.005628 0.741008 0.446307 0.501683
10007.733256000 -0.981392 -1.148321 1.860214 0.004847 0.736312 0.447630 0.507393
10007.766589000 -0.996233 -1.152832 1.865277 0.010133 0.734964 0.444484 0.512015
10007.799922000 -1.024180 -1.146302 1.882422 0.014256 0.732154 0.445018 0.515467
10007.833255000 -1.036406 -1.157866 1.885569 0.011287 0.723493 0.450285 0.523139
10007.866588000 -1.046437 -1.165290 1.902187 0.012738 0.719014 0.447547 0.531562
10007.899921000 -1.046371 -1.175290 1.915204 0.012040 0.712504 0.446191 0.541394
10007.933254000 -1.045418 -1.187862 1.928300 0.013613 0.707087 0.441372 0.552299
10007.966587000 -1.041579 -1.199290 1.949758 0.013552 0.706123 0.434030 0.559307
10007.999920000 -1.037305 -1.208073 1.962712 0.012104 0.703676 0.427810 0.567162
10008.033253000 -1.024972 -1.224008 1.977759 0.011009 0.700502 0.424339 0.573683
10008.066586000 -1.013040 -1.238151 1.998435 0.011037 0.697377 0.419186 0.581229
10008.099919000 -1.001784 -1.249005 2.024606 0.010884 0.694647 0.412959 0.588907
10008.133252000 -0.986255 -1.260970 2.041502 0.009159 0.690490 0.410095 0.595787
10008.166585000 -0.962944 -1.278825 2.061249 0.009002 0.687890 0.404841 0.602354
10008.199918000 -0.942405 -1.297462 2.083130 0.013586 0.687290 0.399412 0.606563
10008.233251000 -0.920271 -1.315895 2.102531 0.021797 0.687965 0.395913 0.607850
10008.266584000 -0.890567 -1.331596 2.122572 0.028316 0.682720 0.397539 0.612416
10008.299917000 -0.865342 -1.342910 2.134628 0.030961 0.685426 0.397765 0.609110
10008.333250000 -0.840315 -1.354322 2.140887 0.034704 0.688000 0.398036 0.605821
10008.366583000 -0.814136 -1.361211 2.142320 0.038256 0.691013 0.395515 0.603826
10008.399916000 -0.787341 -1.366455 2.145426 0.040254 0.694408 0.394488 0.600464
10008.433249000 -0.760779 -1.368526 2.147150 0.041899 0.697368 0.391858 0.598640
10008.466582000 -0.729282 -1.373458 2.144707 0.043490 0.699474 0.389429 0.597653
10008.499915000 -0.703037 -1.368959 2.146034 0.047452 0.700561 0.382471 0.600566
10008.533248000 -0.667524 -1.375019 2.144838 0.048371 0.697263 0.381123 0.605170
10008.566581000 -0.636686 -1.377984 2.144885 0.051005 0.693059 0.375243 0.613401
10008.599914000 -0.600289 -1.384777 2.142887 0.052157 0.688455 0.372513 0.620116
10008.633247000 -0.550018 -1.403103 2.149149 0.057770 0.683870 0.360220 0.631844
10008.666580000 -0.521512 -1.415057 2.159589 0.059584 0.674494 0.351386 0.646556
10008.699913000 -0.497478 -1.428477 2.176006 0.061485 0.664779 0.341527 0.661549
10008.733246000 -0.475572 -1.440923 2.192531 0.063171 0.653188 0.336566 0.675336
10008.766579000 -0.454086 -1.453203 2.211998 0.064395 0.641474 0.331360 0.688886
10008.799912000 -0.429745 -1.463752 2.229572 0.065085 0.633336 0.326364 0.698668
10008.833245000 -0.405502 -1.468452 2.254049 0.065955 0.628987 0.322243 0.704404
10008.866578000 -0.374350 -1.479770 2.277918 0.065125 0.627171 0.322287 0.706078
10008.899911000 -0.346388 -1.490725 2.299899 0.065247 0.632026 0.321233 0.702207
10008.933244000 -0.320835 -1.503946 2.319050 0.059871 0.631428 0.326516 0.700786
10008.966577000 -0.284276 -1.521219 2.330683 0.056165 0.634227 0.331231 0.696339
10008.999910000 -0.256865 -1.533711 2.348920 0.055995 0.640046 0.333366 0.689980
10009.033243000 -0.230574 -1.543537 2.358076 0.057250 0.640455 0.338586 0.686949
10009.066576000 -0.207285 -1.546575 2.364218 0.054064 0.645579 0.340294 0.681546
10009.099909000 -0.172581 -1.556181 2.368474 0.053634 0.650697 0.348726 0.672389
10009.133242000 -0.125604 -1.559863 2.374894 0.057889 0.659217 0.351978 0.661962
10009.166575000 -0.090895 -1.566094 2.375672 0.058676 0.668830 0.354241 0.650951
10009.199908000 -0.050142 -1.567841 2.377764 0.059793 0.680184 0.355096 0.638499
10009.233241000 -0.009475 -1.570536 2.376323 0.064348 0.689668 0.355716 0.627442
10009.266574000 0.028117 -1.574289 2.384705 0.064893 0.694836 0.355493 0.621785
10009.299907000 0.069904 -1.577914 2.391158 0.060388 0.697560 0.362350 0.615196
10009.333240000 0.112352 -1.585058 2.395170 0.056252 0.697847 0.373934 0.608292
10009.366573000 0.144724 -1.588682 2.406935 0.056484 0.699037 0.373895 0.606926
10009.399906000 0.178610 -1.595945 2.422726 0.049124 0.698625 0.377830 0.605603
10009.433239000 0.215880 -1.606379 2.438017 0.045781 0.700016 0.381457 0.601974
10009.466572000 0.264884 -1.627474 2.466333 0.051116 0.706305 0.383088 0.593097
10009.499905000 0.288100 -1.643718 2.483724 0.059397 0.711511 0.381195 0.587294
10009.533238000 0.324919 -1.666532 2.515234 0.067934 0.720645 0.377559 0.577500
10009.566571000 0.357714 -1.689739 2.550122 0.070360 0.729888 0.376034 0.566490
10009.599904000 0.391942 -1.714385 2.583541 0.065008 0.737363 0.379270 0.555179
10009.633237000 0.431127 -1.745691 2.602147 0.062591 0.743726 0.387944 0.540789
10009.666570000 0.462310 -1.771240 2.621416 0.066850 0.753769 0.387409 0.526572
10009.699903000 0.497996 -1.791766 2.646874 0.066828 0.763219 0.386936 0.513139
10009.733236000 0.544470 -1.809687 2.661977 0.061743 0.773306 0.390452 0.495715
10009.766569000 0.588674 -1.819906 2.685210 0.060134 0.785764 0.388801 0.477276
10009.799902000 0.636437 -1.830091 2.702602 0.057782 0.793477 0.390339 0.463348
10009.833235000 0.705467 -1.837960 2.720784 0.062000 0.800601 0.390934 0.449851
10009.866568000 0.754642 -1.844968 2.728695 0.066629 0.805598 0.391435 0.439718
10009.899901000 0.816546 -1.854829 2.746080 0.059565 0.809677 0.401310 0.424057
10009.933234000 0.873569 -1.874049 2.745590 0.059722 0.810304 0.409927 0.414488
10009.966567000 0.918819 -1.885839 2.757920 0.053411 0.811409 0.407503 0.415577
10009.999900000 0.969773 -1.904827 2.760711 0.045728 0.816774 0.405310 0.408060
10010.033233000 1.008197 -1.913351 2.757316 0.043823 0.822733 0.400746 0.400741
10010.066566000 1.079446 -1.925780 2.770378 0.043135 0.831019 0.400639 0.383452
10010.099899000 1.131986 -1.928435 2.782421 0.039530 0.834461 0.406303 0.370176
10010.133232000 1.178608 -1.937128 2.798009 0.039402 0.837483 0.411326 0.357605
10010.166565000 1.226045 -1.949031 2.816323 0.037440 0.839778 0.417461 0.345105
