10000.000000000 0.000000 0.000000 0.000000 0.000000 0.000000 0.000000 1.000000
10000.033333000 -0.000677 0.005301 -0.000186 -0.000530 0.000462 -0.002138 0.999997
10000.066666000 -0.000940 0.002992 -0.000689 -0.001157 0.000357 -0.003030 0.999995
10000.099999000 -0.004880 0.004587 0.000112 -0.000988 0.000662 -0.004266 0.999990
10000.133332000 -0.005100 0.004932 -0.000457 -0.001799 -0.000468 -0.006192 0.999979
10000.166665000 -0.007778 0.008967 -0.000199 -0.007051 0.000493 -0.007520 0.999947
10000.199998000 -0.013375 0.003936 0.002406 -0.011285 0.000429 -0.008571 0.999899
10000.233331000 -0.016598 0.005052 0.000787 -0.008250 -0.000829 -0.009087 0.999924
10000.266664000 -0.019388 -0.000662 -0.000870 -0.005528 -0.002532 -0.009553 0.999936
10000.299997000 -0.022109 0.000632 -0.001528 -0.002190 -0.003898 -0.010457 0.999935
10000.333330000 -0.024579 0.000767 -0.000628 0.001580 -0.005705 -0.012051 0.999910
10000.366663000 -0.024629 -0.004934 -0.000085 0.005620 -0.007997 -0.012871 0.999869
10000.399996000 -0.028115 -0.014254 -0.000348 0.010136 -0.008216 -0.014550 0.999809
10000.433329000 -0.027649 -0.021170 -0.004559 0.017340 -0.009096 -0.015984 0.999680
10000.466662000 -0.029599 -0.022777 -0.006222 0.025550 -0.008767 -0.017340 0.999485
10000.499995000 -0.037668 -0.026796 -0.010253 0.031613 -0.007185 -0.018382 0.999305
10000.533328000 -0.035652 -0.030809 -0.013272 0.037223 -0.009185 -0.019537 0.999074
10000.566661000 -0.036627 -0.034156 -0.016447 0.042732 -0.009933 -0.021240 0.998811
10000.599994000 -0.039396 -0.038600 -0.017162 0.048605 -0.009923 -0.022092 0.998524
10000.633327000 -0.038687 -0.045350 -0.021289 0.056307 -0.010996 -0.022045 0.998110
10000.666660000 -0.041687 -0.053388 -0.024216 0.063308 -0.011316 -0.023544 0.997652
10000.699993000 -0.039064 -0.052941 -0.025270 0.070428 -0.011908 -0.025614 0.997117
10000.733326000 -0.041295 -0.056658 -0.027155 0.077088 -0.012981 -0.026888 0.996577
10000.766659000 -0.040780 -0.058908 -0.030467 0.083122 -0.015067 -0.027435 0.996048
10000.799992000 -0.041562 -0.065140 -0.029684 0.087116 -0.016507 -0.027723 0.995676
10000.833325000 -0.043029 -0.072084 -0.034963 0.089217 -0.018111 -0.028563 0.995438
10000.866658000 -0.051032 -0.080246 -0.037259 0.089951 -0.019013 -0.031034 0.995281
10000.899991000 -0.051257 -0.081681 -0.037782 0.093084 -0.022009 -0.033586 0.994848
10000.933324000 -0.053015 -0.084489 -0.038780 0.094839 -0.023888 -0.036226 0.994546
10000.966657000 -0.052121 -0.084892 -0.039919 0.097142 -0.026231 -0.037559 0.994216
10000.999990000 -0.049009 -0.083651 -0.035942 0.098369 -0.030311 -0.038088 0.993959
10001.033323000 -0.052275 -0.084308 -0.036390 0.099296 -0.034535 -0.038053 0.993730
10001.066656000 -0.054268 -0.081524 -0.037180 0.101313 -0.041103 -0.038347 0.993265
10001.099989000 -0.054694 -0.082516 -0.039100 0.100645 -0.048739 -0.040009 0.992922
10001.133322000 -0.058253 -0.083926 -0.034993 0.100027 -0.055646 -0.042715 0.992509
10001.166655000 -0.059735 -0.077478 -0.035252 0.101815 -0.063010 -0.046120 0.991734
10001.199988000 -0.068189 -0.083473 -0.036399 0.100710 -0.069562 -0.049262 0.991258
10001.233321000 -0.069033 -0.083366 -0.033952 0.100261 -0.078148 -0.052844 0.990479
10001.266654000 -0.073797 -0.078959 -0.031439 0.100299 -0.086873 -0.055940 0.989578
10001.299987000 -0.077297 -0.077692 -0.031456 0.099023 -0.096070 -0.058387 0.988714
10001.333320000 -0.072851 -0.084031 -0.025822 0.096715 -0.108381 -0.062062 0.987445
10001.366653000 -0.078653 -0.083541 -0.024565 0.095507 -0.115935 -0.064508 0.986548
10001.399986000 -0.081698 -0.082454 -0.023322 0.095066 -0.124019 -0.066933 0.985445
10001.433319000 -0.085476 -0.078051 -0.024829 0.094174 -0.131847 -0.070847 0.984240
10001.466652000 -0.088421 -0.077170 -0.022627 0.091464 -0.140435 -0.074791 0.983015
10001.499985000 -0.078798 -0.080099 -0.014678 0.087815 -0.152426 -0.079012 0.981230
10001.533318000 -0.083818 -0.078212 -0.013714 0.086072 -0.160767 -0.081590 0.979841
10001.566651000 -0.086208 -0.076248 -0.012534 0.083686 -0.169290 -0.084379 0.978375
10001.599984000 -0.085945 -0.070989 -0.010355 0.082233 -0.177751 -0.087048 0.976763
10001.633317000 -0.088269 -0.069143 -0.007464 0.078403 -0.186512 -0.090804 0.975100
10001.666650000 -0.081570 -0.070618 -0.000501 0.074450 -0.198223 -0.096565 0.972543
10001.699983000 -0.086922 -0.058218 0.000086 0.072319 -0.207061 -0.097396 0.970778
10001.733316000 -0.088428 -0.053542 0.002641 0.068528 -0.216355 -0.100354 0.968723
10001.766649000 -0.091050 -0.051555 0.003411 0.063736 -0.224468 -0.104496 0.966764
10001.799982000 -0.094670 -0.049855 0.006860 0.060192 -0.230165 -0.109454 0.965101
10001.833315000 -0.094012 -0.053517 0.011439 0.055949 -0.236640 -0.115633 0.963068
10001.866648000 -0.096212 -0.046366 0.013412 0.054390 -0.241051 -0.117953 0.961781
10001.899981000 -0.099074 -0.044594 0.017274 0.050847 -0.246266 -0.120854 0.960293
10001.933314000 -0.101040 -0.040101 0.022955 0.046485 -0.252131 -0.123510 0.958652
10001.966647000 -0.102507 -0.037497 0.027772 0.040777 -0.258341 -0.126262 0.956899
10001.999980000 -0.101597 -0.038889 0.038285 0.035784 -0.268472 -0.129179 0.953916
10002.033313000 -0.111169 -0.038125 0.039559 0.032443 -0.275479 -0.131649 0.951697
10002.066646000 -0.117017 -0.034933 0.044132 0.028818 -0.284828 -0.132737 0.948906
10002.099979000 -0.124902 -0.035753 0.063542 0.020199 -0.302528 -0.136199 0.943143
10002.133312000 -0.132739 -0.039219 0.078962 0.015260 -0.310546 -0.140660 0.939970
10002.166645000 -0.144286 -0.043161 0.103260 0.010409 -0.319185 -0.145168 0.936450
10002.199978000 -0.165979 -0.055466 0.126783 0.011614 -0.322562 -0.151465 0.934279
10002.233311000 -0.176289 -0.060438 0.145992 0.013399 -0.325376 -0.152257 0.933150
10002.266644000 -0.189722 -0.069083 0.177366 0.011493 -0.329356 -0.154390 0.931427
10002.299977000 -0.197174 -0.072726 0.197918 0.009419 -0.332517 -0.155167 0.930197
10002.333310000 -0.203218 -0.075868 0.217835 0.001900 -0.336081 -0.155822 0.928852
10002.366643000 -0.211109 -0.084539 0.236158 -0.002863 -0.337135 -0.158797 0.927963
10002.399976000 -0.215649 -0.093616 0.254785 -0.006152 -0.339619 -0.158912 0.927021
10002.433309000 -0.215630 -0.101220 0.274930 -0.005179 -0.343559 -0.157236 0.925860
10002.466642000 -0.214526 -0.109691 0.295755 -0.007483 -0.346655 -0.156308 0.924847
10002.499975000 -0.206499 -0.118274 0.323885 -0.010238 -0.351135 -0.156296 0.923131
10002.533308000 -0.200433 -0.132084 0.351219 -0.013777 -0.352400 -0.158057 0.922303
10002.566641000 -0.191579 -0.145490 0.380392 -0.012516 -0.354060 -0.161412 0.921103
10002.599974000 -0.178498 -0.163573 0.411830 -0.009776 -0.357708 -0.165721 0.918959
10002.633307000 -0.165765 -0.173377 0.438036 0.002370 -0.362708 -0.168301 0.916576
10002.666640000 -0.154425 -0.171507 0.462452 -0.000021 -0.366634 -0.175798 0.913605
10002.699973000 -0.147996 -0.198097 0.488000 -0.013053 -0.371349 -0.182591 0.910269
10002.733306000 -0.136252 -0.211048 0.509924 -0.007627 -0.380595 -0.179378 0.907145
10002.766639000 -0.128019 -0.218903 0.529154 -0.008941 -0.388398 -0.179538 0.903788
10002.799972000 -0.124144 -0.227741 0.547985 -0.012435 -0.394922 -0.181567 0.900508
10002.833305000 -0.118350 -0.236810 0.566567 -0.014813 -0.404893 -0.183621 0.895615
10002.866638000 -0.118256 -0.246476 0.584988 -0.015795 -0.412949 -0.189742 0.890630
10002.899971000 -0.119996 -0.255325 0.604820 -0.013676 -0.417840 -0.194580 0.887334
10002.933304000 -0.124781 -0.260922 0.624500 -0.012920 -0.422914 -0.196950 0.884414
10002.966637000 -0.132240 -0.266385 0.642414 -0.013279 -0.431256 -0.199530 0.879790
10002.999970000 -0.140353 -0.271164 0.661836 -0.013876 -0.441123 -0.205044 0.873599
10003.033303000 -0.150591 -0.282054 0.682815 -0.014719 -0.453602 -0.209734 0.866049
10003.066636000 -0.161618 -0.291472 0.701748 -0.011961 -0.466563 -0.213165 0.858333
10003.099969000 -0.172830 -0.296766 0.719846 -0.008614 -0.478529 -0.219086 0.850257
10003.133302000 -0.182699 -0.302981 0.737743 -0.010585 -0.492013 -0.224383 0.841108
10003.166635000 -0.193116 -0.316283 0.751385 -0.010732 -0.502861 -0.230723 0.832936
10003.199968000 -0.200881 -0.325187 0.762747 -0.006235 -0.514902 -0.231011 0.825513
10003.233301000 -0.205939 -0.325804 0.774778 -0.003990 -0.527694 -0.231920 0.817152
10003.266634000 -0.213855 -0.330964 0.782433 -0.006254 -0.538148 -0.236972 0.808828
10003.299967000 -0.220587 -0.337066 0.786422 -0.005005 -0.550115 -0.240779 0.799609
10003.333300000 -0.222010 -0.346752 0.802152 -0.002137 -0.565174 -0.244090 0.788032
10003.366633000 -0.227616 -0.356490 0.805778 0.000471 -0.574362 -0.246420 0.780632
10003.399966000 -0.226905 -0.362269 0.816710 0.004601 -0.586651 -0.247010 0.771236
10003.433299000 -0.225048 -0.369700 0.827283 0.007968 -0.598316 -0.249207 0.761479
10003.466632000 -0.222615 -0.375822 0.838308 0.012388 -0.607853 -0.255315 0.751781
10003.499965000 -0.217631 -0.388440 0.865803 0.014639 -0.622296 -0.262914 0.737163
10003.533298000 -0.215988 -0.399283 0.877145 0.017511 -0.631488 -0.273694 0.725264
10003.566631000 -0.213007 -0.407436 0.888317 0.023654 -0.640135 -0.280434 0.714860
10003.599964000 -0.210384 -0.416906 0.900685 0.027475 -0.648311 -0.285632 0.705232
10003.633297000 -0.208673 -0.427019 0.907565 0.031184 -0.655837 -0.288429 0.696932
10003.666630000 -0.199416 -0.433154 0.928713 0.037047 -0.668842 -0.288127 0.684296
10003.699963000 -0.197096 -0.441701 0.932166 0.040633 -0.675237 -0.290378 0.676820
10003.733296000 -0.192549 -0.446743 0.938813 0.043853 -0.682291 -0.289791 0.669759
10003.766629000 -0.191364 -0.454122 0.944096 0.045746 -0.688074 -0.289930 0.663628
10003.799962000 -0.189364 -0.460430 0.950157 0.048753 -0.693279 -0.288072 0.658788
10003.833295000 -0.185247 -0.464248 0.961572 0.051480 -0.701645 -0.284845 0.651081
10003.866628000 -0.185442 -0.472684 0.960198 0.053192 -0.707157 -0.284516 0.645097
10003.899961000 -0.181852 -0.473677 0.962482 0.056997 -0.713422 -0.282306 0.638815
10003.933294000 -0.180198 -0.478909 0.964872 0.058663 -0.718730 -0.279695 0.633842
10003.966627000 -0.179138 -0.480191 0.962615 0.061567 -0.723186 -0.277463 0.629465
10003.999960000 -0.178241 -0.481715 0.971206 0.060869 -0.730583 -0.273837 0.622541
10004.033293000 -0.175982 -0.483238 0.972315 0.062019 -0.736190 -0.272055 0.616575
10004.066626000 -0.175963 -0.485310 0.970231 0.062909 -0.740789 -0.272145 0.610909
10004.099959000 -0.173671 -0.486045 0.968272 0.065255 -0.745731 -0.271588 0.604869
10004.133292000 -0.173029 -0.486618 0.966789 0.067545 -0.750775 -0.271991 0.598161
10004.166625000 -0.171118 -0.483425 0.968852 0.070736 -0.756304 -0.271715 0.590907
10004.199958000 -0.171964 -0.489024 0.964508 0.071400 -0.760601 -0.273104 0.584638
10004.233291000 -0.171054 -0.488633 0.965387 0.072173 -0.765262 -0.271670 0.579103
10004.266624000 -0.168479 -0.489642 0.963444 0.073907 -0.769941 -0.271664 0.572649
10004.299957000 -0.170138 -0.488607 0.963566 0.073290 -0.774496 -0.271000 0.566871
10004.333290000 -0.171900 -0.486948 0.962560 0.072222 -0.778657 -0.271999 0.560798
10004.366623000 -0.175827 -0.485898 0.965032 0.070159 -0.783419 -0.271131 0.554816
10004.399956000 -0.178390 -0.485307 0.964874 0.068882 -0.788397 -0.271327 0.547783
10004.433289000 -0.182707 -0.483269 0.965986 0.065827 -0.793372 -0.271490 0.540852
10004.466622000 -0.192187 -0.480302 0.968667 0.063360 -0.798896 -0.272813 0.532282
10004.499955000 -0.204142 -0.478310 0.977989 0.061569 -0.805241 -0.274715 0.521850
10004.533288000 -0.187987 -0.462565 0.958817 0.064221 -0.807006 -0.274843 0.518728
10004.566621000 -0.182325 -0.456727 0.952747 0.064942 -0.810503 -0.277371 0.511794
10004.599954000 -0.187372 -0.449262 0.941318 0.061738 -0.813364 -0.280764 0.505765
10004.633287000 -0.187562 -0.445510 0.935170 -0.059334 0.816419 0.285437 -0.498463
10004.666620000 -0.197411 -0.454381 0.939848 -0.052010 0.820241 0.292034 -0.489096
10004.699953000 -0.192640 -0.443811 0.940371 -0.053192 0.822315 0.296814 -0.482566
10004.733286000 -0.191755 -0.440502 0.930509 -0.052820 0.824783 0.300481 -0.476081
10004.766619000 -0.189638 -0.438978 0.923434 -0.050128 0.828982 0.302379 -0.467807
10004.799952000 -0.187099 -0.439226 0.911891 -0.048796 0.832802 0.305759 -0.458880
10004.833285000 -0.191523 -0.436610 0.908496 -0.047434 0.837087 0.308717 -0.449142
10004.866618000 -0.185160 -0.429018 0.897224 -0.044342 0.841050 0.310212 -0.440949
10004.899951000 -0.183403 -0.422695 0.888486 -0.041672 0.844919 0.313579 -0.431327
10004.933284000 -0.184702 -0.415262 0.870062 -0.037643 0.847143 0.319381 -0.422999
10004.966617000 -0.186389 -0.403982 0.861205 -0.034377 0.850967 0.322430 -0.413173
10004.999950000 -0.213819 -0.405401 0.859498 -0.032935 0.856274 0.327067 -0.398419
10005.033283000 -0.215982 -0.400629 0.841110 -0.031939 0.859420 0.328315 -0.390624
10005.066616000 -0.217454 -0.393789 0.823110 -0.031228 0.863649 0.327592 -0.381863
10005.099949000 -0.225124 -0.396262 0.807479 -0.028284 0.869403 0.328207 -0.368266
10005.133282000 -0.223121 -0.386806 0.792252 -0.027975 0.873347 0.328846 -0.358249
10005.166615000 -0.243901 -0.387639 0.779568 -0.027150 0.880331 0.324991 -0.344473
10005.199948000 -0.233478 -0.392666 0.735026 -0.026886 0.887207 0.320666 -0.330626
10005.233281000 -0.237070 -0.393852 0.730536 -0.028453 0.891228 0.317821 -0.322323
10005.266614000 -0.228490 -0.390378 0.722210 -0.031306 0.893962 0.315601 -0.316620
10005.299947000 -0.233889 -0.397406 0.719332 -0.031248 0.897303 0.315694 -0.306934
10005.333280000 -0.251968 -0.397694 0.735176 -0.028816 0.901766 0.316352 -0.293102
10005.366613000 -0.234315 -0.393999 0.722738 -0.025286 0.903225 0.316412 -0.288840
10005.399946000 -0.230106 -0.392612 0.721755 -0.022973 0.905416 0.316452 -0.282050
10005.433279000 -0.232690 -0.394389 0.724715 -0.020356 0.907101 0.318998 -0.273850
10005.466612000 -0.230684 -0.394560 0.730427 -0.021175 0.909440 0.319264 -0.265594
10005.499945000 -0.262308 -0.412339 0.749303 -0.020111 0.912024 0.325645 -0.248521
10005.533278000 -0.245240 -0.401828 0.752068 -0.022518 0.912452 0.328723 -0.242620
10005.566611000 -0.245982 -0.404566 0.762125 -0.023888 0.913455 0.332773 -0.233005
10005.599944000 -0.247693 -0.410906 0.769689 -0.021004 0.914253 0.337499 -0.223147
10005.633277000 -0.245169 -0.413620 0.780397 -0.019744 0.915003 0.341756 -0.213500
10005.666610000 -0.273580 -0.426096 0.804051 -0.019557 0.916854 0.346906 -0.196604
10005.699943000 -0.255423 -0.429830 0.799919 -0.019261 0.916522 0.350719 -0.191344
10005.733276000 -0.251139 -0.425355 0.815503 -0.018704 0.918837 0.349595 -0.182134
10005.766609000 -0.246474 -0.430575 0.823171 -0.018741 0.919884 0.351856 -0.172221
10005.799942000 -0.251580 -0.433851 0.830074 -0.017663 0.920542 0.355442 -0.161093
10005.833275000 -0.296694 -0.436664 0.862492 -0.014145 0.924446 0.354374 -0.140065
10005.866608000 -0.277245 -0.434583 0.863490 -0.014020 0.925261 0.354631 -0.133909
10005.899941000 -0.267080 -0.433515 0.870185 -0.014489 0.926316 0.355049 -0.125175
10005.933274000 -0.262783 -0.435843 0.872378 -0.014112 0.926727 0.356571 -0.117623
10005.966607000 -0.269265 -0.436517 0.884212 -0.012654 0.928090 0.356432 -0.106987
10005.999940000 -0.300736 -0.450321 0.898488 -0.009551 0.929316 0.357725 -0.091183
10006.033273000 -0.276832 -0.447206 0.893161 -0.011090 0.929405 0.358842 -0.085537
10006.066606000 -0.269649 -0.447075 0.897579 -0.011836 0.930162 0.358789 -0.076996
10006.099939000 -0.267799 -0.449785 0.898164 -0.010846 0.930584 0.359861 -0.066297
10006.133272000 -0.268537 -0.448910 0.902660 -0.009511 0.931379 0.359944 -0.053688
10006.166605000 -0.291119 -0.445226 0.918428 -0.007037 0.932489 0.359294 -0.036367
10006.199938000 -0.281287 -0.449186 0.916985 -0.005922 0.932266 0.360864 -0.024946
10006.233271000 -0.271537 -0.441132 0.923940 -0.006624 0.932524 0.360812 -0.013024
10006.266604000 -0.263460 -0.446657 0.920427 -0.007352 0.931622 0.363345 -0.002425
10006.299937000 -0.254439 -0.442043 0.924820 -0.007596 0.931752 0.362990 0.004385
10006.333270000 -0.274964 -0.449541 0.917463 -0.006437 0.930393 0.366177 0.015574
10006.366603000 -0.270750 -0.439193 0.927155 -0.005530 0.930615 0.365400 0.020203
10006.399936000 -0.262889 -0.440815 0.924891 -0.005305 0.929068 0.369044 0.024710
10006.433269000 -0.259167 -0.437700 0.931061 -0.005359 0.927734 0.371948 0.030594
10006.466602000 -0.253486 -0.437229 0.930897 -0.005472 0.924795 0.378635 0.036867
10006.499935000 -0.256926 -0.441829 0.922527 -0.006384 0.921506 0.385702 0.044938
10006.533268000 -0.257423 -0.434891 0.932312 -0.005661 0.919870 0.388742 0.051835
10006.566601000 -0.252013 -0.430597 0.936769 -0.007288 0.917652 0.393170 0.057263
10006.599934000 -0.249170 -0.424240 0.943723 -0.007805 0.915500 0.397425 0.062060
10006.633267000 -0.245835 -0.423029 0.945765 -0.007753 0.913233 0.401723 0.067561
10006.666600000 -0.239723 -0.433455 0.929925 -0.008311 0.908818 0.410496 0.073979
10006.699933000 -0.234885 -0.423806 0.944847 -0.007971 0.907692 0.412338 0.077518
10006.733266000 -0.236492 -0.418138 0.950219 -0.007591 0.905350 0.416386 0.083110
10006.766599000 -0.233698 -0.414741 0.955889 -0.008494 0.902670 0.420811 0.089624
10006.799932000 -0.222151 -0.411972 0.962141 -0.009618 0.900016 0.425245 0.095106
10006.833265000 -0.219855 -0.415714 0.950990 -0.011352 0.894546 0.434292 0.105113
10006.866598000 -0.215586 -0.402186 0.973123 -0.009785 0.893166 0.435123 0.113257
10006.899931000 -0.205300 -0.400863 0.977469 -0.010775 0.887678 0.441865 0.129099
10006.933264000 -0.197381 -0.398802 0.983093 -0.012089 0.884243 0.445552 0.139473
10006.966597000 -0.186163 -0.399349 0.987263 -0.013086 0.880994 0.448884 0.148933
10006.999930000 -0.181047 -0.409216 0.974655 -0.015158 0.875187 0.455808 0.161425
10007.033263000 -0.171877 -0.403363 0.989390 -0.015126 0.873987 0.455526 0.168562
10007.066596000 -0.163236 -0.404052 0.993348 -0.014837 0.871300 0.457822 0.176109
10007.099929000 -0.157099 -0.403686 0.995591 -0.014564 0.869104 0.459061 0.183600
10007.133262000 -0.150996 -0.402406 0.998988 -0.014439 0.866918 0.461088 0.188792
10007.166595000 -0.152905 -0.405866 0.994520 -0.015849 0.862964 0.465077 0.196836
10007.199928000 -0.150295 -0.402439 0.996934 -0.015517 0.859727 0.468947 0.201785
10007.233261000 -0.144524 -0.401405 0.998682 -0.017238 0.855740 0.474394 0.205821
10007.266594000 -0.141310 -0.400273 1.001218 -0.018763 0.852909 0.477464 0.210289
10007.299927000 -0.137846 -0.396538 1.006574 -0.019149 0.851053 0.478978 0.214295
10007.333260000 -0.136833 -0.396524 1.007342 -0.020791 0.848639 0.480673 0.219849
10007.366593000 -0.130451 -0.397060 1.009434 -0.022009 0.847551 0.480954 0.223286
10007.399926000 -0.127625 -0.397144 1.011029 -0.020549 0.846167 0.481134 0.228231
10007.433259000 -0.125222 -0.395442 1.009426 -0.019836 0.843929 0.482571 0.233486
10007.466592000 -0.123016 -0.394549 1.003426 -0.020213 0.841487 0.484417 0.238394
10007.499925000 -0.125150 -0.391380 0.997295 -0.018798 0.840392 0.483485 0.244194
10007.533258000 -0.119250 -0.391823 0.989587 -0.019064 0.839217 0.483637 0.247884
10007.566591000 -0.119103 -0.386106 0.979989 -0.018069 0.838080 0.483226 0.252565
10007.599924000 -0.120322 -0.383240 0.963171 -0.017678 0.836635 0.483028 0.257709
10007.633257000 -0.120427 -0.379103 0.947925 -0.018135 0.837041 0.479493 0.262906
10007.666590000 -0.131123 -0.366337 0.925587 -0.015863 0.836197 0.476952 0.270258
10007.699923000 -0.128125 -0.359977 0.906201 -0.015720 0.835333 0.475965 0.274645
10007.733256000 -0.130190 -0.345537 0.887146 -0.015474 0.833142 0.475677 0.281720
10007.766589000 -0.126542 -0.336536 0.859554 -0.019980 0.829664 0.476874 0.289568
10007.799922000 -0.123320 -0.326232 0.836680 -0.019573 0.827404 0.475909 0.297539
10007.833255000 -0.125073 -0.312545 0.809145 -0.018793 0.822622 0.476160 0.310179
10007.866588000 -0.111559 -0.313429 0.784603 -0.021170 0.819922 0.476315 0.316865
10007.899921000 -0.108346 -0.305066 0.762628 -0.018302 0.818281 0.473680 0.325128
10007.933254000 -0.107843 -0.296174 0.745245 -0.016655 0.815608 0.471964 0.334300
10007.966587000 -0.102689 -0.292272 0.729198 -0.018891 0.813994 0.468171 0.343325
10007.999920000 -0.117617 -0.276188 0.713061 -0.016766 0.810004 0.462057 0.360715
10008.033253000 -0.116653 -0.270952 0.700883 -0.017056 0.805888 0.459376 0.373133
10008.066586000 -0.119304 -0.260642 0.690812 -0.015117 0.800035 0.457197 0.388183
10008.099919000 -0.122027 -0.252359 0.681340 -0.016391 0.792546 0.455585 0.405024
10008.133252000 -0.127027 -0.245145 0.669722 -0.018431 0.785411 0.451812 0.422676
10008.166585000 -0.143484 -0.236015 0.650967 -0.021271 0.777143 0.445083 0.444407
10008.199918000 -0.158754 -0.227974 0.642420 -0.023781 0.769134 0.437279 0.465462
10008.233251000 -0.166055 -0.220843 0.635833 -0.031836 0.759624 0.433304 0.483949
10008.266584000 -0.172466 -0.215912 0.629310 -0.039911 0.750089 0.430889 0.500108
10008.299917000 -0.177388 -0.213229 0.622106 -0.043879 0.742783 0.425395 0.515158
10008.333250000 -0.187748 -0.206479 0.609016 -0.046724 0.734332 0.420034 0.531173
10008.366583000 -0.192650 -0.204745 0.599229 -0.048288 0.728272 0.415261 0.542998
10008.399916000 -0.197448 -0.201363 0.588279 -0.046522 0.722140 0.412552 0.553308
10008.433249000 -0.200992 -0.197445 0.573260 -0.045133 0.714528 0.410771 0.564518
10008.466582000 -0.202101 -0.192701 0.560571 -0.044387 0.709477 0.406605 0.573886
10008.499915000 -0.203550 -0.183291 0.547022 -0.042820 0.703355 0.402797 0.584134
10008.533248000 -0.198767 -0.178101 0.534809 -0.044377 0.697945 0.399225 0.592894
10008.566581000 -0.196675 -0.167114 0.521892 -0.045400 0.691947 0.395652 0.602170
10008.599914000 -0.190793 -0.157659 0.508361 -0.048786 0.684565 0.393582 0.611624
10008.633247000 -0.180974 -0.149682 0.502036 -0.048700 0.679088 0.388831 0.620708
10008.666580000 -0.177477 -0.141246 0.482765 -0.048628 0.671592 0.379735 0.634351
10008.699913000 -0.168279 -0.136892 0.475503 -0.050107 0.666910 0.370372 0.644628
10008.733246000 -0.165269 -0.131141 0.459615 -0.050168 0.659681 0.362269 0.656555
10008.766579000 -0.162887 -0.127604 0.443072 -0.050602 0.652824 0.355653 0.666912
10008.799912000 -0.160981 -0.124509 0.438658 -0.045878 0.649877 0.347893 0.674185
10008.833245000 -0.166612 -0.121077 0.419515 -0.043628 0.641926 0.339469 0.686140
10008.866578000 -0.167607 -0.118922 0.410525 -0.044530 0.633579 0.335156 0.695892
10008.899911000 -0.169119 -0.116793 0.399264 -0.048343 0.625156 0.330545 0.705396
10008.933244000 -0.171488 -0.114239 0.387603 -0.049435 0.618223 0.325937 0.713528
10008.966577000 -0.174932 -0.112151 0.375603 -0.047082 0.612006 0.320902 0.721286
10008.999910000 -0.182259 -0.105436 0.357164 -0.043289 0.603426 0.315528 0.731058
10009.033243000 -0.192941 -0.104079 0.347569 -0.041383 0.596631 0.307219 0.740227
10009.066576000 -0.201580 -0.102534 0.334489 -0.047334 0.586142 0.300622 0.750882
10009.099909000 -0.213470 -0.105484 0.328406 -0.060067 0.579300 0.295370 0.757337
10009.133242000 -0.224569 -0.111253 0.327282 -0.072980 0.567676 0.296412 0.764564
10009.166575000 -0.241225 -0.114878 0.315646 -0.082316 0.552045 0.289427 0.777626
10009.199908000 -0.253430 -0.121181 0.313023 -0.087547 0.540492 0.282653 0.787599
10009.233241000 -0.264294 -0.125098 0.307774 -0.086972 0.527916 0.274118 0.799124
10009.266574000 -0.276353 -0.129444 0.303693 -0.085695 0.514781 0.265160 0.810770
10009.299907000 -0.283185 -0.133216 0.304098 -0.084851 0.501681 0.256497 0.821782
10009.333240000 -0.302367 -0.141173 0.295244 -0.082521 0.488566 0.246907 0.832785
10009.366573000 -0.310542 -0.145844 0.291379 -0.079562 0.478545 0.239631 0.840977
10009.399906000 -0.315356 -0.149168 0.292828 -0.076495 0.469210 0.234728 0.847876
10009.433239000 -0.320671 -0.153408 0.293099 -0.074587 0.459135 0.228121 0.855332
10009.466572000 -0.324051 -0.155952 0.295643 -0.073626 0.450358 0.222380 0.861571
10009.499905000 -0.331095 -0.152113 0.283049 -0.069722 0.438587 0.215159 0.869763
10009.533238000 -0.335644 -0.158692 0.282806 -0.068322 0.427966 0.210628 0.876250
10009.566571000 -0.342038 -0.155425 0.285625 -0.065203 0.418675 0.204309 0.882450
10009.599904000 -0.347446 -0.158675 0.286320 -0.063153 0.408839 0.199547 0.888281
10009.633237000 -0.355073 -0.161028 0.288903 -0.059109 0.398700 0.193902 0.894397
10009.666570000 -0.354510 -0.151549 0.277246 -0.054611 0.383184 0.187023 0.902890
10009.699903000 -0.357429 -0.156257 0.280718 -0.054701 0.372158 0.184838 0.907932
10009.733236000 -0.359530 -0.153686 0.281351 -0.052970 0.361145 0.181141 0.913212
10009.766569000 -0.362432 -0.152446 0.284858 -0.050446 0.351256 0.176146 0.918176
10009.799902000 -0.364399 -0.153644 0.288602 -0.047821 0.342121 0.170928 0.922740
10009.833235000 -0.358661 -0.146977 0.280340 -0.045891 0.328843 0.164540 0.928807
10009.866568000 -0.360649 -0.142893 0.287196 -0.048079 0.320058 0.159391 0.932655
10009.899901000 -0.361805 -0.137576 0.289069 -0.048628 0.309899 0.154753 0.936830
10009.933234000 -0.361599 -0.135596 0.289531 -0.047722 0.300756 0.148219 0.940904
10009.966567000 -0.362103 -0.137166 0.295525 -0.046723 0.292753 0.145341 0.943922
10009.999900000 -0.354892 -0.140378 0.298569 -0.048488 0.282574 0.143068 0.947276
10010.033233000 -0.357350 -0.135255 0.305183 -0.048184 0.273880 0.138585 0.950506
10010.066566000 -0.356479 -0.135100 0.311450 -0.049835 0.265726 0.135352 0.953198
10010.099899000 -0.355272 -0.137652 0.317980 -0.051674 0.256414 0.132456 0.956053
10010.133232000 -0.357857 -0.135252 0.326521 -0.051176 0.246785 0.127001 0.959348
10010.166565000 -0.354824 -0.143094 0.331099 -0.053188 0.235906 0.123898 0.962377
10010.199898000 -0.359278 -0.145480 0.342754 -0.053595 0.226565 0.118327 0.965295
10010.233231000 -0.361778 -0.146415 0.350029 -0.052207 0.217291 0.111663 0.968293
10010.266564000 -0.366652 -0.152743 0.358146 -0.050869 0.208353 0.105383 0.971028
10010.299897000 -0.364202 -0.154911 0.366605 -0.049076 0.197437 0.098658 0.974103
10010.333230000 -0.356433 -0.163749 0.371211 -0.048265 0.186818 0.092703 0.976819
10010.366563000 -0.364465 -0.155402 0.381358 -0.043062 0.180742 0.086992 0.978729
10010.399896000 -0.363848 -0.163414 0.390513 -0.042599 0.173603 0.084507 0.980258
10010.433229000 -0.363186 -0.170541 0.399244 -0.041648 0.165946 0.080695 0.981945
10010.466562000 -0.363578 -0.174926 0.410027 -0.039829 0.159638 0.077332 0.983336
10010.499895000 -0.358115 -0.192218 0.419343 -0.043313 0.152156 0.074420 0.984598
10010.533228000 -0.366175 -0.191922 0.430190 -0.040879 0.148279 0.070992 0.985547
10010.566561000 -0.367303 -0.197137 0.442698 -0.040241 0.143529 0.068624 0.986444
10010.599894000 -0.366886 -0.203764 0.452566 -0.039906 0.137246 0.065541 0.987560
10010.633227000 -0.367671 -0.209580 0.464322 -0.039567 0.130888 0.062196 0.988653
10010.666560000 -0.362573 -0.214921 0.474910 -0.037547 0.123676 0.059993 0.989796
10010.699893000 -0.366017 -0.220786 0.486104 -0.035350 0.118368 0.056234 0.990746
10010.733226000 -0.366636 -0.228351 0.498372 -0.032160 0.113754 0.053302 0.991557
10010.766559000 -0.368193 -0.233792 0.507994 -0.028754 0.108778 0.050582 0.992362
10010.799892000 -0.369396 -0.239499 0.518080 -0.022357 0.102723 0.046793 0.993357
10010.833225000 -0.368231 -0.245452 0.522995 -0.015199 0.095826 0.043053 0.994350
10010.866558000 -0.370006 -0.248604 0.529992 -0.006705 0.090753 0.038209 0.995118
10010.899891000 -0.371609 -0.251884 0.536569 -0.002058 0.086864 0.032875 0.995675
10010.933224000 -0.372305 -0.263974 0.542232 0.004811 0.083689 0.028802 0.996064
10010.966557000 -0.371376 -0.267472 0.544304 0.016607 0.081251 0.028433 0.996150
10010.999890000 -0.372215 -0.279428 0.542175 0.023422 0.079270 0.029083 0.996153
10011.033223000 -0.371867 -0.286989 0.541696 0.029817 0.075763 0.029713 0.996237
10011.066556000 -0.370704 -0.289770 0.538232 0.038172 0.070624 0.029010 0.996350
10011.099889000 -0.366659 -0.292851 0.533606 0.045054 0.065663 0.028537 0.996416
10011.133222000 -0.360332 -0.293162 0.528579 0.050580 0.060366 0.028313 0.996492
10011.166555000 -0.358773 -0.300124 0.519965 0.051871 0.056006 0.025172 0.996764
10011.199888000 -0.344895 -0.300194 0.512149 0.055605 0.049611 0.021272 0.996993
10011.233221000 -0.338342 -0.306715 0.501971 0.060468 0.045795 0.016218 0.996987
10011.266554000 -0.330557 -0.305271 0.489995 0.069430 0.040230 0.012647 0.996695
10011.299887000 -0.318828 -0.302885 0.476614 0.074509 0.033736 0.008133 0.996616
10011.333220000 -0.308291 -0.303658 0.465382 0.073244 0.027337 0.004324 0.996930
10011.366553000 -0.304890 -0.313736 0.453393 0.073225 0.022375 0.000119 0.997064
10011.399886000 -0.293595 -0.309505 0.439199 0.079817 0.014982 -0.003374 0.996691
10011.433219000 -0.285740 -0.306619 0.428350 0.084432 0.009138 -0.007422 0.996360
10011.466552000 -0.277521 -0.304856 0.419333 0.086955 0.002937 -0.010351 0.996154
10011.499885000 -0.261521 -0.294114 0.413351 0.089825 -0.007348 -0.011791 0.995861
10011.533218000 -0.259794 -0.294574 0.410487 0.088720 -0.014667 -0.014622 0.995841
10011.566551000 -0.255933 -0.291113 0.404855 0.087855 -0.025167 -0.017436 0.995663
10011.599884000 -0.247414 -0.288416 0.403378 0.082977 -0.035762 -0.020847 0.995691
10011.633217000 -0.242936 -0.290038 0.408167 0.076518 -0.042932 -0.023532 0.995865
10011.666550000 -0.217706 -0.295366 0.415144 0.074219 -0.058327 -0.026024 0.995195
10011.699883000 -0.216886 -0.290909 0.421218 0.072695 -0.066716 -0.029181 0.994692
10011.733216000 -0.212675 -0.291171 0.432448 0.067694 -0.073749 -0.032882 0.994433
10011.766549000 -0.207749 -0.296591 0.448862 0.062917 -0.080785 -0.035623 0.994106
10011.799882000 -0.203336 -0.302682 0.468833 0.059378 -0.088687 -0.037186 0.993593
10011.833215000 -0.174101 -0.313562 0.503027 0.054552 -0.101558 -0.038795 0.992575
10011.866548000 -0.173100 -0.319620 0.533919 0.049476 -0.104177 -0.041120 0.992476
10011.899881000 -0.172655 -0.331426 0.563979 0.048915 -0.105928 -0.042268 0.992270
10011.933214000 -0.171958 -0.338353 0.595153 0.049090 -0.108200 -0.041300 0.992057
10011.966547000 -0.173758 -0.354187 0.625632 0.049532 -0.111493 -0.041924 0.991644
10011.999880000 -0.176892 -0.365109 0.656317 0.050671 -0.117215 -0.042607 0.990897
10012.033213000 -0.179910 -0.375708 0.686905 0.047621 -0.118757 -0.046318 0.990699
10012.066546000 -0.179244 -0.384462 0.714178 0.047666 -0.122109 -0.046585 0.990276
10012.099879000 -0.175774 -0.390740 0.741947 0.046862 -0.125390 -0.047208 0.989875
10012.133212000 -0.169682 -0.403111 0.771160 0.041399 -0.128212 -0.049350 0.989653
10012.166545000 -0.162891 -0.410310 0.799807 0.040884 -0.133721 -0.048996 0.988962
10012.199878000 -0.158978 -0.422772 0.827390 0.037762 -0.134846 -0.050280 0.988869
10012.233211000 -0.145882 -0.430902 0.856292 0.037327 -0.137983 -0.050811 0.988426
10012.266544000 -0.133948 -0.445723 0.888235 0.037845 -0.141081 -0.053816 0.987810
10012.299877000 -0.120847 -0.455826 0.918350 0.043341 -0.144752 -0.056704 0.986891
10012.333210000 -0.104659 -0.465203 0.952486 0.047739 -0.151177 -0.060738 0.985483
10012.366543000 -0.087642 -0.471007 0.981728 0.053472 -0.156438 -0.065489 0.984063
10012.399876000 -0.071235 -0.476769 1.016126 0.050916 -0.164955 -0.068289 0.982616
10012.433209000 -0.058065 -0.492075 1.047771 0.047569 -0.175352 -0.072049 0.980713
10012.466542000 -0.043491 -0.500193 1.079789 0.049378 -0.188122 -0.072675 0.978208
10012.499875000 -0.032427 -0.511699 1.110155 0.044373 -0.200638 -0.076602 0.975657
10012.533208000 -0.022300 -0.520996 1.140197 0.039820 -0.211399 -0.080480 0.973267
10012.566541000 -0.014353 -0.530967 1.173224 0.037555 -0.217509 -0.086632 0.971480
10012.599874000 -0.009269 -0.540552 1.205041 0.036913 -0.222017 -0.091120 0.970074
10012.633207000 -0.005524 -0.550589 1.238486 0.034780 -0.226742 -0.093406 0.968841
10012.666540000 0.006143 -0.559903 1.276043 0.033150 -0.233557 -0.093837 0.967237
10012.699873000 0.004605 -0.576534 1.311509 0.029476 -0.234966 -0.095486 0.966853
10012.733206000 -0.001528 -0.597251 1.348350 0.031499 -0.235531 -0.096116 0.966589
10012.766539000 -0.001022 -0.599995 1.378048 0.038864 -0.238744 -0.095466 0.965597
10012.799872000 -0.005549 -0.613521 1.412688 0.033218 -0.239807 -0.096612 0.965430
10012.833205000 -0.005329 -0.625428 1.443555 0.034279 -0.244060 -0.094744 0.964512
10012.866538000 -0.008211 -0.632807 1.472461 0.031094 -0.247349 -0.092763 0.963974
10012.899871000 -0.007244 -0.641196 1.500829 0.026794 -0.248429 -0.093872 0.963718
10012.933204000 -0.008853 -0.653354 1.529164 0.023036 -0.250023 -0.096296 0.963164
10012.966537000 -0.009338 -0.661657 1.553656 0.022715 -0.254244 -0.097266 0.961968
10012.999870000 0.003327 -0.668112 1.585172 0.022229 -0.263768 -0.096855 0.959454
10013.033203000 0.006117 -0.674226 1.610787 0.020059 -0.271467 -0.096760 0.957361
10013.066536000 0.010616 -0.681646 1.635280 0.023002 -0.281590 -0.099432 0.954092
10013.099869000 0.016960 -0.689643 1.661317 0.023759 -0.294169 -0.105882 0.949573
10013.133202000 0.024018 -0.694750 1.684603 0.028147 -0.306665 -0.115273 0.944392
10013.166535000 0.041830 -0.700417 1.712713 0.023623 -0.322290 -0.126919 0.937797
10013.199868000 0.045409 -0.710077 1.732328 0.021749 -0.332924 -0.136833 0.932719
10013.233201000 0.053207 -0.712632 1.750341 0.020892 -0.346124 -0.143899 0.926852
10013.266534000 0.057813 -0.716767 1.764442 0.018121 -0.357184 -0.153465 0.921162
10013.299867000 0.061595 -0.723210 1.780184 0.015396 -0.368863 -0.161530 0.915211
10013.333200000 0.067389 -0.728362 1.794590 0.013382 -0.380243 -0.163817 0.910165
10013.366533000 0.066166 -0.734227 1.806529 0.010898 -0.386919 -0.166498 0.906892
10013.399866000 0.066900 -0.738965 1.819203 0.011132 -0.394801 -0.166852 0.903420
10013.433199000 0.066853 -0.742584 1.831483 0.012197 -0.402042 -0.168750 0.899854
10013.466532000 0.065772 -0.744471 1.843054 0.011416 -0.407968 -0.169992 0.896958
10013.499865000 0.067717 -0.746656 1.859395 0.011364 -0.416402 -0.171613 0.892765
10013.533198000 0.064302 -0.751089 1.874280 0.009248 -0.421656 -0.175648 0.889533
10013.566531000 0.060963 -0.753971 1.890607 0.007142 -0.425960 -0.176287 0.887373
10013.599864000 0.054131 -0.762007 1.905304 0.005645 -0.429872 -0.177596 0.885233
10013.633197000 0.047640 -0.769599 1.923468 0.006875 -0.435265 -0.177357 0.882633
10013.666530000 0.045670 -0.773793 1.944712 0.007812 -0.439822 -0.176086 0.880619
10013.699863000 0.037515 -0.781007 1.966219 0.006775 -0.437012 -0.175099 0.882222
10013.733196000 0.028776 -0.793701 1.988413 0.003459 -0.434885 -0.171248 0.884046
10013.766529000 0.020214 -0.806512 2.007536 0.002735 -0.435294 -0.168179 0.884436
10013.799862000 0.012345 -0.818784 2.024757 0.000426 -0.437398 -0.167551 0.883521
10013.833195000 -0.004396 -0.832779 2.033286 -0.001373 -0.433220 -0.167180 0.885646
10013.866528000 -0.014210 -0.855085 2.049695 -0.001855 -0.431054 -0.165210 0.887071
10013.899861000 -0.021934 -0.871876 2.064063 -0.000463 -0.429987 -0.164368 0.887747
10013.933194000 -0.025959 -0.883059 2.076106 0.005802 -0.431368 -0.161074 0.887662
10013.966527000 -0.032229 -0.893220 2.086050 0.011314 -0.433652 -0.160773 0.886549
10013.999860000 -0.040027 -0.899816 2.091182 0.016599 -0.434525 -0.166012 0.885072
10014.033193000 -0.045075 -0.905026 2.100904 0.017910 -0.436591 -0.171290 0.883022
10014.066526000 -0.052102 -0.920687 2.110984 0.017225 -0.438985 -0.177516 0.880616
10014.099859000 -0.057774 -0.935586 2.118248 0.023228 -0.447698 -0.177994 0.875982
10014.133192000 -0.056859 -0.936186 2.130631 0.031748 -0.462227 -0.178106 0.868111
10014.166525000 -0.053473 -0.943021 2.151555 0.032665 -0.477108 -0.182471 0.859072
10014.199858000 -0.053813 -0.948883 2.169446 0.033660 -0.490025 -0.188720 0.850369
10014.233191000 -0.054150 -0.956821 2.189094 0.036937 -0.503971 -0.194845 0.840645
10014.266524000 -0.051010 -0.956615 2.208208 0.042800 -0.516191 -0.204765 0.830534
10014.299857000 -0.049301 -0.955174 2.222097 0.041544 -0.529068 -0.216969 0.819320
10014.333190000 -0.049211 -0.969007 2.234293 0.039396 -0.545465 -0.226996 0.805847
10014.366523000 -0.041815 -0.967641 2.246962 0.045492 -0.562356 -0.230688 0.792761
10014.399856000 -0.041228 -0.972809 2.256092 0.043565 -0.577282 -0.237191 0.780121
10014.433189000 -0.038203 -0.979117 2.266839 0.044743 -0.593369 -0.238961 0.767339
10014.466522000 -0.036970 -0.980144 2.277488 0.047204 -0.606812 -0.242702 0.755412
10014.499855000 -0.037320 -0.980378 2.289190 0.048699 -0.618828 -0.241594 0.745864
10014.533188000 -0.038717 -0.979598 2.295458 0.056887 -0.630611 -0.243865 0.734590
10014.566521000 -0.038855 -0.968570 2.304270 0.060398 -0.642624 -0.241018 0.724774
10014.599854000 -0.046062 -0.966315 2.316181 0.052183 -0.651769 -0.240991 0.717215
10014.633187000 -0.057153 -0.964915 2.322550 0.045776 -0.656471 -0.241127 0.713308
10014.666520000 -0.064889 -0.955881 2.328719 0.041163 -0.659757 -0.231834 0.713638
10014.699853000 -0.075800 -0.952645 2.330023 0.037590 -0.659430 -0.232008 0.714081
10014.733186000 -0.085376 -0.951558 2.334086 0.038305 -0.659448 -0.231408 0.714221
10014.766519000 -0.094245 -0.953569 2.339887 0.038729 -0.661485 -0.225449 0.714220
10014.799852000 -0.101807 -0.955820 2.342793 0.040967 -0.663301 -0.222868 0.713220
10014.833185000 -0.107074 -0.956266 2.350919 0.043798 -0.668883 -0.215392 0.710129
10014.866518000 -0.110284 -0.951569 2.362408 0.042619 -0.673632 -0.212607 0.706542
10014.899851000 -0.118255 -0.958799 2.379345 0.033511 -0.678923 -0.212570 0.701965
10014.933184000 -0.121618 -0.959530 2.396194 0.032770 -0.683170 -0.213065 0.697716
10014.966517000 -0.123689 -0.966046 2.413039 0.032955 -0.688139 -0.214911 0.692237
10014.999850000 -0.123849 -0.974280 2.430176 0.030714 -0.695002 -0.214673 0.685525
10015.033183000 -0.123628 -0.982678 2.451555 0.025402 -0.702014 -0.217524 0.677654
10015.066516000 -0.122200 -0.985089 2.468328 0.022735 -0.705785 -0.220429 0.672875
10015.099849000 -0.122413 -0.990450 2.484774 0.019403 -0.710615 -0.222313 0.667254
10015.133182000 -0.123843 -0.998298 2.501636 0.016392 -0.716707 -0.223152 0.660503
10015.166515000 -0.123403 -1.000561 2.513143 0.012989 -0.721551 -0.219599 0.656485
10015.199848000 -0.126578 -1.006562 2.528091 0.007375 -0.726090 -0.215653 0.652865
10015.233181000 -0.130333 -1.010743 2.536221 0.004352 -0.729257 -0.214080 0.649873
10015.266514000 -0.134731 -1.017743 2.540696 0.002731 -0.731464 -0.210740 0.648491
10015.299847000 -0.137401 -1.023492 2.544866 -0.000550 -0.735189 -0.204318 0.646337
10015.333180000 -0.138903 -1.023298 2.549494 -0.002394 -0.741283 -0.196572 0.641758
10015.366513000 -0.141403 -1.022654 2.556313 -0.004539 -0.745174 -0.191203 0.638856
10015.399846000 -0.145067 -1.023988 2.558162 -0.008562 -0.746788 -0.190311 0.637194
10015.433179000 -0.148802 -1.025537 2.557542 -0.011979 -0.748259 -0.190026 0.635496
10015.466512000 -0.149624 -1.025705 2.553625 -0.013375 -0.751683 -0.189319 0.631627
10015.499845000 -0.151519 -1.027798 2.550170 -0.014525 -0.756277 -0.191734 0.625358
10015.533178000 -0.152737 -1.025793 2.545849 -0.013553 -0.760233 -0.195230 0.619473
10015.566511000 -0.154957 -1.024006 2.537956 -0.011734 -0.763715 -0.202937 0.612714
10015.599844000 -0.156354 -1.023656 2.523361 -0.009801 -0.766606 -0.211263 0.606290
10015.633177000 -0.157197 -1.022974 2.510988 -0.007065 -0.771637 -0.217808 0.597567
10015.666510000 -0.161240 -1.029639 2.506022 -0.004178 -0.777259 -0.226109 0.587133
10015.699843000 -0.156016 -1.023954 2.488182 0.005359 -0.781921 -0.232265 0.578466
10015.733176000 -0.152331 -1.022810 2.470142 0.007491 -0.786037 -0.236377 0.571153
10015.766509000 -0.149444 -1.021545 2.454723 0.011154 -0.789545 -0.244048 0.562970
10015.799842000 -0.143286 -1.020195 2.432037 0.018833 -0.792312 -0.251437 0.555577
10015.833175000 -0.146245 -1.028373 2.421014 0.020994 -0.797866 -0.261267 0.542870
10015.866508000 -0.138840 -1.023769 2.397621 0.022554 -0.800104 -0.265905 0.537233
10015.899841000 -0.133433 -1.020563 2.379605 0.022622 -0.804760 -0.268639 0.528850
10015.933174000 -0.128051 -1.016101 2.360111 0.024811 -0.809069 -0.270592 0.521126
10015.966507000 -0.121382 -1.008331 2.341025 0.028190 -0.811885 -0.272875 0.515351
10015.999840000 -0.124965 -1.011740 2.331600 0.034425 -0.815429 -0.285422 0.502419
10016.033173000 -0.121743 -1.002670 2.316486 -0.033534 0.818053 0.289922 -0.495591
10016.066506000 -0.115646 -0.994113 2.296950 -0.035218 0.818894 0.296871 -0.489939
10016.099839000 -0.109629 -0.989117 2.272334 -0.037487 0.820448 0.302406 -0.483746
10016.133172000 -0.100429 -0.981647 2.251083 -0.041799 0.825454 0.302002 -0.475051
10016.166505000 -0.102829 -0.982450 2.247055 -0.041408 0.831899 0.304677 -0.461953
10016.199838000 -0.096200 -0.976970 2.226827 -0.042305 0.837138 0.304439 -0.452469
10016.233171000 -0.085990 -0.967649 2.205824 -0.046051 0.841975 0.304719 -0.442835
10016.266504000 -0.074991 -0.961674 2.186687 -0.050643 0.846260 0.307211 -0.432321
10016.299837000 -0.066357 -0.957660 2.163678 -0.052324 0.851551 0.307669 -0.421264
10016.333170000 -0.062881 -0.956832 2.151592 -0.052973 0.858151 0.307187 -0.407929
10016.366503000 -0.058443 -0.953774 2.137763 -0.052815 0.863326 0.308458 -0.395895
10016.399836000 -0.046455 -0.947992 2.119704 -0.055038 0.867733 0.309707 -0.384826
10016.433169000 -0.037471 -0.942918 2.103262 -0.055505 0.872264 0.310964 -0.373331
10016.466502000 -0.029614 -0.938926 2.090048 -0.055570 0.876291 0.311759 -0.363087
10016.499835000 -0.025275 -0.933342 2.071780 -0.056947 0.880419 0.311616 -0.352866
10016.533168000 -0.019002 -0.929603 2.063273 -0.055529 0.884265 0.311547 -0.343409
10016.566501000 -0.006054 -0.922158 2.047098 -0.054125 0.890000 0.310117 -0.329846
10016.599834000 0.000624 -0.917025 2.033096 -0.052588 0.892626 0.311512 -0.321580
10016.633167000 0.009745 -0.911294 2.020800 -0.052223 0.895397 0.312529 -0.312829
10016.666500000 0.010449 -0.904718 2.004284 -0.050402 0.898534 0.314651 -0.301814
10016.699833000 0.019686 -0.897440 1.991332 -0.049545 0.901500 0.316028 -0.291496
10016.733166000 0.026278 -0.891622 1.977618 -0.047407 0.903847 0.318518 -0.281707
10016.766499000 0.031632 -0.890684 1.963055 -0.044332 0.906477 0.320569 -0.271237
10016.799832000 0.041152 -0.886896 1.949865 -0.044093 0.910092 0.319385 -0.260349
10016.833165000 0.048890 -0.879227 1.943417 -0.040635 0.914481 0.318023 -0.246850
10016.866498000 0.063764 -0.869764 1.926959 -0.038270 0.916933 0.320413 -0.234744
10016.899831000 0.070994 -0.871356 1.914861 -0.036331 0.920040 0.322070 -0.220176
10016.933164000 0.080563 -0.865267 1.908015 -0.037487 0.923590 0.321356 -0.205687
10016.966497000 0.085769 -0.861370 1.901576 -0.038057 0.926449 0.321197 -0.192554
10016.999830000 0.072999 -0.861001 1.904577 -0.037334 0.929194 0.321869 -0.177777
10017.033163000 0.077301 -0.858002 1.890420 -0.036291 0.930252 0.323646 -0.169020
10017.066496000 0.074965 -0.857832 1.880407 -0.035911 0.932048 0.323099 -0.160012
10017.099829000 0.070544 -0.856226 1.870930 -0.037681 0.934123 0.320686 -0.152166
10017.133162000 0.058912 -0.859757 1.852478 -0.038738 0.936416 0.317058 -0.145257
10017.166495000 0.044030 -0.859175 1.841632 -0.040481 0.940920 0.307504 -0.135912
10017.199828000 0.034947 -0.858310 1.830531 -0.043506 0.943269 0.303183 -0.128187
10017.233161000 0.033436 -0.858975 1.810475 -0.045242 0.946517 0.294703 -0.123322
10017.266494000 0.026108 -0.855040 1.801550 -0.047931 0.949622 0.286241 -0.118267
10017.299827000 0.026282 -0.848380 1.784845 -0.049184 0.951197 0.281561 -0.116310
10017.333160000 0.001087 -0.846933 1.769299 -0.048628 0.953460 0.276537 -0.109891
10017.366493000 0.000980 -0.870118 1.745366 -0.048857 0.954060 0.275361 -0.107512
10017.399826000 -0.009648 -0.861254 1.736575 -0.050720 0.954667 0.273248 -0.106646
10017.433159000 -0.026426 -0.859803 1.724577 -0.051695 0.955124 0.270859 -0.108168
10017.466492000 -0.026560 -0.856967 1.710379 -0.051434 0.956343 0.264662 -0.112765
10017.499825000 0.012998 -0.837486 1.690047 -0.052421 0.956215 0.260370 -0.122933
10017.533158000 -0.019396 -0.833849 1.690186 -0.053495 0.956064 0.261633 -0.120947
10017.566491000 -0.034252 -0.816214 1.686145 -0.055093 0.956015 0.260479 -0.123087
10017.599824000 -0.028345 -0.798838 1.668673 -0.058566 0.955440 0.257980 -0.130960
10017.633157000 -0.024650 -0.810172 1.635875 -0.059170 0.953741 0.260073 -0.138702
10017.666490000 0.003371 -0.791676 1.598804 -0.061513 0.952502 0.258863 -0.148143
10017.699823000 -0.005282 -0.798613 1.576371 -0.061075 0.952515 0.257775 -0.150122
10017.733156000 0.004880 -0.778930 1.549669 -0.060690 0.953963 0.249571 -0.154873
10017.766489000 0.028356 -0.770958 1.512412 -0.059507 0.954965 0.241402 -0.161945
10017.799822000 0.034712 -0.769727 1.481351 -0.056562 0.954698 0.239728 -0.166983
10017.833155000 0.050287 -0.763550 1.443701 -0.052532 0.954386 0.236974 -0.173871
10017.866488000 0.059195 -0.746790 1.424295 -0.049818 0.953725 0.236806 -0.178464
10017.899821000 0.061709 -0.722611 1.409719 -0.048822 0.952085 0.240777 -0.182144
10017.933154000 0.080731 -0.706784 1.383278 -0.045923 0.948061 0.251750 -0.188926
10017.966487000 0.081752 -0.688319 1.361706 -0.044756 0.944685 0.260220 -0.194558
10017.999820000 0.082491 -0.685152 1.328446 -0.042956 0.938449 0.275932 -0.203296
10018.033153000 0.076078 -0.665048 1.315035 -0.043418 0.933924 0.285778 -0.210315
10018.066486000 0.070057 -0.642457 1.311419 -0.047095 0.929496 0.293793 -0.217958
10018.099819000 0.061727 -0.619641 1.293294 -0.048625 0.923031 0.305445 -0.228808
10018.133152000 0.048301 -0.609323 1.280945 -0.045076 0.917993 0.314635 -0.237196
10018.166485000 0.050310 -0.600705 1.233992 -0.038202 0.912312 0.322955 -0.248853
10018.199818000 0.033134 -0.574870 1.219712 -0.034285 0.910990 0.323544 -0.253458
10018.233151000 0.032704 -0.546716 1.195240 -0.031427 0.908414 0.325516 -0.260452
10018.266484000 0.018694 -0.526594 1.170236 -0.028064 0.904913 0.331531 -0.265389
10018.299817000 -0.000323 -0.510409 1.138723 -0.023327 0.901817 0.337368 -0.269008
10018.333150000 -0.002313 -0.494382 1.090687 -0.024319 0.894509 0.348984 -0.278337
10018.366483000 -0.036984 -0.481730 1.075178 -0.021728 0.892499 0.352344 -0.280762
10018.399816000 -0.045728 -0.468404 1.042613 -0.019537 0.891438 0.350207 -0.286901
10018.433149000 -0.052633 -0.454015 1.008783 -0.018944 0.891206 0.343376 -0.295780
10018.466482000 -0.058500 -0.439305 0.977933 -0.016893 0.890693 0.337003 -0.304648
10018.499815000 -0.060714 -0.427962 0.945724 -0.017685 0.889372 0.328629 -0.317343
10018.533148000 -0.062876 -0.411587 0.919578 -0.014691 0.885094 0.326577 -0.331271
10018.566481000 -0.068450 -0.395495 0.892029 -0.015425 0.877634 0.331753 -0.345629
10018.599814000 -0.079675 -0.376233 0.871567 -0.015259 0.872080 0.331589 -0.359573
10018.633147000 -0.083238 -0.354599 0.846654 -0.012423 0.866689 0.328217 -0.375459
10018.666480000 -0.081674 -0.326074 0.809867 -0.009244 0.859297 0.324013 -0.395649
10018.699813000 -0.082806 -0.303524 0.774212 -0.009103 0.851694 0.319174 -0.415527
10018.733146000 -0.089993 -0.289430 0.754771 -0.007697 0.846319 0.309073 -0.433772
10018.766479000 -0.088626 -0.274832 0.715308 0.002011 0.838060 0.306169 -0.451566
10018.799812000 -0.088986 -0.259079 0.683352 0.006415 0.831217 0.302189 -0.466603
10018.833145000 -0.084522 -0.244952 0.642970 0.007262 0.823239 0.299760 -0.482046
10018.866478000 -0.099659 -0.241554 0.624245 0.007906 0.818135 0.298640 -0.491332
10018.899811000 -0.104789 -0.230434 0.595153 -0.008566 -0.810834 -0.297373 0.504028
10018.933144000 -0.112156 -0.222942 0.569006 -0.008334 -0.805748 -0.296450 0.512658
10018.966477000 -0.116915 -0.213923 0.548748 -0.005816 -0.800290 -0.296105 0.521368
10018.999810000 -0.117368 -0.196120 0.522148 -0.000808 -0.790111 -0.299055 0.535060
10019.033143000 -0.133981 -0.186556 0.514957 0.001356 -0.783060 -0.300901 0.544311
10019.066476000 -0.147295 -0.177255 0.499400 0.001021 -0.776376 -0.300719 0.553901
10019.099809000 -0.160984 -0.168087 0.485161 -0.000507 -0.769961 -0.300311 0.563004
10019.133142000 -0.174908 -0.155365 0.464253 -0.005067 -0.763678 -0.297709 0.572835
10019.166475000 -0.183004 -0.145443 0.436628 -0.008211 -0.757228 -0.293582 0.583393
10019.199808000 -0.206003 -0.151229 0.428108 -0.013607 -0.753564 -0.286392 0.591554
10019.233141000 -0.222482 -0.142865 0.413918 -0.017564 -0.747861 -0.282752 0.600372
10019.266474000 -0.238680 -0.140508 0.399550 -0.018318 -0.741972 -0.280717 0.608555
10019.299807000 -0.252284 -0.132688 0.386349 -0.015212 -0.733505 -0.280573 0.618884
10019.333140000 -0.262396 -0.119063 0.376711 -0.007868 -0.721919 -0.280722 0.632429
10019.366473000 -0.283421 -0.129502 0.374105 -0.008351 -0.712876 -0.278514 0.643559
10019.399806000 -0.294502 -0.128590 0.367385 -0.010079 -0.702644 -0.275041 0.656157
10019.433139000 -0.304690 -0.130314 0.365818 -0.010439 -0.693226 -0.273191 0.666855
10019.466472000 -0.312414 -0.129777 0.364670 -0.008555 -0.682439 -0.272879 0.678042
10019.499805000 -0.312225 -0.116278 0.348279 -0.008183 -0.669758 -0.264757 0.693730
10019.533138000 -0.318155 -0.118700 0.346577 -0.008229 -0.658619 -0.261804 0.705416
10019.566471000 -0.322355 -0.114539 0.345627 -0.008782 -0.647792 -0.256760 0.717191
10019.599804000 -0.323707 -0.111973 0.338369 -0.010243 -0.637621 -0.252565 0.727698
10019.633137000 -0.323712 -0.108899 0.328380 -0.012174 -0.627544 -0.246758 0.738343
10019.666470000 -0.322035 -0.101026 0.301054 -0.014242 -0.614511 -0.240205 0.751316
10019.699803000 -0.320120 -0.093252 0.288614 -0.015485 -0.604439 -0.234643 0.761155
10019.733136000 -0.316677 -0.086402 0.272395 -0.016836 -0.594461 -0.232183 0.769691
10019.766469000 -0.313359 -0.082098 0.260758 -0.017848 -0.585179 -0.227152 0.778235
10019.799802000 -0.306240 -0.074473 0.246832 -0.020975 -0.577115 -0.221909 0.785656
10019.833135000 -0.297722 -0.059637 0.219771 -0.020604 -0.566803 -0.221349 0.793293
10019.866468000 -0.290544 -0.055333 0.209904 -0.022985 -0.559103 -0.216465 0.800012
10019.899801000 -0.283083 -0.050108 0.202921 -0.024158 -0.550814 -0.213686 0.806448
10019.933134000 -0.273460 -0.047772 0.196539 -0.025593 -0.542726 -0.209793 0.812884
10019.966467000 -0.265298 -0.042871 0.191690 -0.025353 -0.532910 -0.206225 0.820265
10019.999800000 -0.258316 -0.035981 0.183617 -0.024483 -0.519439 -0.205191 0.829145
10020.033133000 -0.251669 -0.036960 0.185396 -0.026321 -0.506736 -0.201356 0.837843
10020.066466000 -0.245237 -0.039232 0.185508 -0.027792 -0.492031 -0.195917 0.847791
10020.099799000 -0.240007 -0.040904 0.188274 -0.028662 -0.475930 -0.191244 0.857960
10020.133132000 -0.230508 -0.046954 0.197445 -0.028693 -0.460474 -0.185326 0.867637
10020.166465000 -0.238399 -0.040444 0.187217 -0.025235 -0.439098 -0.172892 0.881286
10020.199798000 -0.222449 -0.042728 0.202150 -0.024112 -0.426324 -0.163198 0.889400
10020.233131000 -0.217749 -0.045249 0.209332 -0.024273 -0.408645 -0.155677 0.898991
10020.266464000 -0.210359 -0.046403 0.218431 -0.023278 -0.392201 -0.148430 0.907527
10020.299797000 -0.204216 -0.047500 0.226849 -0.024733 -0.375753 -0.141057 0.915588
10020.333130000 -0.209502 -0.033520 0.219244 -0.023956 -0.354975 -0.131932 0.925210
10020.366463000 -0.204542 -0.035928 0.231433 -0.029247 -0.339990 -0.128761 0.931113
10020.399796000 -0.200025 -0.035349 0.242166 -0.028724 -0.325049 -0.124140 0.937074
10020.433129000 -0.197169 -0.033396 0.250986 -0.028959 -0.313326 -0.119715 0.941624
10020.466462000 -0.193593 -0.035737 0.264203 -0.030344 -0.303830 -0.119924 0.944661
10020.499795000 -0.195093 -0.033338 0.270569 -0.028835 -0.292612 -0.117303 0.948571
10020.533128000 -0.193698 -0.033634 0.280495 -0.029037 -0.284823 -0.112067 0.951564
10020.566461000 -0.189821 -0.036149 0.293055 -0.029710 -0.280772 -0.107085 0.953319
10020.599794000 -0.186467 -0.035760 0.303701 -0.028644 -0.277297 -0.103645 0.954748
10020.633127000 -0.186879 -0.038419 0.315553 -0.030686 -0.272326 -0.102825 0.956203
10020.666460000 -0.186681 -0.041117 0.326574 -0.031007 -0.268043 -0.101982 0.957492
10020.699793000 -0.181330 -0.040515 0.341747 -0.030435 -0.264944 -0.098666 0.958720
10020.733126000 -0.178484 -0.043069 0.354293 -0.032678 -0.261242 -0.096126 0.959919
10020.766459000 -0.174289 -0.045114 0.368825 -0.034526 -0.257691 -0.092265 0.961192
10020.799792000 -0.170571 -0.049546 0.384158 -0.036210 -0.252973 -0.087863 0.962795
10020.833125000 -0.165569 -0.056548 0.399650 -0.030642 -0.244840 -0.083416 0.965482
10020.866458000 -0.162132 -0.055832 0.410755 -0.027718 -0.236341 -0.079265 0.968035
10020.899791000 -0.156205 -0.055438 0.425365 -0.028750 -0.226969 -0.078612 0.970298
10020.933124000 -0.151786 -0.053330 0.437039 -0.027718 -0.216167 -0.078264 0.972820
10020.966457000 -0.146742 -0.049308 0.446734 -0.029500 -0.209553 -0.075194 0.974455
10020.999790000 -0.146374 -0.045214 0.451221 -0.031982 -0.202122 -0.073254 0.976093
10021.033123000 -0.143795 -0.039380 0.456457 -0.033207 -0.193643 -0.072109 0.977855
10021.066456000 -0.142826 -0.034474 0.458265 -0.032346 -0.183275 -0.072040 0.979885
10021.099789000 -0.141626 -0.031009 0.459441 -0.034382 -0.174333 -0.070860 0.981532
10021.133122000 -0.141694 -0.024864 0.455151 -0.036106 -0.164703 -0.067715 0.983353
10021.166455000 -0.144912 -0.027417 0.450360 -0.037475 -0.153938 -0.066426 0.985133
10021.199788000 -0.143799 -0.020543 0.441927 -0.032644 -0.142324 -0.061093 0.987393
10021.233121000 -0.147460 -0.014874 0.432050 -0.029674 -0.132383 -0.056020 0.989169
10021.266454000 -0.151259 -0.005670 0.420350 -0.027810 -0.122604 -0.053193 0.990639
10021.299787000 -0.159876 0.009477 0.399764 -0.025896 -0.105081 -0.044556 0.993128
10021.333120000 -0.171292 0.018348 0.381092 -0.023303 -0.090190 -0.037354 0.994951
10021.366453000 -0.177550 0.026332 0.360853 -0.021174 -0.075301 -0.028154 0.996538
10021.399786000 -0.180962 0.037405 0.340369 -0.019181 -0.063443 -0.016974 0.997657
10021.433119000 -0.183790 0.049177 0.319174 -0.017792 -0.054269 -0.006041 0.998350
10021.466452000 -0.184945 0.056411 0.298831 -0.017626 -0.047832 0.003518 0.998694
10021.499785000 -0.198295 0.065050 0.270692 -0.015550 -0.038813 0.006436 0.999105
10021.533118000 -0.190800 0.066227 0.250478 -0.013333 -0.035380 0.006657 0.999263
10021.566451000 -0.186839 0.074528 0.230511 -0.009333 -0.026353 0.006034 0.999591
10021.599784000 -0.178612 0.083732 0.216630 -0.008150 -0.016016 0.006310 0.999819
