10005.333280000 0.000000 0.000000 0.000000 0.000000 0.000000 0.000000 1.000000
10005.366613000 -0.028334 -0.007809 0.007654 0.005187 0.007344 0.002661 0.999956
10005.399946000 -0.052369 -0.015353 0.017430 0.006785 0.017213 0.003775 0.999822
10005.433279000 -0.077294 -0.029819 0.034609 0.011188 0.042077 0.010700 0.998994
10005.466612000 -0.091200 -0.040837 0.047703 0.014097 0.054851 0.017172 0.998247
10005.499945000 -0.118189 -0.041461 0.061384 0.018613 0.066042 0.022223 0.997396
10005.533278000 -0.131947 -0.048723 0.076471 0.018017 0.069794 0.022210 0.997151
10005.566611000 -0.157000 -0.049607 0.092278 0.019517 0.074934 0.021979 0.996755
10005.599944000 -0.179051 -0.053172 0.112964 0.015406 0.073508 0.022970 0.996911
10005.633277000 -0.199092 -0.059912 0.137220 0.012516 0.080129 0.025910 0.996369
10005.666610000 -0.223136 -0.073354 0.163221 0.016424 0.091366 0.032923 0.995137
10005.699943000 -0.244112 -0.095254 0.189520 0.022997 0.100868 0.043229 0.993694
10005.733276000 -0.282058 -0.118211 0.228142 0.032219 0.109218 0.058680 0.991761
10005.766609000 -0.303003 -0.134828 0.256459 0.024846 0.119217 0.066878 0.990302
10005.799942000 -0.323627 -0.158046 0.282802 0.022866 0.125956 0.075034 0.988930
10005.833275000 -0.349778 -0.171676 0.307810 0.024963 0.135165 0.078375 0.987403
10005.866608000 -0.368855 -0.184265 0.329924 0.022254 0.145260 0.078011 0.986062
10005.899941000 -0.387924 -0.206124 0.350892 0.022392 0.160681 0.081179 0.983407
10005.933274000 -0.425275 -0.227911 0.378849 0.035813 0.185499 0.090582 0.977805
10005.966607000 -0.450263 -0.237183 0.396078 0.041422 0.201188 0.097860 0.973771
10005.999940000 -0.485277 -0.252554 0.415465 0.043025 0.220589 0.106951 0.968530
10006.033273000 -0.524810 -0.264258 0.434722 0.046295 0.237126 0.118030 0.963170
10006.066606000 -0.568613 -0.274733 0.451034 0.048862 0.252345 0.131685 0.957389
10006.099939000 -0.613071 -0.294088 0.465079 0.051544 0.264151 0.142705 0.952472
10006.133272000 -0.661840 -0.313223 0.482727 0.060832 0.278222 0.150206 0.946747
10006.166605000 -0.720929 -0.333961 0.515158 0.059749 0.300533 0.154976 0.939198
10006.199938000 -0.752504 -0.350703 0.544527 0.057429 0.314639 0.159875 0.933887
10006.233271000 -0.776498 -0.365359 0.569776 0.057306 0.326863 0.163211 0.929106
10006.266604000 -0.796754 -0.382060 0.599986 0.056099 0.342580 0.165386 0.923114
10006.299937000 -0.813217 -0.403124 0.629810 0.056378 0.356432 0.165768 0.917768
10006.333270000 -0.823196 -0.421629 0.653270 0.061967 0.365626 0.163484 0.914194
10006.366603000 -0.837046 -0.440953 0.686985 0.070092 0.376123 0.162843 0.909451
10006.399936000 -0.845821 -0.461390 0.719412 0.076109 0.385600 0.167513 0.904135
10006.433269000 -0.851226 -0.483586 0.753688 0.079505 0.392966 0.176888 0.898870
10006.466602000 -0.854671 -0.508149 0.790722 0.076065 0.399230 0.189037 0.893921
10006.499935000 -0.854388 -0.532444 0.816965 0.076459 0.410139 0.201254 0.886249
10006.533268000 -0.847949 -0.549807 0.835581 0.076726 0.425739 0.201856 0.878700
10006.566601000 -0.850917 -0.576327 0.872653 0.078275 0.450169 0.207596 0.864942
10006.599934000 -0.852223 -0.586158 0.897213 0.074804 0.459185 0.216627 0.858269
10006.633267000 -0.851759 -0.595610 0.925461 0.063218 0.463210 0.227233 0.854286
10006.666600000 -0.852056 -0.614057 0.960827 0.047875 0.474145 0.235264 0.847080
10006.699933000 -0.852275 -0.628283 0.993063 0.040389 0.483956 0.241042 0.840270
10006.733266000 -0.850389 -0.651930 1.024071 0.043483 0.491938 0.248055 0.833412
10006.766599000 -0.853543 -0.674859 1.056487 0.053720 0.503919 0.250707 0.824819
10006.799932000 -0.858874 -0.704046 1.098160 0.055956 0.517361 0.252702 0.815689
10006.833265000 -0.864235 -0.729259 1.132252 0.057248 0.523006 0.249595 0.812951
10006.866598000 -0.866875 -0.752102 1.168705 0.053542 0.528935 0.250464 0.809091
10006.899931000 -0.863843 -0.771748 1.208518 0.045761 0.534139 0.251084 0.805952
10006.933264000 -0.858755 -0.792439 1.249476 0.039880 0.532562 0.254127 0.806354
10006.966597000 -0.854577 -0.809339 1.282650 0.039869 0.530271 0.254382 0.807783
10006.999930000 -0.848944 -0.821754 1.313344 0.037395 0.527396 0.253603 0.810025
10007.033263000 -0.833769 -0.850734 1.363961 0.041086 0.534534 0.256915 0.804102
10007.066596000 -0.830680 -0.870394 1.405039 0.050762 0.543744 0.259676 0.796451
10007.099929000 -0.824966 -0.890301 1.442597 0.055992 0.544440 0.269284 0.792424
10007.133262000 -0.816790 -0.904628 1.472612 0.050242 0.545997 0.279157 0.788311
10007.166595000 -0.804381 -0.926116 1.487490 0.044901 0.556645 0.287231 0.778221
10007.199928000 -0.798909 -0.944508 1.508758 0.038322 0.572666 0.291700 0.765177
10007.233261000 -0.794783 -0.968895 1.535303 0.043356 0.589320 0.294761 0.750958
10007.266594000 -0.794883 -0.987958 1.560595 0.051071 0.605082 0.301298 0.735179
10007.299927000 -0.805442 -1.002533 1.591762 0.052596 0.618978 0.310851 0.719355
10007.333260000 -0.808960 -1.019399 1.621096 0.049019 0.633384 0.322517 0.701715
10007.366593000 -0.816168 -1.040614 1.656358 0.046872 0.650709 0.335848 0.679402
10007.399926000 -0.838351 -1.051231 1.691831 0.043554 0.670342 0.348064 0.653908
10007.433259000 -0.855847 -1.066617 1.721173 0.034134 0.691990 0.365913 0.621363
10007.466592000 -0.872782 -1.082029 1.748881 0.019366 0.705982 0.391490 0.589873
10007.499925000 -0.876712 -1.110423 1.762246 0.007235 0.719621 0.407612 0.562091
10007.533258000 -0.904968 -1.113791 1.778156 0.005726 0.731889 0.412949 0.542015
10007.566591000 -0.922882 -1.130868 1.794868 0.004706 0.740675 0.432564 0.514069
10007.599924000 -0.939495 -1.137725 1.803422 0.013816 0.742458 0.438383 0.506345
10007.633257000 -0.957062 -1.140246 1.813995 0.013417 0.743761 0.440721 0.502398
10007.666590000 -0.976080 -1.140190 1.827376 0.010716 0.743432 0.441107 0.502611
10007.699923000 -0.981681 -1.146635 1.840747 0.005371 0.737173 0.448367 0.505484
10007.733256000 -0.990226 -1.154438 1.845163 0.004599 0.732409 0.449671 0.511226
10007.766589000 -1.005544 -1.159036 1.850016 0.009954 0.731042 0.446553 0.515819
10007.799922000 -1.033419 -1.152747 1.866938 0.013944 0.728195 0.447138 0.519236
10007.833255000 -1.045937 -1.164461 1.870127 0.010998 0.719515 0.452319 0.526863
10007.866588000 -1.056141 -1.172529 1.886208 0.012352 0.714908 0.449654 0.535318
10007.899921000 -1.056568 -1.182339 1.898978 0.011775 0.708306 0.448223 0.545215
10007.933254000 -1.055576 -1.194770 1.911730 0.013469 0.702770 0.443457 0.556128
10007.966587000 -1.052444 -1.206536 1.932280 0.013458 0.701566 0.436164 0.563369
10007.999920000 -1.048443 -1.215162 1.945063 0.012139 0.699049 0.429900 0.571287
10008.033253000 -1.036312 -1.231539 1.960201 0.011048 0.695836 0.426381 0.577832
10008.066586000 -1.024721 -1.246233 1.981015 0.011119 0.692651 0.421255 0.585368
10008.099919000 -1.013460 -1.257126 2.006358 0.011000 0.689705 0.415116 0.593181
10008.133252000 -0.998381 -1.269364 2.023433 0.009354 0.685501 0.412216 0.600066
10008.166585000 -0.975320 -1.287285 2.042548 0.009277 0.682694 0.406970 0.606810
10008.199918000 -0.955004 -1.306063 2.064743 0.013895 0.682108 0.401531 0.610990
10008.233251000 -0.933556 -1.325152 2.084349 0.022082 0.682766 0.398010 0.612316
10008.266584000 -0.904527 -1.341438 2.104252 0.028586 0.677402 0.399677 0.616901
10008.299917000 -0.879169 -1.352901 2.116903 0.031162 0.680153 0.399858 0.613625
10008.333250000 -0.854785 -1.364114 2.123198 0.034985 0.682707 0.400077 0.610431
10008.366583000 -0.828519 -1.371130 2.125128 0.038514 0.685772 0.397526 0.608446
10008.399916000 -0.801577 -1.375944 2.128612 0.040589 0.689226 0.396459 0.605095
10008.433249000 -0.774767 -1.378290 2.130852 0.042174 0.692216 0.393817 0.603297
10008.466582000 -0.743641 -1.383069 2.129678 0.043817 0.694535 0.391151 0.602248
10008.499915000 -0.717145 -1.378441 2.131475 0.047836 0.695650 0.384144 0.605158
10008.533248000 -0.681363 -1.384425 2.130675 0.048771 0.692352 0.382738 0.609739
10008.566581000 -0.650371 -1.386963 2.131219 0.051535 0.688152 0.376729 0.617954
10008.599914000 -0.613209 -1.393280 2.129831 0.052715 0.683533 0.373876 0.624676
10008.633247000 -0.563043 -1.411786 2.137115 0.058389 0.679027 0.361403 0.636318
10008.666580000 -0.534636 -1.423720 2.148049 0.060271 0.669602 0.352428 0.650995
10008.699913000 -0.510678 -1.437027 2.164905 0.062265 0.659850 0.342441 0.665924
10008.733246000 -0.488684 -1.450355 2.182090 0.063863 0.648251 0.337471 0.679563
10008.766579000 -0.466836 -1.461999 2.201638 0.065178 0.636372 0.332121 0.693165
10008.799912000 -0.442731 -1.472062 2.219461 0.065948 0.628154 0.326886 0.703007
10008.833245000 -0.418441 -1.476848 2.244202 0.066879 0.623708 0.322792 0.708746
10008.866578000 -0.387438 -1.489354 2.269108 0.065915 0.621996 0.322909 0.710285
10008.899911000 -0.359740 -1.499769 2.290595 0.066098 0.626674 0.321750 0.706674
10008.933244000 -0.334587 -1.513834 2.310924 0.060634 0.626202 0.327029 0.705157
10008.966577000 -0.296877 -1.530429 2.322793 0.056894 0.628902 0.331617 0.700911
10008.999910000 -0.270006 -1.543122 2.341290 0.056689 0.634736 0.333705 0.694649
10009.033243000 -0.243669 -1.553115 2.351058 0.057883 0.635147 0.338893 0.691657
10009.066576000 -0.220319 -1.556034 2.357478 0.054686 0.640271 0.340530 0.686368
10009.099909000 -0.185236 -1.566554 2.362488 0.054012 0.645480 0.348959 0.677249
10009.133242000 -0.137792 -1.570754 2.369957 0.058108 0.654108 0.352211 0.666869
10009.166575000 -0.102881 -1.576346 2.371280 0.058940 0.663804 0.354364 0.655985
10009.199908000 -0.060982 -1.577704 2.373906 0.060032 0.675224 0.355226 0.643649
10009.233241000 -0.020153 -1.580427 2.373312 0.064545 0.684867 0.355796 0.632613
10009.266574000 0.017411 -1.584808 2.382432 0.065024 0.690109 0.355616 0.626944
10009.299907000 0.059309 -1.588461 2.389277 0.060472 0.692845 0.362463 0.620427
10009.333240000 0.102007 -1.595506 2.393922 0.056272 0.693149 0.373994 0.613602
10009.366573000 0.134744 -1.599500 2.406749 0.056378 0.694439 0.373822 0.612236
10009.399906000 0.168329 -1.607345 2.423112 0.048901 0.694065 0.377662 0.610945
10009.433239000 0.205443 -1.618079 2.439236 0.045472 0.695534 0.381197 0.607333
10009.466572000 0.254048 -1.639477 2.468070 0.050793 0.701854 0.382873 0.598523
10009.499905000 0.276855 -1.656622 2.486086 0.058938 0.707098 0.380996 0.592774
10009.533238000 0.312897 -1.679634 2.518191 0.067550 0.716312 0.377411 0.583006
10009.566571000 0.344774 -1.703696 2.553469 0.069914 0.725590 0.375963 0.572086
10009.599904000 0.378165 -1.729190 2.587413 0.064431 0.733128 0.379149 0.560908
10009.633237000 0.417517 -1.760960 2.607073 0.061832 0.739675 0.387790 0.546513
10009.666570000 0.447490 -1.787355 2.626703 0.066092 0.749772 0.387356 0.532381
10009.699903000 0.483494 -1.808517 2.653132 0.065958 0.759349 0.386943 0.518955
10009.733236000 0.530249 -1.826796 2.668961 0.060788 0.769577 0.390475 0.501583
10009.766569000 0.574246 -1.837456 2.692906 0.059116 0.782162 0.388851 0.483242
10009.799902000 0.622247 -1.847836 2.710935 0.056772 0.789972 0.390446 0.469333
10009.833235000 0.690695 -1.855999 2.730027 0.061014 0.797184 0.391083 0.455882
10009.866568000 0.741827 -1.862807 2.738937 0.065485 0.802314 0.391652 0.445661
10009.899901000 0.803758 -1.872721 2.756783 0.058377 0.806454 0.401566 0.430080
10009.933234000 0.861167 -1.891725 2.757145 0.058510 0.807194 0.410181 0.420434
10009.966567000 0.906510 -1.903353 2.770268 0.052199 0.808326 0.407676 0.421526
10009.999900000 0.957155 -1.922288 2.773650 0.044575 0.813754 0.405407 0.414081
10010.033233000 0.995766 -1.931044 2.770748 0.042644 0.819772 0.400839 0.406796
10010.066566000 1.066993 -1.943403 2.784520 0.041989 0.828154 0.400792 0.389570
10010.099899000 1.119250 -1.946847 2.797438 0.038286 0.831699 0.406449 0.376310
10010.133232000 1.165555 -1.955261 2.813641 0.038182 0.834830 0.411444 0.363751
10010.166565000 1.212624 -1.967472 2.832697 0.036168 0.837212 0.417583 0.351273
10010.199898000 1.255364 -1.972648 2.835525 0.038492 0.842034 0.418127 0.338625
10010.233231000 1.305039 -1.973864 2.845260 0.032425 0.845347 0.423309 0.324264
