10000.000000000 0.000000 0.000000 0.000000 0.000000 0.000000 0.000000 1.000000
10000.033333000 0.010492 0.003387 -0.001805 0.002405 -0.004902 -0.001860 0.999983
10000.066666000 0.020732 0.007197 -0.002778 0.004323 -0.009444 -0.003974 0.999938
10000.099999000 0.030317 0.010379 -0.003153 0.005996 -0.013636 -0.005881 0.999872
10000.133332000 0.040661 0.013313 -0.003655 0.007393 -0.018245 -0.008656 0.999769
10000.166665000 0.051372 0.015964 -0.003973 0.008722 -0.022921 -0.011346 0.999635
10000.199998000 0.061153 0.019003 -0.004436 0.009875 -0.027227 -0.014374 0.999477
10000.233331000 0.071752 0.021289 -0.004087 0.010879 -0.031842 -0.017583 0.999279
10000.266664000 0.081385 0.024053 -0.003173 0.011745 -0.036158 -0.021178 0.999053
10000.299997000 0.091315 0.026018 -0.002965 0.012209 -0.040026 -0.023951 0.998837
10000.333330000 0.110330 0.029797 -0.002630 0.013393 -0.048475 -0.031287 0.998244
10000.366663000 0.120367 0.031565 -0.002319 0.013869 -0.052289 -0.033916 0.997960
10000.399996000 0.129281 0.034486 -0.001396 0.014859 -0.056144 -0.037111 0.997622
10000.433329000 0.138984 0.036433 -0.001048 0.015841 -0.060186 -0.039942 0.997262
10000.466662000 0.147707 0.039268 -0.001504 0.017033 -0.063853 -0.042458 0.996910
10000.499995000 0.156104 0.041312 -0.001911 0.018281 -0.067395 -0.044484 0.996567
10000.533328000 0.164648 0.043911 -0.002157 0.019670 -0.070945 -0.046370 0.996208
10000.566661000 0.173308 0.046402 -0.002556 0.021267 -0.074511 -0.047708 0.995851
10000.599994000 0.180912 0.049899 -0.003380 0.023152 -0.077702 -0.048743 0.995515
10000.633327000 0.189168 0.052445 -0.005148 0.025429 -0.081391 -0.049625 0.995121
10000.666660000 0.203539 0.059693 -0.008209 0.030970 -0.087724 -0.048854 0.994464
10000.699993000 0.210769 0.063871 -0.011119 0.034070 -0.090573 -0.047904 0.994153
10000.733326000 0.217651 0.067783 -0.014178 0.037767 -0.093716 -0.047172 0.993763
10000.766659000 0.224664 0.071516 -0.015671 0.041769 -0.097051 -0.046418 0.993319
10000.799992000 0.232066 0.074484 -0.017842 0.045352 -0.100064 -0.046005 0.992882
10000.833325000 0.240335 0.077795 -0.018894 0.049690 -0.103958 -0.046598 0.992246
10000.866658000 0.248550 0.081060 -0.019866 0.054488 -0.107284 -0.047244 0.991609
10000.899991000 0.257302 0.082661 -0.019629 0.058732 -0.110313 -0.049312 0.990934
10000.933324000 0.267594 0.083888 -0.017292 0.063573 -0.114532 -0.052882 0.989972
10000.966657000 0.279035 0.084469 -0.014398 0.067988 -0.118856 -0.057510 0.988910
10000.999990000 0.305997 0.082476 -0.005103 0.077850 -0.127704 -0.071934 0.986132
10001.033323000 0.320625 0.080625 0.002292 0.082629 -0.132229 -0.081616 0.984392
10001.066656000 0.336054 0.075827 0.010399 0.086764 -0.137649 -0.091939 0.982381
10001.099989000 0.351510 0.070631 0.018703 0.090849 -0.142656 -0.102457 0.980254
10001.133322000 0.364454 0.067039 0.026408 0.094880 -0.147399 -0.113190 0.977988
10001.166655000 0.377523 0.063000 0.034387 0.099356 -0.152595 -0.123932 0.975440
10001.199988000 0.389995 0.056899 0.040342 0.102527 -0.157773 -0.134148 0.972934
10001.233321000 0.399631 0.052775 0.045421 0.105569 -0.163251 -0.144012 0.970291
10001.266654000 0.406094 0.047798 0.047731 0.107821 -0.168366 -0.152985 0.967793
10001.299987000 0.410462 0.043140 0.048100 0.109429 -0.173338 -0.160698 0.965482
10001.333320000 0.407306 0.034186 0.039466 0.109346 -0.182499 -0.172911 0.961686
10001.366653000 0.400847 0.031372 0.030514 0.108796 -0.187067 -0.176970 0.960131
10001.399986000 0.391419 0.029158 0.019380 0.106761 -0.191079 -0.180676 0.958878
10001.433319000 0.378689 0.028691 0.005876 0.104953 -0.194174 -0.183466 0.957926
10001.466652000 0.367256 0.026363 -0.007997 0.102044 -0.197731 -0.185219 0.957175
10001.499985000 0.353265 0.025651 -0.022663 0.098877 -0.200486 -0.186460 0.956693
10001.533318000 0.339999 0.025381 -0.038298 0.095425 -0.202765 -0.187411 0.956377
10001.566651000 0.327729 0.025629 -0.053220 0.092162 -0.204491 -0.187672 0.956279
10001.599984000 0.317380 0.027265 -0.067265 0.089161 -0.205601 -0.187629 0.956333
10001.633317000 0.308305 0.028053 -0.079716 0.086028 -0.206498 -0.187453 0.956462
10001.666650000 0.301060 0.032457 -0.098931 0.081531 -0.206734 -0.186597 0.956972
10001.699983000 0.301944 0.035509 -0.105203 0.080036 -0.205879 -0.186436 0.957314
10001.733316000 0.305633 0.038969 -0.109319 0.079834 -0.204709 -0.185782 0.957708
10001.766649000 0.312266 0.041818 -0.111644 0.078920 -0.203983 -0.185408 0.958012
10001.799982000 0.321420 0.045963 -0.111761 0.079333 -0.203296 -0.185170 0.958170
10001.833315000 0.331055 0.049376 -0.111167 0.079545 -0.201894 -0.185015 0.958478
10001.866648000 0.343573 0.051994 -0.109845 0.080355 -0.201553 -0.184987 0.958488
10001.899981000 0.356464 0.054535 -0.106859 0.080944 -0.201583 -0.185151 0.958400
10001.933314000 0.370784 0.056695 -0.103642 0.081453 -0.202364 -0.185611 0.958104
10001.966647000 0.384124 0.057564 -0.099496 0.082219 -0.203834 -0.186092 0.957633
10001.999980000 0.412997 0.056505 -0.090311 0.083826 -0.210754 -0.188301 0.955562
10002.033313000 0.426987 0.055757 -0.085950 0.084852 -0.215769 -0.189427 0.954129
10002.066646000 0.439346 0.053267 -0.080863 0.085270 -0.220736 -0.190675 0.952705
10002.099979000 0.451707 0.050537 -0.076626 0.085858 -0.226941 -0.193060 0.950712
10002.133312000 0.463515 0.046708 -0.071570 0.086175 -0.233559 -0.194801 0.948724
10002.166645000 0.474989 0.042979 -0.066658 0.086206 -0.240787 -0.196406 0.946581
10002.199978000 0.485276 0.037106 -0.061795 0.085385 -0.247575 -0.198568 0.944451
10002.233311000 0.495111 0.031943 -0.056442 0.084570 -0.255311 -0.200790 0.941991
10002.266644000 0.503794 0.024643 -0.050557 0.082740 -0.262021 -0.203047 0.939825
10002.299977000 0.512071 0.018190 -0.045995 0.080958 -0.269061 -0.204754 0.937618
10002.333310000 0.524412 0.003153 -0.032648 0.075280 -0.281377 -0.209825 0.933345
10002.366643000 0.528947 -0.005416 -0.027046 0.071558 -0.286568 -0.212028 0.931559
10002.399976000 0.533602 -0.012429 -0.021108 0.067984 -0.291200 -0.214065 0.929923
10002.433309000 0.536026 -0.020392 -0.014563 0.064070 -0.295685 -0.216737 0.928165
10002.466642000 0.538438 -0.028082 -0.008794 0.060192 -0.299266 -0.218675 0.926822
10002.499975000 0.539852 -0.035743 -0.002715 0.056406 -0.302255 -0.220952 0.925549
10002.533308000 0.541243 -0.042933 0.002742 0.053328 -0.304975 -0.222885 0.924375
10002.566641000 0.542161 -0.048578 0.008400 0.051544 -0.306992 -0.224188 0.923493
10002.599974000 0.542852 -0.054550 0.013063 0.050202 -0.308542 -0.225633 0.922698
10002.633307000 0.542593 -0.059775 0.016751 0.049923 -0.309321 -0.226438 0.922255
10002.666640000 0.543301 -0.067661 0.022744 0.053491 -0.309676 -0.226590 0.921899
10002.699973000 0.543198 -0.070491 0.025278 0.056850 -0.308752 -0.225962 0.922161
10002.733306000 0.543368 -0.071731 0.026100 0.061577 -0.307817 -0.224808 0.922452
10002.766639000 0.542662 -0.073009 0.027159 0.067230 -0.305686 -0.222962 0.923214
10002.799972000 0.542581 -0.073442 0.027695 0.073788 -0.303529 -0.220336 0.924055
10002.833305000 0.542390 -0.072723 0.027200 0.080951 -0.300699 -0.217341 0.925089
10002.866638000 0.543163 -0.072027 0.026770 0.088353 -0.298186 -0.214331 0.925927
10002.899971000 0.542640 -0.070622 0.025452 0.095568 -0.294483 -0.210274 0.927325
10002.933304000 0.543146 -0.068911 0.024314 0.102537 -0.291799 -0.206144 0.928356
10002.966637000 0.542746 -0.067291 0.022947 0.108741 -0.288110 -0.201632 0.929792
10002.999970000 0.542800 -0.060849 0.018662 0.119125 -0.280767 -0.191101 0.932984
10003.033303000 0.543247 -0.058634 0.016806 0.122863 -0.277534 -0.185692 0.934558
10003.066636000 0.542639 -0.056011 0.014576 0.126182 -0.273653 -0.179931 0.936385
10003.099969000 0.542694 -0.053675 0.012604 0.128284 -0.270595 -0.174390 0.938035
10003.133302000 0.543483 -0.052159 0.011491 0.129644 -0.268034 -0.168870 0.939592
10003.166635000 0.543213 -0.051486 0.010854 0.130978 -0.264989 -0.163805 0.941166
10003.199968000 0.542951 -0.050682 0.010146 0.131601 -0.262272 -0.158742 0.942706
10003.233301000 0.543454 -0.051941 0.011535 0.131871 -0.260234 -0.154327 0.943966
10003.266634000 0.543114 -0.054411 0.013294 0.132410 -0.257826 -0.150270 0.945205
10003.299967000 0.543003 -0.057993 0.016296 0.132589 -0.255974 -0.146814 0.946226
10003.333300000 0.544047 -0.073150 0.027114 0.131743 -0.253403 -0.142128 0.947750
10003.366633000 0.543911 -0.082873 0.034384 0.131390 -0.252418 -0.140945 0.948239
10003.399966000 0.543966 -0.092420 0.042208 0.131811 -0.251361 -0.139954 0.948608
10003.433299000 0.545607 -0.104235 0.050605 0.131012 -0.251422 -0.139769 0.948729
10003.466632000 0.546531 -0.113837 0.058215 0.131483 -0.250913 -0.139952 0.948772
10003.499965000 0.548913 -0.124034 0.066198 0.131227 -0.251243 -0.140425 0.948650
10003.533298000 0.550912 -0.133325 0.072710 0.131064 -0.251291 -0.140813 0.948602
10003.566631000 0.553105 -0.138343 0.077468 0.131648 -0.251328 -0.141389 0.948426
10003.599964000 0.557253 -0.141573 0.080928 0.132109 -0.252176 -0.142129 0.948026
10003.633297000 0.561165 -0.142333 0.081881 0.132007 -0.252938 -0.143036 0.947701
10003.666630000 0.572664 -0.131358 0.075908 0.133142 -0.254611 -0.144056 0.946940
10003.699963000 0.579966 -0.119277 0.068644 0.134250 -0.255898 -0.144324 0.946395
10003.733296000 0.586984 -0.105156 0.059403 0.134872 -0.256618 -0.144572 0.946074
10003.766629000 0.593859 -0.088710 0.047980 0.135720 -0.257313 -0.144392 0.945791
10003.799962000 0.600164 -0.069866 0.035471 0.136676 -0.257523 -0.144172 0.945630
10003.833295000 0.605984 -0.049722 0.021919 0.137437 -0.257384 -0.143837 0.945609
10003.866628000 0.611025 -0.029270 0.007826 0.138258 -0.257174 -0.143254 0.945634
10003.899961000 0.613914 -0.009189 -0.005628 0.138486 -0.256291 -0.143074 0.945868
10003.933294000 0.616074 0.007202 -0.018669 0.137839 -0.255426 -0.142586 0.946270
10003.966627000 0.615864 0.023773 -0.031238 0.137886 -0.253478 -0.141866 0.946895
10003.999960000 0.606904 0.051427 -0.052231 0.137180 -0.247667 -0.141297 0.948619
10004.033293000 0.598954 0.059702 -0.060435 0.136367 -0.243760 -0.140597 0.949851
10004.066626000 0.590193 0.064464 -0.065937 0.135018 -0.240100 -0.140455 0.950997
10004.099959000 0.579965 0.068185 -0.070294 0.133945 -0.235797 -0.140039 0.952285
10004.133292000 0.568523 0.069181 -0.072124 0.132777 -0.231630 -0.139929 0.953487
10004.166625000 0.557310 0.065647 -0.072001 0.131022 -0.227620 -0.139755 0.954720
10004.199958000 0.546434 0.060298 -0.070060 0.129369 -0.223885 -0.139600 0.955851
10004.233291000 0.537578 0.051278 -0.064411 0.127637 -0.221344 -0.139985 0.956619
10004.266624000 0.528694 0.041458 -0.057468 0.126289 -0.218759 -0.140082 0.957378
10004.299957000 0.522816 0.027975 -0.048937 0.124337 -0.217767 -0.140285 0.957830
10004.333290000 0.520130 -0.008626 -0.023063 0.120613 -0.220659 -0.141718 0.957433
10004.366623000 0.522291 -0.028649 -0.007357 0.119369 -0.223808 -0.142652 0.956719
10004.399956000 0.526679 -0.051496 0.009982 0.117575 -0.228526 -0.143958 0.955630
10004.433289000 0.532925 -0.074628 0.027952 0.116040 -0.234072 -0.145203 0.954286
10004.466622000 0.542270 -0.098715 0.047149 0.114284 -0.241365 -0.146993 0.952405
10004.499955000 0.550634 -0.123020 0.066136 0.112453 -0.249003 -0.148735 0.950384
10004.533288000 0.559947 -0.145540 0.083931 0.110700 -0.256998 -0.150564 0.948171
10004.566621000 0.569976 -0.166580 0.100983 0.109197 -0.265585 -0.152436 0.945676
10004.599954000 0.579062 -0.187076 0.117424 0.106582 -0.274035 -0.154711 0.943191
10004.633287000 0.586879 -0.203172 0.130690 0.104864 -0.281948 -0.156396 0.940770
10004.666620000 0.599775 -0.228459 0.150751 0.100381 -0.295704 -0.160088 0.936405
10004.699953000 0.602278 -0.234844 0.156166 0.098225 -0.300460 -0.161573 0.934863
10004.733286000 0.603895 -0.240296 0.160266 0.095127 -0.304593 -0.163301 0.933545
10004.766619000 0.605917 -0.243815 0.163259 0.092563 -0.308774 -0.164839 0.932158
10004.799952000 0.606579 -0.246394 0.165123 0.090145 -0.311586 -0.166227 0.931212
10004.833285000 0.606528 -0.249564 0.167857 0.087084 -0.314084 -0.167742 0.930392
10004.866618000 0.607588 -0.253138 0.170539 0.084111 -0.316363 -0.169165 0.929636
10004.899951000 0.608426 -0.258520 0.174622 0.080951 -0.318341 -0.170668 0.928966
10004.933284000 0.609781 -0.266098 0.180485 0.078184 -0.320394 -0.172050 0.928242
10004.966617000 0.613549 -0.277790 0.189412 0.074777 -0.323158 -0.173757 0.927246
10004.999950000 0.623973 -0.311958 0.216164 0.067903 -0.328986 -0.177494 0.925015
10005.033283000 0.630298 -0.334733 0.233840 0.064132 -0.332159 -0.179509 0.923761
10005.066616000 0.638638 -0.360107 0.253455 0.060789 -0.335994 -0.181446 0.922220
10005.099949000 0.647308 -0.386961 0.274508 0.056778 -0.340065 -0.183766 0.920523
10005.133282000 0.656548 -0.414656 0.296253 0.053136 -0.344424 -0.186090 0.918651
10005.166615000 0.665286 -0.440120 0.316369 0.050361 -0.348483 -0.188087 0.916868
10005.199948000 0.673105 -0.464301 0.335502 0.047088 -0.352300 -0.190054 0.915176
10005.233281000 0.679805 -0.486002 0.352095 0.044325 -0.355939 -0.191794 0.913541
10005.266614000 0.686712 -0.503571 0.366052 0.041875 -0.359534 -0.193545 0.911878
10005.299947000 0.690297 -0.515077 0.375107 0.040062 -0.362240 -0.194843 0.910611
10005.333280000 0.691889 -0.520630 0.379353 0.037021 -0.365836 -0.196820 0.908876
10005.366613000 0.689641 -0.513395 0.374034 0.036692 -0.366866 -0.196767 0.908485
10005.399946000 0.685539 -0.501032 0.364364 0.036412 -0.367252 -0.197008 0.908289
10005.433279000 0.680609 -0.486115 0.351455 0.036123 -0.367053 -0.197108 0.908359
10005.466612000 0.674178 -0.466845 0.336458 0.036542 -0.366629 -0.196934 0.908551
10005.499945000 0.667818 -0.447723 0.321174 0.036686 -0.366206 -0.196301 0.908853
10005.533278000 0.660942 -0.427141 0.305252 0.037344 -0.365473 -0.195861 0.909216
10005.566611000 0.654659 -0.408054 0.290103 0.037803 -0.364478 -0.195940 0.909579
10005.599944000 0.648888 -0.390538 0.276734 0.038007 -0.364383 -0.195936 0.909610
10005.633277000 0.644218 -0.376221 0.266673 0.038659 -0.364170 -0.195550 0.909751
10005.666610000 0.639686 -0.362768 0.257367 0.038983 -0.364774 -0.196540 0.909281
10005.699943000 0.640146 -0.363522 0.258157 0.038487 -0.365638 -0.197356 0.908778
10005.733276000 0.641498 -0.367481 0.262580 0.038346 -0.366586 -0.198034 0.908255
10005.766609000 0.644083 -0.375310 0.268603 0.037792 -0.367405 -0.198888 0.907760
10005.799942000 0.647181 -0.384648 0.277181 0.037642 -0.368368 -0.199613 0.907217
10005.833275000 0.650931 -0.396141 0.286329 0.037132 -0.369168 -0.200455 0.906727
10005.866608000 0.654690 -0.407368 0.295245 0.037171 -0.369117 -0.200384 0.906762
10005.899941000 0.658538 -0.419037 0.304313 0.036936 -0.369145 -0.199961 0.906853
10005.933274000 0.662004 -0.429728 0.311555 0.037035 -0.368219 -0.199223 0.907388
10005.966607000 0.664794 -0.438714 0.317218 0.037454 -0.366781 -0.198208 0.908176
10005.999940000 0.667050 -0.445730 0.319383 0.039827 -0.360978 -0.192798 0.911558
10006.033273000 0.666504 -0.444325 0.315813 0.041863 -0.356681 -0.189288 0.913891
10006.066606000 0.665328 -0.440932 0.310584 0.044182 -0.352060 -0.185571 0.916332
10006.099939000 0.663759 -0.435468 0.303123 0.046342 -0.347448 -0.182133 0.918673
10006.133272000 0.661146 -0.427645 0.295750 0.049503 -0.342723 -0.178596 0.920975
10006.166605000 0.658252 -0.419391 0.286533 0.052325 -0.337907 -0.175650 0.923162
10006.199938000 0.654917 -0.409054 0.278590 0.055597 -0.334063 -0.173270 0.924818
10006.233271000 0.651342 -0.397970 0.271173 0.059772 -0.330073 -0.171736 0.926275
10006.266604000 0.648070 -0.388052 0.265888 0.063189 -0.327727 -0.171715 0.926885
10006.299937000 0.644579 -0.376460 0.261887 0.067408 -0.325893 -0.172355 0.927116
10006.333270000 0.638605 -0.357576 0.262034 0.075765 -0.325879 -0.179120 0.925191
10006.366603000 0.636422 -0.349970 0.267028 0.080169 -0.327947 -0.184892 0.922951
10006.399936000 0.635165 -0.341987 0.274368 0.085340 -0.330931 -0.192250 0.919914
10006.433269000 0.633160 -0.336981 0.283030 0.089206 -0.334687 -0.200458 0.916430
10006.466602000 0.631735 -0.330775 0.293299 0.093951 -0.339788 -0.209477 0.912051
10006.499935000 0.630612 -0.324711 0.303889 0.099331 -0.345449 -0.219137 0.907071
10006.533268000 0.629435 -0.320439 0.315366 0.103805 -0.351572 -0.228845 0.901805
10006.566601000 0.628382 -0.316301 0.325373 0.107837 -0.357737 -0.238357 0.896427
10006.599934000 0.627873 -0.311541 0.334142 0.111099 -0.364065 -0.248107 0.890818
10006.633267000 0.626645 -0.307943 0.343011 0.114250 -0.371069 -0.256606 0.885103
10006.666600000 0.625451 -0.300380 0.351910 0.116880 -0.383083 -0.270541 0.875439
10006.699933000 0.623764 -0.299443 0.357172 0.115550 -0.389973 -0.275306 0.871077
10006.733266000 0.623155 -0.297338 0.357819 0.114482 -0.395386 -0.279143 0.867550
10006.766599000 0.622067 -0.294040 0.356768 0.111915 -0.400114 -0.281993 0.864791
10006.799932000 0.621696 -0.292565 0.355388 0.109610 -0.404798 -0.284127 0.862204
10006.833265000 0.621336 -0.292588 0.352766 0.105657 -0.408932 -0.285819 0.860185
10006.866598000 0.621186 -0.292100 0.350919 0.102356 -0.412709 -0.286654 0.858501
10006.899931000 0.621471 -0.293698 0.348687 0.098004 -0.416162 -0.287414 0.857086
10006.933264000 0.622232 -0.296394 0.348237 0.093700 -0.419529 -0.288116 0.855690
10006.966597000 0.623463 -0.300282 0.348783 0.089661 -0.423058 -0.288188 0.854360
10006.999930000 0.627669 -0.313730 0.355453 0.082833 -0.429125 -0.289629 0.851532
10007.033263000 0.630581 -0.322962 0.361509 0.080306 -0.432303 -0.291124 0.849654
10007.066596000 0.633122 -0.333621 0.368547 0.077103 -0.434952 -0.292854 0.848002
10007.099929000 0.636535 -0.344330 0.377344 0.075285 -0.437892 -0.293879 0.846297
10007.133262000 0.640324 -0.356761 0.387276 0.073545 -0.441292 -0.296195 0.843873
10007.166595000 0.644598 -0.368649 0.396540 0.072185 -0.443643 -0.297309 0.842364
10007.199928000 0.648750 -0.381243 0.407786 0.070965 -0.446089 -0.299010 0.840572
10007.233261000 0.652836 -0.394384 0.417961 0.069639 -0.448476 -0.300815 0.838767
10007.266594000 0.657099 -0.406987 0.429071 0.069073 -0.451401 -0.302232 0.836733
10007.299927000 0.660920 -0.418060 0.438123 0.068812 -0.453022 -0.303328 0.835481
10007.333260000 0.670013 -0.438324 0.455885 0.069446 -0.456777 -0.304720 0.832873
10007.366593000 0.673283 -0.446818 0.464126 0.070108 -0.458019 -0.304457 0.832232
10007.399926000 0.677034 -0.455597 0.470943 0.069994 -0.459542 -0.304676 0.831321
10007.433259000 0.679268 -0.462275 0.476843 0.070568 -0.459433 -0.304350 0.831452
10007.466592000 0.682700 -0.468986 0.482254 0.070973 -0.459966 -0.304108 0.831211
10007.499925000 0.685757 -0.475468 0.487659 0.070545 -0.460372 -0.304467 0.830892
10007.533258000 0.687427 -0.481237 0.492365 0.070505 -0.459681 -0.303760 0.831536
10007.566591000 0.688539 -0.487564 0.497024 0.069362 -0.458996 -0.304260 0.831828
10007.599924000 0.690413 -0.493467 0.500337 0.068184 -0.457740 -0.304760 0.832434
10007.633257000 0.690249 -0.499347 0.504794 0.066803 -0.455754 -0.305313 0.833432
10007.666590000 0.689537 -0.512969 0.514584 0.061601 -0.451905 -0.307756 0.835029
10007.699923000 0.687764 -0.520185 0.519399 0.058006 -0.448770 -0.309930 0.836172
10007.733256000 0.686128 -0.528077 0.525061 0.054072 -0.446109 -0.311831 0.837152
10007.766589000 0.684684 -0.535600 0.530290 0.050195 -0.443161 -0.314247 0.838056
10007.799922000 0.682395 -0.544396 0.534711 0.045151 -0.439622 -0.316548 0.839340
10007.833255000 0.679917 -0.552951 0.540367 0.040347 -0.436426 -0.318707 0.840435
10007.866588000 0.676607 -0.561944 0.546654 0.035529 -0.433535 -0.321082 0.841244
10007.899921000 0.674230 -0.569426 0.552439 0.031637 -0.430115 -0.322568 0.842585
10007.933254000 0.671932 -0.578245 0.558568 0.027347 -0.427553 -0.324550 0.843278
10007.966587000 0.669442 -0.586437 0.564358 0.023297 -0.424869 -0.325704 0.844311
10007.999920000 0.666619 -0.603307 0.576071 0.016374 -0.421057 -0.326999 0.845881
10008.033253000 0.666019 -0.610604 0.582593 0.014340 -0.420137 -0.326889 0.846418
10008.066586000 0.665547 -0.618242 0.588355 0.012132 -0.419542 -0.326859 0.846759
10008.099919000 0.665790 -0.625617 0.593782 0.011007 -0.418833 -0.326766 0.847161
10008.133252000 0.667136 -0.632953 0.600687 0.010233 -0.419176 -0.326041 0.847280
10008.166585000 0.669335 -0.639088 0.606773 0.010381 -0.419920 -0.325582 0.847086
10008.199918000 0.672335 -0.645140 0.613096 0.011548 -0.420810 -0.325112 0.846811
10008.233251000 0.675511 -0.651053 0.619400 0.012950 -0.421261 -0.324384 0.846845
10008.266584000 0.680287 -0.655729 0.624908 0.015434 -0.422173 -0.324299 0.846382
10008.299917000 0.685064 -0.660738 0.631778 0.018641 -0.423438 -0.324462 0.845622
10008.333250000 0.699538 -0.668769 0.645660 0.027125 -0.425834 -0.326751 0.843305
10008.366583000 0.708035 -0.671640 0.651429 0.032781 -0.427217 -0.328598 0.841686
10008.399916000 0.717499 -0.674835 0.659341 0.038436 -0.428628 -0.330798 0.839865
10008.433249000 0.726998 -0.678924 0.665317 0.044146 -0.429688 -0.333660 0.837908
10008.466582000 0.738662 -0.681470 0.671887 0.050433 -0.431462 -0.336473 0.835514
10008.499915000 0.750094 -0.684077 0.677014 0.056724 -0.432555 -0.339652 0.833256
10008.533248000 0.762017 -0.689009 0.682698 0.061359 -0.433843 -0.343258 0.830777
10008.566581000 0.774104 -0.693890 0.686886 0.065991 -0.435632 -0.346822 0.828000
10008.599914000 0.786198 -0.698961 0.690178 0.070217 -0.436960 -0.350755 0.825292
10008.633247000 0.799237 -0.705565 0.693653 0.073701 -0.439665 -0.354706 0.821856
10008.666580000 0.825055 -0.721374 0.695867 0.076520 -0.444785 -0.362147 0.815574
10008.699913000 0.837535 -0.731838 0.695670 0.076583 -0.447639 -0.365873 0.812337
10008.733246000 0.850776 -0.741764 0.694120 0.075744 -0.450677 -0.368953 0.809338
10008.766579000 0.863575 -0.753513 0.692285 0.073776 -0.454051 -0.372133 0.806171
10008.799912000 0.876210 -0.764280 0.689806 0.071720 -0.457593 -0.374218 0.803384
10008.833245000 0.888903 -0.775045 0.687308 0.069802 -0.461012 -0.376242 0.800648
10008.866578000 0.900700 -0.785636 0.683691 0.067171 -0.463833 -0.377383 0.798705
10008.899911000 0.912484 -0.796131 0.680844 0.064580 -0.467172 -0.378408 0.796484
10008.933244000 0.924324 -0.803645 0.677397 0.063070 -0.469768 -0.378121 0.795214
10008.966577000 0.936072 -0.811492 0.673790 0.061177 -0.472332 -0.377379 0.794195
10008.999910000 0.958112 -0.822757 0.668652 0.058787 -0.476759 -0.373556 0.793537
10009.033243000 0.969056 -0.825227 0.666182 0.058536 -0.478383 -0.370168 0.794165
10009.066576000 0.978883 -0.826327 0.663646 0.058666 -0.479183 -0.367030 0.795130
10009.099909000 0.988338 -0.827244 0.661968 0.058985 -0.480610 -0.363870 0.795697
10009.133242000 0.998248 -0.825739 0.661682 0.060652 -0.481721 -0.361032 0.796192
10009.166575000 1.006808 -0.823528 0.661173 0.062110 -0.482757 -0.358187 0.796737
10009.199908000 1.016048 -0.819512 0.662410 0.065057 -0.484479 -0.356477 0.796223
10009.233241000 1.024049 -0.815138 0.663277 0.067894 -0.485391 -0.355858 0.795708
10009.266574000 1.030741 -0.811060 0.665851 0.071089 -0.486699 -0.356945 0.794142
10009.299907000 1.038608 -0.804750 0.668866 0.075556 -0.488036 -0.359158 0.791908
10009.333240000 1.051647 -0.791234 0.677045 0.086453 -0.491070 -0.369878 0.783942
10009.366573000 1.056964 -0.784771 0.683728 0.092352 -0.493114 -0.378092 0.778047
10009.399906000 1.063730 -0.777040 0.690171 0.099328 -0.495109 -0.387489 0.771267
10009.433239000 1.068656 -0.770320 0.697368 0.106055 -0.496994 -0.398026 0.763757
10009.466572000 1.074927 -0.762359 0.704771 0.113458 -0.498842 -0.409437 0.755411
10009.499905000 1.081234 -0.754212 0.712421 0.121671 -0.500702 -0.420702 0.746661
10009.533238000 1.088545 -0.745651 0.720010 0.130080 -0.502174 -0.432317 0.737565
10009.566571000 1.097066 -0.736648 0.727676 0.138909 -0.503990 -0.443484 0.728025
10009.599904000 1.102065 -0.732135 0.734299 0.145119 -0.505298 -0.453913 0.719428
10009.633237000 1.112692 -0.723688 0.742182 0.153431 -0.507496 -0.463291 0.710119
10009.666570000 1.136786 -0.705918 0.753918 0.170029 -0.510138 -0.478685 0.694053
10009.699903000 1.150859 -0.699498 0.758538 0.177087 -0.511401 -0.484553 0.687254
10009.733236000 1.167153 -0.691066 0.762523 0.184188 -0.513037 -0.488085 0.681646
10009.766569000 1.185332 -0.682999 0.765447 0.191063 -0.514030 -0.490301 0.677402
10009.799902000 1.205247 -0.676415 0.765809 0.196855 -0.515446 -0.490106 0.674803
10009.833235000 1.228028 -0.669135 0.765078 0.201878 -0.517022 -0.487975 0.673657
10009.866568000 1.253143 -0.662391 0.763345 0.206378 -0.518449 -0.483122 0.674694
10009.899901000 1.281303 -0.655935 0.759998 0.209974 -0.520503 -0.475701 0.677271
