10000.000000000 0.000000 0.000000 0.000000 0.000000 0.000000 0.000000 1.000000
10000.033333000 0.009767 0.002509 -0.001539 0.002117 -0.004704 -0.001994 0.999985
10000.066666000 0.020025 0.005790 -0.002711 0.003839 -0.009255 -0.004120 0.999941
10000.099999000 0.029539 0.007943 -0.003032 0.005223 -0.013425 -0.006080 0.999878
10000.133332000 0.040303 0.012413 -0.003703 0.007071 -0.018171 -0.008837 0.999771
10000.166665000 0.050368 0.014363 -0.004042 0.008158 -0.022643 -0.011536 0.999644
10000.199998000 0.059829 0.017553 -0.004560 0.009340 -0.026864 -0.014565 0.999489
10000.233331000 0.070216 0.019592 -0.004478 0.010292 -0.031433 -0.017956 0.999292
10000.266664000 0.080248 0.021921 -0.003367 0.011080 -0.035833 -0.021320 0.999069
10000.299997000 0.090427 0.025193 -0.003219 0.011912 -0.039736 -0.023914 0.998853
10000.333330000 0.108478 0.028613 -0.003435 0.012810 -0.047991 -0.031659 0.998264
10000.366663000 0.119169 0.029793 -0.002696 0.013253 -0.051956 -0.034055 0.997981
10000.399996000 0.128715 0.032459 -0.001896 0.014137 -0.056005 -0.037207 0.997637
10000.433329000 0.138057 0.034429 -0.001700 0.015136 -0.059974 -0.040199 0.997275
10000.466662000 0.146433 0.036209 -0.001759 0.016055 -0.063517 -0.042622 0.996941
10000.499995000 0.154640 0.038260 -0.002512 0.017292 -0.067020 -0.044822 0.996594
10000.533328000 0.163135 0.040232 -0.002262 0.018541 -0.070539 -0.046650 0.996245
10000.566661000 0.171701 0.042323 -0.003245 0.019952 -0.074105 -0.047996 0.995895
10000.599994000 0.178928 0.045911 -0.004073 0.021881 -0.077185 -0.049203 0.995562
10000.633327000 0.187844 0.049861 -0.005964 0.024577 -0.081048 -0.049990 0.995152
10000.666660000 0.202936 0.057293 -0.008812 0.030192 -0.087579 -0.049054 0.994491
10000.699993000 0.210191 0.061423 -0.012078 0.033221 -0.090397 -0.048088 0.994189
10000.733326000 0.217598 0.065615 -0.014880 0.037027 -0.093701 -0.047369 0.993783
10000.766659000 0.223682 0.068068 -0.016367 0.040674 -0.096811 -0.046731 0.993373
10000.799992000 0.231511 0.071772 -0.018601 0.044479 -0.099958 -0.046275 0.992919
10000.833325000 0.240130 0.075468 -0.019574 0.048886 -0.103950 -0.046846 0.992275
10000.866658000 0.248560 0.077613 -0.020068 0.053491 -0.107305 -0.047433 0.991652
10000.899991000 0.258413 0.079486 -0.020023 0.057871 -0.110649 -0.049388 0.990943
10000.933324000 0.269329 0.081712 -0.017582 0.062950 -0.115053 -0.052843 0.989953
10000.966657000 0.280886 0.082663 -0.014749 0.067430 -0.119399 -0.057378 0.988891
10000.999990000 0.307172 0.081721 -0.005513 0.077538 -0.128129 -0.071909 0.986103
10001.033323000 0.322107 0.079533 0.001513 0.082188 -0.132751 -0.081544 0.984364
10001.066656000 0.337827 0.073462 0.008884 0.085875 -0.138255 -0.092041 0.982364
10001.099989000 0.352710 0.070459 0.017011 0.090465 -0.143097 -0.102577 0.980213
10001.133322000 0.366118 0.067214 0.023232 0.094533 -0.147994 -0.113424 0.977904
10001.166655000 0.379901 0.062901 0.031676 0.098941 -0.153402 -0.123985 0.975349
10001.199988000 0.391801 0.056897 0.038090 0.102254 -0.158402 -0.134128 0.972863
10001.233321000 0.401730 0.052030 0.042924 0.105119 -0.164023 -0.144031 0.970207
10001.266654000 0.407678 0.047113 0.044654 0.107278 -0.169060 -0.153227 0.967694
10001.299987000 0.413278 0.040907 0.045639 0.108768 -0.174402 -0.161289 0.965267
10001.333320000 0.410235 0.031892 0.037133 0.108684 -0.183594 -0.173513 0.961444
10001.366653000 0.403564 0.028969 0.028676 0.108162 -0.188097 -0.177494 0.959904
10001.399986000 0.393806 0.028470 0.016226 0.106404 -0.191929 -0.181084 0.958671
10001.433319000 0.383962 0.021884 0.005539 0.103260 -0.196122 -0.183823 0.957644
10001.466652000 0.372063 0.019310 -0.009713 0.100097 -0.199590 -0.185764 0.956889
10001.499985000 0.358190 0.017142 -0.023009 0.096840 -0.202358 -0.186906 0.956420
10001.533318000 0.346206 0.016553 -0.038233 0.093282 -0.205006 -0.187842 0.956026
10001.566651000 0.333559 0.017593 -0.053733 0.090143 -0.206587 -0.188190 0.955919
10001.599984000 0.323459 0.019164 -0.067837 0.087089 -0.207757 -0.188051 0.955976
10001.633317000 0.314941 0.019411 -0.080076 0.083980 -0.208728 -0.187994 0.956053
10001.666650000 0.306667 0.026036 -0.099894 0.079845 -0.208582 -0.186986 0.956637
10001.699983000 0.307808 0.029929 -0.106226 0.078648 -0.207702 -0.186981 0.956929
10001.733316000 0.311953 0.032817 -0.110145 0.078351 -0.206665 -0.186317 0.957307
10001.766649000 0.318946 0.035590 -0.111883 0.077457 -0.206052 -0.185942 0.957585
10001.799982000 0.327841 0.039995 -0.112266 0.077901 -0.205296 -0.185570 0.957783
10001.833315000 0.337751 0.042836 -0.111556 0.078117 -0.203929 -0.185576 0.958056
10001.866648000 0.351171 0.044776 -0.109000 0.078765 -0.203934 -0.185378 0.958041
10001.899981000 0.364375 0.046851 -0.105997 0.079266 -0.204077 -0.185629 0.957920
10001.933314000 0.378438 0.049510 -0.102914 0.079913 -0.204754 -0.186186 0.957614
10001.966647000 0.392085 0.049193 -0.098416 0.080567 -0.206279 -0.186602 0.957151
10001.999980000 0.420317 0.049275 -0.089528 0.082422 -0.212995 -0.188754 0.955098
10002.033313000 0.434800 0.047902 -0.085036 0.083342 -0.218135 -0.189912 0.953627
10002.066646000 0.446660 0.045585 -0.080242 0.083792 -0.222968 -0.191244 0.952203
10002.099979000 0.459386 0.042595 -0.076015 0.084354 -0.229268 -0.193748 0.950148
10002.133312000 0.471614 0.038298 -0.069768 0.084480 -0.236135 -0.195246 0.948147
10002.166645000 0.482953 0.034275 -0.065475 0.084445 -0.243313 -0.196947 0.945981
10002.199978000 0.491755 0.030578 -0.061158 0.084029 -0.249632 -0.198994 0.943941
10002.233311000 0.501912 0.025351 -0.054882 0.083391 -0.257445 -0.201302 0.941406
10002.266644000 0.511136 0.017303 -0.049122 0.081354 -0.264341 -0.203698 0.939155
10002.299977000 0.520047 0.011198 -0.044352 0.079618 -0.271547 -0.205486 0.936856
10002.333310000 0.531915 -0.003801 -0.031058 0.074083 -0.283698 -0.210611 0.932561
10002.366643000 0.535908 -0.010960 -0.024717 0.070566 -0.288840 -0.212604 0.930801
10002.399976000 0.540724 -0.018255 -0.019099 0.066943 -0.293517 -0.214815 0.929097
10002.433309000 0.542839 -0.025114 -0.012198 0.063096 -0.298002 -0.217258 0.927369
10002.466642000 0.544948 -0.032382 -0.006684 0.059428 -0.301383 -0.219301 0.926037
10002.499975000 0.546350 -0.039960 -0.000420 0.055618 -0.304424 -0.221575 0.924736
10002.533308000 0.546718 -0.045174 0.004191 0.052840 -0.306763 -0.223297 0.923712
10002.566641000 0.548381 -0.051672 0.010767 0.050919 -0.309120 -0.224743 0.922683
10002.599974000 0.548405 -0.056866 0.014114 0.049586 -0.310391 -0.226145 0.921985
10002.633307000 0.548704 -0.061787 0.019175 0.049568 -0.311365 -0.226952 0.921460
10002.666640000 0.550522 -0.073832 0.026181 0.052289 -0.312230 -0.227374 0.920912
10002.699973000 0.549916 -0.076014 0.028496 0.055761 -0.311170 -0.226772 0.921216
10002.733306000 0.549270 -0.075684 0.028074 0.060755 -0.309888 -0.225669 0.921603
10002.766639000 0.548508 -0.077161 0.029973 0.066489 -0.307716 -0.223540 0.922453
10002.799972000 0.548626 -0.077418 0.029867 0.073010 -0.305540 -0.220920 0.923314
10002.833305000 0.548388 -0.076203 0.029638 0.080326 -0.302659 -0.217863 0.924381
10002.866638000 0.548923 -0.074850 0.028207 0.087822 -0.300007 -0.214849 0.925269
10002.899971000 0.548755 -0.073958 0.026956 0.095021 -0.296350 -0.210875 0.926650
10002.933304000 0.549194 -0.071616 0.025731 0.102005 -0.293663 -0.206624 0.927720
10002.966637000 0.548203 -0.068951 0.024286 0.108404 -0.289815 -0.202059 0.929208
10002.999970000 0.548648 -0.063686 0.020195 0.118450 -0.282648 -0.191494 0.932421
10003.033303000 0.548559 -0.060673 0.018274 0.122412 -0.279213 -0.186007 0.934054
10003.066636000 0.547790 -0.057864 0.016230 0.125770 -0.275276 -0.180188 0.935915
10003.099969000 0.547328 -0.054230 0.013355 0.128113 -0.271987 -0.174633 0.937611
10003.133302000 0.550815 -0.056459 0.015226 0.128760 -0.270388 -0.169209 0.938978
10003.166635000 0.550505 -0.055952 0.014357 0.130015 -0.267359 -0.164209 0.940559
10003.199968000 0.549989 -0.054358 0.013773 0.130810 -0.264569 -0.159113 0.942112
10003.233301000 0.550228 -0.055271 0.014341 0.131073 -0.262411 -0.154720 0.943410
10003.266634000 0.550906 -0.059731 0.017068 0.131214 -0.260401 -0.150664 0.944603
10003.299967000 0.552059 -0.065362 0.021973 0.131051 -0.259040 -0.147286 0.945532
10003.333300000 0.552833 -0.079586 0.032778 0.130302 -0.256429 -0.142549 0.947072
10003.366633000 0.552462 -0.089435 0.039945 0.129979 -0.255376 -0.141428 0.947569
10003.399966000 0.552527 -0.099189 0.048121 0.130414 -0.254334 -0.140464 0.947933
10003.433299000 0.554545 -0.110440 0.056027 0.129680 -0.254449 -0.140378 0.948015
10003.466632000 0.555485 -0.120631 0.063937 0.130058 -0.253991 -0.140588 0.948055
10003.499965000 0.558892 -0.131920 0.072479 0.129498 -0.254745 -0.141192 0.947840
10003.533298000 0.560034 -0.140232 0.078503 0.129652 -0.254521 -0.141637 0.947812
10003.566631000 0.561960 -0.146173 0.083552 0.130003 -0.254535 -0.142135 0.947686
10003.599964000 0.567885 -0.149304 0.086979 0.130555 -0.255849 -0.142913 0.947139
10003.633297000 0.571290 -0.149619 0.087938 0.130629 -0.256422 -0.143766 0.946845
10003.666630000 0.582864 -0.138035 0.081936 0.131919 -0.258095 -0.144850 0.946046
10003.699963000 0.590592 -0.126803 0.074897 0.132826 -0.259528 -0.145104 0.945488
10003.733296000 0.598037 -0.112427 0.066050 0.133690 -0.260277 -0.145467 0.945104
10003.766629000 0.604934 -0.095268 0.054602 0.134643 -0.260937 -0.145185 0.944830
10003.799962000 0.611341 -0.077098 0.042257 0.135485 -0.261218 -0.144973 0.944665
10003.833295000 0.617744 -0.056995 0.028622 0.136220 -0.261112 -0.144576 0.944649
10003.866628000 0.622847 -0.037430 0.015151 0.136953 -0.260999 -0.144048 0.944655
10003.899961000 0.626510 -0.018018 0.001729 0.136991 -0.260265 -0.143855 0.944882
10003.933294000 0.627456 0.002088 -0.012194 0.137425 -0.258740 -0.143452 0.945298
10003.966627000 0.627634 0.017834 -0.024217 0.137171 -0.257020 -0.142649 0.945926
10003.999960000 0.619609 0.044046 -0.044786 0.136187 -0.251438 -0.142161 0.947640
10004.033293000 0.613050 0.050252 -0.052216 0.135059 -0.247956 -0.141716 0.948785
10004.066626000 0.603469 0.056455 -0.057069 0.134062 -0.244034 -0.141325 0.950001
10004.099959000 0.593573 0.059692 -0.062805 0.132808 -0.239766 -0.141241 0.951276
10004.133292000 0.582936 0.059606 -0.063869 0.131330 -0.235867 -0.140923 0.952502
10004.166625000 0.570759 0.057016 -0.064043 0.129824 -0.231563 -0.140715 0.953794
10004.199958000 0.560044 0.051719 -0.061739 0.128187 -0.227931 -0.140738 0.954887
10004.233291000 0.551938 0.041099 -0.055071 0.125935 -0.225743 -0.140825 0.955693
10004.266624000 0.541288 0.031508 -0.050131 0.124680 -0.222502 -0.141106 0.956576
10004.299957000 0.534717 0.018813 -0.040637 0.123072 -0.221313 -0.141325 0.957027
10004.333290000 0.531346 -0.017227 -0.015451 0.119460 -0.224056 -0.142839 0.956622
10004.366623000 0.533448 -0.038270 -0.000107 0.117784 -0.227321 -0.143788 0.955917
10004.399956000 0.537954 -0.061517 0.018181 0.116002 -0.232160 -0.145150 0.954765
10004.433289000 0.543544 -0.084863 0.036033 0.114395 -0.237558 -0.146317 0.953452
10004.466622000 0.552952 -0.109903 0.054979 0.112369 -0.244936 -0.148241 0.951527
10004.499955000 0.561589 -0.134348 0.074399 0.110469 -0.252760 -0.149949 0.949434
10004.533288000 0.569712 -0.155995 0.091164 0.108851 -0.260404 -0.151779 0.947262
10004.566621000 0.579397 -0.176777 0.108639 0.107509 -0.268893 -0.153625 0.944742
10004.599954000 0.588679 -0.197519 0.124572 0.104773 -0.277462 -0.156069 0.942168
10004.633287000 0.596188 -0.213560 0.138019 0.103090 -0.285302 -0.157662 0.939743
10004.666620000 0.608691 -0.238515 0.158046 0.098686 -0.298963 -0.161382 0.935328
10004.699953000 0.611662 -0.245451 0.163780 0.096414 -0.303901 -0.163037 0.933685
10004.733286000 0.613650 -0.251074 0.168415 0.093255 -0.308183 -0.164665 0.932316
10004.766619000 0.615791 -0.254305 0.171443 0.090798 -0.312380 -0.166287 0.930872
10004.799952000 0.616918 -0.257812 0.173718 0.088121 -0.315417 -0.167787 0.929836
10004.833285000 0.616579 -0.260592 0.176136 0.085203 -0.317777 -0.169345 0.929021
10004.866618000 0.618231 -0.264324 0.179076 0.082090 -0.320255 -0.170706 0.928201
10004.899951000 0.618932 -0.269768 0.183003 0.078921 -0.322142 -0.172134 0.927559
10004.933284000 0.620309 -0.277689 0.188750 0.076149 -0.324259 -0.173825 0.926737
10004.966617000 0.624329 -0.289835 0.197877 0.072551 -0.327149 -0.175518 0.925691
10004.999950000 0.633713 -0.323083 0.224402 0.065951 -0.332701 -0.179192 0.923499
10005.033283000 0.640308 -0.346428 0.242947 0.062015 -0.336132 -0.181294 0.922118
10005.066616000 0.647493 -0.370167 0.261828 0.059160 -0.339537 -0.183179 0.920685
10005.099949000 0.656573 -0.397279 0.282988 0.055008 -0.343756 -0.185518 0.918907
10005.133282000 0.665987 -0.425637 0.305363 0.051331 -0.348288 -0.188035 0.916899
10005.166615000 0.673433 -0.450048 0.326054 0.048667 -0.352130 -0.189712 0.915230
10005.199948000 0.681715 -0.474572 0.345212 0.045293 -0.356173 -0.191888 0.913383
10005.233281000 0.688457 -0.495417 0.361740 0.042927 -0.359811 -0.193869 0.911651
10005.266614000 0.694682 -0.512472 0.376087 0.040472 -0.363344 -0.195472 0.910018
10005.299947000 0.699000 -0.525131 0.386014 0.038435 -0.366451 -0.197004 0.908529
10005.333280000 0.699929 -0.529458 0.389495 0.035639 -0.369724 -0.198816 0.906921
10005.366613000 0.698555 -0.523508 0.384554 0.034915 -0.371062 -0.198854 0.906394
10005.399946000 0.694547 -0.511217 0.375098 0.034625 -0.371464 -0.199027 0.906203
10005.433279000 0.689913 -0.496396 0.362107 0.034282 -0.371264 -0.199095 0.906283
10005.466612000 0.683251 -0.476923 0.346953 0.034728 -0.370723 -0.198818 0.906548
10005.499945000 0.677086 -0.458036 0.331286 0.034807 -0.370251 -0.198266 0.906859
10005.533278000 0.670500 -0.437987 0.315516 0.035221 -0.369598 -0.197709 0.907231
10005.566611000 0.664439 -0.419045 0.300908 0.035704 -0.368626 -0.197711 0.907607
10005.599944000 0.659154 -0.401925 0.287437 0.035831 -0.368547 -0.197677 0.907642
10005.633277000 0.654704 -0.387984 0.277350 0.036377 -0.368424 -0.197376 0.907735
10005.666610000 0.649987 -0.374175 0.268065 0.036833 -0.368916 -0.198282 0.907319
10005.699943000 0.650417 -0.374646 0.267967 0.036316 -0.369714 -0.199112 0.906834
10005.733276000 0.651984 -0.379074 0.272725 0.036102 -0.370731 -0.199861 0.906262
10005.766609000 0.654864 -0.387168 0.279256 0.035580 -0.371726 -0.200836 0.905659
10005.799942000 0.657700 -0.396104 0.287578 0.035508 -0.372601 -0.201548 0.905144
10005.833275000 0.661320 -0.407597 0.296803 0.034987 -0.373410 -0.202358 0.904650
10005.866608000 0.665329 -0.418760 0.305739 0.034984 -0.373403 -0.202224 0.904683
10005.899941000 0.669318 -0.430066 0.314520 0.034919 -0.373366 -0.201855 0.904783
10005.933274000 0.672509 -0.440310 0.321318 0.035093 -0.372263 -0.201041 0.905412
10005.966607000 0.675716 -0.450127 0.327667 0.035291 -0.371123 -0.200156 0.906068
10005.999940000 0.679100 -0.458070 0.331270 0.037478 -0.365766 -0.194891 0.909301
10006.033273000 0.678616 -0.456536 0.327615 0.039543 -0.361426 -0.191302 0.911708
10006.066606000 0.676888 -0.452381 0.320664 0.042076 -0.356435 -0.187647 0.914315
10006.099939000 0.675524 -0.447572 0.313619 0.043981 -0.351890 -0.184157 0.916693
10006.133272000 0.673116 -0.439719 0.305877 0.047077 -0.347185 -0.180573 0.919043
10006.166605000 0.670336 -0.431203 0.296751 0.049972 -0.342333 -0.177549 0.921297
10006.199938000 0.667525 -0.421111 0.289046 0.053252 -0.338662 -0.175305 0.922898
10006.233271000 0.663701 -0.409187 0.281208 0.057630 -0.334422 -0.173553 0.924511
10006.266604000 0.660762 -0.399627 0.275674 0.060893 -0.332184 -0.173576 0.925104
10006.299937000 0.657577 -0.388029 0.271638 0.065144 -0.330410 -0.174256 0.925322
10006.333270000 0.650454 -0.366574 0.269845 0.074081 -0.329789 -0.180767 0.923620
10006.366603000 0.648419 -0.358759 0.273556 0.078511 -0.331810 -0.186554 0.921377
10006.399936000 0.647815 -0.351265 0.284511 0.083702 -0.335304 -0.193668 0.918182
10006.433269000 0.646179 -0.346926 0.294191 0.087364 -0.339354 -0.201710 0.914614
10006.466602000 0.644395 -0.339536 0.303985 0.092471 -0.344289 -0.210734 0.910223
10006.499935000 0.643640 -0.334519 0.313693 0.097714 -0.349984 -0.220607 0.905149
10006.533268000 0.642668 -0.329437 0.325347 0.102482 -0.356035 -0.230228 0.899851
10006.566601000 0.642814 -0.327697 0.338163 0.106195 -0.362974 -0.239926 0.894096
10006.599934000 0.639282 -0.320120 0.345859 0.110187 -0.368604 -0.249563 0.888655
10006.633267000 0.638331 -0.314029 0.352452 0.114188 -0.375112 -0.258450 0.882868
10006.666600000 0.630591 -0.310400 0.369162 0.115463 -0.388078 -0.271318 0.873184
10006.699933000 0.631977 -0.308696 0.372664 0.114186 -0.395189 -0.276248 0.868604
10006.733266000 0.631680 -0.306904 0.374299 0.113061 -0.400850 -0.280081 0.864922
10006.766599000 0.630963 -0.303326 0.373167 0.110415 -0.405661 -0.282827 0.862123
10006.799932000 0.630242 -0.301435 0.371265 0.108091 -0.410157 -0.284798 0.859638
10006.833265000 0.630247 -0.301417 0.369041 0.104373 -0.414398 -0.286706 0.857426
10006.866598000 0.630332 -0.301477 0.368047 0.100909 -0.418380 -0.287501 0.855639
10006.899931000 0.630245 -0.303048 0.365643 0.096531 -0.421698 -0.288215 0.854274
10006.933264000 0.630861 -0.305586 0.365153 0.092249 -0.425031 -0.288982 0.852835
10006.966597000 0.632418 -0.309608 0.365606 0.088188 -0.428569 -0.289113 0.851449
10006.999930000 0.636700 -0.321702 0.371098 0.081580 -0.434296 -0.290406 0.848761
10007.033263000 0.639023 -0.331522 0.377900 0.078900 -0.437572 -0.291923 0.846810
10007.066596000 0.641235 -0.341527 0.384760 0.075868 -0.440134 -0.293643 0.845163
10007.099929000 0.644025 -0.353478 0.396478 0.073966 -0.443579 -0.294881 0.843097
10007.133262000 0.647828 -0.364818 0.405609 0.072347 -0.446704 -0.296874 0.840885
10007.166595000 0.651887 -0.377053 0.415229 0.070981 -0.449115 -0.298164 0.839259
10007.199928000 0.655890 -0.389786 0.426654 0.069690 -0.451599 -0.299814 0.837444
10007.233261000 0.659260 -0.402656 0.437915 0.068463 -0.454183 -0.301712 0.835464
10007.266594000 0.663531 -0.414307 0.448494 0.068052 -0.456888 -0.302938 0.833577
10007.299927000 0.667315 -0.426207 0.457829 0.067587 -0.458630 -0.304155 0.832214
10007.333260000 0.675894 -0.445662 0.475138 0.068463 -0.462098 -0.305448 0.829747
10007.366593000 0.679332 -0.455778 0.485119 0.068791 -0.463800 -0.305299 0.828824
10007.399926000 0.682418 -0.462861 0.492902 0.069033 -0.465385 -0.305383 0.827884
10007.433259000 0.684754 -0.468757 0.497675 0.069595 -0.465058 -0.304913 0.828194
10007.466592000 0.688314 -0.476430 0.503495 0.069920 -0.465666 -0.304746 0.827886
10007.499925000 0.691496 -0.483251 0.508800 0.069362 -0.466139 -0.305149 0.827519
10007.533258000 0.692097 -0.489167 0.514298 0.069409 -0.465619 -0.304691 0.827976
10007.566591000 0.693128 -0.495534 0.519469 0.068213 -0.464963 -0.305076 0.828302
10007.599924000 0.694797 -0.501136 0.522504 0.067126 -0.463590 -0.305610 0.828964
10007.633257000 0.695141 -0.507447 0.528001 0.065605 -0.461924 -0.306114 0.829829
10007.666590000 0.693747 -0.521496 0.538485 0.060261 -0.458161 -0.308636 0.831385
10007.699923000 0.691711 -0.528298 0.543133 0.056849 -0.454974 -0.310882 0.832538
10007.733256000 0.690316 -0.535521 0.547857 0.052985 -0.452126 -0.312739 0.833648
10007.766589000 0.688476 -0.541813 0.553504 0.049214 -0.449140 -0.314878 0.834687
10007.799922000 0.685573 -0.556185 0.563227 0.042955 -0.446765 -0.317565 0.835290
10007.833255000 0.683079 -0.564179 0.568226 0.038174 -0.443531 -0.319745 0.836413
10007.866588000 0.679346 -0.573513 0.575132 0.033330 -0.440689 -0.322181 0.837187
10007.899921000 0.676478 -0.581116 0.582823 0.029618 -0.437605 -0.323843 0.838302
10007.933254000 0.673990 -0.590116 0.589768 0.025378 -0.435114 -0.325835 0.838966
10007.966587000 0.670980 -0.598078 0.595670 0.021111 -0.432463 -0.326954 0.840019
10007.999920000 0.668085 -0.614089 0.607764 0.014481 -0.428725 -0.328333 0.841536
10008.033253000 0.666783 -0.621318 0.613940 0.012280 -0.427583 -0.328119 0.842235
10008.066586000 0.666134 -0.628724 0.619571 0.010296 -0.426938 -0.328262 0.842533
10008.099919000 0.666080 -0.636073 0.625571 0.009244 -0.426301 -0.328245 0.842874
10008.133252000 0.667705 -0.643883 0.632240 0.008293 -0.426753 -0.327648 0.842888
10008.166585000 0.669554 -0.649638 0.638271 0.008534 -0.427336 -0.327116 0.842796
10008.199918000 0.672484 -0.655796 0.644871 0.009677 -0.428318 -0.326639 0.842471
10008.233251000 0.675437 -0.661794 0.651268 0.011016 -0.428775 -0.325888 0.842513
10008.266584000 0.680120 -0.666442 0.656668 0.013483 -0.429653 -0.325790 0.842067
10008.299917000 0.684887 -0.671434 0.663811 0.016765 -0.430977 -0.325989 0.841254
10008.333250000 0.698512 -0.679835 0.678429 0.025140 -0.433473 -0.328233 0.838887
10008.366583000 0.707026 -0.682506 0.684222 0.030785 -0.434833 -0.329921 0.837332
10008.399916000 0.716263 -0.685119 0.692258 0.036779 -0.436198 -0.332175 0.835487
10008.433249000 0.725539 -0.690407 0.698597 0.042027 -0.437453 -0.334997 0.833454
10008.466582000 0.737265 -0.692150 0.705120 0.048700 -0.439125 -0.337729 0.831106
10008.499915000 0.748658 -0.694566 0.710269 0.055083 -0.440165 -0.340812 0.828896
10008.533248000 0.760810 -0.699947 0.716269 0.059645 -0.441631 -0.344437 0.826298
10008.566581000 0.772459 -0.704859 0.721671 0.064406 -0.443611 -0.347984 0.823388
10008.599914000 0.784683 -0.709764 0.724755 0.068800 -0.444880 -0.351982 0.820644
10008.633247000 0.796953 -0.716144 0.729167 0.072610 -0.447644 -0.356068 0.817043
10008.666580000 0.822636 -0.732443 0.731795 0.075442 -0.452791 -0.363515 0.810645
10008.699913000 0.834772 -0.743236 0.731878 0.075388 -0.455605 -0.367217 0.807399
10008.733246000 0.848010 -0.753433 0.730871 0.074574 -0.458706 -0.370339 0.804286
10008.766579000 0.860634 -0.765297 0.729413 0.072603 -0.462044 -0.373484 0.801095
10008.799912000 0.872629 -0.776623 0.727300 0.070472 -0.465591 -0.375712 0.798185
10008.833245000 0.884914 -0.787800 0.727549 0.068440 -0.469484 -0.377673 0.795150
10008.866578000 0.896531 -0.798534 0.724012 0.065737 -0.472209 -0.378763 0.793244
10008.899911000 0.908562 -0.808867 0.720543 0.063137 -0.475359 -0.379739 0.791104
10008.933244000 0.920080 -0.817308 0.717916 0.061335 -0.478082 -0.379486 0.789725
10008.966577000 0.931763 -0.825779 0.714803 0.059209 -0.480692 -0.378715 0.788673
10008.999910000 0.953897 -0.837340 0.709826 0.056804 -0.485072 -0.374934 0.787974
10009.033243000 0.964669 -0.840090 0.707684 0.056348 -0.486701 -0.371435 0.788659
10009.066576000 0.974659 -0.840825 0.704813 0.056478 -0.487366 -0.368216 0.789748
10009.099909000 0.984337 -0.841638 0.703282 0.056825 -0.488774 -0.365032 0.790331
10009.133242000 0.994415 -0.840102 0.702677 0.058473 -0.489821 -0.362150 0.790888
10009.166575000 1.002865 -0.838478 0.703043 0.059751 -0.491044 -0.359303 0.791333
10009.199908000 1.011860 -0.834761 0.704625 0.062645 -0.492834 -0.357639 0.790749
10009.233241000 1.020417 -0.829297 0.704620 0.065734 -0.493460 -0.356838 0.790470
10009.266574000 1.027316 -0.824648 0.707784 0.069299 -0.494870 -0.357965 0.788773
10009.299907000 1.035875 -0.817922 0.709895 0.073894 -0.496012 -0.360040 0.786691
10009.333240000 1.048368 -0.805437 0.718161 0.084496 -0.499090 -0.370669 0.778700
10009.366573000 1.054651 -0.798567 0.723105 0.090568 -0.500897 -0.378770 0.772938
10009.399906000 1.060563 -0.791012 0.730912 0.097549 -0.503088 -0.388056 0.766028
10009.433239000 1.065726 -0.783504 0.737947 0.104719 -0.504881 -0.398553 0.758475
10009.466572000 1.071851 -0.775105 0.745520 0.112348 -0.506695 -0.409788 0.750141
10009.499905000 1.077773 -0.767624 0.753080 0.120482 -0.508614 -0.421006 0.741317
10009.533238000 1.085033 -0.759269 0.760619 0.128835 -0.510047 -0.432449 0.732285
10009.566571000 1.093189 -0.751377 0.768464 0.137261 -0.512002 -0.443376 0.722794
10009.599904000 1.097939 -0.743314 0.769850 0.144897 -0.511681 -0.454600 0.714511
10009.633237000 1.108746 -0.736316 0.777685 0.152871 -0.514154 -0.463941 0.705007
10009.666570000 1.133914 -0.718018 0.788698 0.169680 -0.516519 -0.479107 0.689110
10009.699903000 1.149084 -0.710637 0.792518 0.177260 -0.517532 -0.484950 0.682322
10009.733236000 1.165314 -0.702320 0.795740 0.184334 -0.519011 -0.488550 0.676732
10009.766569000 1.184033 -0.694937 0.798064 0.190972 -0.520051 -0.490646 0.672564
10009.799902000 1.204600 -0.687721 0.799133 0.197135 -0.521436 -0.490396 0.669891
10009.833235000 1.227603 -0.680635 0.798655 0.202118 -0.523009 -0.488187 0.668793
10009.866568000 1.252709 -0.672968 0.797927 0.206868 -0.524440 -0.483161 0.669868
10009.899901000 1.281161 -0.666967 0.795179 0.210408 -0.526580 -0.475741 0.672393
