10000.000000000 0.000000 0.000000 0.000000 0.000000 0.000000 0.000000 1.000000
10000.033333000 0.010402 0.003401 -0.001698 0.002416 -0.004871 -0.001855 0.999983
10000.066666000 0.020686 0.007711 -0.002774 0.004484 -0.009441 -0.003971 0.999937
10000.099999000 0.029981 0.010059 -0.003074 0.005909 -0.013568 -0.005937 0.999873
10000.133332000 0.040232 0.012512 -0.003591 0.007132 -0.018137 -0.008680 0.999772
10000.166665000 0.050969 0.015983 -0.004134 0.008744 -0.022805 -0.011285 0.999638
10000.199998000 0.060625 0.018655 -0.004334 0.009817 -0.027065 -0.014315 0.999483
10000.233331000 0.071229 0.021457 -0.004405 0.010919 -0.031707 -0.017553 0.999283
10000.266664000 0.080857 0.023942 -0.003205 0.011704 -0.036005 -0.021103 0.999060
10000.299997000 0.090600 0.025874 -0.003060 0.012147 -0.039822 -0.023830 0.998849
10000.333330000 0.110258 0.029759 -0.002498 0.013392 -0.048432 -0.030909 0.998258
10000.366663000 0.120011 0.031735 -0.002187 0.013931 -0.052167 -0.033586 0.997976
10000.399996000 0.128820 0.034514 -0.001145 0.014850 -0.055998 -0.036718 0.997645
10000.433329000 0.138641 0.036374 -0.000768 0.015810 -0.060084 -0.039592 0.997282
10000.466662000 0.147222 0.039221 -0.001268 0.017009 -0.063704 -0.042088 0.996936
10000.499995000 0.155826 0.041994 -0.001741 0.018444 -0.067296 -0.043953 0.996594
10000.533328000 0.164422 0.044391 -0.002062 0.019795 -0.070862 -0.045845 0.996235
10000.566661000 0.173068 0.047268 -0.002266 0.021501 -0.074424 -0.047143 0.995880
10000.599994000 0.180438 0.049967 -0.003128 0.023124 -0.077559 -0.048162 0.995555
10000.633327000 0.188899 0.052632 -0.005051 0.025408 -0.081306 -0.048988 0.995160
10000.666660000 0.203313 0.060335 -0.008081 0.031073 -0.087628 -0.048171 0.994503
10000.699993000 0.210138 0.064329 -0.010946 0.034106 -0.090384 -0.047270 0.994200
10000.733326000 0.216919 0.068115 -0.013854 0.037795 -0.093489 -0.046530 0.993814
10000.766659000 0.224278 0.071783 -0.015343 0.041757 -0.096913 -0.045749 0.993364
10000.799992000 0.231371 0.074567 -0.017742 0.045276 -0.099841 -0.045286 0.992941
10000.833325000 0.239835 0.078119 -0.018741 0.049646 -0.103785 -0.045838 0.992302
10000.866658000 0.247798 0.081007 -0.019772 0.054335 -0.107026 -0.046446 0.991683
10000.899991000 0.256986 0.083080 -0.019381 0.058708 -0.110194 -0.048490 0.990989
10000.933324000 0.266675 0.083759 -0.017173 0.063387 -0.114223 -0.052039 0.990064
10000.966657000 0.278313 0.084227 -0.014273 0.067764 -0.118599 -0.056656 0.989006
10000.999990000 0.305252 0.083096 -0.004562 0.077864 -0.127428 -0.071005 0.986234
10001.033323000 0.319505 0.080735 0.002574 0.082469 -0.131842 -0.080610 0.984540
10001.066656000 0.334517 0.076407 0.010902 0.086761 -0.137118 -0.090814 0.982560
10001.099989000 0.349316 0.071819 0.019181 0.090988 -0.141934 -0.101241 0.980472
10001.133322000 0.363472 0.067616 0.027095 0.094888 -0.146983 -0.112086 0.978176
10001.166655000 0.375895 0.064024 0.034642 0.099407 -0.151978 -0.122791 0.975676
10001.199988000 0.387658 0.059106 0.040643 0.102883 -0.156897 -0.132880 0.973212
10001.233321000 0.396810 0.054321 0.045206 0.105681 -0.162225 -0.142661 0.970651
10001.266654000 0.403423 0.049603 0.048011 0.108061 -0.167358 -0.151546 0.968167
10001.299987000 0.407541 0.045770 0.048334 0.109871 -0.172219 -0.159207 0.965879
10001.333320000 0.404074 0.037858 0.039430 0.110060 -0.181242 -0.171410 0.962111
10001.366653000 0.397427 0.035008 0.030294 0.109545 -0.185753 -0.175668 0.960540
10001.399986000 0.387856 0.033419 0.019088 0.107720 -0.189667 -0.179301 0.959309
10001.433319000 0.376168 0.032176 0.005871 0.105779 -0.193100 -0.182174 0.958298
10001.466652000 0.363314 0.030938 -0.008404 0.103075 -0.196272 -0.183961 0.957607
10001.499985000 0.349766 0.029572 -0.022848 0.099823 -0.199172 -0.185308 0.957093
10001.533318000 0.336625 0.029605 -0.038714 0.096529 -0.201441 -0.186419 0.956740
10001.566651000 0.324383 0.030248 -0.053476 0.093410 -0.203185 -0.186778 0.956611
10001.599984000 0.313983 0.031208 -0.067338 0.090259 -0.204364 -0.186800 0.956658
10001.633317000 0.304822 0.033381 -0.080199 0.087471 -0.205153 -0.186714 0.956765
10001.666650000 0.297834 0.037345 -0.098994 0.082915 -0.205524 -0.185897 0.957250
10001.699983000 0.298812 0.040678 -0.105059 0.081503 -0.204697 -0.185759 0.957575
10001.733316000 0.302614 0.043870 -0.109459 0.081232 -0.203576 -0.185208 0.957944
10001.766649000 0.309212 0.046788 -0.111683 0.080313 -0.202825 -0.184768 0.958266
10001.799982000 0.318237 0.050603 -0.111835 0.080604 -0.202124 -0.184373 0.958465
10001.833315000 0.328040 0.054190 -0.111390 0.080845 -0.200758 -0.184227 0.958760
10001.866648000 0.340597 0.056736 -0.109967 0.081644 -0.200443 -0.184233 0.958757
10001.899981000 0.353546 0.059198 -0.107268 0.082191 -0.200482 -0.184400 0.958670
10001.933314000 0.367585 0.061269 -0.103906 0.082683 -0.201177 -0.184731 0.958418
10001.966647000 0.380670 0.062209 -0.100004 0.083413 -0.202558 -0.185192 0.957975
10001.999980000 0.408581 0.062418 -0.091185 0.085251 -0.209158 -0.187265 0.955990
10002.033313000 0.422349 0.061425 -0.086980 0.086198 -0.214095 -0.188356 0.954597
10002.066646000 0.434699 0.059433 -0.082060 0.086751 -0.218973 -0.189603 0.953192
10002.099979000 0.446529 0.056967 -0.078266 0.087314 -0.225033 -0.191849 0.951278
10002.133312000 0.457960 0.053498 -0.073291 0.087696 -0.231544 -0.193525 0.949339
10002.166645000 0.469270 0.049465 -0.068718 0.087591 -0.238734 -0.195070 0.947250
10002.199978000 0.479449 0.043911 -0.064127 0.086824 -0.245420 -0.197129 0.945183
10002.233311000 0.489195 0.039280 -0.059004 0.086169 -0.253065 -0.199368 0.942754
10002.266644000 0.497229 0.032311 -0.053953 0.084312 -0.259549 -0.201543 0.940694
10002.299977000 0.505491 0.026061 -0.049128 0.082603 -0.266592 -0.203182 0.938521
10002.333310000 0.517625 0.011883 -0.036697 0.077101 -0.278711 -0.208202 0.934359
10002.366643000 0.522153 0.003852 -0.031298 0.073515 -0.283828 -0.210341 0.932627
10002.399976000 0.526475 -0.003050 -0.025519 0.069917 -0.288381 -0.212392 0.931041
10002.433309000 0.529319 -0.011440 -0.019378 0.065893 -0.292906 -0.214990 0.929324
10002.466642000 0.531802 -0.018872 -0.013420 0.062123 -0.296495 -0.216936 0.927993
10002.499975000 0.533124 -0.025876 -0.007768 0.058420 -0.299433 -0.219171 0.926764
10002.533308000 0.534268 -0.032374 -0.002814 0.055482 -0.301980 -0.221043 0.925672
10002.566641000 0.535255 -0.038105 0.002532 0.053669 -0.303958 -0.222324 0.924825
10002.599974000 0.536287 -0.044413 0.007261 0.052243 -0.305593 -0.223789 0.924014
10002.633307000 0.535914 -0.049210 0.010797 0.052065 -0.306307 -0.224568 0.923599
10002.666640000 0.536749 -0.056833 0.016403 0.055676 -0.306599 -0.224695 0.923260
10002.699973000 0.536466 -0.059886 0.018676 0.058957 -0.305620 -0.224123 0.923520
10002.733306000 0.536826 -0.061503 0.019700 0.063597 -0.304725 -0.222990 0.923782
10002.766639000 0.536155 -0.062503 0.020564 0.069319 -0.302581 -0.221131 0.924522
10002.799972000 0.536210 -0.063189 0.021169 0.075833 -0.300423 -0.218547 0.925328
10002.833305000 0.536023 -0.062422 0.020582 0.082985 -0.297574 -0.215560 0.926336
10002.866638000 0.536966 -0.061595 0.020114 0.090422 -0.295086 -0.212558 0.927128
10002.899971000 0.536328 -0.060117 0.019116 0.097668 -0.291381 -0.208486 0.928489
10002.933304000 0.537092 -0.058630 0.018017 0.104599 -0.288756 -0.204396 0.929463
10002.966637000 0.536484 -0.056448 0.016150 0.110915 -0.284944 -0.199899 0.930884
10002.999970000 0.536878 -0.051055 0.012257 0.121043 -0.277777 -0.189436 0.933972
10003.033303000 0.537187 -0.048574 0.010514 0.124853 -0.274514 -0.183942 0.935531
10003.066636000 0.536398 -0.045929 0.008208 0.128174 -0.270583 -0.178192 0.937339
10003.099969000 0.536644 -0.043588 0.006414 0.130316 -0.267592 -0.172672 0.938934
10003.133302000 0.537257 -0.041949 0.005282 0.131706 -0.264988 -0.167121 0.940481
10003.166635000 0.537146 -0.041223 0.004796 0.133069 -0.261995 -0.162056 0.942013
10003.199968000 0.536865 -0.040529 0.004170 0.133674 -0.259305 -0.156999 0.943527
10003.233301000 0.537431 -0.041991 0.005525 0.133912 -0.257275 -0.152573 0.944774
10003.266634000 0.537043 -0.044195 0.007310 0.134534 -0.254848 -0.148493 0.945993
10003.299967000 0.537413 -0.048242 0.010375 0.134622 -0.253111 -0.145047 0.946981
10003.333300000 0.537801 -0.062447 0.021089 0.134016 -0.250300 -0.140239 0.948537
10003.366633000 0.537784 -0.071821 0.028414 0.133795 -0.249293 -0.139007 0.949015
10003.399966000 0.537373 -0.081410 0.035871 0.134194 -0.248060 -0.138038 0.949423
10003.433299000 0.539021 -0.092597 0.044311 0.133606 -0.248060 -0.137776 0.949544
10003.466632000 0.539946 -0.102416 0.051949 0.133990 -0.247558 -0.137924 0.949599
10003.499965000 0.541897 -0.111990 0.059610 0.133911 -0.247681 -0.138344 0.949517
10003.533298000 0.543363 -0.120268 0.066251 0.134068 -0.247514 -0.138626 0.949498
10003.566631000 0.545846 -0.125146 0.070768 0.134660 -0.247567 -0.139186 0.949318
10003.599964000 0.549747 -0.128308 0.074097 0.135128 -0.248343 -0.139850 0.948951
10003.633297000 0.553993 -0.128483 0.074990 0.135172 -0.249088 -0.140742 0.948618
10003.666630000 0.564974 -0.117962 0.069215 0.136163 -0.250712 -0.141755 0.947897
10003.699963000 0.572572 -0.106526 0.062358 0.137067 -0.252179 -0.142034 0.947336
10003.733296000 0.579305 -0.092396 0.052912 0.137630 -0.252869 -0.142323 0.947027
10003.766629000 0.586112 -0.075410 0.041321 0.138564 -0.253530 -0.142170 0.946737
10003.799962000 0.592515 -0.057528 0.029251 0.139192 -0.253941 -0.141862 0.946581
10003.833295000 0.598568 -0.038132 0.015779 0.139742 -0.253964 -0.141624 0.946529
10003.866628000 0.603575 -0.018676 0.001624 0.140226 -0.253847 -0.141030 0.946578
10003.899961000 0.606075 0.001223 -0.012312 0.140350 -0.252914 -0.140958 0.946819
10003.933294000 0.608316 0.017848 -0.025069 0.139759 -0.252126 -0.140422 0.947197
10003.966627000 0.608081 0.034533 -0.037547 0.139822 -0.250203 -0.139767 0.947794
10003.999960000 0.599597 0.061178 -0.058380 0.138907 -0.244631 -0.139331 0.949446
10004.033293000 0.592585 0.069088 -0.066321 0.138012 -0.241018 -0.138750 0.950585
10004.066626000 0.583564 0.074059 -0.071887 0.136671 -0.237321 -0.138594 0.951731
10004.099959000 0.573802 0.076830 -0.076030 0.135383 -0.233180 -0.138334 0.952975
10004.133292000 0.562620 0.076448 -0.077696 0.133880 -0.229169 -0.138191 0.954181
10004.166625000 0.551693 0.073110 -0.077690 0.132194 -0.225199 -0.138054 0.955380
10004.199958000 0.540947 0.067997 -0.075397 0.130628 -0.221516 -0.137884 0.956480
10004.233291000 0.531847 0.059530 -0.070108 0.129063 -0.218819 -0.138308 0.957252
10004.266624000 0.523151 0.049359 -0.063259 0.127620 -0.216299 -0.138396 0.958005
10004.299957000 0.517040 0.036815 -0.054282 0.126005 -0.215187 -0.138664 0.958431
10004.333290000 0.514068 0.001521 -0.028822 0.122602 -0.217852 -0.139908 0.958089
10004.366623000 0.515906 -0.018395 -0.013087 0.121486 -0.220849 -0.140773 0.957418
10004.399956000 0.519534 -0.039893 0.003973 0.120004 -0.225268 -0.141874 0.956413
10004.433289000 0.525923 -0.062739 0.021728 0.118584 -0.230747 -0.143167 0.955090
10004.466622000 0.534617 -0.085793 0.040548 0.117079 -0.237702 -0.144718 0.953334
10004.499955000 0.542804 -0.108941 0.059199 0.115598 -0.245164 -0.146430 0.951362
10004.533288000 0.552547 -0.131041 0.076651 0.114025 -0.253150 -0.148312 0.949166
10004.566621000 0.561930 -0.151298 0.093109 0.112700 -0.261404 -0.150037 0.946813
10004.599954000 0.571100 -0.171463 0.109113 0.110185 -0.269770 -0.152223 0.944411
10004.633287000 0.578747 -0.187709 0.122333 0.108504 -0.277542 -0.153914 0.942076
10004.666620000 0.591304 -0.212121 0.141196 0.104193 -0.290994 -0.157459 0.937909
10004.699953000 0.593951 -0.218325 0.146814 0.102137 -0.295761 -0.158911 0.936398
10004.733286000 0.595256 -0.223145 0.150594 0.099205 -0.299737 -0.160576 0.935164
10004.766619000 0.597488 -0.226840 0.153352 0.096613 -0.303926 -0.162148 0.933811
10004.799952000 0.598184 -0.229499 0.155599 0.094200 -0.306780 -0.163483 0.932891
10004.833285000 0.598155 -0.232637 0.157974 0.091117 -0.309258 -0.165003 0.932111
10004.866618000 0.599113 -0.236022 0.160525 0.088201 -0.311495 -0.166405 0.931397
10004.899951000 0.599776 -0.241233 0.164707 0.085121 -0.313399 -0.167882 0.930780
10004.933284000 0.601214 -0.249010 0.170368 0.082312 -0.315437 -0.169267 0.930093
10004.966617000 0.604712 -0.259977 0.178553 0.079048 -0.317983 -0.170875 0.929215
10004.999950000 0.615235 -0.293867 0.203920 0.072121 -0.323511 -0.174333 0.927225
10005.033283000 0.621666 -0.315839 0.220662 0.068531 -0.326465 -0.176159 0.926117
10005.066616000 0.629966 -0.340788 0.239681 0.065308 -0.330093 -0.177991 0.924712
10005.099949000 0.638879 -0.367075 0.259974 0.061451 -0.334002 -0.180196 0.923144
10005.133282000 0.648420 -0.394242 0.280461 0.057886 -0.338089 -0.182366 0.921460
10005.166615000 0.657609 -0.419765 0.299793 0.055008 -0.342037 -0.184275 0.919798
10005.199948000 0.665773 -0.443828 0.318310 0.051782 -0.345756 -0.186204 0.918204
10005.233281000 0.673130 -0.465179 0.334394 0.049146 -0.349358 -0.187926 0.916634
10005.266614000 0.680083 -0.482327 0.347639 0.046766 -0.352748 -0.189489 0.915137
10005.299947000 0.684042 -0.493808 0.356401 0.044970 -0.355435 -0.190735 0.913928
10005.333280000 0.685698 -0.499089 0.360125 0.041995 -0.358905 -0.192685 0.912303
10005.366613000 0.683395 -0.492354 0.355065 0.041532 -0.360040 -0.192694 0.911875
10005.399946000 0.678924 -0.480236 0.345958 0.041217 -0.360512 -0.192992 0.911639
10005.433279000 0.673538 -0.464901 0.333058 0.041077 -0.360233 -0.193140 0.911725
10005.466612000 0.666987 -0.446044 0.318660 0.041381 -0.359980 -0.193020 0.911836
10005.499945000 0.660361 -0.426889 0.304080 0.041610 -0.359660 -0.192471 0.912068
10005.533278000 0.653077 -0.406057 0.288605 0.042397 -0.358965 -0.192143 0.912375
10005.566611000 0.646411 -0.386915 0.273852 0.042867 -0.358017 -0.192282 0.912696
10005.599944000 0.640317 -0.369575 0.260930 0.043024 -0.357975 -0.192262 0.912709
10005.633277000 0.635590 -0.355466 0.251540 0.043674 -0.357947 -0.192054 0.912733
10005.666610000 0.631216 -0.342484 0.242806 0.043886 -0.358726 -0.193116 0.912193
10005.699943000 0.631171 -0.343113 0.243275 0.043376 -0.359426 -0.193920 0.911771
10005.733276000 0.632714 -0.347231 0.247530 0.043193 -0.360377 -0.194601 0.911259
10005.766609000 0.635354 -0.354571 0.253123 0.042735 -0.361086 -0.195366 0.910836
10005.799942000 0.638704 -0.364112 0.261778 0.042540 -0.362069 -0.196045 0.910309
10005.833275000 0.642795 -0.375580 0.270513 0.042029 -0.362846 -0.196895 0.909840
10005.866608000 0.646544 -0.386923 0.279383 0.042035 -0.362723 -0.196731 0.909924
10005.899941000 0.650547 -0.398448 0.287985 0.041827 -0.362669 -0.196290 0.910051
10005.933274000 0.654269 -0.409037 0.294666 0.041922 -0.361664 -0.195533 0.910609
10005.966607000 0.656805 -0.417101 0.299848 0.042613 -0.359992 -0.194352 0.911492
10005.999940000 0.659247 -0.424307 0.301801 0.044910 -0.354175 -0.188896 0.914801
10006.033273000 0.658507 -0.423022 0.298235 0.046936 -0.349847 -0.185367 0.917084
10006.066606000 0.657170 -0.419354 0.293143 0.049361 -0.345230 -0.181712 0.919435
10006.099939000 0.655350 -0.413900 0.285520 0.051485 -0.340564 -0.178238 0.921736
10006.133272000 0.652718 -0.406102 0.278284 0.054674 -0.335867 -0.174820 0.923928
10006.166605000 0.650015 -0.397651 0.269448 0.057607 -0.331187 -0.171968 0.925972
10006.199938000 0.646576 -0.387575 0.261845 0.060810 -0.327423 -0.169622 0.927537
10006.233271000 0.642980 -0.376557 0.254792 0.064980 -0.323500 -0.168193 0.928890
10006.266604000 0.640107 -0.367188 0.249976 0.068280 -0.321370 -0.168313 0.929371
10006.299937000 0.636785 -0.356464 0.246861 0.072305 -0.319779 -0.169102 0.929472
10006.333270000 0.630987 -0.337966 0.247809 0.080542 -0.319881 -0.176044 0.927469
10006.366603000 0.628909 -0.330588 0.252926 0.084857 -0.321971 -0.181900 0.925228
10006.399936000 0.627041 -0.323606 0.260215 0.089641 -0.324820 -0.189234 0.922305
10006.433269000 0.625483 -0.317868 0.269213 0.093792 -0.328616 -0.197510 0.918806
10006.466602000 0.624023 -0.311622 0.279211 0.098529 -0.333623 -0.206634 0.914489
10006.499935000 0.622990 -0.306624 0.290669 0.103626 -0.339403 -0.216358 0.909536
10006.533268000 0.621972 -0.302245 0.302268 0.108101 -0.345496 -0.226121 0.904332
10006.566601000 0.620922 -0.298040 0.312519 0.112164 -0.351633 -0.235743 0.898999
10006.599934000 0.620215 -0.294174 0.321966 0.115200 -0.358075 -0.245582 0.893421
10006.633267000 0.619222 -0.290893 0.330636 0.118199 -0.365051 -0.254134 0.887797
10006.666600000 0.617649 -0.283986 0.340908 0.120604 -0.377312 -0.268024 0.878210
10006.699933000 0.616552 -0.281448 0.343937 0.119715 -0.383670 -0.272997 0.874036
10006.733266000 0.615840 -0.279187 0.344510 0.118671 -0.389063 -0.276825 0.870583
10006.766599000 0.614866 -0.276463 0.343499 0.115904 -0.393901 -0.279723 0.867850
10006.799932000 0.614432 -0.275022 0.342416 0.113619 -0.398659 -0.281875 0.865279
10006.833265000 0.614069 -0.274470 0.339397 0.109829 -0.402691 -0.283601 0.863335
10006.866598000 0.614118 -0.274490 0.338071 0.106414 -0.406644 -0.284417 0.861640
10006.899931000 0.614268 -0.275338 0.335194 0.102222 -0.409956 -0.285150 0.860335
10006.933264000 0.615087 -0.277832 0.334466 0.097967 -0.413288 -0.285873 0.858995
10006.966597000 0.616419 -0.281566 0.334763 0.093952 -0.416823 -0.285901 0.857725
10006.999930000 0.620983 -0.294658 0.340954 0.087223 -0.422858 -0.287330 0.855000
10007.033263000 0.624245 -0.303992 0.346787 0.084648 -0.426071 -0.288751 0.853183
10007.066596000 0.626890 -0.314248 0.353259 0.081518 -0.428599 -0.290413 0.851656
10007.099929000 0.630803 -0.325398 0.361665 0.079575 -0.431589 -0.291460 0.849970
10007.133262000 0.635132 -0.337726 0.370934 0.077780 -0.434907 -0.293621 0.847699
10007.166595000 0.639451 -0.349497 0.379906 0.076478 -0.437170 -0.294768 0.846254
10007.199928000 0.643762 -0.362277 0.390772 0.075182 -0.439554 -0.296441 0.844549
10007.233261000 0.648156 -0.374843 0.400210 0.073953 -0.441759 -0.298156 0.842902
10007.266594000 0.652648 -0.387081 0.411055 0.073440 -0.444641 -0.299485 0.840957
10007.299927000 0.656968 -0.398503 0.420045 0.073054 -0.446365 -0.300558 0.839695
10007.333260000 0.666330 -0.418600 0.437118 0.073693 -0.449995 -0.301947 0.837199
10007.366593000 0.670156 -0.427479 0.445153 0.074278 -0.451305 -0.301664 0.836544
10007.399926000 0.674216 -0.436076 0.451753 0.074175 -0.452847 -0.301880 0.835641
10007.433259000 0.676653 -0.442713 0.456950 0.074688 -0.452593 -0.301455 0.835886
10007.466592000 0.680028 -0.449156 0.462172 0.075125 -0.453041 -0.301224 0.835688
10007.499925000 0.683336 -0.455980 0.467540 0.074570 -0.453505 -0.301564 0.835363
10007.533258000 0.685235 -0.461603 0.471864 0.074570 -0.452750 -0.300792 0.836051
10007.566591000 0.686547 -0.467382 0.476099 0.073566 -0.451924 -0.301221 0.836432
10007.599924000 0.688621 -0.473147 0.479447 0.072403 -0.450686 -0.301655 0.837045
10007.633257000 0.688678 -0.478785 0.483196 0.071018 -0.448617 -0.302151 0.838095
10007.666590000 0.688413 -0.492559 0.493094 0.065801 -0.444869 -0.304567 0.839643
10007.699923000 0.686811 -0.499662 0.497678 0.062205 -0.441666 -0.306665 0.840844
10007.733256000 0.685400 -0.507528 0.502871 0.058221 -0.438914 -0.308440 0.841920
10007.766589000 0.684213 -0.515413 0.508240 0.054254 -0.436040 -0.310822 0.842802
10007.799922000 0.681940 -0.524078 0.512408 0.049209 -0.432453 -0.313045 0.844136
10007.833255000 0.679728 -0.532271 0.517879 0.044525 -0.429213 -0.315151 0.845265
10007.866588000 0.676927 -0.541539 0.523987 0.039587 -0.426339 -0.317386 0.846129
10007.899921000 0.674513 -0.548959 0.529617 0.035675 -0.422870 -0.318787 0.847516
10007.933254000 0.672401 -0.557940 0.535714 0.031299 -0.420335 -0.320695 0.848230
10007.966587000 0.670083 -0.565814 0.540826 0.027323 -0.417505 -0.321799 0.849346
10007.999920000 0.667683 -0.582666 0.552271 0.020405 -0.413727 -0.323013 0.850927
10008.033253000 0.667373 -0.590613 0.559109 0.018157 -0.412994 -0.322879 0.851385
10008.066586000 0.667244 -0.598032 0.564172 0.016000 -0.412234 -0.322750 0.851845
10008.099919000 0.667600 -0.605502 0.569295 0.014784 -0.411505 -0.322601 0.852276
10008.133252000 0.669271 -0.612980 0.576344 0.014020 -0.411927 -0.321893 0.852352
10008.166585000 0.671543 -0.619134 0.582272 0.014091 -0.412629 -0.321411 0.852194
10008.199918000 0.674745 -0.625313 0.588478 0.015202 -0.413508 -0.320934 0.851928
10008.233251000 0.677983 -0.631166 0.594545 0.016598 -0.413896 -0.320164 0.852003
10008.266584000 0.682762 -0.635905 0.600117 0.019023 -0.414799 -0.320063 0.851551
10008.299917000 0.687840 -0.640998 0.607091 0.022195 -0.416142 -0.320246 0.850750
10008.333250000 0.702425 -0.649350 0.620623 0.030363 -0.418471 -0.322528 0.848490
10008.366583000 0.711046 -0.652111 0.626402 0.036016 -0.419810 -0.324383 0.846899
10008.399916000 0.720553 -0.654737 0.633911 0.041826 -0.421093 -0.326622 0.845133
10008.433249000 0.730313 -0.658891 0.639680 0.047406 -0.422102 -0.329442 0.843238
10008.466582000 0.742088 -0.661591 0.645992 0.053520 -0.423860 -0.332328 0.840855
10008.499915000 0.753380 -0.664294 0.651214 0.059660 -0.424948 -0.335532 0.838617
10008.533248000 0.765296 -0.668744 0.656696 0.064352 -0.426118 -0.339099 0.836238
10008.566581000 0.777177 -0.673224 0.660803 0.069050 -0.427836 -0.342736 0.833499
10008.599914000 0.789160 -0.678447 0.663821 0.073052 -0.429092 -0.346648 0.830891
10008.633247000 0.802547 -0.684595 0.666738 0.076590 -0.431714 -0.350594 0.827551
10008.666580000 0.828443 -0.700220 0.668538 0.079244 -0.436860 -0.358074 0.821375
10008.699913000 0.841003 -0.710141 0.667890 0.079332 -0.439643 -0.361747 0.818266
10008.733246000 0.854571 -0.719507 0.665486 0.078552 -0.442557 -0.364768 0.815425
10008.766579000 0.867670 -0.730888 0.663430 0.076655 -0.446011 -0.367964 0.812281
10008.799912000 0.880639 -0.741288 0.660410 0.074651 -0.449548 -0.370027 0.809576
10008.833245000 0.893495 -0.751694 0.657057 0.072682 -0.452886 -0.372022 0.806977
10008.866578000 0.905188 -0.762324 0.652880 0.069881 -0.455690 -0.373140 0.805128
10008.899911000 0.917581 -0.771963 0.649131 0.067503 -0.458946 -0.374110 0.803028
10008.933244000 0.929442 -0.779418 0.645125 0.065914 -0.461512 -0.373783 0.801841
10008.966577000 0.941156 -0.787013 0.641076 0.064032 -0.464050 -0.373025 0.800881
10008.999910000 0.963199 -0.797799 0.634869 0.061620 -0.468339 -0.369083 0.800399
10009.033243000 0.974279 -0.799891 0.632205 0.061470 -0.469972 -0.365668 0.801021
10009.066576000 0.983857 -0.800992 0.629593 0.061587 -0.470793 -0.362560 0.801942
10009.099909000 0.993308 -0.801527 0.628004 0.062020 -0.472258 -0.359395 0.802472
10009.133242000 1.003160 -0.799973 0.627121 0.063658 -0.473268 -0.356551 0.803017
10009.166575000 1.011454 -0.797294 0.626603 0.065232 -0.474270 -0.353712 0.803555
10009.199908000 1.020603 -0.793580 0.627757 0.068030 -0.476020 -0.352058 0.803015
10009.233241000 1.028336 -0.789173 0.628527 0.070864 -0.476895 -0.351514 0.802488
10009.266574000 1.035228 -0.784564 0.631446 0.074230 -0.478261 -0.352613 0.800887
10009.299907000 1.042458 -0.778283 0.634668 0.078605 -0.479558 -0.354895 0.798683
10009.333240000 1.055027 -0.764672 0.643217 0.089377 -0.482610 -0.365760 0.790771
10009.366573000 1.060409 -0.758228 0.649528 0.095164 -0.484588 -0.374090 0.784968
10009.399906000 1.066676 -0.750787 0.656622 0.101897 -0.486666 -0.383575 0.778231
10009.433239000 1.071674 -0.743857 0.663687 0.108622 -0.488522 -0.394267 0.770780
10009.466572000 1.077667 -0.736004 0.671553 0.115853 -0.490443 -0.405781 0.762487
10009.499905000 1.083555 -0.728085 0.679276 0.123826 -0.492298 -0.417189 0.753832
10009.533238000 1.090577 -0.719847 0.686938 0.131914 -0.493780 -0.428908 0.744861
10009.566571000 1.098675 -0.710981 0.694629 0.140519 -0.495582 -0.440212 0.735436
10009.599904000 1.105801 -0.704292 0.701583 0.147738 -0.496896 -0.450937 0.726584
10009.633237000 1.115490 -0.696281 0.709986 0.155760 -0.499170 -0.460492 0.717297
10009.666570000 1.139141 -0.678963 0.721440 0.171960 -0.501870 -0.476198 0.701278
10009.699903000 1.153480 -0.671824 0.726026 0.179114 -0.503100 -0.482150 0.694507
10009.733236000 1.169728 -0.663227 0.729859 0.186215 -0.504718 -0.485822 0.688884
10009.766569000 1.187152 -0.655265 0.732746 0.192895 -0.505735 -0.488122 0.684661
10009.799902000 1.207187 -0.648536 0.733167 0.198718 -0.507185 -0.488070 0.681954
10009.833235000 1.229757 -0.641063 0.732310 0.203745 -0.508785 -0.485996 0.680760
10009.866568000 1.254603 -0.634054 0.730086 0.208302 -0.510165 -0.481232 0.681731
10009.899901000 1.282361 -0.627844 0.725763 0.211671 -0.512171 -0.473864 0.684346
10009.933234000 1.313542 -0.621357 0.719705 0.214342 -0.514379 -0.463210 0.689136
