10000.000000000 0.000000 0.000000 0.000000 0.000000 0.000000 0.000000 1.000000
10000.033333000 0.010397 0.003347 -0.001757 0.002391 -0.004873 -0.001854 0.999984
10000.066666000 0.020786 0.007122 -0.002801 0.004292 -0.009457 -0.003968 0.999938
10000.099999000 0.030148 0.009854 -0.003171 0.005837 -0.013588 -0.005908 0.999873
10000.133332000 0.040714 0.012835 -0.003580 0.007237 -0.018252 -0.008661 0.999770
10000.166665000 0.051344 0.015872 -0.004094 0.008692 -0.022910 -0.011327 0.999636
10000.199998000 0.060999 0.018713 -0.004495 0.009797 -0.027179 -0.014348 0.999480
10000.233331000 0.071758 0.021137 -0.004264 0.010828 -0.031849 -0.017555 0.999280
10000.266664000 0.081340 0.023781 -0.003273 0.011672 -0.036142 -0.021148 0.999055
10000.299997000 0.091230 0.025746 -0.003091 0.012143 -0.039996 -0.023925 0.998840
10000.333330000 0.110837 0.029545 -0.002574 0.013347 -0.048605 -0.031115 0.998244
10000.366663000 0.120538 0.031246 -0.002439 0.013790 -0.052324 -0.033799 0.997963
10000.399996000 0.129265 0.033898 -0.001431 0.014694 -0.056141 -0.036997 0.997629
10000.433329000 0.139111 0.035949 -0.001105 0.015717 -0.060219 -0.039819 0.997267
10000.466662000 0.147615 0.038682 -0.001571 0.016884 -0.063827 -0.042331 0.996920
10000.499995000 0.156265 0.041015 -0.001883 0.018205 -0.067432 -0.044318 0.996573
10000.533328000 0.164789 0.043455 -0.002192 0.019564 -0.070978 -0.046183 0.996216
10000.566661000 0.173490 0.046152 -0.002524 0.021217 -0.074566 -0.047524 0.995857
10000.599994000 0.180908 0.049131 -0.003436 0.022946 -0.077703 -0.048589 0.995527
10000.633327000 0.189180 0.051815 -0.005233 0.025251 -0.081394 -0.049461 0.995134
10000.666660000 0.203522 0.059082 -0.008307 0.030799 -0.087720 -0.048686 0.994478
10000.699993000 0.210765 0.063434 -0.011237 0.033942 -0.090574 -0.047775 0.994164
10000.733326000 0.217700 0.067447 -0.014255 0.037665 -0.093740 -0.046996 0.993773
10000.766659000 0.224758 0.070931 -0.015759 0.041588 -0.097078 -0.046248 0.993331
10000.799992000 0.232282 0.074025 -0.017979 0.045225 -0.100131 -0.045876 0.992887
10000.833325000 0.240471 0.077320 -0.018933 0.049545 -0.104006 -0.046430 0.992256
10000.866658000 0.248751 0.080428 -0.019913 0.054305 -0.107340 -0.047064 0.991622
10000.899991000 0.257556 0.082154 -0.019639 0.058582 -0.110400 -0.049179 0.990940
10000.933324000 0.267578 0.083141 -0.017473 0.063344 -0.114535 -0.052752 0.989993
10000.966657000 0.279063 0.083683 -0.014738 0.067736 -0.118877 -0.057396 0.988932
10000.999990000 0.306211 0.081838 -0.005024 0.077638 -0.127774 -0.071765 0.986152
10001.033323000 0.320850 0.078962 0.002219 0.082133 -0.132313 -0.081398 0.984440
10001.066656000 0.336133 0.074585 0.010631 0.086426 -0.137688 -0.091653 0.982432
10001.099989000 0.351046 0.070561 0.018860 0.090845 -0.142543 -0.102226 0.980295
10001.133322000 0.365352 0.065668 0.026573 0.094537 -0.147666 -0.113127 0.977988
10001.166655000 0.378166 0.061626 0.034230 0.098973 -0.152797 -0.123888 0.975453
10001.199988000 0.390452 0.056123 0.040332 0.102334 -0.157905 -0.134087 0.972941
10001.233321000 0.400640 0.050345 0.045367 0.104898 -0.163605 -0.143909 0.970320
10001.266654000 0.407279 0.045421 0.047879 0.107203 -0.168770 -0.152889 0.967806
10001.299987000 0.411527 0.040978 0.048239 0.108855 -0.173709 -0.160567 0.965502
10001.333320000 0.408686 0.031614 0.039532 0.108661 -0.182992 -0.172856 0.961680
10001.366653000 0.401830 0.028806 0.030264 0.108089 -0.187447 -0.176986 0.960133
10001.399986000 0.392552 0.026499 0.019399 0.106082 -0.191502 -0.180633 0.958877
10001.433319000 0.380896 0.024488 0.006189 0.103897 -0.194959 -0.183386 0.957897
10001.466652000 0.368455 0.022247 -0.007930 0.100953 -0.198268 -0.185235 0.957176
10001.499985000 0.354062 0.021976 -0.022870 0.097911 -0.200863 -0.186461 0.956713
10001.533318000 0.340860 0.021619 -0.038466 0.094451 -0.203156 -0.187401 0.956393
10001.566651000 0.328681 0.021879 -0.053263 0.091217 -0.204917 -0.187662 0.956280
10001.599984000 0.318409 0.023163 -0.067269 0.088141 -0.206067 -0.187633 0.956327
10001.633317000 0.308866 0.024752 -0.080108 0.085175 -0.206771 -0.187408 0.956488
10001.666650000 0.301759 0.028762 -0.099143 0.080596 -0.207070 -0.186549 0.956988
10001.699983000 0.302742 0.032046 -0.105316 0.079177 -0.206235 -0.186380 0.957319
10001.733316000 0.306621 0.035482 -0.109339 0.078991 -0.205103 -0.185751 0.957700
10001.766649000 0.313130 0.038518 -0.111666 0.078130 -0.204339 -0.185396 0.958003
10001.799982000 0.322152 0.042712 -0.111789 0.078539 -0.203614 -0.185051 0.958191
10001.833315000 0.331808 0.046107 -0.111348 0.078733 -0.202222 -0.184937 0.958491
10001.866648000 0.344571 0.048754 -0.109816 0.079589 -0.201941 -0.184954 0.958476
10001.899981000 0.357386 0.051413 -0.106986 0.080179 -0.201953 -0.185096 0.958398
10001.933314000 0.371685 0.053413 -0.103487 0.080684 -0.202737 -0.185531 0.958105
10001.966647000 0.385216 0.054282 -0.099362 0.081453 -0.204249 -0.186059 0.957617
10001.999980000 0.413853 0.053712 -0.090358 0.083161 -0.211091 -0.188258 0.955554
10002.033313000 0.427827 0.053017 -0.085877 0.084206 -0.216096 -0.189368 0.954123
10002.066646000 0.440154 0.050513 -0.080797 0.084625 -0.221049 -0.190616 0.952702
10002.099979000 0.452409 0.047981 -0.076571 0.085240 -0.227230 -0.192962 0.950719
10002.133312000 0.464238 0.043957 -0.071530 0.085519 -0.233864 -0.194729 0.948723
10002.166645000 0.475849 0.039930 -0.066686 0.085460 -0.241144 -0.196351 0.946569
10002.199978000 0.486050 0.034298 -0.061714 0.084693 -0.247905 -0.198447 0.944452
10002.233311000 0.495940 0.029173 -0.056261 0.083911 -0.255657 -0.200732 0.941969
10002.266644000 0.504416 0.021962 -0.050657 0.082087 -0.262306 -0.203013 0.939810
10002.299977000 0.512871 0.015334 -0.045769 0.080281 -0.269428 -0.204704 0.937582
10002.333310000 0.525162 0.000266 -0.032882 0.074608 -0.281681 -0.209821 0.933308
10002.366643000 0.529573 -0.007968 -0.027227 0.070962 -0.286824 -0.211976 0.931538
10002.399976000 0.534309 -0.015089 -0.021172 0.067343 -0.291508 -0.214013 0.929885
10002.433309000 0.536632 -0.022933 -0.014744 0.063463 -0.295934 -0.216669 0.928143
10002.466642000 0.539174 -0.030684 -0.008809 0.059599 -0.299563 -0.218604 0.926781
10002.499975000 0.540578 -0.038291 -0.002745 0.055815 -0.302549 -0.220894 0.925502
10002.533308000 0.542005 -0.045579 0.002690 0.052707 -0.305295 -0.222843 0.924315
10002.566641000 0.542878 -0.051260 0.008295 0.050911 -0.307297 -0.224153 0.923435
10002.599974000 0.543613 -0.057156 0.013060 0.049591 -0.308856 -0.225596 0.922635
10002.633307000 0.543433 -0.062613 0.016896 0.049253 -0.309691 -0.226435 0.922167
10002.666640000 0.544079 -0.070810 0.022978 0.052744 -0.310046 -0.226582 0.921819
10002.699973000 0.543771 -0.073679 0.025331 0.056078 -0.309060 -0.225987 0.922099
10002.733306000 0.544197 -0.075063 0.026394 0.060764 -0.308223 -0.224828 0.922366
10002.766639000 0.543548 -0.076193 0.027240 0.066437 -0.306092 -0.222980 0.923133
10002.799972000 0.543697 -0.076804 0.027744 0.072946 -0.303983 -0.220363 0.923966
10002.833305000 0.543369 -0.075895 0.027243 0.080155 -0.301099 -0.217346 0.925027
10002.866638000 0.544237 -0.075214 0.026784 0.087543 -0.298615 -0.214340 0.925864
10002.899971000 0.543777 -0.073854 0.025679 0.094758 -0.294945 -0.210282 0.927259
10002.933304000 0.544298 -0.072111 0.024443 0.101737 -0.292243 -0.206151 0.928303
10002.966637000 0.543707 -0.070060 0.022861 0.108055 -0.288449 -0.201648 0.929763
10002.999970000 0.543957 -0.064352 0.018683 0.118217 -0.281217 -0.191149 0.932954
10003.033303000 0.544381 -0.062005 0.016953 0.122000 -0.277984 -0.185698 0.934536
10003.066636000 0.543544 -0.059302 0.014600 0.125332 -0.274023 -0.179902 0.936397
10003.099969000 0.543942 -0.056988 0.012932 0.127471 -0.271062 -0.174404 0.938009
10003.133302000 0.544552 -0.055404 0.011640 0.128829 -0.268433 -0.168881 0.939588
10003.166635000 0.544387 -0.054678 0.011074 0.130178 -0.265418 -0.163837 0.941151
10003.199968000 0.544234 -0.054026 0.010547 0.130770 -0.262756 -0.158758 0.942685
10003.233301000 0.544756 -0.055501 0.011790 0.130979 -0.260710 -0.154375 0.943951
10003.266634000 0.544487 -0.057837 0.013641 0.131554 -0.258317 -0.150311 0.945184
10003.299967000 0.544497 -0.061665 0.016552 0.131669 -0.256502 -0.146877 0.946202
10003.333300000 0.545166 -0.076228 0.027615 0.130958 -0.253828 -0.142121 0.947746
10003.366633000 0.545317 -0.086243 0.034868 0.130533 -0.252919 -0.140955 0.948222
10003.399966000 0.545560 -0.096660 0.042832 0.130705 -0.251979 -0.140030 0.948586
10003.433299000 0.547269 -0.107939 0.051408 0.130080 -0.252039 -0.139831 0.948685
10003.466632000 0.548274 -0.117957 0.059069 0.130413 -0.251594 -0.140044 0.948726
10003.499965000 0.550419 -0.128057 0.066955 0.130188 -0.251854 -0.140519 0.948617
10003.533298000 0.552205 -0.136666 0.073594 0.130220 -0.251824 -0.140854 0.948571
10003.566631000 0.554867 -0.142233 0.078370 0.130659 -0.252017 -0.141513 0.948362
10003.599964000 0.559108 -0.145769 0.081844 0.131030 -0.252910 -0.142255 0.947961
10003.633297000 0.563155 -0.145946 0.082824 0.131093 -0.253655 -0.143100 0.947627
10003.666630000 0.574422 -0.135217 0.076885 0.132199 -0.255312 -0.144174 0.946865
10003.699963000 0.582145 -0.123880 0.069843 0.133117 -0.256760 -0.144468 0.946300
10003.733296000 0.588860 -0.109247 0.060369 0.133876 -0.257356 -0.144695 0.945996
10003.766629000 0.595995 -0.092370 0.049061 0.134866 -0.258081 -0.144518 0.945685
10003.799962000 0.602286 -0.073673 0.036564 0.135786 -0.258303 -0.144241 0.945535
10003.833295000 0.608384 -0.053785 0.022923 0.136513 -0.258232 -0.144031 0.945481
10003.866628000 0.613236 -0.033166 0.008782 0.137364 -0.257941 -0.143355 0.945541
10003.899961000 0.616475 -0.014166 -0.004704 0.137321 -0.257210 -0.143252 0.945762
10003.933294000 0.617937 0.004010 -0.017963 0.137177 -0.256038 -0.142701 0.946184
10003.966627000 0.617526 0.021491 -0.030906 0.137431 -0.253962 -0.141976 0.946815
10003.999960000 0.608876 0.048272 -0.051836 0.136530 -0.248273 -0.141455 0.948531
10004.033293000 0.601052 0.056824 -0.059900 0.135788 -0.244397 -0.140748 0.949748
10004.066626000 0.591799 0.062405 -0.065555 0.134621 -0.240570 -0.140517 0.950925
10004.099959000 0.581544 0.065675 -0.070007 0.133439 -0.236263 -0.140219 0.952214
10004.133292000 0.570028 0.065576 -0.071966 0.131962 -0.232128 -0.140015 0.953466
10004.166625000 0.558444 0.062774 -0.072017 0.130361 -0.227988 -0.139772 0.954721
10004.199958000 0.547834 0.057165 -0.069701 0.128675 -0.224359 -0.139672 0.955823
10004.233291000 0.538222 0.048536 -0.064866 0.126969 -0.221533 -0.140025 0.956658
10004.266624000 0.529344 0.037698 -0.058272 0.125261 -0.219011 -0.140079 0.957456
10004.299957000 0.523132 0.024739 -0.049649 0.123482 -0.217919 -0.140367 0.957894
10004.333290000 0.520317 -0.011245 -0.023869 0.119885 -0.220727 -0.141741 0.957505
10004.366623000 0.522818 -0.032145 -0.008095 0.118415 -0.224001 -0.142702 0.956785
10004.399956000 0.527133 -0.054954 0.009342 0.116616 -0.228715 -0.143984 0.955698
10004.433289000 0.533444 -0.078080 0.027294 0.115072 -0.234285 -0.145330 0.954331
10004.466622000 0.542436 -0.102110 0.046433 0.113310 -0.241468 -0.147031 0.952489
10004.499955000 0.551168 -0.126129 0.065578 0.111592 -0.249194 -0.148832 0.950420
10004.533288000 0.560595 -0.148371 0.083394 0.109904 -0.257217 -0.150659 0.948189
10004.566621000 0.570493 -0.169492 0.100656 0.108381 -0.265782 -0.152496 0.945705
10004.599954000 0.579017 -0.189406 0.116712 0.105863 -0.274044 -0.154628 0.943283
10004.633287000 0.587580 -0.206178 0.130421 0.104031 -0.282217 -0.156493 0.940766
10004.666620000 0.599823 -0.230511 0.150039 0.099765 -0.295715 -0.160064 0.936472
10004.699953000 0.602676 -0.237106 0.155769 0.097588 -0.300599 -0.161581 0.934884
10004.733286000 0.604232 -0.242494 0.159773 0.094497 -0.304708 -0.163306 0.933571
10004.766619000 0.606251 -0.245789 0.162682 0.091996 -0.308863 -0.164829 0.932186
10004.799952000 0.606915 -0.248671 0.164887 0.089505 -0.311738 -0.166214 0.931226
10004.833285000 0.606886 -0.251913 0.167293 0.086392 -0.314222 -0.167740 0.930411
10004.866618000 0.607994 -0.255474 0.170172 0.083459 -0.316532 -0.169185 0.929634
10004.899951000 0.608834 -0.260979 0.174459 0.080289 -0.318538 -0.170704 0.928950
10004.933284000 0.610362 -0.268706 0.180401 0.077479 -0.320666 -0.172114 0.928196
10004.966617000 0.613981 -0.280077 0.189252 0.074154 -0.323354 -0.173786 0.927222
10004.999950000 0.624103 -0.313925 0.215628 0.067311 -0.329029 -0.177413 0.925059
10005.033283000 0.630515 -0.336754 0.233538 0.063552 -0.332258 -0.179472 0.923772
10005.066616000 0.638884 -0.362042 0.253382 0.060240 -0.336135 -0.181428 0.922208
10005.099949000 0.647640 -0.388753 0.274415 0.056277 -0.340216 -0.183757 0.920499
10005.133282000 0.656771 -0.416222 0.296047 0.052667 -0.344491 -0.186004 0.918670
10005.166615000 0.665270 -0.441947 0.316390 0.049803 -0.348530 -0.187960 0.916906
10005.199948000 0.673428 -0.466485 0.335715 0.046485 -0.352498 -0.190090 0.915123
10005.233281000 0.680331 -0.487742 0.352413 0.043895 -0.356174 -0.191894 0.913449
10005.266614000 0.687068 -0.505042 0.366214 0.041504 -0.359674 -0.193568 0.911835
10005.299947000 0.690966 -0.516799 0.375626 0.039641 -0.362544 -0.194896 0.910498
10005.333280000 0.692613 -0.522160 0.379784 0.036677 -0.366121 -0.196903 0.908757
10005.366613000 0.690448 -0.515316 0.374444 0.036226 -0.367178 -0.196863 0.908358
10005.399946000 0.686304 -0.502922 0.364774 0.035955 -0.367559 -0.197089 0.908165
10005.433279000 0.681412 -0.488244 0.351933 0.035620 -0.367377 -0.197231 0.908221
10005.466612000 0.675142 -0.469260 0.336938 0.035925 -0.367009 -0.197033 0.908401
10005.499945000 0.668735 -0.450024 0.321762 0.036127 -0.366599 -0.196413 0.908692
10005.533278000 0.661886 -0.429421 0.305536 0.036796 -0.365812 -0.195985 0.909075
10005.566611000 0.655567 -0.410251 0.290435 0.037285 -0.364805 -0.196048 0.909446
10005.599944000 0.649901 -0.393208 0.277117 0.037351 -0.364773 -0.196038 0.909459
10005.633277000 0.645262 -0.379115 0.267183 0.037956 -0.364614 -0.195713 0.909567
10005.666610000 0.640849 -0.365550 0.257727 0.038306 -0.365185 -0.196673 0.909116
10005.699943000 0.641287 -0.366367 0.258483 0.037800 -0.366050 -0.197505 0.908609
10005.733276000 0.642618 -0.370132 0.262850 0.037692 -0.366988 -0.198151 0.908094
10005.766609000 0.645122 -0.377807 0.268820 0.037189 -0.367767 -0.199013 0.907611
10005.799942000 0.648109 -0.387052 0.277309 0.037047 -0.368679 -0.199703 0.907095
10005.833275000 0.651917 -0.398608 0.286479 0.036524 -0.369503 -0.200559 0.906592
10005.866608000 0.655751 -0.410013 0.295556 0.036525 -0.369502 -0.200536 0.906598
10005.899941000 0.659476 -0.421386 0.304626 0.036373 -0.369486 -0.200081 0.906711
10005.933274000 0.662825 -0.431811 0.311562 0.036516 -0.368459 -0.199297 0.907295
10005.966607000 0.665692 -0.440659 0.317344 0.037013 -0.367041 -0.198324 0.908063
10005.999940000 0.667944 -0.448193 0.319446 0.039202 -0.361261 -0.192942 0.911442
10006.033273000 0.667638 -0.447118 0.316197 0.041168 -0.357077 -0.189436 0.913737
10006.066606000 0.666409 -0.443702 0.311044 0.043493 -0.352473 -0.185739 0.916173
10006.099939000 0.664657 -0.438537 0.303191 0.045520 -0.347759 -0.182267 0.918570
10006.133272000 0.662035 -0.430779 0.295867 0.048662 -0.343032 -0.178729 0.920878
10006.166605000 0.659150 -0.422239 0.286508 0.051583 -0.338186 -0.175799 0.923073
10006.199938000 0.655761 -0.412130 0.278645 0.054774 -0.334356 -0.173401 0.924737
10006.233271000 0.652272 -0.401130 0.271176 0.058928 -0.330374 -0.171885 0.926194
10006.266604000 0.648946 -0.390992 0.265650 0.062406 -0.327974 -0.171842 0.926827
10006.299937000 0.645536 -0.379720 0.261834 0.066545 -0.326219 -0.172513 0.927034
10006.333270000 0.639773 -0.360445 0.261852 0.075024 -0.326193 -0.179295 0.925107
10006.366603000 0.637712 -0.352353 0.266744 0.079583 -0.328252 -0.185068 0.922858
10006.399936000 0.635820 -0.345072 0.273568 0.084441 -0.331074 -0.192290 0.919937
10006.433269000 0.634234 -0.338664 0.282427 0.088814 -0.334860 -0.200535 0.916388
10006.466602000 0.632899 -0.332389 0.292649 0.093587 -0.339986 -0.209586 0.911989
10006.499935000 0.631637 -0.326868 0.303332 0.098815 -0.345670 -0.219250 0.907016
10006.533268000 0.630596 -0.322164 0.314746 0.103406 -0.351765 -0.228909 0.901759
10006.566601000 0.629590 -0.317318 0.324741 0.107678 -0.357883 -0.238482 0.896355
10006.599934000 0.628697 -0.313081 0.333967 0.110842 -0.364293 -0.248252 0.890716
10006.633267000 0.627872 -0.309245 0.342270 0.114000 -0.371233 -0.256710 0.885037
10006.666600000 0.626135 -0.302121 0.351954 0.116517 -0.383372 -0.270502 0.875373
10006.699933000 0.625293 -0.299390 0.354598 0.115643 -0.389691 -0.275408 0.871159
10006.733266000 0.624477 -0.296951 0.355164 0.114645 -0.395021 -0.279173 0.867685
10006.766599000 0.623663 -0.294195 0.354195 0.111932 -0.399873 -0.282073 0.864874
10006.799932000 0.623201 -0.292726 0.352943 0.109629 -0.404558 -0.284189 0.862294
10006.833265000 0.622955 -0.292425 0.349987 0.105741 -0.408635 -0.285877 0.860297
10006.866598000 0.622871 -0.291972 0.348430 0.102442 -0.412464 -0.286683 0.858599
10006.899931000 0.623220 -0.293692 0.346101 0.098045 -0.415916 -0.287427 0.857197
10006.933264000 0.623937 -0.296238 0.345671 0.093796 -0.419265 -0.288143 0.855799
10006.966597000 0.625141 -0.300326 0.346334 0.089680 -0.422836 -0.288197 0.854465
10006.999930000 0.629406 -0.313596 0.353004 0.082919 -0.428893 -0.289661 0.851629
10007.033263000 0.632345 -0.322426 0.358748 0.080462 -0.431998 -0.291095 0.849804
10007.066596000 0.634728 -0.333118 0.365570 0.077220 -0.434599 -0.292826 0.848183
10007.099929000 0.638245 -0.343916 0.374158 0.075378 -0.437520 -0.293868 0.846484
10007.133262000 0.642326 -0.356089 0.383865 0.073644 -0.440900 -0.296069 0.844113
10007.166595000 0.646214 -0.368015 0.393424 0.072331 -0.443254 -0.297306 0.842557
10007.199928000 0.650402 -0.380554 0.404528 0.071114 -0.445676 -0.298997 0.840783
10007.233261000 0.654656 -0.393650 0.414790 0.069810 -0.448087 -0.300768 0.838977
10007.266594000 0.658783 -0.406027 0.425922 0.069299 -0.450990 -0.302179 0.836955
10007.299927000 0.662736 -0.417399 0.434967 0.068934 -0.452665 -0.303280 0.835681
10007.333260000 0.671684 -0.437879 0.452923 0.069540 -0.456415 -0.304700 0.833071
10007.366593000 0.675125 -0.446220 0.460685 0.070251 -0.457591 -0.304448 0.832458
10007.399926000 0.678935 -0.454226 0.467351 0.070350 -0.459070 -0.304657 0.831558
10007.433259000 0.681204 -0.460997 0.473037 0.070885 -0.458918 -0.304310 0.831724
10007.466592000 0.684563 -0.467643 0.478447 0.071324 -0.459435 -0.304099 0.831478
10007.499925000 0.687723 -0.474213 0.483869 0.070882 -0.459859 -0.304449 0.831154
10007.533258000 0.689469 -0.479714 0.488165 0.070883 -0.459053 -0.303687 0.831877
10007.566591000 0.690468 -0.486027 0.492966 0.069756 -0.458396 -0.304222 0.832140
10007.599924000 0.692349 -0.491952 0.496346 0.068584 -0.457155 -0.304737 0.832731
10007.633257000 0.692229 -0.497734 0.500762 0.067204 -0.455173 -0.305247 0.833742
10007.666590000 0.691537 -0.511273 0.510505 0.062042 -0.451313 -0.307695 0.835339
10007.699923000 0.689784 -0.518526 0.515450 0.058436 -0.448202 -0.309861 0.836472
10007.733256000 0.688217 -0.526478 0.521038 0.054473 -0.445544 -0.311749 0.837458
10007.766589000 0.686700 -0.534292 0.526553 0.050546 -0.442646 -0.314166 0.838337
10007.799922000 0.684373 -0.543194 0.531284 0.045474 -0.439192 -0.316483 0.839572
10007.833255000 0.681901 -0.551463 0.536879 0.040749 -0.435961 -0.318610 0.840693
10007.866588000 0.678676 -0.560680 0.543136 0.035859 -0.433057 -0.320935 0.841532
10007.899921000 0.676138 -0.568414 0.549700 0.031952 -0.429821 -0.322513 0.842744
10007.933254000 0.673824 -0.577178 0.555716 0.027672 -0.427229 -0.324486 0.843456
10007.966587000 0.671338 -0.585451 0.561466 0.023603 -0.424539 -0.325652 0.844488
10007.999920000 0.668612 -0.602253 0.573291 0.016747 -0.420772 -0.326959 0.846031
10008.033253000 0.667961 -0.609853 0.580067 0.014589 -0.419936 -0.326850 0.846528
10008.066586000 0.667564 -0.617736 0.585632 0.012324 -0.419291 -0.326801 0.846903
10008.099919000 0.667813 -0.625202 0.591274 0.011191 -0.418649 -0.326737 0.847261
10008.133252000 0.669174 -0.632585 0.598123 0.010392 -0.418988 -0.326022 0.847379
10008.166585000 0.671396 -0.638676 0.604177 0.010554 -0.419728 -0.325559 0.847189
10008.199918000 0.674453 -0.644697 0.610403 0.011714 -0.420598 -0.325069 0.846930
10008.233251000 0.677607 -0.650740 0.616721 0.013082 -0.421056 -0.324355 0.846956
10008.266584000 0.682361 -0.655438 0.622287 0.015551 -0.421986 -0.324275 0.846482
10008.299917000 0.687160 -0.660402 0.629124 0.018784 -0.423251 -0.324451 0.845717
10008.333250000 0.701673 -0.668643 0.642790 0.027147 -0.425610 -0.326698 0.843438
10008.366583000 0.710149 -0.671474 0.648824 0.032808 -0.427008 -0.328508 0.841825
10008.399916000 0.719630 -0.674281 0.656329 0.038654 -0.428361 -0.330781 0.839998
10008.433249000 0.729397 -0.678263 0.662254 0.044439 -0.429429 -0.333643 0.838032
10008.466582000 0.740922 -0.681147 0.668853 0.050570 -0.431226 -0.336464 0.835630
10008.499915000 0.752264 -0.683890 0.674141 0.056805 -0.432355 -0.339670 0.833346
10008.533248000 0.764307 -0.688590 0.679609 0.061515 -0.433576 -0.343222 0.830919
10008.566581000 0.776295 -0.693260 0.683961 0.066295 -0.435396 -0.346878 0.828077
10008.599914000 0.788341 -0.698443 0.687317 0.070492 -0.436739 -0.350828 0.825354
10008.633247000 0.801781 -0.704778 0.690470 0.074068 -0.439378 -0.354716 0.821971
10008.666580000 0.827490 -0.720665 0.692813 0.076885 -0.444548 -0.362199 0.815646
10008.699913000 0.839929 -0.731039 0.692557 0.076949 -0.447374 -0.365916 0.812429
10008.733246000 0.853360 -0.741186 0.691049 0.076058 -0.450467 -0.369004 0.809401
10008.766579000 0.866140 -0.752786 0.689191 0.074148 -0.453841 -0.372202 0.806223
10008.799912000 0.878658 -0.763656 0.686765 0.072056 -0.457374 -0.374272 0.803453
10008.833245000 0.891158 -0.774472 0.684308 0.070062 -0.460802 -0.376315 0.800712
10008.866578000 0.902592 -0.785426 0.680426 0.067210 -0.463550 -0.377446 0.798836
10008.899911000 0.914883 -0.795435 0.677531 0.064880 -0.466909 -0.378479 0.796581
10008.933244000 0.926504 -0.803463 0.674141 0.063183 -0.469556 -0.378224 0.795281
10008.966577000 0.938150 -0.811338 0.670627 0.061264 -0.472131 -0.377487 0.794256
10008.999910000 0.960125 -0.822548 0.665331 0.058836 -0.476496 -0.373614 0.793664
10009.033243000 0.971155 -0.824972 0.662693 0.058605 -0.478103 -0.370226 0.794302
10009.066576000 0.980857 -0.826283 0.660334 0.058669 -0.478954 -0.367111 0.795230
10009.099909000 0.990327 -0.827229 0.658762 0.058974 -0.480398 -0.363948 0.795790
10009.133242000 1.000313 -0.825586 0.658074 0.060643 -0.481409 -0.361061 0.796369
10009.166575000 1.008850 -0.823275 0.657755 0.062177 -0.482495 -0.358253 0.796861
10009.199908000 1.018127 -0.819374 0.658915 0.065070 -0.484219 -0.356540 0.796352
10009.233241000 1.026202 -0.814741 0.659550 0.067990 -0.485059 -0.355920 0.795874
10009.266574000 1.033258 -0.810116 0.662380 0.071404 -0.486417 -0.356972 0.794274
10009.299907000 1.040856 -0.804129 0.665319 0.075750 -0.487746 -0.359228 0.792036
10009.333240000 1.053984 -0.790395 0.674016 0.086761 -0.490873 -0.369905 0.784019
10009.366573000 1.059594 -0.783831 0.680233 0.092661 -0.492844 -0.378091 0.778181
10009.399906000 1.065971 -0.776338 0.686962 0.099552 -0.494874 -0.387523 0.771372
10009.433239000 1.071372 -0.769254 0.693874 0.106411 -0.496727 -0.398042 0.763872
10009.466572000 1.077636 -0.761169 0.701600 0.113851 -0.498616 -0.409407 0.755517
10009.499905000 1.083809 -0.753149 0.709109 0.121987 -0.500443 -0.420677 0.746797
10009.533238000 1.091079 -0.744770 0.716799 0.130284 -0.501936 -0.432266 0.737721
10009.566571000 1.099226 -0.736085 0.724365 0.138892 -0.503723 -0.443366 0.728285
10009.599904000 1.107411 -0.728202 0.731141 0.146804 -0.504941 -0.453962 0.719307
10009.633237000 1.117767 -0.719758 0.739214 0.155163 -0.507119 -0.463419 0.709928
10009.666570000 1.141490 -0.702599 0.750785 0.171454 -0.509755 -0.478794 0.693909
10009.699903000 1.156183 -0.695441 0.755632 0.178780 -0.510975 -0.484634 0.687075
10009.733236000 1.172565 -0.686926 0.759596 0.185936 -0.512572 -0.488189 0.681447
10009.766569000 1.190196 -0.679297 0.762014 0.192538 -0.513505 -0.490432 0.677287
10009.799902000 1.210895 -0.672013 0.762617 0.198609 -0.514879 -0.490211 0.674646
10009.833235000 1.233819 -0.664507 0.762247 0.203743 -0.516493 -0.488074 0.673430
10009.866568000 1.258753 -0.657918 0.760287 0.208121 -0.517904 -0.483223 0.674505
10009.899901000 1.286909 -0.651492 0.756600 0.211631 -0.519912 -0.475813 0.677130
