10000.000000000 0.000000 0.000000 0.000000 0.000000 0.000000 0.000000 1.000000
10000.033333000 0.010390 0.003333 -0.001806 0.002269 -0.004446 -0.001610 0.999986
10000.066666000 0.020675 0.007320 -0.002881 0.004226 -0.009012 -0.003760 0.999943
10000.099999000 0.031274 0.010488 -0.003218 0.005923 -0.013647 -0.005887 0.999872
10000.133332000 0.041696 0.013592 -0.003770 0.007356 -0.018267 -0.008636 0.999769
10000.166665000 0.051220 0.016353 -0.004103 0.008689 -0.022481 -0.011113 0.999648
10000.199998000 0.061813 0.019753 -0.004469 0.010022 -0.027158 -0.014339 0.999478
10000.233331000 0.071603 0.021832 -0.004241 0.010876 -0.031408 -0.017361 0.999297
10000.266664000 0.081010 0.025274 -0.003939 0.012038 -0.035604 -0.020845 0.999076
10000.299997000 0.089841 0.026961 -0.003701 0.012514 -0.039416 -0.023574 0.998866
10000.333330000 0.109464 0.031114 -0.003225 0.013811 -0.048030 -0.030740 0.998277
10000.366663000 0.118197 0.032779 -0.002945 0.014334 -0.051750 -0.033433 0.997997
10000.399996000 0.126507 0.035896 -0.002555 0.015443 -0.055362 -0.036483 0.997680
10000.433329000 0.135371 0.038152 -0.002150 0.016436 -0.059042 -0.039045 0.997356
10000.466662000 0.143879 0.040264 -0.002550 0.017429 -0.062643 -0.041636 0.997015
10000.499995000 0.152555 0.043179 -0.002788 0.018913 -0.066256 -0.043545 0.996673
10000.533328000 0.161244 0.045591 -0.003225 0.020244 -0.069853 -0.045447 0.996316
10000.566661000 0.169790 0.048236 -0.003548 0.021873 -0.073378 -0.046757 0.995967
10000.599994000 0.178289 0.051642 -0.004488 0.023794 -0.076945 -0.048036 0.995593
10000.633327000 0.186664 0.054108 -0.006282 0.025855 -0.080280 -0.048672 0.995248
10000.666660000 0.202972 0.061812 -0.008670 0.031455 -0.087101 -0.048200 0.994535
10000.699993000 0.210920 0.065453 -0.011085 0.034381 -0.090375 -0.047658 0.994173
10000.733326000 0.219106 0.068886 -0.013450 0.037786 -0.093723 -0.047034 0.993769
10000.766659000 0.227066 0.072991 -0.015013 0.041793 -0.097056 -0.046293 0.993323
10000.799992000 0.235391 0.076642 -0.017257 0.045655 -0.100448 -0.046102 0.992824
10000.833325000 0.243626 0.079778 -0.018273 0.049751 -0.103948 -0.046439 0.992252
10000.866658000 0.252443 0.082408 -0.018422 0.054331 -0.107554 -0.047225 0.991590
10000.899991000 0.260897 0.084124 -0.018479 0.058739 -0.110892 -0.049497 0.990860
10000.933324000 0.269936 0.085630 -0.016740 0.063634 -0.114529 -0.052733 0.989976
10000.966657000 0.280062 0.086591 -0.014499 0.068273 -0.118654 -0.057215 0.988932
10000.999990000 0.300886 0.084842 -0.005481 0.078502 -0.126370 -0.070926 0.986325
10001.033323000 0.310916 0.082212 0.000457 0.083284 -0.130030 -0.080100 0.984754
10001.066656000 0.322278 0.079402 0.007213 0.088229 -0.134262 -0.089735 0.982923
10001.099989000 0.333830 0.076059 0.014406 0.093166 -0.138617 -0.100061 0.980863
10001.133322000 0.345117 0.071200 0.021494 0.097257 -0.143102 -0.110602 0.978688
10001.166655000 0.357104 0.066717 0.027842 0.101154 -0.147975 -0.121370 0.976289
10001.199988000 0.367806 0.062155 0.035023 0.104995 -0.152851 -0.131445 0.973825
10001.233321000 0.378714 0.056430 0.039780 0.107419 -0.158408 -0.141231 0.971299
10001.266654000 0.388343 0.050632 0.043199 0.109093 -0.163914 -0.150546 0.968797
10001.299987000 0.398414 0.045181 0.045056 0.110073 -0.170047 -0.158827 0.966303
10001.333320000 0.416934 0.033686 0.042822 0.108511 -0.184540 -0.173115 0.961354
10001.366653000 0.425403 0.029192 0.038060 0.106300 -0.192751 -0.178721 0.958961
10001.399986000 0.433386 0.025095 0.031556 0.103275 -0.201013 -0.183840 0.956625
10001.433319000 0.441414 0.020994 0.023766 0.099786 -0.209875 -0.188410 0.954200
10001.466652000 0.450001 0.018422 0.014020 0.095681 -0.219248 -0.192280 0.951737
10001.499985000 0.458258 0.016736 0.004940 0.092158 -0.228409 -0.195527 0.949266
10001.533318000 0.467599 0.014192 -0.004956 0.088277 -0.238051 -0.198581 0.946628
10001.566651000 0.476800 0.012682 -0.014908 0.084370 -0.247101 -0.200913 0.944170
10001.599984000 0.487734 0.012283 -0.024822 0.081380 -0.256470 -0.203076 0.941467
10001.633317000 0.500556 0.013115 -0.033071 0.079896 -0.265710 -0.204612 0.938695
10001.666650000 0.529975 0.017006 -0.045933 0.079707 -0.282511 -0.206445 0.933389
10001.699983000 0.545965 0.020232 -0.050675 0.081429 -0.289480 -0.207117 0.930953
10001.733316000 0.564115 0.025192 -0.054467 0.084868 -0.296074 -0.207147 0.928562
10001.766649000 0.582182 0.029584 -0.056409 0.087899 -0.302516 -0.207018 0.926230
10001.799982000 0.601120 0.034408 -0.058229 0.092001 -0.308049 -0.206687 0.924079
10001.833315000 0.620220 0.040075 -0.057835 0.096483 -0.313509 -0.206404 0.921846
10001.866648000 0.638695 0.046843 -0.057444 0.101837 -0.317904 -0.205559 0.919952
10001.899981000 0.656776 0.052663 -0.056018 0.106432 -0.322605 -0.205022 0.917913
10001.933314000 0.673232 0.058932 -0.054901 0.110968 -0.326214 -0.204182 0.916286
10001.966647000 0.688549 0.063874 -0.053273 0.114915 -0.329665 -0.203549 0.914704
10001.999980000 0.714109 0.075302 -0.050009 0.122415 -0.335569 -0.202249 0.911868
10002.033313000 0.724933 0.080781 -0.047628 0.125835 -0.338645 -0.201413 0.910449
10002.066646000 0.733707 0.084914 -0.046203 0.127967 -0.341232 -0.200951 0.909287
10002.099979000 0.741732 0.088874 -0.044577 0.129777 -0.343806 -0.200360 0.908191
10002.133312000 0.748824 0.091264 -0.044626 0.131203 -0.345752 -0.199965 0.907334
10002.166645000 0.755180 0.093678 -0.044400 0.132560 -0.347940 -0.199427 0.906418
10002.199978000 0.762544 0.095964 -0.044930 0.133577 -0.350076 -0.199246 0.905486
10002.233311000 0.769262 0.097440 -0.046294 0.134133 -0.351847 -0.199238 0.904719
10002.266644000 0.777033 0.098227 -0.049192 0.134786 -0.353405 -0.199094 0.904046
10002.299977000 0.785394 0.097833 -0.053389 0.134794 -0.354902 -0.199434 0.903383
10002.333310000 0.806797 0.097299 -0.066199 0.134759 -0.356897 -0.199740 0.902534
10002.366643000 0.818811 0.094369 -0.074817 0.133888 -0.357465 -0.200662 0.902235
10002.399976000 0.832711 0.092601 -0.084088 0.133820 -0.358320 -0.201306 0.901762
10002.433309000 0.845189 0.091174 -0.094692 0.133236 -0.358448 -0.201640 0.901723
10002.466642000 0.858599 0.087574 -0.106056 0.132074 -0.358723 -0.202644 0.901560
10002.499975000 0.870781 0.083298 -0.115869 0.130587 -0.359313 -0.203410 0.901369
10002.533308000 0.881624 0.079777 -0.126456 0.128830 -0.359905 -0.204257 0.901194
10002.566641000 0.890943 0.077221 -0.136853 0.127082 -0.360348 -0.205283 0.901032
10002.599974000 0.898541 0.074443 -0.145780 0.125041 -0.360805 -0.205729 0.901033
10002.633307000 0.904078 0.070203 -0.154024 0.122122 -0.361909 -0.206574 0.900797
10002.666640000 0.904091 0.065559 -0.164450 0.116005 -0.364613 -0.208282 0.900122
10002.699973000 0.899494 0.063459 -0.167015 0.112394 -0.366235 -0.209199 0.899708
10002.733306000 0.892604 0.061979 -0.169491 0.108625 -0.367565 -0.210128 0.899412
10002.766639000 0.884430 0.060504 -0.169182 0.105103 -0.368866 -0.211040 0.899085
10002.799972000 0.874485 0.059010 -0.168331 0.102171 -0.369180 -0.211936 0.899083
10002.833305000 0.863800 0.057859 -0.166320 0.099735 -0.368911 -0.212594 0.899312
10002.866638000 0.852345 0.055722 -0.163975 0.098070 -0.366985 -0.212584 0.900285
10002.899971000 0.840753 0.053589 -0.161356 0.097572 -0.363716 -0.212805 0.901612
10002.933304000 0.829541 0.049622 -0.157917 0.098044 -0.358999 -0.212738 0.903465
10002.966637000 0.820665 0.046139 -0.155244 0.100595 -0.352087 -0.211869 0.906105
10002.999970000 0.805023 0.035799 -0.150969 0.110640 -0.331520 -0.209439 0.913230
10003.033303000 0.800453 0.029109 -0.148222 0.117958 -0.319133 -0.207921 0.917065
10003.066636000 0.796403 0.021406 -0.146055 0.126186 -0.305118 -0.206131 0.921135
10003.099969000 0.794837 0.013993 -0.145293 0.134834 -0.291038 -0.204653 0.924789
10003.133302000 0.793608 0.005465 -0.144522 0.143354 -0.276858 -0.203621 0.928083
10003.166635000 0.792646 -0.001235 -0.143484 0.151991 -0.263213 -0.202196 0.930986
10003.199968000 0.791920 -0.009243 -0.142887 0.159677 -0.250411 -0.201640 0.933348
10003.233301000 0.790990 -0.015675 -0.142569 0.166708 -0.238718 -0.201124 0.935292
10003.266634000 0.789483 -0.022176 -0.142013 0.172808 -0.228072 -0.200576 0.936958
10003.299967000 0.787788 -0.029478 -0.142805 0.177194 -0.219182 -0.200448 0.938287
10003.333300000 0.779259 -0.037544 -0.142154 0.183609 -0.205630 -0.200150 0.940183
10003.366633000 0.773424 -0.040607 -0.142321 0.185045 -0.200919 -0.199712 0.941013
10003.399966000 0.765583 -0.042270 -0.143008 0.185545 -0.197209 -0.199380 0.941769
10003.433299000 0.758628 -0.043976 -0.142722 0.185440 -0.194725 -0.199132 0.942359
10003.466632000 0.749165 -0.046152 -0.142512 0.184249 -0.192735 -0.198439 0.943148
10003.499965000 0.740436 -0.047407 -0.142939 0.182758 -0.191512 -0.198099 0.943758
10003.533298000 0.730907 -0.048941 -0.142127 0.180696 -0.190998 -0.198053 0.944269
10003.566631000 0.721004 -0.051676 -0.140258 0.178166 -0.190782 -0.197851 0.944835
10003.599964000 0.711524 -0.054162 -0.138826 0.175611 -0.190609 -0.197602 0.945401
10003.633297000 0.702097 -0.057439 -0.136567 0.172856 -0.190539 -0.197455 0.945953
10003.666630000 0.684353 -0.067290 -0.129850 0.167247 -0.190495 -0.197630 0.946933
10003.699963000 0.676457 -0.073965 -0.125497 0.164610 -0.190165 -0.197766 0.947433
10003.733296000 0.669237 -0.082216 -0.119857 0.161941 -0.189861 -0.197935 0.947919
10003.766629000 0.662176 -0.089705 -0.113758 0.159799 -0.189425 -0.198339 0.948285
10003.799962000 0.655788 -0.098425 -0.107854 0.157409 -0.189014 -0.198787 0.948673
10003.833295000 0.650207 -0.108811 -0.101062 0.154899 -0.188640 -0.199282 0.949056
10003.866628000 0.645058 -0.119338 -0.094214 0.152386 -0.188511 -0.200301 0.949274
10003.899961000 0.638942 -0.129629 -0.086955 0.150230 -0.187650 -0.200532 0.949739
10003.933294000 0.633886 -0.139345 -0.079723 0.148080 -0.187401 -0.201425 0.949938
10003.966627000 0.628334 -0.150900 -0.073537 0.145237 -0.186998 -0.202421 0.950244
10003.999960000 0.619202 -0.171300 -0.059430 0.140493 -0.186540 -0.203447 0.950828
10004.033293000 0.613782 -0.181301 -0.053522 0.137865 -0.186310 -0.204431 0.951047
10004.066626000 0.608804 -0.190543 -0.046678 0.135236 -0.186398 -0.205150 0.951252
10004.099959000 0.603472 -0.198405 -0.040177 0.133068 -0.186041 -0.205555 0.951540
10004.133292000 0.598364 -0.207265 -0.034081 0.130416 -0.185963 -0.206197 0.951784
10004.166625000 0.591943 -0.216457 -0.028483 0.127312 -0.185688 -0.206914 0.952102
10004.199958000 0.585852 -0.225622 -0.022429 0.124236 -0.185535 -0.207660 0.952376
10004.233291000 0.578699 -0.233856 -0.016711 0.121469 -0.184488 -0.207541 0.952962
10004.266624000 0.571542 -0.242871 -0.010734 0.118232 -0.183987 -0.208207 0.953320
10004.299957000 0.564002 -0.251097 -0.004584 0.115234 -0.183287 -0.208748 0.953704
10004.333290000 0.546101 -0.271697 0.006874 0.107361 -0.181173 -0.210025 0.954746
10004.366623000 0.535938 -0.281603 0.013460 0.103645 -0.179563 -0.210418 0.955374
10004.399956000 0.526081 -0.291447 0.019684 0.099826 -0.177969 -0.210807 0.955993
10004.433289000 0.515891 -0.300954 0.026507 0.096098 -0.176303 -0.211106 0.956617
10004.466622000 0.507440 -0.310767 0.032226 0.092307 -0.175101 -0.211625 0.957097
10004.499955000 0.499933 -0.320388 0.038566 0.088616 -0.174161 -0.212188 0.957492
10004.533288000 0.492734 -0.329314 0.045276 0.085199 -0.173343 -0.212750 0.957826
10004.566621000 0.487673 -0.338689 0.050068 0.081620 -0.173055 -0.213581 0.958005
10004.599954000 0.485715 -0.347494 0.056345 0.078846 -0.173707 -0.214632 0.957884
10004.633287000 0.484471 -0.355963 0.061238 0.075946 -0.174666 -0.215814 0.957679
10004.666620000 0.491904 -0.370531 0.068802 0.071788 -0.179577 -0.219089 0.956346
10004.699953000 0.499122 -0.376698 0.073110 0.070507 -0.183198 -0.220965 0.955323
10004.733286000 0.509178 -0.382081 0.076361 0.069729 -0.187609 -0.223066 0.954035
10004.766619000 0.521417 -0.388206 0.080346 0.069005 -0.192927 -0.225505 0.952452
10004.799952000 0.533381 -0.392147 0.084228 0.068990 -0.197942 -0.227540 0.950939
10004.833285000 0.547385 -0.394889 0.088483 0.069657 -0.203595 -0.229698 0.949177
10004.866618000 0.561603 -0.401013 0.094050 0.069379 -0.209651 -0.231871 0.947348
10004.899951000 0.574249 -0.404140 0.099022 0.069874 -0.214938 -0.233918 0.945622
10004.933284000 0.586404 -0.406381 0.105445 0.070797 -0.220245 -0.235806 0.943862
10004.966617000 0.597899 -0.408367 0.113093 0.071811 -0.225444 -0.237571 0.942114
10004.999950000 0.614736 -0.412693 0.131675 0.073313 -0.234447 -0.240442 0.939068
10005.033283000 0.619326 -0.414427 0.142179 0.073937 -0.238006 -0.241621 0.937820
10005.066616000 0.621467 -0.416352 0.153493 0.074297 -0.240977 -0.242586 0.936783
10005.099949000 0.623278 -0.418016 0.165997 0.074794 -0.243993 -0.243544 0.935713
10005.133282000 0.623979 -0.419700 0.179342 0.075253 -0.246840 -0.244461 0.934690
10005.166615000 0.622213 -0.422451 0.193211 0.075097 -0.249204 -0.245367 0.933838
10005.199948000 0.620545 -0.424453 0.206417 0.075193 -0.251423 -0.246209 0.933013
10005.233281000 0.619030 -0.425810 0.220601 0.075575 -0.253839 -0.246904 0.932144
10005.266614000 0.617785 -0.428222 0.234187 0.075599 -0.256361 -0.247756 0.931226
10005.299947000 0.615254 -0.430459 0.247379 0.075487 -0.258436 -0.248572 0.930443
10005.333280000 0.613370 -0.436008 0.271587 0.075022 -0.263455 -0.250568 0.928536
10005.366613000 0.612912 -0.438705 0.283157 0.074854 -0.266109 -0.251579 0.927519
10005.399946000 0.613481 -0.441760 0.293852 0.074617 -0.269003 -0.252759 0.926381
10005.433279000 0.614327 -0.444920 0.304602 0.074385 -0.272037 -0.254007 0.925172
10005.466612000 0.614086 -0.448161 0.314691 0.073975 -0.274774 -0.255053 0.924108
10005.499945000 0.614789 -0.452114 0.325052 0.073358 -0.277912 -0.256481 0.922822
10005.533278000 0.617128 -0.454962 0.335821 0.073391 -0.281528 -0.257715 0.921379
10005.566611000 0.617665 -0.458084 0.346095 0.073096 -0.284593 -0.258941 0.920116
10005.599944000 0.619691 -0.461053 0.356818 0.073078 -0.288243 -0.260202 0.918624
10005.633277000 0.621296 -0.463141 0.368256 0.073439 -0.291919 -0.261300 0.917122
10005.666610000 0.623489 -0.466927 0.392354 0.074270 -0.299259 -0.263482 0.914060
10005.699943000 0.624658 -0.468718 0.406025 0.074936 -0.303395 -0.264494 0.912348
10005.733276000 0.625578 -0.470286 0.419144 0.075693 -0.307418 -0.265384 0.910679
10005.766609000 0.624563 -0.471118 0.432713 0.076118 -0.311356 -0.265992 0.909127
10005.799942000 0.625313 -0.472573 0.446058 0.076881 -0.315485 -0.266953 0.907356
10005.833275000 0.626361 -0.474726 0.459838 0.077435 -0.320025 -0.268118 0.905373
10005.866608000 0.627247 -0.476058 0.473080 0.078278 -0.324330 -0.269044 0.903492
10005.899941000 0.628628 -0.477903 0.485987 0.078920 -0.328770 -0.270068 0.901524
10005.933274000 0.629651 -0.480445 0.497514 0.079124 -0.332951 -0.271220 0.899624
10005.966607000 0.630888 -0.483807 0.508311 0.079322 -0.336679 -0.272649 0.897785
10005.999940000 0.634415 -0.492423 0.527334 0.077903 -0.344896 -0.275511 0.893908
10006.033273000 0.636941 -0.497983 0.534752 0.077008 -0.348497 -0.277392 0.892005
10006.066606000 0.638915 -0.503718 0.541428 0.075624 -0.351734 -0.278928 0.890373
10006.099939000 0.640852 -0.510123 0.547208 0.073819 -0.355166 -0.281326 0.888405
10006.133272000 0.644271 -0.516832 0.552402 0.072077 -0.358531 -0.283094 0.886633
10006.166605000 0.646671 -0.524268 0.556812 0.069751 -0.361797 -0.285741 0.884641
10006.199938000 0.649471 -0.532142 0.560439 0.066993 -0.365007 -0.288031 0.882791
10006.233271000 0.652295 -0.540391 0.565571 0.064256 -0.368777 -0.290455 0.880631
10006.266604000 0.655055 -0.548387 0.569050 0.061040 -0.372381 -0.292575 0.878639
10006.299937000 0.656992 -0.556346 0.572468 0.057674 -0.375693 -0.294765 0.876722
10006.333270000 0.660571 -0.572869 0.579917 0.050334 -0.382894 -0.298962 0.872629
10006.366603000 0.661327 -0.580939 0.584481 0.046419 -0.386622 -0.300905 0.870531
10006.399936000 0.662146 -0.589461 0.589396 0.042371 -0.390621 -0.303140 0.868174
10006.433269000 0.663392 -0.596492 0.594697 0.039302 -0.394665 -0.305372 0.865704
10006.466602000 0.665015 -0.604170 0.599069 0.035719 -0.398572 -0.307263 0.863397
10006.499935000 0.666566 -0.611079 0.604081 0.032947 -0.402209 -0.309330 0.861079
10006.533268000 0.668821 -0.617455 0.610105 0.031117 -0.405903 -0.311388 0.858669
10006.566601000 0.671236 -0.624153 0.615417 0.029356 -0.409033 -0.313316 0.856542
10006.599934000 0.675241 -0.629898 0.621205 0.029083 -0.412322 -0.315614 0.854127
10006.633267000 0.679273 -0.635680 0.627106 0.029280 -0.415232 -0.318138 0.851771
10006.666600000 0.691890 -0.644192 0.640218 0.034484 -0.420023 -0.323092 0.847351
10006.699933000 0.700098 -0.647086 0.645806 0.038969 -0.421559 -0.325643 0.845415
10006.733266000 0.708276 -0.650833 0.652259 0.043660 -0.423023 -0.328706 0.843266
10006.766599000 0.718609 -0.653957 0.658536 0.049912 -0.424275 -0.331309 0.841269
10006.799932000 0.729234 -0.657555 0.664020 0.055430 -0.425516 -0.334459 0.839048
10006.833265000 0.740919 -0.660752 0.669546 0.061485 -0.426526 -0.337246 0.836995
10006.866598000 0.752576 -0.664684 0.674076 0.067341 -0.427177 -0.340608 0.834848
10006.899931000 0.764992 -0.668310 0.678509 0.073011 -0.428326 -0.343654 0.832531
10006.933264000 0.777985 -0.673015 0.681171 0.077868 -0.429431 -0.347140 0.830072
10006.966597000 0.790252 -0.679419 0.683967 0.080978 -0.430826 -0.350550 0.827615
10006.999930000 0.817049 -0.694645 0.685732 0.085121 -0.435599 -0.357768 0.821590
10007.033263000 0.831209 -0.704257 0.685154 0.085257 -0.438499 -0.361502 0.818393
10007.066596000 0.844757 -0.713867 0.683433 0.084720 -0.441789 -0.364482 0.815351
10007.099929000 0.857673 -0.724379 0.682366 0.083355 -0.445048 -0.367371 0.812418
10007.133262000 0.870694 -0.734868 0.680082 0.081599 -0.448753 -0.369896 0.809407
10007.166595000 0.883619 -0.745812 0.676718 0.079155 -0.451928 -0.372202 0.806822
10007.199928000 0.896575 -0.755377 0.673744 0.077074 -0.455473 -0.373665 0.804350
10007.233261000 0.908199 -0.765335 0.670603 0.074216 -0.458783 -0.374342 0.802420
10007.266594000 0.920227 -0.773571 0.666223 0.072294 -0.461320 -0.374182 0.801215
10007.299927000 0.931216 -0.781399 0.662899 0.069825 -0.464285 -0.373299 0.800133
10007.333260000 0.953624 -0.792373 0.656667 0.067085 -0.468639 -0.369070 0.799791
10007.366593000 0.962892 -0.794828 0.654285 0.066695 -0.469748 -0.365763 0.800691
10007.399926000 0.972547 -0.795941 0.651837 0.066386 -0.470936 -0.362369 0.801561
10007.433259000 0.982080 -0.796560 0.649724 0.066587 -0.472030 -0.358577 0.802606
10007.466592000 0.991072 -0.795420 0.648884 0.067854 -0.473124 -0.355303 0.803312
10007.499925000 0.999538 -0.792817 0.648572 0.069435 -0.474214 -0.352486 0.803774
10007.533258000 1.007473 -0.789975 0.648554 0.071621 -0.475049 -0.351115 0.803690
10007.566591000 1.015786 -0.785002 0.649361 0.074629 -0.476334 -0.350599 0.802880
10007.599924000 1.023540 -0.780077 0.651912 0.078683 -0.477839 -0.351902 0.801027
10007.633257000 1.030994 -0.774174 0.654893 0.083037 -0.479394 -0.354836 0.798359
10007.666590000 1.047284 -0.757966 0.664916 0.095746 -0.482965 -0.367100 0.789186
10007.699923000 1.055657 -0.749775 0.671598 0.102963 -0.485267 -0.376459 0.782428
10007.733256000 1.062859 -0.741285 0.679397 0.110970 -0.487623 -0.387113 0.774631
10007.766589000 1.070540 -0.732008 0.686209 0.119205 -0.489397 -0.398622 0.766408
10007.799922000 1.078294 -0.722954 0.694641 0.127729 -0.491672 -0.410445 0.757284
10007.833255000 1.085342 -0.714600 0.702562 0.135992 -0.493367 -0.422810 0.747882
10007.866588000 1.092607 -0.706399 0.711573 0.144503 -0.495167 -0.434214 0.738503
10007.899921000 1.099492 -0.698856 0.717902 0.152111 -0.496471 -0.445259 0.729468
10007.933254000 1.105639 -0.691452 0.724396 0.159244 -0.497198 -0.455137 0.721308
10007.966587000 1.113173 -0.685870 0.729291 0.165060 -0.498003 -0.463251 0.714245
10007.999920000 1.124745 -0.676224 0.736398 0.173673 -0.498600 -0.474948 0.704032
10008.033253000 1.131239 -0.673507 0.737968 0.176318 -0.498785 -0.478052 0.701136
10008.066586000 1.136589 -0.671413 0.738194 0.177780 -0.498718 -0.479752 0.699652
10008.099919000 1.143304 -0.670362 0.738333 0.178664 -0.499017 -0.480199 0.698907
10008.133252000 1.149794 -0.668738 0.738030 0.179306 -0.499344 -0.479048 0.699298
10008.166585000 1.157739 -0.667290 0.736332 0.179678 -0.499543 -0.476949 0.700494
10008.199918000 1.166555 -0.665959 0.733993 0.180168 -0.499586 -0.474352 0.702099
10008.233251000 1.176171 -0.663828 0.732224 0.181164 -0.500117 -0.470775 0.703870
10008.266584000 1.186617 -0.662072 0.729811 0.182048 -0.500834 -0.466738 0.705818
10008.299917000 1.198494 -0.658418 0.727086 0.183991 -0.501429 -0.462446 0.707715
10008.333250000 1.228386 -0.647797 0.723564 0.191055 -0.503865 -0.452979 0.710231
10008.366583000 1.245761 -0.640198 0.721917 0.195859 -0.505274 -0.447843 0.711178
10008.399916000 1.263824 -0.633282 0.721174 0.201394 -0.506931 -0.443333 0.711279
10008.433249000 1.282083 -0.625616 0.718965 0.206714 -0.508417 -0.438886 0.711450
10008.466582000 1.301866 -0.618207 0.717474 0.212683 -0.509943 -0.435238 0.710839
10008.499915000 1.322258 -0.611051 0.717812 0.218636 -0.512083 -0.431033 0.710057
10008.533248000 1.338668 -0.605076 0.715229 0.223715 -0.513492 -0.427964 0.709313
10008.566581000 1.357112 -0.599803 0.714820 0.229236 -0.515092 -0.425309 0.707986
10008.599914000 1.373013 -0.597024 0.713542 0.232879 -0.516732 -0.423095 0.706927
10008.633247000 1.388357 -0.596200 0.712322 0.236266 -0.518413 -0.421791 0.705350
10008.666580000 1.411368 -0.599794 0.710378 0.239705 -0.521039 -0.420352 0.703111
10008.699913000 1.419520 -0.606358 0.708276 0.239216 -0.522432 -0.421016 0.701845
10008.733246000 1.426364 -0.612784 0.706645 0.238126 -0.523385 -0.421744 0.701068
10008.766579000 1.431941 -0.622566 0.705040 0.236144 -0.524698 -0.422979 0.700012
10008.799912000 1.435632 -0.634374 0.703292 0.233361 -0.525959 -0.424819 0.698884
10008.833245000 1.437861 -0.647380 0.702229 0.230051 -0.527287 -0.426999 0.697651
10008.866578000 1.438896 -0.662471 0.699637 0.225558 -0.528422 -0.429434 0.696764
10008.899911000 1.441008 -0.677704 0.697394 0.221555 -0.529335 -0.432178 0.695658
10008.933244000 1.441247 -0.693436 0.695734 0.217477 -0.530617 -0.434960 0.694233
10008.966577000 1.442385 -0.710645 0.693391 0.212587 -0.531980 -0.437640 0.693019
10008.999910000 1.444455 -0.745015 0.688414 0.203712 -0.534398 -0.443641 0.690002
10009.033243000 1.447330 -0.762457 0.686547 0.199590 -0.535902 -0.446458 0.688221
10009.066576000 1.450291 -0.779144 0.683754 0.195277 -0.537224 -0.448728 0.686950
10009.099909000 1.454077 -0.795572 0.682824 0.191858 -0.538920 -0.451134 0.685007
10009.133242000 1.459497 -0.811014 0.683558 0.188918 -0.540846 -0.453140 0.682979
10009.166575000 1.464775 -0.825915 0.683621 0.186469 -0.542520 -0.455576 0.680700
10009.199908000 1.470891 -0.840031 0.684061 0.184215 -0.544480 -0.457149 0.678690
10009.233241000 1.476632 -0.853170 0.685139 0.182023 -0.546290 -0.458630 0.676826
10009.266574000 1.484114 -0.865150 0.688551 0.180596 -0.548684 -0.459458 0.674706
10009.299907000 1.491180 -0.876569 0.692196 0.179157 -0.550934 -0.460359 0.672639
10009.333240000 1.509757 -0.896748 0.702113 0.177562 -0.556057 -0.460855 0.668495
10009.366573000 1.519475 -0.903687 0.708421 0.177628 -0.558698 -0.460396 0.666589
10009.399906000 1.529959 -0.910564 0.715487 0.177660 -0.561362 -0.459875 0.664699
10009.433239000 1.540277 -0.916099 0.721331 0.177853 -0.563645 -0.459259 0.663139
10009.466572000 1.551145 -0.921102 0.728218 0.178221 -0.566098 -0.458413 0.661534
10009.499905000 1.562977 -0.925565 0.734050 0.178738 -0.568310 -0.457471 0.660149
10009.533238000 1.574770 -0.928739 0.738586 0.179357 -0.570086 -0.456551 0.659086
10009.566571000 1.587074 -0.931277 0.742396 0.180089 -0.571694 -0.455554 0.658183
10009.599904000 1.598329 -0.933447 0.743414 0.180676 -0.572559 -0.454938 0.657696
10009.633237000 1.610423 -0.934892 0.744400 0.181276 -0.573233 -0.454289 0.657393
10009.666570000 1.632231 -0.938508 0.738682 0.181987 -0.573109 -0.453870 0.657593
10009.699903000 1.643003 -0.939341 0.733210 0.182138 -0.572313 -0.453932 0.658201
10009.733236000 1.653392 -0.941002 0.725589 0.182215 -0.571208 -0.454290 0.658893
10009.766569000 1.663603 -0.942112 0.716521 0.182062 -0.569689 -0.454740 0.659939
10009.799902000 1.673675 -0.944005 0.706409 0.181830 -0.568164 -0.455262 0.660957
10009.833235000 1.683758 -0.946465 0.697189 0.181573 -0.566879 -0.455801 0.661759
10009.866568000 1.693457 -0.947996 0.688095 0.181455 -0.565541 -0.456193 0.662665
10009.899901000 1.702910 -0.951217 0.679484 0.181090 -0.564424 -0.456847 0.663267
10009.933234000 1.713452 -0.954229 0.671103 0.180777 -0.563436 -0.457268 0.663902
10009.966567000 1.723594 -0.957574 0.665980 0.180790 -0.563182 -0.457344 0.664061
10009.999900000 1.743328 -0.966443 0.661671 0.180729 -0.564017 -0.457332 0.663378
10010.033233000 1.754838 -0.971790 0.662323 0.180967 -0.565216 -0.456955 0.662551
10010.066566000 1.765111 -0.977118 0.665419 0.181272 -0.566802 -0.456451 0.661460
10010.099899000 1.776419 -0.982237 0.670839 0.181668 -0.568749 -0.455762 0.660154
10010.133232000 1.787061 -0.987977 0.676779 0.182085 -0.570870 -0.455063 0.658688
10010.166565000 1.798284 -0.993646 0.682805 0.182386 -0.572951 -0.454331 0.657302
10010.199898000 1.809647 -0.997934 0.690602 0.182948 -0.575082 -0.453553 0.655821
10010.233231000 1.821509 -1.002721 0.697070 0.183134 -0.576991 -0.452835 0.654587
10010.266564000 1.832235 -1.005449 0.703602 0.183597 -0.578636 -0.452065 0.653536
10010.299897000 1.844685 -1.007782 0.708622 0.184035 -0.579713 -0.451645 0.652748
10010.333230000 1.866731 -1.007620 0.715512 0.184714 -0.580660 -0.450872 0.652249
10010.366563000 1.877939 -1.005384 0.716681 0.184964 -0.580318 -0.450764 0.652558
10010.399896000 1.888438 -1.002870 0.717470 0.185066 -0.579755 -0.450808 0.652998
10010.433229000 1.899182 -1.000283 0.716421 0.184995 -0.578887 -0.450899 0.653725
10010.466562000 1.909387 -0.996487 0.715135 0.184882 -0.577678 -0.451249 0.654585
10010.499895000 1.919426 -0.993209 0.712841 0.184524 -0.576399 -0.451643 0.655541
10010.533228000 1.929170 -0.990402 0.710061 0.184142 -0.575007 -0.452224 0.656469
10010.566561000 1.937017 -0.988353 0.709129 0.183452 -0.573863 -0.452950 0.657163
10010.599894000 1.944240 -0.987234 0.707448 0.182637 -0.572761 -0.453697 0.657836
10010.633227000 1.949832 -0.985743 0.706294 0.181736 -0.571557 -0.454620 0.658494
10010.666560000 1.956792 -0.987926 0.708333 0.179290 -0.570356 -0.456597 0.658839
10010.699893000 1.959222 -0.991459 0.710201 0.177841 -0.570097 -0.457775 0.658638
10010.733226000 1.960456 -0.995684 0.713734 0.176248 -0.570161 -0.458900 0.658228
10010.766559000 1.961956 -1.000931 0.717630 0.174671 -0.570444 -0.459958 0.657664
10010.799892000 1.962834 -1.007198 0.723087 0.172900 -0.570943 -0.461232 0.656807
10010.833225000 1.963142 -1.013691 0.728011 0.171051 -0.571335 -0.462618 0.655975
10010.866558000 1.964599 -1.021336 0.735194 0.169282 -0.572354 -0.463663 0.654806
10010.899891000 1.967455 -1.030020 0.741298 0.167243 -0.573230 -0.464920 0.653672
10010.933224000 1.969628 -1.038715 0.748046 0.165348 -0.574086 -0.466265 0.652443
10010.966557000 1.974099 -1.048500 0.755279 0.163250 -0.575100 -0.467530 0.651172
10010.999890000 1.988304 -1.066254 0.769913 0.159613 -0.577125 -0.469624 0.648770
10011.033223000 1.997799 -1.074071 0.776208 0.157966 -0.577932 -0.470418 0.647880
10011.066556000 2.008322 -1.083011 0.783956 0.156403 -0.578978 -0.471219 0.646742
10011.099889000 2.020265 -1.089211 0.790349 0.155373 -0.579646 -0.471832 0.645944
10011.133222000 2.032117 -1.095817 0.796998 0.154257 -0.580377 -0.472415 0.645129
10011.166555000 2.044974 -1.101135 0.800565 0.153448 -0.580663 -0.473015 0.644624
10011.199888000 2.058218 -1.105074 0.804804 0.152841 -0.581002 -0.473308 0.644248
10011.233221000 2.070911 -1.107223 0.807775 0.152579 -0.581202 -0.473335 0.644109
10011.266554000 2.082879 -1.107821 0.809807 0.152615 -0.581216 -0.473238 0.644161
10011.299887000 2.094171 -1.106616 0.811161 0.152953 -0.581100 -0.473009 0.644353
10011.333220000 2.113471 -1.099687 0.808399 0.154351 -0.580295 -0.471976 0.645502
10011.366553000 2.121947 -1.093115 0.805786 0.155545 -0.579666 -0.471174 0.646365
10011.399886000 2.129125 -1.084828 0.801990 0.157096 -0.578936 -0.470184 0.647365
10011.433219000 2.135076 -1.075923 0.796083 0.158517 -0.577815 -0.469353 0.648622
10011.466552000 2.143073 -1.069174 0.790540 0.159793 -0.576971 -0.468410 0.649740
10011.499885000 2.147898 -1.060453 0.785081 0.161210 -0.575983 -0.467568 0.650873
10011.533218000 2.153426 -1.050787 0.778373 0.162651 -0.574697 -0.466693 0.652277
10011.566551000 2.159151 -1.041601 0.771944 0.164016 -0.573509 -0.465834 0.653593
10011.599884000 2.165154 -1.033030 0.764906 0.165225 -0.572126 -0.465172 0.654972
10011.633217000 2.171102 -1.023231 0.757583 0.166393 -0.570455 -0.464582 0.656550
10011.666550000 2.184696 -1.009334 0.745917 0.167584 -0.567572 -0.464210 0.659004
10011.699883000 2.193652 -1.004277 0.741191 0.167859 -0.566232 -0.464378 0.659968
10011.733216000 2.202416 -1.002553 0.737845 0.167369 -0.565200 -0.464775 0.660697
10011.766549000 2.212367 -1.001371 0.735275 0.166878 -0.564215 -0.465340 0.661265
10011.799882000 2.221516 -0.998740 0.733268 0.166632 -0.563236 -0.465837 0.661812
10011.833215000 2.231417 -0.999212 0.732527 0.165877 -0.562551 -0.466459 0.662145
10011.866548000 2.241478 -0.997612 0.732486 0.165542 -0.561857 -0.466919 0.662495
10011.899881000 2.250928 -0.996983 0.734512 0.165101 -0.561505 -0.467328 0.662615
10011.933214000 2.259758 -0.995012 0.736971 0.165077 -0.561288 -0.467419 0.662740
10011.966547000 2.267332 -0.993537 0.740399 0.164980 -0.561192 -0.467692 0.662653
10011.999880000 2.285311 -0.992217 0.747547 0.164170 -0.562287 -0.466252 0.662941
10012.033213000 2.289423 -0.983130 0.760424 0.166876 -0.562928 -0.465902 0.661966
10012.066546000 2.295026 -0.977386 0.767934 0.168205 -0.563613 -0.465006 0.661677
10012.099879000 2.302133 -0.971500 0.776618 0.169891 -0.564673 -0.463785 0.661200
10012.133212000 2.307526 -0.963574 0.785546 0.171699 -0.565648 -0.462298 0.660941
10012.166545000 2.313991 -0.955126 0.793787 0.173724 -0.566588 -0.460674 0.660740
10012.199878000 2.321303 -0.946555 0.801198 0.175902 -0.567505 -0.458948 0.660578
10012.233211000 2.329591 -0.937943 0.808102 0.178130 -0.568357 -0.457305 0.660388
10012.266544000 2.338253 -0.927879 0.813263 0.180476 -0.568893 -0.455536 0.660512
10012.299877000 2.347581 -0.917060 0.816499 0.182896 -0.569098 -0.453835 0.660840
10012.333210000 2.370365 -0.894679 0.818639 0.187651 -0.568932 -0.450463 0.661956
10012.366543000 2.383716 -0.883150 0.816256 0.189943 -0.568358 -0.448916 0.662846
10012.399876000 2.399172 -0.873110 0.812689 0.192247 -0.567637 -0.447890 0.663494
10012.433209000 2.413410 -0.861789 0.806079 0.194306 -0.566411 -0.446981 0.664554
10012.466542000 2.425939 -0.854055 0.797265 0.195083 -0.565409 -0.445498 0.666173
10012.499875000 2.442785 -0.842176 0.789486 0.197213 -0.564070 -0.444417 0.667402
10012.533208000 2.457963 -0.829890 0.780098 0.199147 -0.562392 -0.443559 0.668814
10012.566541000 2.476295 -0.819470 0.772125 0.201085 -0.561145 -0.442641 0.669888
10012.599874000 2.491542 -0.807799 0.763293 0.202922 -0.559594 -0.441803 0.671184
10012.633207000 2.505869 -0.795684 0.753789 0.204716 -0.557871 -0.441022 0.672585
10012.666540000 2.533970 -0.771782 0.738240 0.208389 -0.555209 -0.438908 0.675038
10012.699873000 2.547392 -0.762814 0.732408 0.210037 -0.554073 -0.438550 0.675693
10012.733206000 2.558442 -0.752856 0.726244 0.211647 -0.552940 -0.437952 0.676506
10012.766539000 2.569988 -0.746611 0.714477 0.211780 -0.551829 -0.436935 0.678028
10012.799872000 2.577458 -0.734560 0.714327 0.214357 -0.550784 -0.436915 0.678081
10012.833205000 2.584443 -0.725291 0.710571 0.216302 -0.549613 -0.436852 0.678454
10012.866538000 2.590547 -0.723513 0.703743 0.216200 -0.548942 -0.436618 0.679179
10012.899871000 2.593941 -0.715061 0.698959 0.217436 -0.547958 -0.436223 0.679833
10012.933204000 2.596543 -0.707643 0.693920 0.218348 -0.546912 -0.435910 0.680583
10012.966537000 2.595834 -0.699506 0.687944 0.219114 -0.545642 -0.435656 0.681519
10012.999870000 2.589307 -0.686835 0.675243 0.219864 -0.543025 -0.435614 0.683392
10013.033203000 2.583368 -0.680967 0.668955 0.220017 -0.541678 -0.435655 0.684384
10013.066536000 2.575214 -0.676409 0.661630 0.219995 -0.540133 -0.436119 0.685317
10013.099869000 2.565833 -0.671315 0.655273 0.219946 -0.538682 -0.436438 0.686270
10013.133202000 2.554818 -0.667368 0.648431 0.219602 -0.537208 -0.436845 0.687276
10013.166535000 2.531817 -0.665570 0.642789 0.218561 -0.535794 -0.437124 0.688534
10013.199868000 2.518748 -0.661627 0.636663 0.218177 -0.534283 -0.437636 0.689504
10013.233201000 2.505205 -0.658357 0.633569 0.217796 -0.533237 -0.437980 0.690215
10013.266534000 2.491245 -0.654225 0.629711 0.217599 -0.531926 -0.438394 0.691026
10013.299867000 2.475715 -0.651547 0.627992 0.217156 -0.530965 -0.438805 0.691643
10013.333200000 2.445445 -0.643806 0.629172 0.216913 -0.529485 -0.439146 0.692636
10013.366533000 2.431069 -0.640188 0.631836 0.216952 -0.529037 -0.439261 0.692893
10013.399866000 2.416672 -0.636163 0.636770 0.217095 -0.528918 -0.439171 0.692997
10013.433199000 2.403737 -0.633405 0.642598 0.217249 -0.528969 -0.439130 0.692935
10013.466532000 2.390695 -0.630023 0.649459 0.217430 -0.529201 -0.438887 0.692855
10013.499865000 2.379851 -0.626975 0.658090 0.217852 -0.529742 -0.438561 0.692516
10013.533198000 2.370158 -0.624117 0.668002 0.218425 -0.530500 -0.438229 0.691965
10013.566531000 2.362845 -0.621814 0.677700 0.218950 -0.531422 -0.437725 0.691410
10013.599864000 2.356801 -0.620174 0.689325 0.219555 -0.532704 -0.437140 0.690602
10013.633197000 2.354099 -0.618619 0.701526 0.220194 -0.534275 -0.436332 0.689695
10013.666530000 2.356399 -0.617335 0.728009 0.222077 -0.537928 -0.434695 0.687281
10013.699863000 2.361399 -0.617756 0.741835 0.222919 -0.540137 -0.433589 0.685974
10013.733196000 2.368641 -0.618559 0.756048 0.223849 -0.542471 -0.432457 0.684542
10013.766529000 2.377714 -0.618858 0.770149 0.224983 -0.544804 -0.431284 0.683056
10013.799862000 2.388298 -0.619584 0.783531 0.226062 -0.547111 -0.430099 0.681601
10013.833195000 2.400666 -0.619894 0.796436 0.227304 -0.549251 -0.428979 0.680172
10013.866528000 2.412766 -0.619510 0.809032 0.228470 -0.551381 -0.427729 0.678843
10013.899861000 2.425641 -0.618504 0.821383 0.229861 -0.553399 -0.426423 0.677552
10013.933194000 2.439258 -0.616555 0.831653 0.231322 -0.555053 -0.425215 0.676461
10013.966527000 2.451043 -0.613441 0.840713 0.232615 -0.556469 -0.424007 0.675611
10013.999860000 2.473897 -0.603092 0.854139 0.235684 -0.558253 -0.421466 0.674665
10014.033193000 2.483678 -0.595983 0.859151 0.237245 -0.558732 -0.420216 0.674501
10014.066526000 2.491991 -0.588726 0.861336 0.238741 -0.558751 -0.419241 0.674565
10014.099859000 2.500366 -0.581605 0.863673 0.240173 -0.558846 -0.418241 0.674598
10014.133192000 2.507804 -0.575392 0.863620 0.241355 -0.558580 -0.417628 0.674776
10014.166525000 2.515976 -0.570440 0.862330 0.242247 -0.558274 -0.417141 0.675011
10014.199858000 2.524215 -0.567158 0.859858 0.242803 -0.557982 -0.416768 0.675283
10014.233191000 2.532139 -0.566002 0.856435 0.243176 -0.557612 -0.416720 0.675484
10014.266524000 2.540412 -0.567526 0.852377 0.243155 -0.557366 -0.416979 0.675535
10014.299857000 2.549672 -0.573046 0.848137 0.242458 -0.557420 -0.417243 0.675578
10014.333190000 2.569726 -0.595057 0.835717 0.239699 -0.557665 -0.419330 0.675068
10014.366523000 2.579301 -0.611486 0.829121 0.237421 -0.558114 -0.420645 0.674684
10014.399856000 2.588078 -0.630956 0.821837 0.234714 -0.558667 -0.422263 0.674162
10014.433189000 2.600540 -0.656079 0.815893 0.231431 -0.559707 -0.424549 0.672998
10014.466522000 2.610495 -0.682344 0.809850 0.227979 -0.560804 -0.426898 0.671776
10014.499855000 2.619492 -0.708085 0.806963 0.225058 -0.562081 -0.429045 0.670324
10014.533188000 2.626090 -0.736386 0.803076 0.221521 -0.563421 -0.431505 0.668797
10014.566521000 2.631560 -0.764876 0.800099 0.217796 -0.564870 -0.433698 0.667378
10014.599854000 2.634614 -0.793631 0.798751 0.214121 -0.566438 -0.435947 0.665770
10014.633187000 2.634504 -0.820930 0.798729 0.210673 -0.568058 -0.437885 0.664217
10014.666520000 2.629165 -0.873288 0.805558 0.203726 -0.571977 -0.441709 0.660478
10014.699853000 2.619668 -0.896194 0.812993 0.200757 -0.574087 -0.443398 0.658421
10014.733186000 2.612451 -0.912714 0.817498 0.198036 -0.575759 -0.443924 0.657431
10014.766519000 2.598207 -0.930086 0.827753 0.195465 -0.577765 -0.444874 0.655796
10014.799852000 2.582749 -0.949291 0.839621 0.192858 -0.580114 -0.446140 0.653630
10014.833185000 2.567938 -0.966286 0.852613 0.190451 -0.582429 -0.447174 0.651567
10014.866518000 2.551713 -0.982505 0.867000 0.188200 -0.584826 -0.448216 0.649355
10014.899851000 2.537229 -0.999782 0.881683 0.185744 -0.587435 -0.449132 0.647070
10014.933184000 2.522759 -1.015081 0.896638 0.183587 -0.589840 -0.450171 0.644772
10014.966517000 2.510173 -1.032115 0.912019 0.181283 -0.592413 -0.451202 0.642340
10014.999850000 2.491830 -1.066774 0.941849 0.176691 -0.597660 -0.453223 0.637316
10015.033183000 2.485475 -1.085518 0.956094 0.174274 -0.600250 -0.454253 0.634809
10015.066516000 2.481118 -1.102191 0.969991 0.172300 -0.602644 -0.455073 0.632488
10015.099849000 2.479361 -1.120085 0.982811 0.170196 -0.604998 -0.455902 0.630210
10015.133182000 2.477422 -1.138257 0.995914 0.168172 -0.607485 -0.456706 0.627774
10015.166515000 2.476058 -1.155070 1.006714 0.166270 -0.609571 -0.457467 0.625701
10015.199848000 2.474476 -1.171552 1.018407 0.164410 -0.611772 -0.458187 0.623514
10015.233181000 2.472542 -1.187554 1.028828 0.162800 -0.613934 -0.458773 0.621377
10015.266514000 2.469086 -1.202516 1.037575 0.161257 -0.615869 -0.459248 0.619511
10015.299847000 2.463859 -1.215210 1.045429 0.159938 -0.617668 -0.459615 0.617786
10015.333180000 2.448269 -1.238511 1.058036 0.157680 -0.621229 -0.460176 0.614369
10015.366513000 2.435782 -1.247395 1.062811 0.156839 -0.622773 -0.460263 0.612955
10015.399846000 2.422826 -1.254651 1.066078 0.156072 -0.624162 -0.460282 0.611721
10015.433179000 2.407465 -1.261251 1.068017 0.155347 -0.625438 -0.460372 0.610535
10015.466512000 2.388713 -1.265177 1.069713 0.154975 -0.626553 -0.460379 0.609479
10015.499845000 2.369799 -1.269868 1.070819 0.154241 -0.627640 -0.460579 0.608395
10015.533178000 2.349183 -1.273289 1.071070 0.153681 -0.628598 -0.460734 0.607429
10015.566511000 2.328107 -1.275453 1.070317 0.153105 -0.629319 -0.461047 0.606590
10015.599844000 2.306060 -1.276757 1.070554 0.152540 -0.630019 -0.461324 0.605795
10015.633177000 2.284059 -1.276786 1.069291 0.151916 -0.630409 -0.461703 0.605258
10015.666510000 2.239725 -1.276866 1.066579 0.150212 -0.630814 -0.462969 0.604293
10015.699843000 2.217332 -1.275427 1.065805 0.149253 -0.630773 -0.463794 0.603941
10015.733176000 2.196292 -1.275153 1.063593 0.148020 -0.630463 -0.464885 0.603729
10015.766509000 2.174935 -1.272489 1.061785 0.147009 -0.630014 -0.465823 0.603722
10015.799842000 2.153152 -1.269896 1.059653 0.145874 -0.629382 -0.467004 0.603744
10015.833175000 2.133058 -1.267643 1.056449 0.144503 -0.628471 -0.468382 0.603955
10015.866508000 2.113227 -1.265621 1.052882 0.143252 -0.627550 -0.469750 0.604148
10015.899841000 2.093903 -1.261310 1.047539 0.142130 -0.626203 -0.471154 0.604718
10015.933174000 2.075729 -1.258464 1.042348 0.140844 -0.624883 -0.472611 0.605247
10015.966507000 2.058839 -1.255885 1.034335 0.139464 -0.623149 -0.474255 0.606068
10015.999840000 2.028375 -1.248497 1.015640 0.137197 -0.619167 -0.477278 0.608288
10016.033173000 2.013937 -1.246081 1.004770 0.135894 -0.617025 -0.478909 0.609475
10016.066506000 2.001702 -1.243822 0.992903 0.134706 -0.614749 -0.480540 0.610753
10016.099839000 1.989640 -1.241625 0.980893 0.133638 -0.612520 -0.482066 0.612024
10016.133172000 1.980147 -1.239695 0.968260 0.132749 -0.610164 -0.483558 0.613391
10016.166505000 1.969906 -1.239488 0.955741 0.131466 -0.607940 -0.485206 0.614574
10016.199838000 1.961027 -1.239637 0.942593 0.130338 -0.605733 -0.486751 0.615770
10016.233171000 1.954161 -1.241125 0.930923 0.129109 -0.603718 -0.488320 0.616765
10016.266504000 1.946475 -1.244913 0.918197 0.127563 -0.601735 -0.490066 0.617639
10016.299837000 1.939387 -1.250995 0.906926 0.125796 -0.600132 -0.491911 0.618094
10016.333170000 1.926532 -1.270537 0.886902 0.121163 -0.597502 -0.496129 0.618197
10016.366503000 1.920946 -1.283392 0.877898 0.118754 -0.596604 -0.498356 0.617739
10016.399836000 1.915938 -1.298184 0.872346 0.116096 -0.596275 -0.500494 0.616834
10016.433169000 1.910301 -1.313448 0.866825 0.113370 -0.595952 -0.502697 0.615861
10016.466502000 1.905348 -1.330407 0.863586 0.110570 -0.596077 -0.504907 0.614438
10016.499835000 1.901756 -1.346311 0.862170 0.108223 -0.596479 -0.506798 0.612908
10016.533168000 1.896194 -1.361879 0.860670 0.105737 -0.596807 -0.508760 0.611395
10016.566501000 1.892321 -1.378364 0.863489 0.103384 -0.597905 -0.510339 0.609406
10016.599834000 1.888062 -1.392726 0.867015 0.101260 -0.598918 -0.511858 0.607492
10016.633167000 1.883562 -1.406163 0.872333 0.099436 -0.600269 -0.513086 0.605419
10016.666500000 1.874133 -1.427982 0.891928 0.096617 -0.604168 -0.514393 0.600871
10016.699833000 1.869716 -1.435578 0.902655 0.095699 -0.606159 -0.514620 0.598814
10016.733166000 1.863884 -1.442554 0.917052 0.094734 -0.608559 -0.514773 0.596398
10016.766499000 1.858798 -1.447474 0.930942 0.094137 -0.610916 -0.514541 0.594279
10016.799832000 1.853018 -1.450944 0.944519 0.093646 -0.613140 -0.514302 0.592269
10016.833165000 1.846490 -1.453129 0.959640 0.093309 -0.615563 -0.513883 0.590169
10016.866498000 1.838627 -1.456528 0.973987 0.092669 -0.617885 -0.513726 0.587976
10016.899831000 1.830865 -1.457982 0.986932 0.092099 -0.619967 -0.513351 0.586199
10016.933164000 1.820757 -1.459777 0.999447 0.091367 -0.621883 -0.513336 0.584294
10016.966497000 1.809764 -1.462774 1.010529 0.090440 -0.623751 -0.513491 0.582307
10016.999830000 1.783393 -1.470306 1.028097 0.087653 -0.626544 -0.514868 0.578506
10017.033163000 1.768797 -1.473561 1.032641 0.086132 -0.627296 -0.515904 0.576995
10017.066496000 1.753789 -1.478179 1.035479 0.084393 -0.627783 -0.517310 0.575463
10017.099829000 1.736537 -1.483636 1.037603 0.082152 -0.628056 -0.519105 0.573870
10017.133162000 1.718706 -1.489290 1.038161 0.079874 -0.628176 -0.521008 0.572334
10017.166495000 1.700993 -1.495370 1.038345 0.077349 -0.628128 -0.523050 0.570869
10017.199828000 1.683189 -1.500551 1.038051 0.075019 -0.627942 -0.525187 0.569421
10017.233161000 1.662957 -1.506242 1.037112 0.072261 -0.627639 -0.527557 0.567918
10017.266494000 1.646231 -1.511046 1.034955 0.069857 -0.627007 -0.529813 0.566816
10017.299827000 1.628338 -1.515747 1.033783 0.067359 -0.626514 -0.532127 0.565495
10017.333160000 1.593636 -1.524753 1.031978 0.062358 -0.625472 -0.536679 0.562914
10017.366493000 1.577950 -1.527534 1.030631 0.060175 -0.624759 -0.538753 0.561961
10017.399826000 1.563262 -1.530301 1.029488 0.058151 -0.624059 -0.540867 0.560920
10017.433159000 1.549283 -1.532874 1.028954 0.056231 -0.623521 -0.542744 0.559901
10017.466492000 1.535814 -1.536002 1.029147 0.054329 -0.623260 -0.544407 0.558763
10017.499825000 1.521972 -1.538659 1.030249 0.052432 -0.622987 -0.546164 0.557532
10017.533158000 1.510062 -1.542062 1.031070 0.050808 -0.622988 -0.547603 0.556269
10017.566491000 1.497786 -1.546188 1.032682 0.049048 -0.623268 -0.548953 0.554780
10017.599824000 1.486498 -1.551244 1.034463 0.047442 -0.623773 -0.550186 0.553128
10017.633157000 1.475310 -1.556458 1.037585 0.046015 -0.624650 -0.551244 0.551202
10017.666490000 1.453725 -1.572500 1.045309 0.042936 -0.627726 -0.552934 0.546242
10017.699823000 1.443431 -1.581529 1.050241 0.041659 -0.629770 -0.553553 0.543353
10017.733156000 1.432653 -1.593230 1.054682 0.039872 -0.631931 -0.554309 0.540199
10017.766489000 1.423219 -1.603585 1.061098 0.038716 -0.634624 -0.554552 0.536867
10017.799822000 1.413920 -1.614629 1.066142 0.037441 -0.637232 -0.554825 0.533575
10017.833155000 1.404990 -1.626586 1.072904 0.036027 -0.640055 -0.555039 0.530060
10017.866488000 1.394614 -1.638048 1.079663 0.034651 -0.642991 -0.555258 0.526357
10017.899821000 1.385563 -1.649241 1.085707 0.033259 -0.645663 -0.555386 0.523029
10017.933154000 1.376455 -1.660417 1.091789 0.031791 -0.648214 -0.555687 0.519634
10017.966487000 1.367239 -1.671218 1.098651 0.030352 -0.650782 -0.555999 0.516166
10017.999820000 1.348712 -1.689455 1.112575 0.027483 -0.655319 -0.556755 0.509730
10018.033153000 1.340478 -1.697280 1.119847 0.026121 -0.657208 -0.557222 0.506852
10018.066486000 1.330766 -1.704937 1.126629 0.024571 -0.658855 -0.558003 0.503923
10018.099819000 1.322839 -1.712093 1.132809 0.023140 -0.660239 -0.558702 0.501399
10018.133152000 1.315431 -1.719883 1.137858 -0.021448 0.661130 0.559768 -0.499106
10018.166485000 1.308057 -1.728387 1.143789 -0.019751 0.662217 0.560780 -0.496593
10018.199818000 1.302596 -1.736969 1.150286 -0.018333 0.663417 0.561511 -0.494214
10018.233151000 1.297661 -1.746538 1.155213 -0.016776 0.664204 0.562551 -0.492025
10018.266484000 1.294402 -1.757808 1.160869 -0.015344 0.665159 0.563529 -0.489656
10018.299817000 1.291811 -1.770727 1.165629 -0.013775 0.665997 0.564612 -0.487310
10018.333150000 1.293041 -1.802954 1.173978 -0.010667 0.667721 0.566506 -0.482810
10018.366483000 1.295361 -1.822270 1.178367 -0.009126 0.668744 0.567433 -0.480331
10018.399816000 1.299747 -1.842182 1.182940 -0.007848 0.669816 0.568157 -0.477998
10018.433149000 1.304946 -1.864628 1.186919 -0.006420 0.670942 0.568881 -0.475573
10018.466482000 1.312397 -1.886445 1.190530 -0.005401 0.671988 0.569370 -0.473519
10018.499815000 1.319949 -1.909678 1.195914 -0.004241 0.673343 0.569709 -0.471193
10018.533148000 1.328641 -1.932880 1.200757 -0.003356 0.674731 0.569891 -0.468989
10018.566481000 1.339300 -1.955661 1.206937 -0.002796 0.676198 0.569825 -0.466957
10018.599814000 1.349108 -1.978170 1.213391 -0.002121 0.677780 0.569605 -0.464930
10018.633147000 1.359975 -1.999829 1.220800 -0.001697 0.679486 0.569163 -0.462978
10018.666480000 1.381833 -2.039049 1.237783 -0.001155 0.682864 0.567994 -0.459432
10018.699813000 1.393054 -2.055566 1.248400 -0.001287 0.684959 0.566843 -0.457733
10018.733146000 1.403005 -2.072168 1.258959 -0.001132 0.686844 0.565899 -0.456074
10018.766479000 1.412567 -2.087376 1.270247 -0.001126 0.688813 0.564865 -0.454382
10018.799812000 1.420869 -2.101261 1.280284 -0.001026 0.690538 0.563963 -0.452882
10018.833145000 1.427384 -2.114080 1.292431 -0.000807 0.692533 0.562921 -0.451129
10018.866478000 1.432241 -2.127326 1.303293 -0.000415 0.694321 0.562221 -0.449251
10018.899811000 1.434489 -2.139012 1.314273 0.000097 0.695958 0.561760 -0.447290
10018.933144000 1.434618 -2.150045 1.324717 0.000741 0.697610 0.561343 -0.445234
10018.966477000 1.431878 -2.160844 1.334123 0.001687 0.699080 0.561295 -0.442980
10018.999810000 1.415882 -2.182649 1.350182 0.004700 0.701546 0.562406 -0.437619
10019.033143000 1.401937 -2.192783 1.356680 0.006789 0.702510 0.563531 -0.434588
10019.066476000 1.388430 -2.202666 1.361525 0.008767 0.703236 0.564807 -0.431712
10019.099809000 1.371582 -2.211265 1.365156 0.010992 0.703745 0.566464 -0.428650
10019.133142000 1.352200 -2.220216 1.367951 0.013537 0.704121 0.568415 -0.425363
10019.166475000 1.332635 -2.226789 1.368910 0.015971 0.704213 0.570440 -0.422406
10019.199808000 1.312146 -2.232246 1.368113 0.018438 0.704021 0.572668 -0.419602
10019.233141000 1.292049 -2.235329 1.366761 0.020714 0.703731 0.574799 -0.417060
10019.266474000 1.272933 -2.236522 1.364084 0.022676 0.703252 0.576944 -0.414799
10019.299807000 1.254629 -2.235319 1.359181 0.024540 0.702404 0.579098 -0.413125
10019.333140000 1.222766 -2.224281 1.345795 0.027303 0.700143 0.582882 -0.411463
10019.366473000 1.210035 -2.216083 1.337085 0.028215 0.698679 0.584570 -0.411496
10019.399806000 1.199788 -2.203789 1.327538 0.028519 0.697088 0.585949 -0.412212
10019.433139000 1.191041 -2.189984 1.317658 0.028575 0.695428 0.587149 -0.413304
10019.466472000 1.184595 -2.175236 1.305973 0.028469 0.693439 0.588247 -0.415087
10019.499805000 1.180234 -2.159841 1.294007 0.028146 0.691380 0.589120 -0.417301
10019.533138000 1.177275 -2.143730 1.282575 0.027621 0.689387 0.589759 -0.419722
10019.566471000 1.175422 -2.126842 1.271244 0.026910 0.687390 0.590229 -0.422375
10019.599804000 1.176707 -2.110802 1.259152 0.025994 0.685244 0.590483 -0.425554
10019.633137000 1.179532 -2.094854 1.247859 0.024886 0.683220 0.590473 -0.428873
10019.666470000 1.188800 -2.065056 1.227542 0.022165 0.679562 0.589958 -0.435493
10019.699803000 1.196548 -2.051785 1.219076 0.020545 0.678048 0.589242 -0.438888
10019.733136000 1.204669 -2.040034 1.211612 0.018971 0.676719 0.588455 -0.442054
10019.766469000 1.212026 -2.029295 1.205107 0.017568 0.675545 0.587674 -0.444938
10019.799802000 1.220952 -2.018998 1.199069 0.015909 0.674471 0.586735 -0.447859
10019.833135000 1.229420 -2.009488 1.193960 0.014256 0.673586 0.585814 -0.450445
10019.866468000 1.237039 -2.001073 1.189502 0.012867 0.672792 0.584933 -0.452812
10019.899801000 1.242550 -1.993310 1.185581 0.011688 0.672080 0.584298 -0.454718
10019.933134000 1.247106 -1.985966 1.181195 0.010723 0.671257 0.583811 -0.456578
10019.966467000 1.250019 -1.979989 1.177671 0.010051 0.670595 0.583465 -0.458007
10019.999800000 1.246823 -1.969664 1.169847 0.009776 0.669046 0.583997 -0.459597
10020.033133000 1.242045 -1.965065 1.166355 0.010000 0.668297 0.584588 -0.459930
10020.066466000 1.235344 -1.960191 1.162469 0.010375 0.667449 0.585427 -0.460086
10020.099799000 1.227194 -1.956004 1.158469 0.010955 0.666582 0.586484 -0.459984
10020.133132000 1.216966 -1.951610 1.154242 0.011731 0.665641 0.587813 -0.459631
10020.166465000 1.204359 -1.947790 1.150072 0.012904 0.664644 0.589427 -0.458973
10020.199798000 1.190663 -1.944192 1.146046 0.014238 0.663647 0.591146 -0.458166
10020.233131000 1.177453 -1.939935 1.141066 0.015460 0.662473 0.592926 -0.457525
10020.266464000 1.162437 -1.935275 1.135734 0.016956 0.661161 0.594899 -0.456809
10020.299797000 1.146095 -1.930990 1.130470 0.018685 0.659818 0.597067 -0.455853
10020.333130000 1.115506 -1.921215 1.118601 0.021866 0.656829 0.601308 -0.454451
10020.366463000 1.100248 -1.916064 1.111973 0.023513 0.655160 0.603488 -0.453889
10020.399796000 1.085666 -1.909525 1.105397 0.024875 0.653472 0.605553 -0.453499
10020.433129000 1.071101 -1.903187 1.098761 0.026296 0.651758 0.607642 -0.453091
10020.466462000 1.058393 -1.896134 1.091969 0.027444 0.650000 0.609500 -0.453053
10020.499795000 1.045359 -1.889216 1.085031 0.028741 0.648167 0.611411 -0.453023
10020.533128000 1.033669 -1.881814 1.078255 0.029731 0.646386 0.613175 -0.453120
10020.566461000 1.024566 -1.874489 1.072036 0.030353 0.644769 0.614586 -0.453471
10020.599794000 1.015633 -1.867021 1.065638 0.031039 0.643072 0.615937 -0.454000
10020.633127000 1.007871 -1.859269 1.059134 0.031554 0.641356 0.617182 -0.454701
10020.666460000 0.998540 -1.844280 1.047386 0.031870 0.638290 0.618700 -0.456924
10020.699793000 0.995830 -1.836820 1.041841 0.031805 0.636864 0.619207 -0.458232
10020.733126000 0.995373 -1.829804 1.035788 0.031518 0.635387 0.619464 -0.459951
10020.766459000 0.995751 -1.822285 1.030043 0.031152 0.633969 0.619515 -0.461859
10020.799792000 0.997057 -1.814440 1.023759 0.030660 0.632441 0.619461 -0.464054
10020.833125000 0.999436 -1.807149 1.018475 0.030050 0.631172 0.619187 -0.466182
10020.866458000 1.002390 -1.798778 1.012306 0.029320 0.629674 0.618838 -0.468711
10020.899791000 1.006533 -1.791070 1.006576 0.028479 0.628339 0.618301 -0.471258
10020.933124000 1.011128 -1.781646 1.001159 0.027338 0.627015 0.617584 -0.474019
10020.966457000 1.016243 -1.772667 0.994931 0.026232 0.625524 0.616855 -0.476992
10020.999790000 1.025445 -1.751273 0.983417 0.023793 0.622587 0.615144 -0.483133
10021.033123000 1.029380 -1.740119 0.976833 0.022667 0.620884 0.614400 -0.486315
10021.066456000 1.034487 -1.728777 0.970039 0.021329 0.619171 0.613483 -0.489705
10021.099789000 1.039668 -1.718061 0.964008 0.019995 0.617619 0.612531 -0.492903
10021.133122000 1.045222 -1.707143 0.956881 0.018514 0.615865 0.611626 -0.496267
10021.166455000 1.050381 -1.696483 0.950892 0.017140 0.614317 0.610621 -0.499462
10021.199788000 1.056148 -1.687219 0.944960 -0.015774 -0.612868 -0.609647 0.502468
10021.233121000 1.062950 -1.677447 0.938963 -0.014206 -0.611393 -0.608514 0.505675
10021.266454000 1.069160 -1.669263 0.932890 -0.012845 -0.609960 -0.607544 0.508601
10021.299787000 1.077213 -1.663038 0.927066 -0.011425 -0.608740 -0.606453 0.511389
10021.333120000 1.092418 -1.654306 0.917165 -0.008902 -0.606789 -0.604530 0.516015
10021.366453000 1.101841 -1.652208 0.912357 -0.007624 -0.606047 -0.603542 0.518060
10021.399786000 1.111162 -1.653294 0.908393 -0.006684 -0.605618 -0.602668 0.519590
10021.433119000 1.122368 -1.656018 0.904869 -0.005556 -0.605425 -0.601744 0.520897
10021.466452000 1.133370 -1.661110 0.901798 -0.004696 -0.605421 -0.600988 0.521782
10021.499785000 1.145271 -1.669781 0.898805 -0.004109 -0.605633 -0.600372 0.522251
10021.533118000 1.158372 -1.681298 0.896454 -0.003623 -0.606143 -0.599801 0.522318
10021.566451000 1.172828 -1.695976 0.894314 -0.003242 -0.606858 -0.599315 0.522048
10021.599784000 1.188378 -1.714338 0.893919 -0.003007 -0.608118 -0.598848 0.521119
