10000.000000000 0.000000 0.000000 0.000000 0.000000 0.000000 0.000000 1.000000
10000.033333000 0.010368 0.003278 -0.001793 0.002377 -0.004866 -0.001865 0.999984
10000.066666000 0.020694 0.007194 -0.002850 0.004318 -0.009440 -0.004002 0.999938
10000.099999000 0.030304 0.010136 -0.003153 0.005923 -0.013642 -0.005917 0.999872
10000.133332000 0.040843 0.013246 -0.003603 0.007364 -0.018297 -0.008633 0.999768
10000.166665000 0.051363 0.016312 -0.004086 0.008821 -0.022927 -0.011358 0.999634
10000.199998000 0.060833 0.019121 -0.004418 0.009916 -0.027139 -0.014359 0.999479
10000.233331000 0.071653 0.021475 -0.004220 0.010915 -0.031829 -0.017621 0.999278
10000.266664000 0.081293 0.024291 -0.003206 0.011802 -0.036140 -0.021175 0.999053
10000.299997000 0.091135 0.026451 -0.003033 0.012330 -0.039982 -0.023954 0.998837
10000.333330000 0.110585 0.030401 -0.002636 0.013555 -0.048546 -0.031175 0.998242
10000.366663000 0.120388 0.032396 -0.002429 0.014090 -0.052300 -0.033853 0.997958
10000.399996000 0.129139 0.034939 -0.001365 0.014966 -0.056118 -0.037041 0.997625
10000.433329000 0.138909 0.037067 -0.001162 0.015985 -0.060183 -0.039841 0.997264
10000.466662000 0.147485 0.039529 -0.001494 0.017085 -0.063812 -0.042385 0.996915
10000.499995000 0.156104 0.042100 -0.001848 0.018470 -0.067404 -0.044347 0.996569
10000.533328000 0.164534 0.044476 -0.002194 0.019798 -0.070926 -0.046251 0.996212
10000.566661000 0.173157 0.047117 -0.002531 0.021436 -0.074485 -0.047570 0.995856
10000.599994000 0.180516 0.050146 -0.003409 0.023176 -0.077608 -0.048643 0.995527
10000.633327000 0.188960 0.052788 -0.005178 0.025471 -0.081351 -0.049509 0.995129
10000.666660000 0.203257 0.060321 -0.008169 0.031106 -0.087661 -0.048718 0.994472
10000.699993000 0.210235 0.064610 -0.011190 0.034211 -0.090442 -0.047827 0.994164
10000.733326000 0.217208 0.068568 -0.014067 0.037941 -0.093623 -0.047046 0.993772
10000.766659000 0.224163 0.072254 -0.015611 0.041915 -0.096935 -0.046304 0.993329
10000.799992000 0.231506 0.075410 -0.017845 0.045553 -0.099935 -0.045924 0.992889
10000.833325000 0.239797 0.078792 -0.018778 0.049889 -0.103843 -0.046457 0.992255
10000.866658000 0.248121 0.082107 -0.019697 0.054716 -0.107193 -0.047087 0.991614
10000.899991000 0.257018 0.083911 -0.019482 0.059017 -0.110272 -0.049170 0.990929
10000.933324000 0.267043 0.084895 -0.017274 0.063780 -0.114407 -0.052739 0.989981
10000.966657000 0.278401 0.085567 -0.014490 0.068194 -0.118713 -0.057378 0.988921
10000.999990000 0.305274 0.084044 -0.004648 0.078222 -0.127524 -0.071734 0.986140
10001.033323000 0.319872 0.081254 0.002466 0.082714 -0.132058 -0.081368 0.984428
10001.066656000 0.335089 0.076691 0.010717 0.086946 -0.137402 -0.091653 0.982426
10001.099989000 0.350032 0.072518 0.018859 0.091321 -0.142265 -0.102255 0.980288
10001.133322000 0.364361 0.067802 0.026559 0.095066 -0.147392 -0.113158 0.977974
10001.166655000 0.377140 0.063732 0.034273 0.099491 -0.152513 -0.123917 0.975441
10001.199988000 0.389119 0.059375 0.040437 0.103168 -0.157492 -0.134070 0.972922
10001.233321000 0.398991 0.054402 0.045360 0.105951 -0.163065 -0.143933 0.970292
10001.266654000 0.405427 0.049725 0.047595 0.108283 -0.168149 -0.152902 0.967792
10001.299987000 0.409582 0.045332 0.048017 0.109953 -0.173053 -0.160584 0.965492
10001.333320000 0.406657 0.036323 0.039244 0.109855 -0.182291 -0.172865 0.961675
10001.366653000 0.399804 0.033710 0.030133 0.109346 -0.186739 -0.176949 0.960136
10001.399986000 0.390179 0.032158 0.019170 0.107502 -0.190665 -0.180588 0.958894
10001.433319000 0.378290 0.031401 0.006054 0.105664 -0.194010 -0.183327 0.957907
10001.466652000 0.365889 0.028917 -0.008026 0.102646 -0.197334 -0.185143 0.957207
10001.499985000 0.351569 0.028407 -0.022925 0.099544 -0.199979 -0.186386 0.956744
10001.533318000 0.338548 0.027726 -0.038314 0.096009 -0.202343 -0.187331 0.956424
10001.566651000 0.326289 0.028223 -0.053088 0.092830 -0.204074 -0.187588 0.956320
10001.599984000 0.316166 0.029693 -0.067018 0.089801 -0.205250 -0.187542 0.956366
10001.633317000 0.306462 0.031402 -0.079774 0.086870 -0.205915 -0.187318 0.956538
10001.666650000 0.299734 0.035332 -0.098688 0.082284 -0.206325 -0.186481 0.957019
10001.699983000 0.300714 0.038695 -0.104775 0.080891 -0.205484 -0.186326 0.957348
10001.733316000 0.304504 0.041920 -0.108989 0.080621 -0.204339 -0.185703 0.957737
10001.766649000 0.310985 0.044854 -0.111312 0.079734 -0.203568 -0.185353 0.958043
10001.799982000 0.319959 0.048855 -0.111546 0.080069 -0.202851 -0.185020 0.958232
10001.833315000 0.329631 0.052049 -0.111092 0.080205 -0.201469 -0.184905 0.958534
10001.866648000 0.342381 0.054653 -0.109620 0.081047 -0.201189 -0.184924 0.958518
10001.899981000 0.355190 0.057179 -0.106803 0.081609 -0.201196 -0.185081 0.958439
10001.933314000 0.369329 0.059258 -0.103453 0.082113 -0.201941 -0.185505 0.958157
10001.966647000 0.382934 0.060092 -0.099251 0.082886 -0.203469 -0.186057 0.957660
10001.999980000 0.411515 0.059696 -0.090218 0.084633 -0.210282 -0.188252 0.955605
10002.033313000 0.425507 0.058781 -0.085845 0.085617 -0.215310 -0.189420 0.954165
10002.066646000 0.437822 0.056287 -0.080744 0.086038 -0.220253 -0.190648 0.952754
10002.099979000 0.450122 0.053750 -0.076441 0.086670 -0.226439 -0.193010 0.950768
10002.133312000 0.461751 0.049962 -0.071573 0.086976 -0.233009 -0.194730 0.948800
10002.166645000 0.473400 0.046112 -0.066734 0.086965 -0.240289 -0.196373 0.946645
10002.199978000 0.483514 0.040437 -0.061968 0.086174 -0.247018 -0.198452 0.944549
10002.233311000 0.493495 0.035259 -0.056384 0.085399 -0.254800 -0.200753 0.942063
10002.266644000 0.501784 0.028253 -0.051161 0.083589 -0.261371 -0.203028 0.939935
10002.299977000 0.510126 0.021710 -0.046275 0.081801 -0.268443 -0.204650 0.937745
10002.333310000 0.522216 0.006884 -0.033663 0.076162 -0.280619 -0.209749 0.933519
10002.366643000 0.526804 -0.001514 -0.028036 0.072490 -0.285815 -0.211916 0.931744
10002.399976000 0.531216 -0.008732 -0.022230 0.068825 -0.290406 -0.213931 0.930140
10002.433309000 0.533743 -0.016922 -0.015788 0.064855 -0.294912 -0.216591 0.928391
10002.466642000 0.536226 -0.024523 -0.009870 0.061034 -0.298504 -0.218512 0.927051
10002.499975000 0.537683 -0.032334 -0.003894 0.057181 -0.301518 -0.220803 0.925777
10002.533308000 0.538996 -0.039336 0.001505 0.054151 -0.304200 -0.222709 0.924625
10002.566641000 0.539765 -0.044861 0.007061 0.052391 -0.306164 -0.224003 0.923765
10002.599974000 0.540614 -0.051032 0.011844 0.051011 -0.307768 -0.225457 0.922955
10002.633307000 0.540343 -0.056001 0.015548 0.050801 -0.308526 -0.226256 0.922518
10002.666640000 0.540792 -0.063927 0.021498 0.054347 -0.308813 -0.226364 0.922193
10002.699973000 0.540596 -0.066733 0.023861 0.057709 -0.307855 -0.225769 0.922455
10002.733306000 0.540980 -0.067979 0.024976 0.062453 -0.306991 -0.224595 0.922721
10002.766639000 0.540189 -0.068980 0.025764 0.068162 -0.304814 -0.222751 0.923485
10002.799972000 0.540294 -0.069601 0.026372 0.074691 -0.302704 -0.220119 0.924305
10002.833305000 0.540032 -0.069033 0.025919 0.081815 -0.299858 -0.217140 0.925333
10002.866638000 0.540748 -0.068192 0.025373 0.089248 -0.297319 -0.214141 0.926164
10002.899971000 0.540345 -0.066806 0.024262 0.096470 -0.293661 -0.210092 0.927534
10002.933304000 0.540829 -0.065253 0.023062 0.103400 -0.290965 -0.205978 0.928558
10002.966637000 0.540286 -0.063176 0.021454 0.109727 -0.287185 -0.201496 0.929991
10002.999970000 0.540631 -0.057281 0.017368 0.119987 -0.279964 -0.191041 0.933127
10003.033303000 0.540882 -0.054881 0.015510 0.123778 -0.276674 -0.185590 0.934712
10003.066636000 0.540218 -0.052248 0.013306 0.127115 -0.272773 -0.179829 0.936535
10003.099969000 0.540601 -0.050014 0.011432 0.129211 -0.269805 -0.174340 0.938145
10003.133302000 0.541295 -0.048502 0.010199 0.130566 -0.267213 -0.168824 0.939706
10003.166635000 0.541095 -0.047860 0.009669 0.131904 -0.264199 -0.163769 0.941265
10003.199968000 0.541010 -0.047267 0.009139 0.132495 -0.261554 -0.158720 0.942784
10003.233301000 0.541329 -0.048587 0.010280 0.132727 -0.259456 -0.154305 0.944063
10003.266634000 0.540967 -0.050822 0.012109 0.133336 -0.257032 -0.150215 0.945300
10003.299967000 0.540954 -0.054514 0.015119 0.133520 -0.255205 -0.146775 0.946308
10003.333300000 0.541569 -0.069095 0.025906 0.132807 -0.252497 -0.142008 0.947861
10003.366633000 0.541479 -0.078518 0.033186 0.132561 -0.251498 -0.140792 0.948343
10003.399966000 0.541675 -0.088977 0.041011 0.132715 -0.250545 -0.139832 0.948715
10003.433299000 0.543130 -0.099940 0.049432 0.132181 -0.250500 -0.139607 0.948835
10003.466632000 0.544221 -0.110003 0.057110 0.132528 -0.250066 -0.139835 0.948868
10003.499965000 0.546410 -0.120080 0.064895 0.132295 -0.250328 -0.140272 0.948766
10003.533298000 0.548084 -0.128779 0.071404 0.132301 -0.250261 -0.140619 0.948732
10003.566631000 0.550648 -0.134233 0.076084 0.132751 -0.250424 -0.141218 0.948537
10003.599964000 0.554575 -0.137574 0.079360 0.133161 -0.251207 -0.141941 0.948164
10003.633297000 0.558607 -0.137911 0.080314 0.133172 -0.251960 -0.142812 0.947832
10003.666630000 0.569789 -0.127273 0.074276 0.134220 -0.253584 -0.143902 0.947086
10003.699963000 0.577578 -0.115886 0.067215 0.135143 -0.255043 -0.144224 0.946514
10003.733296000 0.584156 -0.101526 0.057661 0.135799 -0.255617 -0.144473 0.946227
10003.766629000 0.591033 -0.084695 0.046335 0.136752 -0.256292 -0.144300 0.945934
10003.799962000 0.597355 -0.066197 0.033768 0.137597 -0.256523 -0.144068 0.945784
10003.833295000 0.603268 -0.046343 0.020079 0.138276 -0.256420 -0.143845 0.945747
10003.866628000 0.607978 -0.025847 0.005959 0.139084 -0.256123 -0.143186 0.945809
10003.899961000 0.611150 -0.006750 -0.007611 0.139043 -0.255366 -0.143108 0.946031
10003.933294000 0.612627 0.011232 -0.021041 0.138809 -0.254206 -0.142593 0.946456
10003.966627000 0.612561 0.028117 -0.033752 0.138912 -0.252259 -0.141901 0.947066
10003.999960000 0.603559 0.055254 -0.054677 0.138071 -0.246484 -0.141346 0.948790
10004.033293000 0.595790 0.064012 -0.062689 0.137390 -0.242605 -0.140635 0.949994
10004.066626000 0.586785 0.068920 -0.068439 0.136049 -0.238865 -0.140449 0.951162
10004.099959000 0.576657 0.072333 -0.072673 0.134924 -0.234593 -0.140150 0.952428
10004.133292000 0.565456 0.072176 -0.074491 0.133446 -0.230533 -0.139964 0.953655
10004.166625000 0.554164 0.069237 -0.074476 0.131836 -0.226469 -0.139760 0.954881
10004.199958000 0.543544 0.063678 -0.072036 0.130167 -0.222843 -0.139616 0.955984
10004.233291000 0.534113 0.054914 -0.067106 0.128457 -0.220070 -0.139976 0.956804
10004.266624000 0.525178 0.044640 -0.060202 0.126968 -0.217510 -0.140026 0.957581
10004.299957000 0.519260 0.031101 -0.051460 0.125059 -0.216506 -0.140331 0.958015
10004.333290000 0.516555 -0.004819 -0.025666 0.121522 -0.219325 -0.141698 0.957628
10004.366623000 0.519229 -0.025667 -0.010055 0.120054 -0.222631 -0.142644 0.956909
10004.399956000 0.523446 -0.048435 0.007343 0.118282 -0.227315 -0.143899 0.955840
10004.433289000 0.530001 -0.071550 0.025187 0.116759 -0.232927 -0.145236 0.954473
10004.466622000 0.538926 -0.095724 0.044189 0.114966 -0.240079 -0.146921 0.952659
10004.499955000 0.547662 -0.119748 0.063207 0.113240 -0.247797 -0.148694 0.950612
10004.533288000 0.556893 -0.142009 0.080898 0.111552 -0.255746 -0.150501 0.948420
10004.566621000 0.567100 -0.163500 0.098079 0.109945 -0.264398 -0.152422 0.945925
10004.599954000 0.575716 -0.183502 0.114003 0.107401 -0.272668 -0.154557 0.943520
10004.633287000 0.584247 -0.200346 0.127555 0.105552 -0.280838 -0.156450 0.941017
10004.666620000 0.596340 -0.224836 0.146992 0.101233 -0.294272 -0.160007 0.936778
10004.699953000 0.599335 -0.231914 0.152692 0.098916 -0.299223 -0.161582 0.935186
10004.733286000 0.600908 -0.237225 0.156763 0.095855 -0.303338 -0.163292 0.933881
10004.766619000 0.602745 -0.240417 0.159416 0.093365 -0.307399 -0.164799 0.932540
10004.799952000 0.603432 -0.243255 0.161584 0.090875 -0.310278 -0.166157 0.931591
10004.833285000 0.603338 -0.246357 0.164051 0.087814 -0.312736 -0.167669 0.930791
10004.866618000 0.604242 -0.249951 0.166855 0.084869 -0.314989 -0.169101 0.930045
10004.899951000 0.604822 -0.255158 0.170883 0.081763 -0.316887 -0.170580 0.929409
10004.933284000 0.606206 -0.262824 0.176723 0.078970 -0.318950 -0.171959 0.928690
10004.966617000 0.610080 -0.274456 0.185590 0.075586 -0.321707 -0.173684 0.927699
10004.999950000 0.620328 -0.308562 0.211987 0.068701 -0.327427 -0.177334 0.925540
10005.033283000 0.627038 -0.331761 0.229829 0.064833 -0.330737 -0.179420 0.924239
10005.066616000 0.635365 -0.357017 0.249473 0.061550 -0.334557 -0.181392 0.922703
10005.099949000 0.644220 -0.383888 0.270344 0.057552 -0.338633 -0.183730 0.921010
10005.133282000 0.653480 -0.411571 0.291977 0.053905 -0.342958 -0.186011 0.919170
10005.166615000 0.662176 -0.437407 0.312221 0.051020 -0.347019 -0.187974 0.917410
10005.199948000 0.670284 -0.461984 0.331377 0.047677 -0.350952 -0.190084 0.915657
10005.233281000 0.677309 -0.483432 0.348149 0.045050 -0.354670 -0.191901 0.913977
10005.266614000 0.684092 -0.500907 0.361749 0.042595 -0.358152 -0.193586 0.912380
10005.299947000 0.687883 -0.512882 0.371107 0.040689 -0.360992 -0.194948 0.911057
10005.333280000 0.689487 -0.518166 0.375174 0.037730 -0.364535 -0.196930 0.909346
10005.366613000 0.687311 -0.511305 0.369990 0.037292 -0.365624 -0.196917 0.908929
10005.399946000 0.683242 -0.499041 0.360404 0.036993 -0.366040 -0.197167 0.908720
10005.433279000 0.678358 -0.484312 0.347705 0.036682 -0.365896 -0.197323 0.908756
10005.466612000 0.672029 -0.465148 0.332814 0.037058 -0.365529 -0.197150 0.908926
10005.499945000 0.665732 -0.446052 0.318089 0.037261 -0.365219 -0.196580 0.909166
10005.533278000 0.658827 -0.425261 0.301968 0.037986 -0.364423 -0.196150 0.909548
10005.566611000 0.652524 -0.406184 0.287007 0.038453 -0.363455 -0.196250 0.909894
10005.599944000 0.646941 -0.389098 0.273774 0.038533 -0.363443 -0.196248 0.909896
10005.633277000 0.642208 -0.374806 0.263932 0.039202 -0.363275 -0.195911 0.910007
10005.666610000 0.637988 -0.361475 0.254666 0.039483 -0.363940 -0.196921 0.909511
10005.699943000 0.638210 -0.362237 0.255411 0.038997 -0.364747 -0.197761 0.909027
10005.733276000 0.639540 -0.366186 0.259739 0.038846 -0.365688 -0.198451 0.908504
10005.766609000 0.641993 -0.373867 0.265777 0.038345 -0.366461 -0.199288 0.908031
10005.799942000 0.645085 -0.383268 0.274270 0.038161 -0.367393 -0.199980 0.907510
10005.833275000 0.648676 -0.394747 0.283342 0.037673 -0.368149 -0.200830 0.907036
10005.866608000 0.652555 -0.406172 0.292252 0.037663 -0.368123 -0.200786 0.907057
10005.899941000 0.656296 -0.417719 0.301293 0.037474 -0.368116 -0.200360 0.907161
10005.933274000 0.659729 -0.428241 0.308274 0.037609 -0.367120 -0.199596 0.907728
10005.966607000 0.662550 -0.437304 0.314111 0.038056 -0.365712 -0.198617 0.908492
10005.999940000 0.664623 -0.444498 0.316259 0.040371 -0.359887 -0.193192 0.911882
10006.033273000 0.664255 -0.443314 0.312920 0.042387 -0.355661 -0.189678 0.914183
10006.066606000 0.663310 -0.439936 0.307926 0.044730 -0.351157 -0.186018 0.916562
10006.099939000 0.661619 -0.434520 0.300202 0.046844 -0.346462 -0.182511 0.918945
10006.133272000 0.659213 -0.426756 0.293134 0.050032 -0.341816 -0.179009 0.921203
10006.166605000 0.656361 -0.417972 0.283900 0.053036 -0.336990 -0.176056 0.923379
10006.199938000 0.653160 -0.407974 0.276202 0.056215 -0.333232 -0.173695 0.925001
10006.233271000 0.649704 -0.396943 0.268842 0.060385 -0.329271 -0.172197 0.926435
10006.266604000 0.646300 -0.386793 0.263367 0.063870 -0.326853 -0.172155 0.927065
10006.299937000 0.642830 -0.375376 0.259562 0.068052 -0.325074 -0.172845 0.927265
10006.333270000 0.636920 -0.356483 0.259666 0.076407 -0.325024 -0.179668 0.925333
10006.366603000 0.634729 -0.348499 0.264693 0.080932 -0.327073 -0.185444 0.923084
10006.399936000 0.633041 -0.341591 0.271655 0.085689 -0.329959 -0.192745 0.920127
10006.433269000 0.631424 -0.335531 0.280467 0.089940 -0.333730 -0.201039 0.916580
10006.466602000 0.630012 -0.329558 0.290659 0.094596 -0.338840 -0.210108 0.912192
10006.499935000 0.628799 -0.324089 0.301470 0.099818 -0.344527 -0.219789 0.907210
10006.533268000 0.627716 -0.319499 0.312801 0.104381 -0.350595 -0.229528 0.901945
10006.566601000 0.626652 -0.314899 0.322843 0.108577 -0.356710 -0.239124 0.896542
10006.599934000 0.625636 -0.310795 0.331815 0.111654 -0.363032 -0.248926 0.890942
10006.633267000 0.624926 -0.307000 0.340292 0.114828 -0.370010 -0.257421 0.885235
10006.666600000 0.623404 -0.300047 0.349870 0.117282 -0.382160 -0.271349 0.875539
10006.699933000 0.622680 -0.297571 0.352486 0.116348 -0.388507 -0.276355 0.871294
10006.733266000 0.621913 -0.295267 0.352861 0.115268 -0.393819 -0.280139 0.867837
10006.766599000 0.621193 -0.292681 0.351857 0.112487 -0.398699 -0.283067 0.865020
10006.799932000 0.620904 -0.291253 0.350591 0.110168 -0.403417 -0.285211 0.862423
10006.833265000 0.620781 -0.290948 0.347932 0.106342 -0.407567 -0.286971 0.860365
10006.866598000 0.620765 -0.290676 0.346502 0.102998 -0.411439 -0.287787 0.858655
10006.899931000 0.621109 -0.292304 0.344103 0.098626 -0.414886 -0.288536 0.857257
10006.933264000 0.621770 -0.294616 0.343538 0.094416 -0.418171 -0.289190 0.855913
10006.966597000 0.623063 -0.298796 0.344425 0.090316 -0.421806 -0.289265 0.854546
10006.999930000 0.627363 -0.312008 0.350911 0.083566 -0.427823 -0.290732 0.851739
10007.033263000 0.630242 -0.320891 0.356669 0.081088 -0.430923 -0.292137 0.849933
10007.066596000 0.632733 -0.331590 0.363656 0.077876 -0.433558 -0.293883 0.848290
10007.099929000 0.636228 -0.342353 0.372070 0.076026 -0.436466 -0.294920 0.846605
10007.133262000 0.640332 -0.354645 0.381760 0.074274 -0.439845 -0.297142 0.844231
10007.166595000 0.644283 -0.366792 0.391234 0.072891 -0.442217 -0.298376 0.842676
10007.199928000 0.648516 -0.379301 0.402208 0.071687 -0.444634 -0.300078 0.840901
10007.233261000 0.652785 -0.392465 0.412442 0.070382 -0.447052 -0.301869 0.839086
10007.266594000 0.656979 -0.404893 0.423388 0.069846 -0.449933 -0.303277 0.837081
10007.299927000 0.660871 -0.416381 0.432380 0.069457 -0.451597 -0.304391 0.835812
10007.333260000 0.669851 -0.436817 0.449979 0.070070 -0.455291 -0.305823 0.833230
10007.366593000 0.673505 -0.445145 0.457850 0.070803 -0.456525 -0.305549 0.832593
10007.399926000 0.677240 -0.453425 0.464503 0.070808 -0.458003 -0.305754 0.831705
10007.433259000 0.679558 -0.460482 0.470156 0.071262 -0.457882 -0.305421 0.831855
10007.466592000 0.682821 -0.467305 0.475652 0.071643 -0.458407 -0.305210 0.831611
10007.499925000 0.685981 -0.473751 0.480829 0.071190 -0.458777 -0.305525 0.831330
10007.533258000 0.687752 -0.479238 0.485187 0.071212 -0.457988 -0.304761 0.832044
10007.566591000 0.688788 -0.485593 0.489973 0.070090 -0.457346 -0.305310 0.832291
10007.599924000 0.690593 -0.491470 0.493314 0.068920 -0.456077 -0.305798 0.832905
10007.633257000 0.690559 -0.497262 0.497586 0.067541 -0.454075 -0.306317 0.833921
10007.666590000 0.689849 -0.510848 0.507366 0.062374 -0.450216 -0.308747 0.835518
10007.699923000 0.688061 -0.518038 0.512254 0.058804 -0.447080 -0.310916 0.836656
10007.733256000 0.686459 -0.525911 0.517748 0.054877 -0.444385 -0.312811 0.837652
10007.766589000 0.685014 -0.533682 0.523207 0.050961 -0.441485 -0.315208 0.838533
10007.799922000 0.682703 -0.542568 0.527895 0.045900 -0.438025 -0.317505 0.839772
10007.833255000 0.680220 -0.550842 0.533502 0.041180 -0.434777 -0.319635 0.840896
10007.866588000 0.677084 -0.559973 0.539719 0.036340 -0.431883 -0.321964 0.841722
10007.899921000 0.674485 -0.567625 0.546059 0.032430 -0.428585 -0.323498 0.842978
10007.933254000 0.672221 -0.576523 0.552162 0.028123 -0.426026 -0.325474 0.843669
10007.966587000 0.669734 -0.584671 0.557730 0.024078 -0.423285 -0.326607 0.844735
10007.999920000 0.666985 -0.601210 0.569280 0.017286 -0.419424 -0.327840 0.846348
10008.033253000 0.666465 -0.608991 0.576168 0.015097 -0.418671 -0.327759 0.846794
10008.066586000 0.665994 -0.616527 0.581587 0.012920 -0.417946 -0.327656 0.847228
10008.099919000 0.666297 -0.623898 0.587168 0.011806 -0.417294 -0.327554 0.847605
10008.133252000 0.667716 -0.631300 0.593876 0.011004 -0.417617 -0.326842 0.847732
10008.166585000 0.669806 -0.637523 0.600081 0.011112 -0.418376 -0.326382 0.847533
10008.199918000 0.672901 -0.643574 0.606212 0.012253 -0.419224 -0.325878 0.847293
10008.233251000 0.675870 -0.649551 0.612417 0.013623 -0.419624 -0.325161 0.847349
10008.266584000 0.680654 -0.654221 0.617862 0.016104 -0.420518 -0.325087 0.846890
10008.299917000 0.685391 -0.659108 0.624704 0.019369 -0.421761 -0.325257 0.846138
10008.333250000 0.699990 -0.667266 0.638247 0.027774 -0.424106 -0.327516 0.843858
10008.366583000 0.708422 -0.670175 0.644324 0.033411 -0.425529 -0.329345 0.842224
10008.399916000 0.717786 -0.673063 0.651751 0.039214 -0.426832 -0.331630 0.840416
10008.433249000 0.727596 -0.677105 0.657679 0.044971 -0.427920 -0.334489 0.838438
10008.466582000 0.739124 -0.679839 0.664199 0.051164 -0.429691 -0.337326 0.836037
10008.499915000 0.750516 -0.682505 0.669381 0.057436 -0.430791 -0.340551 0.833754
10008.533248000 0.762538 -0.687271 0.674777 0.062123 -0.432011 -0.344118 0.831319
10008.566581000 0.774418 -0.691849 0.678799 0.066892 -0.433734 -0.347778 0.828523
10008.599914000 0.786194 -0.697136 0.682003 0.070997 -0.435008 -0.351739 0.825838
10008.633247000 0.799400 -0.703553 0.684937 0.074504 -0.437579 -0.355665 0.822482
10008.666580000 0.825024 -0.719516 0.687255 0.077285 -0.442756 -0.363177 0.816147
10008.699913000 0.837568 -0.729921 0.687051 0.077348 -0.445628 -0.366889 0.812912
10008.733246000 0.850869 -0.739787 0.685443 0.076526 -0.448687 -0.369958 0.809910
10008.766579000 0.863647 -0.751362 0.683562 0.074618 -0.452071 -0.373149 0.806736
10008.799912000 0.876199 -0.762139 0.681190 0.072574 -0.455639 -0.375221 0.803950
10008.833245000 0.888876 -0.772946 0.678821 0.070590 -0.459132 -0.377233 0.801193
10008.866578000 0.900468 -0.783735 0.674923 0.067826 -0.461895 -0.378361 0.799309
10008.899911000 0.912780 -0.793748 0.672042 0.065454 -0.465289 -0.379353 0.797065
10008.933244000 0.924416 -0.801622 0.668747 0.063821 -0.467965 -0.379086 0.795757
10008.966577000 0.936185 -0.809516 0.665472 0.061941 -0.470634 -0.378339 0.794687
10008.999910000 0.958125 -0.820729 0.660199 0.059521 -0.475040 -0.374459 0.794087
10009.033243000 0.969228 -0.823086 0.657529 0.059308 -0.476649 -0.371063 0.794733
10009.066576000 0.978804 -0.824357 0.655264 0.059393 -0.477509 -0.367960 0.795653
10009.099909000 0.988250 -0.825152 0.653510 0.059742 -0.478911 -0.364799 0.796239
10009.133242000 0.998127 -0.823681 0.652835 0.061361 -0.479923 -0.361953 0.796805
10009.166575000 1.006725 -0.821153 0.652293 0.062948 -0.480957 -0.359129 0.797335
10009.199908000 1.015812 -0.817329 0.653595 0.065811 -0.482688 -0.357431 0.796821
10009.233241000 1.023998 -0.812885 0.653916 0.068679 -0.483489 -0.356850 0.796354
10009.266574000 1.030836 -0.808492 0.656767 0.071992 -0.484844 -0.357927 0.794753
10009.299907000 1.038410 -0.802369 0.659623 0.076364 -0.486126 -0.360183 0.792539
10009.333240000 1.051444 -0.788725 0.668065 0.087294 -0.489189 -0.370905 0.784540
10009.366573000 1.056973 -0.782162 0.674197 0.093183 -0.491121 -0.379123 0.778706
10009.399906000 1.063457 -0.774693 0.680812 0.100024 -0.493116 -0.388559 0.771915
10009.433239000 1.068896 -0.767688 0.687335 0.106832 -0.494886 -0.399154 0.764428
10009.466572000 1.075084 -0.759611 0.694879 0.114231 -0.496707 -0.410557 0.756093
10009.499905000 1.081310 -0.751606 0.702512 0.122359 -0.498560 -0.421848 0.747336
10009.533238000 1.088659 -0.743142 0.710105 0.130681 -0.500017 -0.433486 0.738238
10009.566571000 1.096981 -0.734286 0.717955 0.139411 -0.501856 -0.444630 0.728704
10009.599904000 1.105035 -0.726573 0.724081 0.147162 -0.502913 -0.455300 0.719808
10009.633237000 1.115417 -0.718079 0.732315 0.155518 -0.505108 -0.464760 0.710407
10009.666570000 1.139084 -0.701074 0.743851 0.171729 -0.507732 -0.480203 0.694351
10009.699903000 1.153812 -0.693847 0.748531 0.179067 -0.508923 -0.486069 0.687510
10009.733236000 1.170240 -0.685274 0.752400 0.186218 -0.510498 -0.489644 0.681883
10009.766569000 1.187833 -0.677583 0.754863 0.192839 -0.511437 -0.491891 0.677708
10009.799902000 1.208495 -0.670298 0.755498 0.198957 -0.512810 -0.491718 0.675023
10009.833235000 1.231317 -0.662960 0.755123 0.204046 -0.514449 -0.489598 0.673796
10009.866568000 1.256168 -0.656267 0.753208 0.208502 -0.515857 -0.484778 0.674839
10009.899901000 1.284369 -0.649924 0.749692 0.212033 -0.517941 -0.477363 0.677424
