10000.000000000 0.000000 0.000000 0.000000 0.000000 0.000000 0.000000 1.000000
10000.033333000 0.010352 0.003276 -0.001799 0.002376 -0.004860 -0.001863 0.999984
10000.066666000 0.020676 0.007205 -0.002859 0.004324 -0.009432 -0.004000 0.999938
10000.099999000 0.030284 0.010129 -0.003187 0.005921 -0.013634 -0.005916 0.999872
10000.133332000 0.040801 0.013195 -0.003632 0.007351 -0.018283 -0.008638 0.999769
10000.166665000 0.051369 0.016230 -0.004101 0.008801 -0.022929 -0.011361 0.999634
10000.199998000 0.060878 0.019033 -0.004464 0.009894 -0.027148 -0.014367 0.999479
10000.233331000 0.071661 0.021357 -0.004250 0.010889 -0.031826 -0.017635 0.999279
10000.266664000 0.081300 0.024140 -0.003246 0.011767 -0.036137 -0.021188 0.999053
10000.299997000 0.091108 0.026246 -0.003081 0.012279 -0.039970 -0.023977 0.998838
10000.333330000 0.110575 0.030162 -0.002701 0.013491 -0.048538 -0.031197 0.998243
10000.366663000 0.120376 0.032102 -0.002499 0.014011 -0.052291 -0.033880 0.997959
10000.399996000 0.129147 0.034632 -0.001466 0.014881 -0.056114 -0.037065 0.997625
10000.433329000 0.138936 0.036717 -0.001247 0.015893 -0.060186 -0.039876 0.997264
10000.466662000 0.147496 0.039157 -0.001609 0.016987 -0.063806 -0.042424 0.996915
10000.499995000 0.156085 0.041700 -0.001962 0.018364 -0.067392 -0.044385 0.996570
10000.533328000 0.164561 0.044031 -0.002303 0.019682 -0.070929 -0.046292 0.996212
10000.566661000 0.173220 0.046642 -0.002649 0.021313 -0.074497 -0.047617 0.995856
10000.599994000 0.180573 0.049670 -0.003546 0.023053 -0.077617 -0.048690 0.995527
10000.633327000 0.189040 0.052293 -0.005316 0.025344 -0.081367 -0.049560 0.995129
10000.666660000 0.203317 0.059773 -0.008313 0.030968 -0.087670 -0.048768 0.994473
10000.699993000 0.210372 0.063930 -0.011347 0.034034 -0.090474 -0.047880 0.994165
10000.733326000 0.217376 0.067962 -0.014233 0.037788 -0.093662 -0.047102 0.993771
10000.766659000 0.224308 0.071527 -0.015793 0.041730 -0.096967 -0.046360 0.993331
10000.799992000 0.231706 0.074634 -0.018006 0.045361 -0.099984 -0.045989 0.992890
10000.833325000 0.239999 0.077957 -0.018956 0.049681 -0.103890 -0.046528 0.992257
10000.866658000 0.248314 0.081218 -0.019884 0.054496 -0.107239 -0.047163 0.991618
10000.899991000 0.257224 0.083003 -0.019660 0.058796 -0.110322 -0.049252 0.990932
10000.933324000 0.267296 0.083963 -0.017434 0.063557 -0.114471 -0.052827 0.989983
10000.966657000 0.278654 0.084631 -0.014657 0.067974 -0.118777 -0.057463 0.988923
10000.999990000 0.305605 0.083037 -0.004796 0.077987 -0.127616 -0.071828 0.986140
10001.033323000 0.320221 0.080293 0.002319 0.082498 -0.132154 -0.081463 0.984425
10001.066656000 0.335378 0.075840 0.010550 0.086756 -0.137484 -0.091733 0.982424
10001.099989000 0.350383 0.071607 0.018730 0.091121 -0.142366 -0.102344 0.980283
10001.133322000 0.364681 0.066893 0.026399 0.094864 -0.147487 -0.113244 0.977969
10001.166655000 0.377496 0.062839 0.034151 0.099303 -0.152621 -0.124012 0.975432
10001.199988000 0.389457 0.058292 0.040314 0.102929 -0.157606 -0.134165 0.972916
10001.233321000 0.399390 0.053194 0.045247 0.105684 -0.163202 -0.144039 0.970283
10001.266654000 0.405780 0.048544 0.047527 0.108033 -0.168279 -0.153014 0.967780
10001.299987000 0.409981 0.044083 0.047942 0.109686 -0.173202 -0.160702 0.965477
10001.333320000 0.407021 0.035023 0.039164 0.109571 -0.182432 -0.172986 0.961659
10001.366653000 0.400185 0.032295 0.030021 0.109027 -0.186888 -0.177080 0.960119
10001.399986000 0.390590 0.030663 0.019066 0.107167 -0.190826 -0.180717 0.958875
10001.433319000 0.378714 0.029762 0.005935 0.105289 -0.194176 -0.183470 0.957888
10001.466652000 0.366206 0.027345 -0.008190 0.102284 -0.197469 -0.185284 0.957191
10001.499985000 0.351929 0.026844 -0.023047 0.099186 -0.200120 -0.186524 0.956725
10001.533318000 0.338886 0.026169 -0.038454 0.095650 -0.202476 -0.187468 0.956405
10001.566651000 0.326665 0.026572 -0.053256 0.092444 -0.204218 -0.187732 0.956298
10001.599984000 0.316414 0.028002 -0.067213 0.089401 -0.205365 -0.187690 0.956350
10001.633317000 0.306748 0.029698 -0.079950 0.086469 -0.206035 -0.187465 0.956519
10001.666650000 0.299860 0.033590 -0.098919 0.081863 -0.206398 -0.186604 0.957015
10001.699983000 0.300833 0.036965 -0.105022 0.080472 -0.205555 -0.186450 0.957344
10001.733316000 0.304671 0.040222 -0.109193 0.080220 -0.204420 -0.185826 0.957730
10001.766649000 0.311189 0.043135 -0.111498 0.079333 -0.203662 -0.185481 0.958032
10001.799982000 0.320264 0.047136 -0.111674 0.079681 -0.202971 -0.185149 0.958214
10001.833315000 0.329893 0.050369 -0.111265 0.079825 -0.201577 -0.185030 0.958519
10001.866648000 0.342642 0.053047 -0.109824 0.080682 -0.201292 -0.185043 0.958505
10001.899981000 0.355491 0.055561 -0.106971 0.081250 -0.201311 -0.185207 0.958421
10001.933314000 0.369658 0.057656 -0.103634 0.081757 -0.202060 -0.185623 0.958140
10001.966647000 0.383243 0.058523 -0.099455 0.082539 -0.203582 -0.186174 0.957643
10001.999980000 0.411856 0.058063 -0.090412 0.084275 -0.210408 -0.188368 0.955586
10002.033313000 0.425843 0.057142 -0.086045 0.085257 -0.215435 -0.189525 0.954149
10002.066646000 0.438167 0.054612 -0.080949 0.085671 -0.220383 -0.190761 0.952734
10002.099979000 0.450497 0.052025 -0.076667 0.086290 -0.226580 -0.193132 0.950745
10002.133312000 0.462206 0.048150 -0.071753 0.086581 -0.233175 -0.194870 0.948767
10002.166645000 0.473869 0.044301 -0.066897 0.086576 -0.240460 -0.196518 0.946607
10002.199978000 0.483970 0.038548 -0.062130 0.085765 -0.247191 -0.198602 0.944510
10002.233311000 0.494013 0.033313 -0.056537 0.084979 -0.254991 -0.200923 0.942013
10002.266644000 0.502350 0.026315 -0.051236 0.083185 -0.261577 -0.203223 0.939872
10002.299977000 0.510682 0.019759 -0.046364 0.081391 -0.268648 -0.204855 0.937677
10002.333310000 0.522798 0.004988 -0.033715 0.075771 -0.280828 -0.209964 0.933440
10002.366643000 0.527326 -0.003356 -0.028107 0.072110 -0.286003 -0.212143 0.931664
10002.399976000 0.531818 -0.010528 -0.022276 0.068462 -0.290613 -0.214172 0.930047
10002.433309000 0.534325 -0.018761 -0.015802 0.064485 -0.295117 -0.216842 0.928293
10002.466642000 0.536819 -0.026397 -0.009885 0.060651 -0.298717 -0.218766 0.926947
10002.499975000 0.538264 -0.034199 -0.003904 0.056801 -0.301726 -0.221062 0.925671
10002.533308000 0.539581 -0.041250 0.001510 0.053757 -0.304415 -0.222975 0.924513
10002.566641000 0.540349 -0.046711 0.007053 0.052011 -0.306375 -0.224271 0.923651
10002.599974000 0.541180 -0.052945 0.011834 0.050613 -0.307978 -0.225732 0.922840
10002.633307000 0.540906 -0.057990 0.015554 0.050382 -0.308745 -0.226534 0.922399
10002.666640000 0.541396 -0.065954 0.021506 0.053916 -0.309045 -0.226651 0.922070
10002.699973000 0.541189 -0.068802 0.023856 0.057267 -0.308087 -0.226063 0.922333
10002.733306000 0.541538 -0.070035 0.024936 0.062011 -0.307214 -0.224893 0.922603
10002.766639000 0.540751 -0.071047 0.025715 0.067715 -0.305039 -0.223042 0.923373
10002.799972000 0.540903 -0.071710 0.026320 0.074235 -0.302942 -0.220419 0.924192
10002.833305000 0.540619 -0.071117 0.025870 0.081368 -0.300094 -0.217438 0.925226
10002.866638000 0.541358 -0.070239 0.025337 0.088814 -0.297563 -0.214431 0.926060
10002.899971000 0.540948 -0.068836 0.024231 0.096042 -0.293901 -0.210377 0.927437
10002.933304000 0.541437 -0.067265 0.023035 0.102980 -0.291210 -0.206258 0.928466
10002.966637000 0.540880 -0.065162 0.021441 0.109314 -0.287428 -0.201764 0.929907
10002.999970000 0.541233 -0.059221 0.017343 0.119583 -0.280211 -0.191293 0.933053
10003.033303000 0.541512 -0.056843 0.015538 0.123376 -0.276933 -0.185839 0.934639
10003.066636000 0.540785 -0.054138 0.013311 0.126730 -0.273011 -0.180065 0.936473
10003.099969000 0.541136 -0.051872 0.011495 0.128843 -0.270038 -0.174568 0.938086
10003.133302000 0.541810 -0.050348 0.010258 0.130201 -0.267441 -0.169050 0.939651
10003.166635000 0.541621 -0.049706 0.009746 0.131542 -0.264429 -0.163995 0.941212
10003.199968000 0.541519 -0.049107 0.009199 0.132132 -0.261778 -0.158941 0.942736
10003.233301000 0.541900 -0.050439 0.010373 0.132368 -0.259695 -0.154535 0.944011
10003.266634000 0.541539 -0.052708 0.012182 0.132964 -0.257272 -0.150447 0.945250
10003.299967000 0.541544 -0.056440 0.015181 0.133138 -0.255449 -0.147018 0.946259
10003.333300000 0.542184 -0.071114 0.025987 0.132395 -0.252754 -0.142260 0.947813
10003.366633000 0.542148 -0.080634 0.033264 0.132122 -0.251773 -0.141060 0.948291
10003.399966000 0.542361 -0.091118 0.041102 0.132269 -0.250827 -0.140113 0.948662
10003.433299000 0.543875 -0.102212 0.049522 0.131696 -0.250805 -0.139900 0.948779
10003.466632000 0.545009 -0.112349 0.057225 0.132022 -0.250392 -0.140137 0.948807
10003.499965000 0.547216 -0.122456 0.065043 0.131784 -0.250667 -0.140589 0.948701
10003.533298000 0.548981 -0.131244 0.071593 0.131769 -0.250631 -0.140950 0.948659
10003.566631000 0.551584 -0.136709 0.076278 0.132221 -0.250804 -0.141569 0.948458
10003.599964000 0.555590 -0.140127 0.079603 0.132618 -0.251620 -0.142312 0.948075
10003.633297000 0.559688 -0.140469 0.080595 0.132634 -0.252393 -0.143185 0.947736
10003.666630000 0.570880 -0.129732 0.074567 0.133716 -0.254017 -0.144255 0.946988
10003.699963000 0.578680 -0.118306 0.067571 0.134665 -0.255481 -0.144571 0.946411
10003.733296000 0.585325 -0.103832 0.058057 0.135364 -0.256067 -0.144810 0.946117
10003.766629000 0.592267 -0.086921 0.046789 0.136356 -0.256752 -0.144634 0.945815
10003.799962000 0.598632 -0.068342 0.034249 0.137233 -0.256990 -0.144397 0.945660
10003.833295000 0.604561 -0.048328 0.020586 0.137963 -0.256879 -0.144157 0.945620
10003.866628000 0.609325 -0.027762 0.006476 0.138796 -0.256584 -0.143496 0.945679
10003.899961000 0.612520 -0.008625 -0.007033 0.138781 -0.255833 -0.143408 0.945898
10003.933294000 0.613907 0.009568 -0.020449 0.138606 -0.254641 -0.142870 0.946327
10003.966627000 0.613769 0.026568 -0.033174 0.138742 -0.252662 -0.142167 0.946943
10003.999960000 0.604770 0.053663 -0.054095 0.137893 -0.246885 -0.141607 0.948673
10004.033293000 0.596859 0.062501 -0.062177 0.137224 -0.242961 -0.140873 0.949892
10004.066626000 0.587786 0.067527 -0.067893 0.135914 -0.239199 -0.140669 0.951064
10004.099959000 0.577530 0.070947 -0.072224 0.134777 -0.234892 -0.140351 0.952346
10004.133292000 0.566237 0.070830 -0.074032 0.133312 -0.230808 -0.140157 0.953578
10004.166625000 0.554808 0.067946 -0.074086 0.131706 -0.226700 -0.139945 0.954817
10004.199958000 0.544167 0.062318 -0.071683 0.130020 -0.223068 -0.139818 0.955922
10004.233291000 0.534655 0.053527 -0.066791 0.128287 -0.220282 -0.140165 0.956751
10004.266624000 0.525688 0.043103 -0.060066 0.126731 -0.217709 -0.140216 0.957539
10004.299957000 0.519719 0.029545 -0.051299 0.124818 -0.216696 -0.140524 0.957975
10004.333290000 0.516961 -0.006454 -0.025548 0.121248 -0.219501 -0.141902 0.957592
10004.366623000 0.519579 -0.027331 -0.009903 0.119774 -0.222800 -0.142853 0.956874
10004.399956000 0.523829 -0.050116 0.007507 0.117995 -0.227494 -0.144116 0.955800
10004.433289000 0.530367 -0.073249 0.025375 0.116470 -0.233108 -0.145468 0.954429
10004.466622000 0.539334 -0.097477 0.044424 0.114665 -0.240282 -0.147166 0.952606
10004.499955000 0.548137 -0.121538 0.063461 0.112930 -0.248023 -0.148954 0.950549
10004.533288000 0.557414 -0.143857 0.081183 0.111226 -0.255992 -0.150772 0.948348
10004.566621000 0.567624 -0.165300 0.098387 0.109635 -0.264649 -0.152690 0.945847
10004.599954000 0.576227 -0.185355 0.114344 0.107078 -0.272925 -0.154833 0.943437
10004.633287000 0.584782 -0.202148 0.127925 0.105249 -0.281101 -0.156736 0.940924
10004.666620000 0.596923 -0.226574 0.147444 0.100957 -0.294558 -0.160293 0.936669
10004.699953000 0.600061 -0.233717 0.153205 0.098628 -0.299555 -0.161885 0.935058
10004.733286000 0.601602 -0.239067 0.157271 0.095555 -0.303665 -0.163605 0.933750
10004.766619000 0.603504 -0.242294 0.160005 0.093066 -0.307755 -0.165124 0.932395
10004.799952000 0.604247 -0.245210 0.162203 0.090556 -0.310656 -0.166495 0.931435
10004.833285000 0.604161 -0.248351 0.164683 0.087488 -0.313119 -0.168022 0.930629
10004.866618000 0.605136 -0.251980 0.167514 0.084534 -0.315392 -0.169463 0.929873
10004.899951000 0.605853 -0.257282 0.171559 0.081401 -0.317328 -0.170957 0.929220
10004.933284000 0.607256 -0.264991 0.177440 0.078599 -0.319406 -0.172349 0.928492
10004.966617000 0.611088 -0.276645 0.186336 0.075212 -0.322164 -0.174078 0.927497
10004.999950000 0.621305 -0.310717 0.212717 0.068333 -0.327874 -0.177729 0.925333
10005.033283000 0.627963 -0.333942 0.230615 0.064463 -0.331190 -0.179829 0.924023
10005.066616000 0.636272 -0.359190 0.250329 0.061188 -0.335026 -0.181806 0.922475
10005.099949000 0.645125 -0.386072 0.271224 0.057187 -0.339111 -0.184146 0.920773
10005.133282000 0.654298 -0.413690 0.292840 0.053559 -0.343415 -0.186425 0.918936
10005.166615000 0.662945 -0.439594 0.313127 0.050657 -0.347485 -0.188402 0.917166
10005.199948000 0.671019 -0.464139 0.332294 0.047327 -0.351418 -0.190512 0.915407
10005.233281000 0.678037 -0.485547 0.349076 0.044718 -0.355138 -0.192335 0.913720
10005.266614000 0.684810 -0.502991 0.362784 0.042287 -0.358642 -0.194025 0.912109
10005.299947000 0.688634 -0.515015 0.372160 0.040368 -0.361502 -0.195398 0.910772
10005.333280000 0.690265 -0.520341 0.376242 0.037400 -0.365057 -0.197389 0.909050
10005.366613000 0.688073 -0.513453 0.371051 0.036968 -0.366133 -0.197370 0.908639
10005.399946000 0.684040 -0.501203 0.361419 0.036660 -0.366545 -0.197618 0.908432
10005.433279000 0.679161 -0.486481 0.348674 0.036341 -0.366384 -0.197767 0.908477
10005.466612000 0.672848 -0.467317 0.333736 0.036710 -0.366004 -0.197583 0.908655
10005.499945000 0.666521 -0.448180 0.318923 0.036918 -0.365661 -0.196999 0.908912
10005.533278000 0.659669 -0.427442 0.302762 0.037620 -0.364866 -0.196570 0.909295
10005.566611000 0.653376 -0.408342 0.287773 0.038093 -0.363884 -0.196660 0.909650
10005.599944000 0.647788 -0.391334 0.274549 0.038150 -0.363874 -0.196664 0.909650
10005.633277000 0.643083 -0.377046 0.264677 0.038814 -0.363701 -0.196326 0.909764
10005.666610000 0.638733 -0.363593 0.255351 0.039126 -0.364315 -0.197305 0.909294
10005.699943000 0.639069 -0.364381 0.256064 0.038630 -0.365140 -0.198146 0.908801
10005.733276000 0.640406 -0.368330 0.260398 0.038480 -0.366086 -0.198837 0.908276
10005.766609000 0.642892 -0.376008 0.266412 0.037978 -0.366863 -0.199674 0.907799
10005.799942000 0.645984 -0.385427 0.274951 0.037795 -0.367810 -0.200375 0.907269
10005.833275000 0.649611 -0.396859 0.283957 0.037314 -0.368561 -0.201218 0.906797
10005.866608000 0.653475 -0.408303 0.292938 0.037309 -0.368552 -0.201188 0.906808
10005.899941000 0.657256 -0.419871 0.302016 0.037118 -0.368566 -0.200773 0.906902
10005.933274000 0.660654 -0.430371 0.308952 0.037259 -0.367556 -0.200011 0.907475
10005.966607000 0.663488 -0.439443 0.314784 0.037703 -0.366155 -0.199038 0.908236
10005.999940000 0.665677 -0.446760 0.316960 0.039981 -0.360368 -0.193633 0.911615
10006.033273000 0.665260 -0.445583 0.313610 0.041991 -0.356127 -0.190118 0.913929
10006.066606000 0.664240 -0.442191 0.308570 0.044336 -0.351592 -0.186452 0.916326
10006.099939000 0.662557 -0.436863 0.300827 0.046419 -0.346896 -0.182949 0.918715
10006.133272000 0.660148 -0.429079 0.293688 0.049608 -0.342231 -0.179439 0.920988
10006.166605000 0.657231 -0.420345 0.284389 0.052591 -0.337377 -0.176485 0.923181
10006.199938000 0.654013 -0.410326 0.276669 0.055778 -0.333609 -0.174117 0.924812
10006.233271000 0.650510 -0.399242 0.269228 0.059960 -0.329619 -0.172608 0.926263
10006.266604000 0.647200 -0.389084 0.263768 0.063451 -0.327220 -0.172560 0.926890
10006.299937000 0.643714 -0.377625 0.259944 0.067648 -0.325432 -0.173243 0.927095
10006.333270000 0.637884 -0.358626 0.260010 0.076035 -0.325391 -0.180050 0.925160
10006.366603000 0.635706 -0.350536 0.265013 0.080595 -0.327434 -0.185813 0.922911
10006.399936000 0.634015 -0.343560 0.271980 0.085378 -0.330323 -0.193101 0.919951
10006.433269000 0.632425 -0.337376 0.280812 0.089674 -0.334102 -0.201376 0.916396
10006.466602000 0.631025 -0.331315 0.291005 0.094362 -0.339212 -0.210435 0.912003
10006.499935000 0.629802 -0.325800 0.301780 0.099596 -0.344894 -0.220102 0.907019
10006.533268000 0.628762 -0.321169 0.313145 0.104178 -0.350978 -0.229832 0.901742
10006.566601000 0.627695 -0.316498 0.323147 0.108393 -0.357085 -0.239413 0.896338
10006.599934000 0.626713 -0.312320 0.332227 0.111514 -0.363432 -0.249204 0.890718
10006.633267000 0.626000 -0.308527 0.340660 0.114683 -0.370402 -0.257696 0.885010
10006.666600000 0.624457 -0.301533 0.350240 0.117143 -0.382557 -0.271578 0.875313
10006.699933000 0.623686 -0.298961 0.352945 0.116248 -0.388909 -0.276559 0.871063
10006.733266000 0.622889 -0.296599 0.353386 0.115197 -0.394223 -0.280337 0.867600
10006.766599000 0.622126 -0.293963 0.352408 0.112436 -0.399089 -0.283252 0.864786
10006.799932000 0.621750 -0.292507 0.351130 0.110119 -0.403785 -0.285385 0.862199
10006.833265000 0.621636 -0.292201 0.348386 0.106277 -0.407920 -0.287131 0.860153
10006.866598000 0.621573 -0.291936 0.346914 0.102919 -0.411776 -0.287945 0.858450
10006.899931000 0.621923 -0.293583 0.344518 0.098542 -0.415220 -0.288701 0.857049
10006.933264000 0.622587 -0.295991 0.343952 0.094301 -0.418514 -0.289369 0.855698
10006.966597000 0.623857 -0.300132 0.344784 0.090204 -0.422125 -0.289449 0.854338
10006.999930000 0.628127 -0.313391 0.351307 0.083439 -0.428150 -0.290908 0.851527
10007.033263000 0.631000 -0.322278 0.357066 0.080961 -0.431247 -0.292325 0.849716
10007.066596000 0.633508 -0.333012 0.364037 0.077736 -0.433888 -0.294072 0.848068
10007.099929000 0.636947 -0.343739 0.372426 0.075893 -0.436776 -0.295109 0.846391
10007.133262000 0.641028 -0.356021 0.382140 0.074148 -0.440157 -0.297330 0.844013
10007.166595000 0.644974 -0.368184 0.391646 0.072767 -0.442537 -0.298574 0.842449
10007.199928000 0.649168 -0.380628 0.402643 0.071585 -0.444947 -0.300275 0.840674
10007.233261000 0.653405 -0.393772 0.412869 0.070288 -0.447356 -0.302067 0.838861
10007.266594000 0.657574 -0.406207 0.423841 0.069753 -0.450242 -0.303479 0.836849
10007.299927000 0.661450 -0.417683 0.432826 0.069366 -0.451904 -0.304593 0.835581
10007.333260000 0.670434 -0.438100 0.450475 0.069996 -0.455609 -0.306023 0.832989
10007.366593000 0.674014 -0.446384 0.458352 0.070750 -0.456828 -0.305761 0.832354
10007.399926000 0.677731 -0.454639 0.465030 0.070767 -0.458312 -0.305967 0.831460
10007.433259000 0.680079 -0.461682 0.470711 0.071235 -0.458199 -0.305644 0.831602
10007.466592000 0.683364 -0.468482 0.476196 0.071622 -0.458730 -0.305422 0.831357
10007.499925000 0.686515 -0.474960 0.481472 0.071179 -0.459122 -0.305755 0.831056
10007.533258000 0.688276 -0.480428 0.485779 0.071201 -0.458321 -0.304987 0.831778
10007.566591000 0.689326 -0.486817 0.490593 0.070074 -0.457693 -0.305540 0.832017
10007.599924000 0.691169 -0.492708 0.493949 0.068905 -0.456435 -0.306036 0.832623
10007.633257000 0.691115 -0.498542 0.498287 0.067522 -0.454450 -0.306565 0.833627
10007.666590000 0.690384 -0.512120 0.508020 0.062354 -0.450577 -0.308997 0.835233
10007.699923000 0.688632 -0.519363 0.512896 0.058765 -0.447449 -0.311172 0.836366
10007.733256000 0.687058 -0.527262 0.518409 0.054833 -0.444765 -0.313071 0.837355
10007.766589000 0.685592 -0.535063 0.523867 0.050909 -0.441865 -0.315477 0.838235
10007.799922000 0.683271 -0.543983 0.528549 0.045836 -0.438403 -0.317784 0.839473
10007.833255000 0.680804 -0.552292 0.534122 0.041101 -0.435153 -0.319915 0.840599
10007.866588000 0.677617 -0.561428 0.540336 0.036252 -0.432247 -0.322247 0.841431
10007.899921000 0.675026 -0.569117 0.546736 0.032341 -0.428967 -0.323799 0.842672
10007.933254000 0.672739 -0.578034 0.552867 0.028033 -0.426412 -0.325785 0.843357
10007.966587000 0.670225 -0.586229 0.558479 0.023975 -0.423679 -0.326927 0.844417
10007.999920000 0.667436 -0.602848 0.570035 0.017156 -0.419821 -0.328187 0.846020
10008.033253000 0.666849 -0.610576 0.576952 0.014989 -0.419054 -0.328106 0.846472
10008.066586000 0.666393 -0.618222 0.582416 0.012779 -0.418355 -0.328020 0.846888
10008.099919000 0.666689 -0.625583 0.587984 0.011673 -0.417696 -0.327928 0.847264
10008.133252000 0.668070 -0.633002 0.594750 0.010871 -0.418031 -0.327222 0.847383
10008.166585000 0.670209 -0.639202 0.600934 0.010991 -0.418793 -0.326762 0.847182
10008.199918000 0.673274 -0.645270 0.607106 0.012138 -0.419654 -0.326268 0.846931
10008.233251000 0.676306 -0.651265 0.613355 0.013514 -0.420082 -0.325557 0.846972
10008.266584000 0.681085 -0.655974 0.618839 0.015992 -0.420997 -0.325487 0.846501
10008.299917000 0.685857 -0.660849 0.625670 0.019263 -0.422243 -0.325652 0.845748
10008.333250000 0.700393 -0.669040 0.639298 0.027673 -0.424601 -0.327917 0.843457
10008.366583000 0.708830 -0.671987 0.645385 0.033298 -0.426035 -0.329740 0.841818
10008.399916000 0.718246 -0.674891 0.652904 0.039117 -0.427379 -0.332022 0.839987
10008.433249000 0.728016 -0.678961 0.658802 0.044865 -0.428458 -0.334883 0.838012
10008.466582000 0.739578 -0.681719 0.665356 0.051061 -0.430246 -0.337714 0.835602
10008.499915000 0.751004 -0.684420 0.670581 0.057332 -0.431370 -0.340928 0.833307
10008.533248000 0.763051 -0.689217 0.676071 0.062028 -0.432624 -0.344496 0.830850
10008.566581000 0.774979 -0.693823 0.680209 0.066807 -0.434389 -0.348145 0.828033
10008.599914000 0.786875 -0.699130 0.683528 0.070931 -0.435714 -0.352094 0.825319
10008.633247000 0.800150 -0.705538 0.686567 0.074467 -0.438319 -0.356010 0.821942
10008.666580000 0.825755 -0.721577 0.688883 0.077235 -0.443490 -0.363517 0.815602
10008.699913000 0.838255 -0.731996 0.688653 0.077300 -0.446340 -0.367239 0.812367
10008.733246000 0.851528 -0.741923 0.687055 0.076468 -0.449394 -0.370323 0.809357
10008.766579000 0.864270 -0.753546 0.685153 0.074543 -0.452760 -0.373521 0.806185
10008.799912000 0.876770 -0.764376 0.682759 0.072481 -0.456309 -0.375603 0.803399
10008.833245000 0.889399 -0.775213 0.680290 0.070480 -0.459762 -0.377621 0.800658
10008.866578000 0.900908 -0.786029 0.676415 0.067711 -0.462512 -0.378768 0.798769
10008.899911000 0.913162 -0.796090 0.673417 0.065314 -0.465864 -0.379771 0.796541
10008.933244000 0.924781 -0.804007 0.670023 0.063660 -0.468507 -0.379514 0.795247
10008.966577000 0.936493 -0.811935 0.666648 0.061757 -0.471139 -0.378777 0.794193
10008.999910000 0.958429 -0.823200 0.661257 0.059318 -0.475506 -0.374911 0.793611
10009.033243000 0.969495 -0.825574 0.658647 0.059104 -0.477122 -0.371516 0.794252
10009.066576000 0.979095 -0.826879 0.656330 0.059178 -0.477975 -0.368412 0.795180
10009.099909000 0.988561 -0.827671 0.654626 0.059527 -0.479389 -0.365238 0.795766
10009.133242000 0.998467 -0.826197 0.654029 0.061160 -0.480423 -0.362389 0.796321
10009.166575000 1.007083 -0.823704 0.653588 0.062744 -0.481487 -0.359560 0.796837
10009.199908000 1.016250 -0.819839 0.654856 0.065625 -0.483218 -0.357854 0.796326
10009.233241000 1.024407 -0.815391 0.655348 0.068504 -0.484057 -0.357260 0.795840
10009.266574000 1.031300 -0.810994 0.658229 0.071822 -0.485426 -0.358321 0.794235
10009.299907000 1.038940 -0.804858 0.661120 0.076206 -0.486724 -0.360566 0.792013
10009.333240000 1.051976 -0.791248 0.669629 0.087132 -0.489808 -0.371262 0.784003
10009.366573000 1.057545 -0.784674 0.675744 0.093032 -0.491741 -0.379470 0.778163
10009.399906000 1.064026 -0.777224 0.682447 0.099876 -0.493764 -0.388882 0.771358
10009.433239000 1.069469 -0.770199 0.689142 0.106712 -0.495574 -0.399452 0.763844
10009.466572000 1.075727 -0.762129 0.696677 0.114116 -0.497402 -0.410831 0.755504
10009.499905000 1.081945 -0.754106 0.704335 0.122265 -0.499258 -0.422108 0.746738
10009.533238000 1.089271 -0.745648 0.711923 0.130592 -0.500713 -0.433733 0.737637
10009.566571000 1.097589 -0.736831 0.719638 0.139300 -0.502523 -0.444871 0.728118
10009.599904000 1.105727 -0.729070 0.726042 0.147105 -0.503647 -0.455488 0.719187
10009.633237000 1.116125 -0.720583 0.734337 0.155470 -0.505855 -0.464924 0.709778
10009.666570000 1.139814 -0.703619 0.745930 0.171685 -0.508496 -0.480324 0.693718
10009.699903000 1.154560 -0.696383 0.750572 0.179030 -0.509674 -0.486183 0.686882
10009.733236000 1.170968 -0.687827 0.754510 0.186190 -0.511257 -0.489748 0.681247
10009.766569000 1.188618 -0.680129 0.757001 0.192828 -0.512197 -0.491990 0.677066
10009.799902000 1.209331 -0.672870 0.757713 0.198951 -0.513587 -0.491802 0.674372
10009.833235000 1.232187 -0.665553 0.757378 0.204043 -0.515230 -0.489678 0.673142
10009.866568000 1.257134 -0.658871 0.755492 0.208495 -0.516645 -0.484843 0.674192
10009.899901000 1.285340 -0.652560 0.751975 0.212014 -0.518721 -0.477432 0.676784
