10000.000000000 0.000000 0.000000 0.000000 0.000000 0.000000 0.000000 1.000000
10000.033333000 0.010416 0.003470 -0.001688 0.002435 -0.004878 -0.001851 0.999983
10000.066666000 0.020796 0.007678 -0.002759 0.004485 -0.009466 -0.003964 0.999937
10000.099999000 0.030169 0.009870 -0.003139 0.005862 -0.013612 -0.005945 0.999873
10000.133332000 0.040186 0.012007 -0.003521 0.007001 -0.018108 -0.008673 0.999774
10000.166665000 0.050975 0.015955 -0.004015 0.008732 -0.022795 -0.011277 0.999638
10000.199998000 0.060624 0.018606 -0.004276 0.009803 -0.027058 -0.014311 0.999483
10000.233331000 0.071424 0.021641 -0.004193 0.010979 -0.031748 -0.017509 0.999282
10000.266664000 0.080967 0.023666 -0.003096 0.011655 -0.036022 -0.021095 0.999060
10000.299997000 0.090766 0.025817 -0.002939 0.012139 -0.039862 -0.023800 0.998848
10000.333330000 0.110264 0.029518 -0.002306 0.013328 -0.048424 -0.030946 0.998258
10000.366663000 0.119975 0.031415 -0.001960 0.013846 -0.052147 -0.033626 0.997977
10000.399996000 0.129053 0.034263 -0.000916 0.014795 -0.056054 -0.036727 0.997642
10000.433329000 0.138710 0.035846 -0.000621 0.015674 -0.060103 -0.039589 0.997284
10000.466662000 0.147553 0.038840 -0.001045 0.016915 -0.063780 -0.042092 0.996932
10000.499995000 0.155971 0.041634 -0.001472 0.018360 -0.067325 -0.043972 0.996593
10000.533328000 0.164480 0.044050 -0.001812 0.019707 -0.070865 -0.045883 0.996235
10000.566661000 0.173366 0.046550 -0.001949 0.021320 -0.074488 -0.047102 0.995881
10000.599994000 0.180531 0.049264 -0.002956 0.022946 -0.077565 -0.048168 0.995559
10000.633327000 0.189187 0.051878 -0.004629 0.025219 -0.081365 -0.048992 0.995160
10000.666660000 0.203423 0.059388 -0.007860 0.030839 -0.087643 -0.048230 0.994506
10000.699993000 0.210233 0.063565 -0.010708 0.033929 -0.090383 -0.047323 0.994203
10000.733326000 0.217289 0.067115 -0.013599 0.037558 -0.093573 -0.046529 0.993815
10000.766659000 0.224512 0.070825 -0.015081 0.041536 -0.096959 -0.045785 0.993367
10000.799992000 0.231499 0.073806 -0.017497 0.045085 -0.099857 -0.045307 0.992947
10000.833325000 0.240084 0.077246 -0.018357 0.049446 -0.103844 -0.045866 0.992304
10000.866658000 0.248172 0.080142 -0.019369 0.054148 -0.107111 -0.046460 0.991684
10000.899991000 0.257497 0.082114 -0.019071 0.058497 -0.110302 -0.048508 0.990989
10000.933324000 0.267154 0.082997 -0.016806 0.063227 -0.114329 -0.052058 0.990061
10000.966657000 0.278580 0.083369 -0.014004 0.067563 -0.118661 -0.056735 0.989008
10000.999990000 0.305867 0.081946 -0.003888 0.077630 -0.127588 -0.070991 0.986233
10001.033323000 0.320186 0.079612 0.003065 0.082221 -0.132032 -0.080656 0.984531
10001.066656000 0.335497 0.075261 0.011573 0.086530 -0.137388 -0.090855 0.982539
10001.099989000 0.349745 0.071589 0.019749 0.091013 -0.142056 -0.101277 0.980449
10001.133322000 0.364077 0.067319 0.027598 0.094896 -0.147148 -0.112164 0.978142
10001.166655000 0.376683 0.064203 0.035227 0.099556 -0.152175 -0.122896 0.975617
10001.199988000 0.388372 0.059420 0.041062 0.103100 -0.157056 -0.133052 0.973140
10001.233321000 0.397650 0.054879 0.045901 0.105942 -0.162434 -0.142800 0.970567
10001.266654000 0.403642 0.051407 0.048301 0.108622 -0.167326 -0.151636 0.968096
10001.299987000 0.408072 0.046963 0.048872 0.110300 -0.172299 -0.159337 0.965794
10001.333320000 0.404480 0.039316 0.039736 0.110532 -0.181245 -0.171563 0.962029
10001.366653000 0.397569 0.037182 0.030614 0.110183 -0.185637 -0.175721 0.960479
10001.399986000 0.388270 0.035333 0.019573 0.108273 -0.189659 -0.179386 0.959233
10001.433319000 0.376432 0.034488 0.006350 0.106444 -0.193033 -0.182221 0.958229
10001.466652000 0.363250 0.032628 -0.008198 0.103548 -0.196132 -0.184058 0.957566
10001.499985000 0.350092 0.031004 -0.022382 0.100273 -0.199154 -0.185494 0.957014
10001.533318000 0.336572 0.031037 -0.038313 0.096905 -0.201340 -0.186467 0.956714
10001.566651000 0.324356 0.031505 -0.053142 0.093701 -0.203102 -0.186786 0.956598
10001.599984000 0.314125 0.032598 -0.066791 0.090616 -0.204303 -0.186803 0.956637
10001.633317000 0.304344 0.034537 -0.080173 0.087684 -0.204950 -0.186644 0.956803
10001.666650000 0.297517 0.038793 -0.098894 0.083234 -0.205356 -0.185896 0.957259
10001.699983000 0.298455 0.042076 -0.104847 0.081818 -0.204515 -0.185717 0.957595
10001.733316000 0.302048 0.045376 -0.109198 0.081559 -0.203341 -0.185094 0.957988
10001.766649000 0.308288 0.048449 -0.111871 0.080638 -0.202491 -0.184715 0.958319
10001.799982000 0.317872 0.052102 -0.111530 0.080965 -0.201950 -0.184397 0.958467
10001.833315000 0.327373 0.055900 -0.111465 0.081201 -0.200494 -0.184222 0.958786
10001.866648000 0.340234 0.058307 -0.109736 0.081991 -0.200274 -0.184248 0.958760
10001.899981000 0.353108 0.060881 -0.106914 0.082564 -0.200286 -0.184350 0.958689
10001.933314000 0.367103 0.062601 -0.103772 0.082965 -0.200987 -0.184697 0.958440
10001.966647000 0.380887 0.063468 -0.099460 0.083736 -0.202582 -0.185255 0.957930
10001.999980000 0.408897 0.064094 -0.090518 0.085686 -0.209208 -0.187341 0.955925
10002.033313000 0.422449 0.063352 -0.086435 0.086671 -0.214090 -0.188412 0.954544
10002.066646000 0.434502 0.061487 -0.081296 0.087242 -0.218912 -0.189557 0.953171
10002.099979000 0.446847 0.059173 -0.077235 0.087889 -0.225088 -0.191864 0.951209
10002.133312000 0.458288 0.055529 -0.072502 0.088191 -0.231613 -0.193588 0.949264
10002.166645000 0.469459 0.051835 -0.067915 0.088162 -0.238745 -0.195093 0.947189
10002.199978000 0.479599 0.046355 -0.063195 0.087414 -0.245451 -0.197148 0.945116
10002.233311000 0.488952 0.041994 -0.058402 0.086778 -0.252982 -0.199359 0.942722
10002.266644000 0.497507 0.034515 -0.052826 0.084862 -0.259651 -0.201607 0.940603
10002.299977000 0.505906 0.027833 -0.047918 0.083042 -0.266743 -0.203222 0.938431
10002.333310000 0.518098 0.013600 -0.035693 0.077507 -0.278855 -0.208252 0.934272
10002.366643000 0.522506 0.006001 -0.030349 0.074038 -0.283927 -0.210428 0.932536
10002.399976000 0.526238 0.000313 -0.025108 0.070681 -0.288249 -0.212427 0.931016
10002.433309000 0.529316 -0.008796 -0.018537 0.066508 -0.292916 -0.215034 0.929267
10002.466642000 0.531796 -0.016116 -0.012756 0.062745 -0.296476 -0.216982 0.927946
10002.499975000 0.533178 -0.023392 -0.007061 0.059005 -0.299425 -0.219224 0.926717
10002.533308000 0.534382 -0.030276 -0.001875 0.055992 -0.302047 -0.221140 0.925597
10002.566641000 0.535235 -0.035563 0.003392 0.054258 -0.303979 -0.222397 0.924766
10002.599974000 0.536218 -0.041780 0.007964 0.052837 -0.305585 -0.223855 0.923967
10002.633307000 0.535921 -0.046914 0.011743 0.052604 -0.306340 -0.224649 0.923537
10002.666640000 0.536711 -0.054414 0.017133 0.056258 -0.306573 -0.224790 0.923210
10002.699973000 0.536512 -0.057645 0.019559 0.059500 -0.305648 -0.224219 0.923453
10002.733306000 0.536797 -0.058965 0.020475 0.064202 -0.304714 -0.223065 0.923726
10002.766639000 0.536109 -0.060002 0.021381 0.069916 -0.302572 -0.221195 0.924464
10002.799972000 0.536242 -0.060690 0.021897 0.076425 -0.300419 -0.218607 0.925267
10002.833305000 0.535845 -0.059899 0.021306 0.083571 -0.297537 -0.215602 0.926285
10002.866638000 0.536794 -0.059008 0.020875 0.091025 -0.295040 -0.212613 0.927072
10002.899971000 0.536329 -0.057751 0.019865 0.098210 -0.291390 -0.208544 0.928416
10002.933304000 0.536991 -0.056319 0.018747 0.105132 -0.288742 -0.204442 0.929397
10002.966637000 0.536397 -0.054257 0.017059 0.111433 -0.284954 -0.199925 0.930814
10002.999970000 0.536464 -0.048382 0.012935 0.121657 -0.277675 -0.189464 0.933916
10003.033303000 0.536924 -0.046120 0.011252 0.125415 -0.274466 -0.183956 0.935467
10003.066636000 0.536180 -0.043428 0.009064 0.128768 -0.270565 -0.178214 0.937258
10003.099969000 0.536418 -0.041167 0.007195 0.130874 -0.267570 -0.172687 0.938860
10003.133302000 0.537138 -0.039614 0.006115 0.132251 -0.265001 -0.167148 0.940397
10003.166635000 0.537036 -0.038996 0.005547 0.133594 -0.262009 -0.162111 0.941926
10003.199968000 0.536839 -0.038304 0.005082 0.134211 -0.259352 -0.157054 0.943429
10003.233301000 0.537031 -0.039481 0.006259 0.134485 -0.257226 -0.152594 0.944703
10003.266634000 0.536669 -0.041500 0.007906 0.135138 -0.254782 -0.148528 0.945919
10003.299967000 0.537012 -0.045406 0.011034 0.135263 -0.253050 -0.145040 0.946907
10003.333300000 0.537807 -0.060326 0.022036 0.134544 -0.250367 -0.140276 0.948439
10003.366633000 0.537893 -0.069881 0.029358 0.134253 -0.249417 -0.139052 0.948911
10003.399966000 0.537287 -0.079081 0.036680 0.134726 -0.248122 -0.138050 0.949329
10003.433299000 0.538739 -0.089963 0.044736 0.134168 -0.248029 -0.137842 0.949463
10003.466632000 0.539618 -0.099733 0.052448 0.134632 -0.247493 -0.137998 0.949515
10003.499965000 0.542151 -0.109843 0.060166 0.134399 -0.247796 -0.138446 0.949403
10003.533298000 0.543813 -0.118705 0.067135 0.134436 -0.247736 -0.138725 0.949373
10003.566631000 0.546082 -0.122789 0.071382 0.135211 -0.247689 -0.139285 0.949193
10003.599964000 0.549997 -0.125975 0.074791 0.135672 -0.248477 -0.139978 0.948820
10003.633297000 0.554218 -0.126477 0.075582 0.135631 -0.249258 -0.140877 0.948487
10003.666630000 0.565239 -0.115168 0.069772 0.136841 -0.250851 -0.141917 0.947738
10003.699963000 0.573325 -0.104287 0.063165 0.137643 -0.252475 -0.142344 0.947127
10003.733296000 0.579935 -0.090026 0.053808 0.138227 -0.253131 -0.142541 0.946837
10003.766629000 0.587350 -0.073679 0.042774 0.139053 -0.254025 -0.142403 0.946497
10003.799962000 0.593311 -0.055260 0.030454 0.139851 -0.254252 -0.142125 0.946360
10003.833295000 0.598899 -0.034747 0.016978 0.140657 -0.254116 -0.141832 0.946321
10003.866628000 0.603896 -0.014390 0.002597 0.141375 -0.253922 -0.141288 0.946348
10003.899961000 0.606548 0.004852 -0.010886 0.141350 -0.253094 -0.141172 0.946591
10003.933294000 0.608698 0.021116 -0.023140 0.140681 -0.252322 -0.140583 0.946984
10003.966627000 0.608947 0.037468 -0.035535 0.140696 -0.250505 -0.139955 0.947557
10003.999960000 0.599672 0.064467 -0.056482 0.139800 -0.244758 -0.139448 0.949265
10004.033293000 0.591959 0.073283 -0.064389 0.139108 -0.240933 -0.138775 0.950443
10004.066626000 0.583586 0.077419 -0.069858 0.137601 -0.237417 -0.138664 0.951563
10004.099959000 0.573397 0.080922 -0.074412 0.136466 -0.233127 -0.138406 0.952824
10004.133292000 0.561801 0.080739 -0.076261 0.134970 -0.228987 -0.138184 0.954072
10004.166625000 0.550769 0.077887 -0.076028 0.133410 -0.224999 -0.138006 0.955265
10004.199958000 0.539961 0.072001 -0.074045 0.131614 -0.221312 -0.137827 0.956401
10004.233291000 0.530830 0.063431 -0.068798 0.130002 -0.218620 -0.138236 0.957181
10004.266624000 0.521665 0.053763 -0.062500 0.128636 -0.215941 -0.138333 0.957960
10004.299957000 0.515613 0.040520 -0.053577 0.126829 -0.214882 -0.138619 0.958397
10004.333290000 0.513613 0.003727 -0.028243 0.123062 -0.217839 -0.140040 0.958014
10004.366623000 0.515763 -0.016546 -0.012522 0.121833 -0.220921 -0.140911 0.957337
10004.399956000 0.519548 -0.038506 0.004554 0.120238 -0.225378 -0.142096 0.956324
10004.433289000 0.526350 -0.061725 0.022417 0.118722 -0.231014 -0.143426 0.954969
10004.466622000 0.535341 -0.085100 0.040939 0.117121 -0.238055 -0.145115 0.953181
10004.499955000 0.544466 -0.109896 0.060116 0.115272 -0.245899 -0.146949 0.951132
10004.533288000 0.553711 -0.131467 0.077260 0.113749 -0.253721 -0.148736 0.948981
10004.566621000 0.563329 -0.151865 0.093918 0.112395 -0.262061 -0.150467 0.946600
10004.599954000 0.572461 -0.172183 0.109950 0.109795 -0.270452 -0.152593 0.944201
10004.633287000 0.580667 -0.188605 0.123147 0.108061 -0.278386 -0.154397 0.941799
10004.666620000 0.593421 -0.213515 0.142180 0.103607 -0.291953 -0.157997 0.937585
10004.699953000 0.595710 -0.219479 0.147911 0.101616 -0.296635 -0.159343 0.936104
10004.733286000 0.596912 -0.224310 0.151724 0.098684 -0.300590 -0.160997 0.934873
10004.766619000 0.599044 -0.227771 0.154397 0.096140 -0.304745 -0.162569 0.933520
10004.799952000 0.599891 -0.230597 0.156736 0.093692 -0.307666 -0.163951 0.932568
10004.833285000 0.599989 -0.233718 0.158973 0.090610 -0.310150 -0.165528 0.931771
10004.866618000 0.600788 -0.237113 0.161704 0.087695 -0.312370 -0.166868 0.931069
10004.899951000 0.601416 -0.242075 0.165845 0.084682 -0.314240 -0.168331 0.930455
10004.933284000 0.602982 -0.250110 0.171616 0.081795 -0.316356 -0.169744 0.929739
10004.966617000 0.606577 -0.261568 0.180361 0.078443 -0.319031 -0.171386 0.928812
10004.999950000 0.617421 -0.295521 0.205781 0.071527 -0.324701 -0.175029 0.926724
10005.033283000 0.624004 -0.318419 0.223044 0.067711 -0.327826 -0.176972 0.925541
10005.066616000 0.632489 -0.344052 0.242651 0.064327 -0.331655 -0.178852 0.924056
10005.099949000 0.641859 -0.371066 0.263555 0.060306 -0.335811 -0.181219 0.922363
10005.133282000 0.651336 -0.398869 0.284855 0.056647 -0.340096 -0.183525 0.920567
10005.166615000 0.660839 -0.424924 0.304548 0.053627 -0.344246 -0.185498 0.918809
10005.199948000 0.668626 -0.448849 0.323289 0.050449 -0.347920 -0.187443 0.917209
10005.233281000 0.676058 -0.470700 0.339842 0.047663 -0.351690 -0.189220 0.915553
10005.266614000 0.683409 -0.488427 0.353510 0.045131 -0.355318 -0.190914 0.913928
10005.299947000 0.687028 -0.499769 0.362276 0.043385 -0.357938 -0.192164 0.912727
10005.333280000 0.688682 -0.505059 0.366053 0.040406 -0.361428 -0.194108 0.911076
10005.366613000 0.686504 -0.498241 0.360756 0.039941 -0.362516 -0.194095 0.910667
10005.399946000 0.682182 -0.485948 0.351444 0.039697 -0.362956 -0.194395 0.910438
10005.433279000 0.676782 -0.470679 0.338360 0.039520 -0.362631 -0.194508 0.910551
10005.466612000 0.670273 -0.451292 0.323800 0.039979 -0.362310 -0.194334 0.910696
10005.499945000 0.663587 -0.432476 0.309260 0.040117 -0.361981 -0.193759 0.910944
10005.533278000 0.656546 -0.411816 0.293427 0.040822 -0.361257 -0.193392 0.911277
10005.566611000 0.649909 -0.392216 0.278447 0.041438 -0.360246 -0.193536 0.911619
10005.599944000 0.643799 -0.374864 0.265248 0.041574 -0.360166 -0.193523 0.911647
10005.633277000 0.638913 -0.360290 0.255313 0.042326 -0.359965 -0.193249 0.911750
10005.666610000 0.634796 -0.347444 0.246712 0.042512 -0.360830 -0.194360 0.911163
10005.699943000 0.634649 -0.347839 0.246977 0.042077 -0.361463 -0.195151 0.910764
10005.733276000 0.636182 -0.352427 0.251548 0.041760 -0.362490 -0.195824 0.910225
10005.766609000 0.638899 -0.359982 0.257244 0.041260 -0.363244 -0.196662 0.909767
10005.799942000 0.642349 -0.369807 0.266131 0.041015 -0.364333 -0.197400 0.909182
10005.833275000 0.646168 -0.380705 0.274463 0.040634 -0.364945 -0.198177 0.908785
10005.866608000 0.650003 -0.392003 0.283283 0.040648 -0.364861 -0.198058 0.908844
10005.899941000 0.654037 -0.404039 0.292594 0.040334 -0.364958 -0.197614 0.908916
10005.933274000 0.657554 -0.414489 0.299182 0.040448 -0.363910 -0.196845 0.909497
10005.966607000 0.660243 -0.422854 0.304373 0.041051 -0.362277 -0.195673 0.910375
10005.999940000 0.662677 -0.430111 0.306308 0.043323 -0.356466 -0.190225 0.913712
10006.033273000 0.662047 -0.428851 0.302818 0.045362 -0.352175 -0.186753 0.915990
10006.066606000 0.660610 -0.425387 0.297677 0.047690 -0.347534 -0.183021 0.918395
10006.099939000 0.658907 -0.419493 0.289910 0.049952 -0.342822 -0.179539 0.920730
10006.133272000 0.656346 -0.411799 0.282622 0.053089 -0.338150 -0.176130 0.922938
10006.166605000 0.653762 -0.403600 0.273810 0.055957 -0.333506 -0.173301 0.924991
10006.199938000 0.650331 -0.393641 0.266395 0.059153 -0.329757 -0.170941 0.926575
10006.233271000 0.646913 -0.383069 0.259402 0.063186 -0.325928 -0.169521 0.927923
10006.266604000 0.643880 -0.373482 0.254339 0.066498 -0.323688 -0.169542 0.928472
10006.299937000 0.640496 -0.361653 0.250434 0.070826 -0.321895 -0.170367 0.928624
10006.333270000 0.634623 -0.343049 0.251482 0.079155 -0.321990 -0.177230 0.926632
10006.366603000 0.632675 -0.336481 0.256597 0.083219 -0.324185 -0.183037 0.924379
10006.399936000 0.631102 -0.329043 0.263808 0.088162 -0.327083 -0.190382 0.921411
10006.433269000 0.629425 -0.323628 0.272891 0.092192 -0.330913 -0.198640 0.917900
10006.466602000 0.627900 -0.316888 0.282952 0.097043 -0.335905 -0.207683 0.913574
10006.499935000 0.626790 -0.311655 0.293932 0.102197 -0.341620 -0.217421 0.908614
10006.533268000 0.625812 -0.307706 0.305595 0.106572 -0.347780 -0.227126 0.903386
10006.566601000 0.624864 -0.303218 0.315994 0.110776 -0.353953 -0.236792 0.897984
10006.599934000 0.624106 -0.299376 0.325615 0.113762 -0.360443 -0.246536 0.892390
10006.633267000 0.623223 -0.295719 0.333627 0.116848 -0.367317 -0.255092 0.886765
10006.666600000 0.621323 -0.288816 0.343902 0.119269 -0.379533 -0.268932 0.877157
10006.699933000 0.620398 -0.286669 0.347072 0.118280 -0.385960 -0.273893 0.872942
10006.733266000 0.619835 -0.284477 0.347762 0.117238 -0.391394 -0.277711 0.869449
10006.766599000 0.618785 -0.281571 0.346580 0.114511 -0.396169 -0.280601 0.866718
10006.799932000 0.618307 -0.279983 0.345488 0.112252 -0.400907 -0.282733 0.864138
10006.833265000 0.618016 -0.279767 0.342621 0.108380 -0.404995 -0.284473 0.862153
10006.866598000 0.617873 -0.279344 0.340952 0.105082 -0.408813 -0.285305 0.860483
10006.899931000 0.618244 -0.280606 0.338250 0.100791 -0.412205 -0.286042 0.859132
10006.933264000 0.619071 -0.283286 0.337683 0.096476 -0.415575 -0.286747 0.857768
10006.966597000 0.620426 -0.287293 0.338310 0.092446 -0.419167 -0.286812 0.856441
10006.999930000 0.624850 -0.300244 0.344219 0.085696 -0.425128 -0.288240 0.853721
10007.033263000 0.627963 -0.309277 0.350029 0.083193 -0.428295 -0.289645 0.851908
10007.066596000 0.630554 -0.319523 0.356438 0.080057 -0.430789 -0.291313 0.850381
10007.099929000 0.634281 -0.330791 0.365055 0.078077 -0.433814 -0.292383 0.848659
10007.133262000 0.638571 -0.343011 0.374229 0.076323 -0.437153 -0.294624 0.846327
10007.166595000 0.642604 -0.355040 0.383781 0.074966 -0.439529 -0.295815 0.844801
10007.199928000 0.647080 -0.367894 0.394901 0.073691 -0.441985 -0.297505 0.843036
10007.233261000 0.651462 -0.381013 0.404806 0.072345 -0.444345 -0.299289 0.841279
10007.266594000 0.655746 -0.393689 0.415975 0.071744 -0.447295 -0.300693 0.839264
10007.299927000 0.659883 -0.405233 0.425226 0.071304 -0.449058 -0.301757 0.837977
10007.333260000 0.669181 -0.424837 0.442093 0.072082 -0.452596 -0.303149 0.835501
10007.366593000 0.673015 -0.433374 0.450024 0.072757 -0.453879 -0.302859 0.834851
10007.399926000 0.676857 -0.441879 0.456775 0.072704 -0.455392 -0.303069 0.833955
10007.433259000 0.679160 -0.448779 0.462168 0.073156 -0.455195 -0.302693 0.834160
10007.466592000 0.682686 -0.455058 0.467252 0.073658 -0.455611 -0.302440 0.833980
10007.499925000 0.685862 -0.461627 0.472407 0.073133 -0.456014 -0.302756 0.833691
10007.533258000 0.687861 -0.467719 0.477135 0.073033 -0.455340 -0.301966 0.834355
10007.566591000 0.689030 -0.473750 0.481587 0.071975 -0.454630 -0.302497 0.834642
10007.599924000 0.691024 -0.479342 0.484737 0.070856 -0.453323 -0.302914 0.835297
10007.633257000 0.691069 -0.485241 0.488859 0.069407 -0.451325 -0.303411 0.836319
10007.666590000 0.690635 -0.498680 0.498435 0.064264 -0.447470 -0.305840 0.837916
10007.699923000 0.689020 -0.505890 0.503060 0.060654 -0.444290 -0.307965 0.839098
10007.733256000 0.687473 -0.513514 0.508019 0.056728 -0.441476 -0.309772 0.840192
10007.766589000 0.686208 -0.521431 0.513482 0.052766 -0.438627 -0.312193 0.841045
10007.799922000 0.683973 -0.530352 0.518129 0.047673 -0.435160 -0.314450 0.842309
10007.833255000 0.681740 -0.538539 0.523702 0.043018 -0.431928 -0.316592 0.843420
10007.866588000 0.678897 -0.547329 0.529076 0.038168 -0.428905 -0.318847 0.844346
10007.899921000 0.676236 -0.555048 0.535375 0.034207 -0.425596 -0.320346 0.845622
10007.933254000 0.674169 -0.563967 0.541214 0.029858 -0.423028 -0.322296 0.846334
10007.966587000 0.671715 -0.572016 0.546697 0.025812 -0.420267 -0.323390 0.847424
10007.999920000 0.669199 -0.588741 0.558136 0.018971 -0.416466 -0.324688 0.848984
10008.033253000 0.668866 -0.596379 0.564795 0.016803 -0.415676 -0.324537 0.849474
10008.066586000 0.668492 -0.603838 0.569938 0.014623 -0.414898 -0.324417 0.849941
10008.099919000 0.668810 -0.611593 0.575321 0.013310 -0.414217 -0.324279 0.850347
10008.133252000 0.670639 -0.618639 0.582242 0.012731 -0.414624 -0.323574 0.850426
10008.166585000 0.672659 -0.625284 0.588447 0.012623 -0.415425 -0.323158 0.850195
10008.199918000 0.675925 -0.631229 0.594501 0.013812 -0.416254 -0.322636 0.849969
10008.233251000 0.678922 -0.637292 0.600685 0.015118 -0.416666 -0.321904 0.850023
10008.266584000 0.683660 -0.641940 0.606207 0.017542 -0.417515 -0.321726 0.849627
10008.299917000 0.688667 -0.646795 0.613110 0.020876 -0.418827 -0.321963 0.848815
10008.333250000 0.703294 -0.655007 0.626394 0.029104 -0.421123 -0.324214 0.846578
10008.366583000 0.712015 -0.658019 0.632368 0.034684 -0.422567 -0.326050 0.844942
10008.399916000 0.721336 -0.660767 0.640066 0.040460 -0.423866 -0.328267 0.843173
10008.433249000 0.731045 -0.664880 0.645833 0.046088 -0.424862 -0.331065 0.841287
10008.466582000 0.742764 -0.667479 0.651992 0.052295 -0.426586 -0.333956 0.838906
10008.499915000 0.754042 -0.670236 0.657358 0.058420 -0.427690 -0.337141 0.836663
10008.533248000 0.765887 -0.675048 0.663099 0.063037 -0.428986 -0.340736 0.834204
10008.566581000 0.777852 -0.679649 0.667304 0.067723 -0.430738 -0.344339 0.831450
10008.599914000 0.789792 -0.684825 0.670473 0.071774 -0.432002 -0.348199 0.828843
10008.633247000 0.803138 -0.691055 0.673446 0.075325 -0.434627 -0.352147 0.825481
10008.666580000 0.828724 -0.707113 0.675352 0.077903 -0.439810 -0.359677 0.819226
10008.699913000 0.841259 -0.716917 0.674850 0.078093 -0.442577 -0.363354 0.816089
10008.733246000 0.854650 -0.726373 0.672559 0.077329 -0.445471 -0.366397 0.813221
10008.766579000 0.867743 -0.737815 0.670511 0.075404 -0.448899 -0.369563 0.810078
10008.799912000 0.880402 -0.748394 0.667638 0.073353 -0.452396 -0.371623 0.807375
10008.833245000 0.893077 -0.759124 0.664612 0.071330 -0.455768 -0.373641 0.804724
10008.866578000 0.904675 -0.769741 0.660525 0.068589 -0.458547 -0.374795 0.802844
10008.899911000 0.916958 -0.779695 0.657019 0.066142 -0.461801 -0.375755 0.800733
10008.933244000 0.928920 -0.787198 0.653260 0.064610 -0.464408 -0.375468 0.799484
10008.966577000 0.940548 -0.794816 0.649442 0.062737 -0.466963 -0.374713 0.798498
10008.999910000 0.962597 -0.805780 0.643424 0.060308 -0.471248 -0.370787 0.798001
10009.033243000 0.973646 -0.807899 0.640679 0.060148 -0.472835 -0.367371 0.798653
10009.066576000 0.983319 -0.809052 0.638186 0.060267 -0.473672 -0.364273 0.799567
10009.099909000 0.992835 -0.809510 0.636517 0.060743 -0.475108 -0.361092 0.800122
10009.133242000 1.002371 -0.808506 0.635877 0.062145 -0.476155 -0.358246 0.800671
10009.166575000 1.010812 -0.805626 0.635559 0.063835 -0.477181 -0.355392 0.801199
10009.199908000 1.020007 -0.801915 0.636752 0.066644 -0.478931 -0.353708 0.800671
10009.233241000 1.027930 -0.797650 0.637518 0.069502 -0.479835 -0.353179 0.800120
10009.266574000 1.035050 -0.792978 0.640512 0.072847 -0.481247 -0.354201 0.798522
10009.299907000 1.042125 -0.787179 0.643276 0.077035 -0.482478 -0.356476 0.796370
10009.333240000 1.054840 -0.773459 0.652013 0.087893 -0.485596 -0.367262 0.788410
10009.366573000 1.060215 -0.766983 0.658149 0.093734 -0.487538 -0.375561 0.782607
10009.399906000 1.066791 -0.759327 0.665326 0.100647 -0.489649 -0.385003 0.775814
10009.433239000 1.071754 -0.752619 0.672129 0.107253 -0.491475 -0.395637 0.768388
10009.466572000 1.077969 -0.744511 0.679636 0.114627 -0.493346 -0.407108 0.760088
10009.499905000 1.084210 -0.736423 0.687281 0.122770 -0.495212 -0.418496 0.751368
10009.533238000 1.091201 -0.728191 0.695112 0.130901 -0.496747 -0.430173 0.742333
10009.566571000 1.099342 -0.719265 0.702873 0.139598 -0.498548 -0.441409 0.732885
10009.599904000 1.106902 -0.712126 0.709366 0.147038 -0.499755 -0.452098 0.724039
10009.633237000 1.117040 -0.703836 0.717785 0.155252 -0.502027 -0.461607 0.714692
10009.666570000 1.140921 -0.686344 0.728750 0.171578 -0.504611 -0.477220 0.698706
10009.699903000 1.155202 -0.679375 0.733587 0.178724 -0.505867 -0.483135 0.691908
10009.733236000 1.171408 -0.671006 0.737504 0.185721 -0.507523 -0.486746 0.686299
10009.766569000 1.188749 -0.663179 0.740219 0.192387 -0.508486 -0.489044 0.682104
10009.799902000 1.209264 -0.655999 0.740388 0.198360 -0.509840 -0.488922 0.679464
10009.833235000 1.232076 -0.648362 0.739567 0.203476 -0.511415 -0.486825 0.678273
10009.866568000 1.256765 -0.641766 0.737630 0.207898 -0.512863 -0.482042 0.679254
10009.899901000 1.284869 -0.635032 0.733738 0.211499 -0.514853 -0.474631 0.681850
