10000.000000000 0.000000 0.000000 0.000000 0.000000 0.000000 0.000000 1.000000
10000.033333000 -0.009184 -0.014224 0.072502 -0.017111 -0.038586 -0.096819 0.994407
10000.066666000 -0.020816 -0.026262 0.136090 -0.025688 -0.078831 -0.205205 0.975201
10000.099999000 -0.031140 -0.039051 0.192974 -0.025206 -0.121205 -0.314709 0.941080
10000.133332000 -0.043723 -0.049792 0.241075 -0.017353 -0.159118 -0.405402 0.900017
10000.166665000 -0.056499 -0.060519 0.283334 -0.005986 -0.192801 -0.474850 0.858667
10000.199998000 -0.070015 -0.070504 0.318714 0.005496 -0.220495 -0.522941 0.823337
10000.233331000 -0.084485 -0.079905 0.348394 0.014678 -0.241173 -0.554281 0.796487
10000.266664000 -0.100050 -0.088475 0.373457 0.022052 -0.256826 -0.574929 0.776538
10000.299997000 -0.116221 -0.097811 0.393414 0.025603 -0.267081 -0.589859 0.761629
10000.333330000 -0.151383 -0.114376 0.421737 0.025043 -0.271314 -0.599837 0.752301
10000.366663000 -0.170555 -0.121969 0.430946 0.020782 -0.266991 -0.599553 0.754202
10000.399996000 -0.190734 -0.130858 0.436648 0.013991 -0.258351 -0.594801 0.761098
10000.433329000 -0.211374 -0.138910 0.440656 0.005849 -0.246361 -0.584430 0.773119
10000.466662000 -0.234262 -0.147938 0.442886 -0.005110 -0.230437 -0.568718 0.789577
10000.499995000 -0.257220 -0.157288 0.444245 -0.016169 -0.213237 -0.547308 0.809149
10000.533328000 -0.282211 -0.166491 0.444558 -0.028827 -0.192227 -0.514756 0.835012
10000.566661000 -0.307460 -0.176490 0.445181 -0.039990 -0.170678 -0.473716 0.863055
10000.599994000 -0.335471 -0.187488 0.446652 -0.051399 -0.148456 -0.426603 0.890690
10000.633327000 -0.363692 -0.199690 0.448005 -0.060593 -0.125837 -0.371013 0.918065
10000.666660000 -0.424410 -0.223271 0.454225 -0.069644 -0.084478 -0.255884 0.960488
10000.699993000 -0.456430 -0.237683 0.461156 -0.071502 -0.068246 -0.206480 0.973446
10000.733326000 -0.489154 -0.253567 0.468589 -0.073108 -0.053889 -0.163138 0.982414
10000.766659000 -0.522588 -0.268359 0.477327 -0.072624 -0.041992 -0.125461 0.988545
10000.799992000 -0.555544 -0.284737 0.485478 -0.072534 -0.033177 -0.097986 0.991986
10000.833325000 -0.587597 -0.301236 0.494798 -0.071989 -0.025493 -0.073965 0.994332
10000.866658000 -0.619317 -0.317181 0.502269 -0.070865 -0.020164 -0.057430 0.995627
10000.899991000 -0.650536 -0.335123 0.509476 -0.071185 -0.016651 -0.046821 0.996224
10000.933324000 -0.681017 -0.352482 0.515831 -0.070512 -0.013323 -0.037388 0.996721
10000.966657000 -0.708690 -0.369190 0.520634 -0.069972 -0.012912 -0.035132 0.996846
10000.999990000 -0.756452 -0.401066 0.523161 -0.069248 -0.015517 -0.040705 0.996648
10001.033323000 -0.778113 -0.418207 0.521489 -0.069517 -0.017421 -0.045515 0.996390
10001.066656000 -0.797694 -0.434569 0.518162 -0.070144 -0.019942 -0.053539 0.995900
10001.099989000 -0.814419 -0.451255 0.513583 -0.070451 -0.023870 -0.064932 0.995113
10001.133322000 -0.830509 -0.467184 0.509119 -0.071871 -0.025929 -0.071887 0.994482
10001.166655000 -0.844171 -0.483599 0.503941 -0.072779 -0.028322 -0.079530 0.993769
10001.199988000 -0.857948 -0.499774 0.498392 -0.074753 -0.028135 -0.079800 0.993606
10001.233321000 -0.869463 -0.515354 0.493829 -0.077229 -0.027702 -0.079315 0.993467
10001.266654000 -0.880254 -0.531707 0.489516 -0.080321 -0.024963 -0.071934 0.993857
10001.299987000 -0.890977 -0.546811 0.486868 -0.083868 -0.019762 -0.056664 0.994668
10001.333320000 -0.908710 -0.578027 0.486506 -0.092106 -0.002547 -0.001979 0.995744
10001.366653000 -0.916873 -0.593919 0.488781 -0.096831 0.010501 0.041306 0.994388
10001.399986000 -0.923791 -0.608615 0.492387 -0.099416 0.025068 0.091041 0.990555
10001.433319000 -0.931666 -0.623924 0.498404 -0.100542 0.043490 0.153274 0.982093
10001.466652000 -0.938448 -0.639413 0.504734 -0.100133 0.061320 0.213990 0.969753
10001.499985000 -0.944685 -0.654132 0.511986 -0.096652 0.078969 0.272760 0.953952
10001.533318000 -0.950809 -0.670603 0.520884 -0.092537 0.095795 0.325958 0.935955
10001.566651000 -0.956621 -0.685031 0.528919 -0.087636 0.108944 0.365672 0.920182
10001.599984000 -0.962592 -0.700584 0.537368 -0.082161 0.120733 0.399081 0.905211
10001.633317000 -0.967937 -0.717694 0.546476 -0.078399 0.128933 0.421403 0.894231
10001.666650000 -0.976891 -0.749797 0.562933 -0.075313 0.132775 0.432287 0.888722
10001.699983000 -0.983440 -0.771177 0.553818 -0.074789 0.129944 0.422925 0.893675
10001.733316000 -0.990403 -0.772717 0.583259 -0.070165 0.122916 0.411346 0.900424
10001.766649000 -1.000250 -0.786740 0.588765 -0.069231 0.117379 0.389352 0.910952
10001.799982000 -1.009622 -0.801202 0.594258 -0.068798 0.111563 0.368530 0.920329
10001.833315000 -1.019229 -0.817326 0.599553 -0.068308 0.105898 0.346779 0.929443
10001.866648000 -1.028168 -0.832322 0.605860 -0.068047 0.100763 0.325970 0.937529
10001.899981000 -1.036843 -0.849501 0.611359 -0.067194 0.098716 0.317227 0.940801
10001.933314000 -1.046774 -0.865026 0.617253 -0.064328 0.100556 0.320354 0.939747
10001.966647000 -1.056278 -0.880740 0.621969 -0.060984 0.104519 0.331518 0.935656
10001.999980000 -1.081340 -0.910450 0.631700 -0.046573 0.129108 0.396118 0.907884
10002.033313000 -1.095940 -0.923702 0.635465 -0.035327 0.146937 0.436537 0.886903
10002.066646000 -1.111547 -0.936957 0.640626 -0.021614 0.167496 0.477364 0.862324
10002.099979000 -1.127578 -0.949456 0.644452 -0.006882 0.188372 0.511859 0.838134
10002.133312000 -1.144383 -0.961723 0.649673 0.008708 0.209462 0.538278 0.816276
10002.166645000 -1.160766 -0.973590 0.653262 0.023659 0.229354 0.560348 0.795517
10002.199978000 -1.177849 -0.986205 0.658195 0.038338 0.249554 0.577136 0.776638
10002.233311000 -1.194545 -0.997554 0.664190 0.052253 0.268102 0.589046 0.760537
10002.266644000 -1.209980 -1.009775 0.668157 0.064703 0.284773 0.598729 0.745816
10002.299977000 -1.223868 -1.021842 0.674683 0.075523 0.299366 0.605558 0.733468
10002.333310000 -1.249368 -1.047818 0.688555 0.092036 0.323903 0.615737 0.712379
10002.366643000 -1.258731 -1.061504 0.695215 0.097123 0.332695 0.620558 0.703412
10002.399976000 -1.267754 -1.075057 0.701945 0.100825 0.340178 0.625444 0.694934
10002.433309000 -1.275172 -1.089779 0.709572 0.103491 0.347603 0.631170 0.685628
10002.466642000 -1.282181 -1.105597 0.717598 0.105220 0.355050 0.638102 0.675051
10002.499975000 -1.288096 -1.121707 0.724483 0.105567 0.361682 0.646330 0.663550
10002.533308000 -1.293758 -1.136893 0.729993 0.105519 0.368088 0.655713 0.650705
10002.566641000 -1.299780 -1.154228 0.736508 0.104745 0.375575 0.665140 0.636837
10002.599974000 -1.304308 -1.172634 0.741325 0.103216 0.383344 0.677035 0.619692
10002.633307000 -1.308491 -1.190350 0.744965 0.101652 0.391810 0.689189 0.600975
10002.666640000 -1.316250 -1.227346 0.745917 0.097712 0.409176 0.714105 0.559537
10002.699973000 -1.320605 -1.247385 0.744690 0.096125 0.419462 0.725984 0.536431
10002.733306000 -1.325671 -1.268244 0.742219 0.095024 0.429796 0.736295 0.513921
10002.766639000 -1.330651 -1.288078 0.738934 0.094022 0.439545 0.744923 0.493001
10002.799972000 -1.336257 -1.308746 0.734195 0.093334 0.448951 0.751475 0.474360
10002.833305000 -1.342449 -1.328416 0.730289 0.093163 0.458118 0.756970 0.456558
10002.866638000 -1.349531 -1.347840 0.726112 0.093498 0.466633 0.760270 0.442154
10002.899971000 -1.358330 -1.366095 0.722709 0.094167 0.474803 0.762125 0.429954
10002.933304000 -1.367762 -1.385373 0.720044 0.095045 0.482237 0.763166 0.419512
10002.966637000 -1.378910 -1.403144 0.717371 0.096639 0.488948 0.762874 0.411843
10002.999970000 -1.404846 -1.433458 0.717798 0.100826 0.501085 0.758644 0.403989
10003.033303000 -1.419909 -1.446778 0.720073 0.103607 0.506502 0.755360 0.402681
10003.066636000 -1.435992 -1.460429 0.723532 0.106370 0.511618 0.751468 0.402775
10003.099969000 -1.453027 -1.472327 0.727772 0.109465 0.515900 0.747831 0.403253
10003.133302000 -1.470105 -1.483749 0.733536 0.112590 0.520408 0.743656 0.404321
10003.166635000 -1.486812 -1.495553 0.738174 0.115369 0.523898 0.740516 0.404793
10003.199968000 -1.502937 -1.506935 0.745094 0.118001 0.527404 0.737329 0.405298
10003.233301000 -1.518947 -1.518295 0.751827 0.119444 0.530602 0.734385 0.406046
10003.266634000 -1.534404 -1.531420 0.757744 0.120477 0.533281 0.732926 0.404865
10003.299967000 -1.547532 -1.544384 0.763638 0.120804 0.535683 0.732094 0.403099
10003.333300000 -1.568545 -1.573673 0.773365 0.118065 0.538705 0.734808 0.394860
10003.366633000 -1.576508 -1.589967 0.777187 0.115199 0.539960 0.737749 0.388458
10003.399966000 -1.583534 -1.606679 0.780985 0.111808 0.540646 0.741781 0.380738
10003.433299000 -1.590025 -1.624633 0.785018 0.108019 0.541520 0.746415 0.371420
10003.466632000 -1.595313 -1.642156 0.789148 0.103576 0.542029 0.751568 0.361418
10003.499965000 -1.600607 -1.659769 0.793216 0.099144 0.542348 0.757312 0.350011
10003.533298000 -1.605711 -1.676971 0.798045 0.094974 0.542820 0.762879 0.338145
10003.566631000 -1.611887 -1.693488 0.804592 0.090955 0.543759 0.768007 0.325912
10003.599964000 -1.619182 -1.709723 0.812506 0.087821 0.545034 0.772906 0.312795
10003.633297000 -1.627313 -1.724147 0.821288 0.084921 0.546186 0.776949 0.301362
10003.666630000 -1.648348 -1.748671 0.844741 0.081404 0.549971 0.782738 0.279691
10003.699963000 -1.661543 -1.758446 0.859168 0.081073 0.552691 0.784015 0.270703
10003.733296000 -1.677137 -1.767988 0.874848 0.081066 0.555953 0.784222 0.263325
10003.766629000 -1.692981 -1.776052 0.890791 0.081082 0.559253 0.783996 0.256927
10003.799962000 -1.708742 -1.783914 0.906957 0.081103 0.562677 0.783418 0.251141
10003.833295000 -1.725546 -1.791411 0.923017 0.081539 0.566342 0.782126 0.246752
10003.866628000 -1.742684 -1.800214 0.938471 0.081602 0.570705 0.780181 0.242804
10003.899961000 -1.759484 -1.808501 0.952480 0.081690 0.574612 0.778207 0.239878
10003.933294000 -1.775319 -1.818154 0.963892 0.080570 0.578625 0.776098 0.237430
10003.966627000 -1.790275 -1.828812 0.973563 0.079210 0.582623 0.773902 0.235271
10003.999960000 -1.815636 -1.855350 0.984017 0.074383 0.590036 0.769762 0.231928
10004.033293000 -1.825245 -1.871352 0.985859 0.070840 0.593933 0.767799 0.229585
10004.066626000 -1.835024 -1.888874 0.983738 0.066962 0.597139 0.766064 0.228228
10004.099959000 -1.842655 -1.907276 0.981077 0.063334 0.600482 0.764766 0.224818
10004.133292000 -1.849681 -1.926837 0.976464 0.060409 0.603410 0.763834 0.220920
10004.166625000 -1.856002 -1.947457 0.971231 0.058348 0.606142 0.763548 0.214899
10004.199958000 -1.861399 -1.968189 0.965773 0.056930 0.609090 0.763438 0.207196
10004.233291000 -1.866571 -1.988834 0.960544 0.056774 0.611496 0.763926 0.198158
10004.266624000 -1.871338 -2.010554 0.956547 0.057119 0.614226 0.764472 0.187207
10004.299957000 -1.876605 -2.030900 0.952246 0.058954 0.616660 0.765323 0.174743
10004.333290000 -1.886566 -2.070685 0.952219 0.062758 0.622292 0.766329 0.146810
10004.366623000 -1.891103 -2.089762 0.955028 0.063610 0.625455 0.766187 0.133106
10004.399956000 -1.897618 -2.108009 0.958403 0.063569 0.628709 0.765506 0.121179
10004.433289000 -1.902953 -2.125661 0.963922 0.062098 0.632073 0.764445 0.110686
10004.466622000 -1.909944 -2.141794 0.970998 0.059817 0.635466 0.763011 0.102072
10004.499955000 -1.916133 -2.158408 0.978328 0.056111 0.638866 0.761355 0.095083
10004.533288000 -1.923914 -2.173225 0.985870 0.052222 0.641727 0.759840 0.090012
10004.566621000 -1.931465 -2.187530 0.994321 0.047885 0.644592 0.758105 0.086515
10004.599954000 -1.938913 -2.201450 1.001596 0.043714 0.646408 0.757071 0.084198
10004.633287000 -1.948170 -2.214323 1.009375 0.040661 0.648107 0.755920 0.082994
10004.666620000 -1.966061 -2.237311 1.023151 0.038384 0.649151 0.755250 0.082020
10004.699953000 -1.975793 -2.247305 1.027963 0.039367 0.648474 0.755785 0.081974
10004.733286000 -1.984457 -2.257240 1.031690 0.040882 0.647357 0.756604 0.082513
10004.766619000 -1.993252 -2.265671 1.035161 0.043788 0.645937 0.757605 0.082962
10004.799952000 -2.000066 -2.274081 1.038344 0.046244 0.644385 0.758711 0.083588
10004.833285000 -2.005669 -2.282661 1.040275 0.049119 0.642655 0.759935 0.084148
10004.866618000 -2.009699 -2.289262 1.042648 0.051650 0.641044 0.761047 0.084864
10004.899951000 -2.010268 -2.295624 1.043822 0.053406 0.639374 0.762252 0.085565
10004.933284000 -2.008968 -2.302333 1.046089 0.054556 0.637982 0.763231 0.086491
10004.966617000 -2.003776 -2.307867 1.046938 0.054866 0.636855 0.764105 0.086884
10004.999950000 -1.981604 -2.318731 1.050683 0.052127 0.635699 0.765298 0.086532
10005.033283000 -1.964515 -2.324222 1.052590 0.048895 0.635836 0.765444 0.086123
10005.066616000 -1.946094 -2.328867 1.055287 0.045488 0.636181 0.765476 0.085153
10005.099949000 -1.924681 -2.334264 1.057082 0.041171 0.636669 0.765458 0.083850
10005.133282000 -1.903752 -2.340281 1.059132 0.036753 0.637438 0.765163 0.082749
10005.166615000 -1.882458 -2.345088 1.061788 0.032004 0.638241 0.764849 0.081427
10005.199948000 -1.862865 -2.351719 1.064063 0.027413 0.639204 0.764342 0.080301
10005.233281000 -1.844697 -2.358958 1.066465 0.022959 0.640086 0.763855 0.079304
10005.266614000 -1.830163 -2.366975 1.069184 0.019160 0.641268 0.763039 0.078614
10005.299947000 -1.818622 -2.375970 1.071532 0.016109 0.642200 0.762422 0.077672
10005.333280000 -1.808925 -2.396357 1.075702 0.012888 0.643907 0.761111 0.076992
10005.366613000 -1.811184 -2.409286 1.079237 0.012960 0.644889 0.760292 0.076858
10005.399946000 -1.817253 -2.421840 1.081654 0.013839 0.645496 0.759724 0.077218
10005.433279000 -1.826145 -2.436255 1.085071 0.015491 0.646417 0.758877 0.077524
10005.466612000 -1.835544 -2.451510 1.088512 0.017039 0.647101 0.758236 0.077778
10005.499945000 -1.847272 -2.467264 1.093346 0.019304 0.648139 0.757261 0.078096
10005.533278000 -1.857707 -2.484418 1.099789 0.021018 0.649202 0.756277 0.078357
10005.566611000 -1.868386 -2.502587 1.106483 0.022622 0.650481 0.755085 0.078794
10005.599944000 -1.876532 -2.521059 1.115370 0.023816 0.651870 0.753839 0.078900
10005.633277000 -1.882473 -2.539865 1.125613 0.024156 0.653550 0.752346 0.079144
10005.666610000 -1.881452 -2.579813 1.152124 0.022044 0.657986 0.748614 0.078390
10005.699943000 -1.874711 -2.600931 1.168271 0.019353 0.660609 0.746408 0.078074
10005.733276000 -1.866026 -2.622217 1.185141 0.016390 0.663265 0.744180 0.077500
10005.766609000 -1.853915 -2.643166 1.203107 0.012798 0.666074 0.741810 0.076803
10005.799942000 -1.840304 -2.663831 1.221128 0.008903 0.668789 0.739504 0.075999
10005.833275000 -1.826734 -2.684439 1.240318 0.005223 0.671567 0.737092 0.075269
10005.866608000 -1.812991 -2.703769 1.257278 0.001951 0.673916 0.735018 0.074716
10005.899941000 -1.799689 -2.722216 1.275657 -0.001040 0.676458 0.732741 0.074117
10005.933274000 -1.788190 -2.739727 1.291369 -0.003294 0.678469 0.730911 0.073747
10005.966607000 -1.778193 -2.755651 1.306986 -0.004412 0.680527 0.729058 0.073062
10005.999940000 -1.768780 -2.784038 1.331057 -0.003109 0.683243 0.726546 0.072804
10006.033273000 -1.768176 -2.796175 1.339684 -0.000413 0.684055 0.725807 0.072615
10006.066606000 -1.770685 -2.806264 1.346642 0.002829 0.684692 0.725180 0.072822
10006.099939000 -1.774891 -2.815139 1.351813 0.006952 0.684851 0.724961 0.073228
10006.133272000 -1.780295 -2.822662 1.355640 0.011627 0.684692 0.725029 0.073448
10006.166605000 -1.786221 -2.829869 1.357322 0.016209 0.684192 0.725350 0.074073
10006.199938000 -1.791480 -2.835878 1.358828 0.020615 0.683368 0.725936 0.074831
10006.233271000 -1.797956 -2.842351 1.358267 0.025009 0.682299 0.726703 0.075801
10006.266604000 -1.802907 -2.847408 1.357312 0.028551 0.681011 0.727632 0.077202
10006.299937000 -1.806830 -2.852452 1.354831 0.031909 0.679364 0.728893 0.078485
10006.333270000 -1.808230 -2.862580 1.348757 0.034794 0.675603 0.731869 0.081960
10006.366603000 -1.804500 -2.867768 1.345189 0.034622 0.673510 0.733596 0.083801
10006.399936000 -1.799821 -2.872331 1.342927 0.033906 0.671447 0.735329 0.085447
10006.433269000 -1.791296 -2.878563 1.339784 0.031865 0.669264 0.737242 0.086860
10006.466602000 -1.782104 -2.884193 1.338273 0.029708 0.667262 0.738998 0.088093
10006.499935000 -1.769267 -2.889038 1.338449 0.026607 0.665416 0.740700 0.088759
10006.533268000 -1.754631 -2.893677 1.339352 0.023230 0.663823 0.742283 0.088400
10006.566601000 -1.738177 -2.898898 1.342759 0.019770 0.662649 0.743535 0.087527
10006.599934000 -1.719432 -2.902926 1.348842 0.016309 0.661950 0.744505 0.085257
10006.633267000 -1.696901 -2.907704 1.358657 0.012361 0.662082 0.744840 0.081907
10006.666600000 -1.649314 -2.915754 1.386449 0.007416 0.664310 0.744170 0.069628
10006.699933000 -1.622544 -2.919626 1.404771 0.006127 0.666530 0.742986 0.060599
10006.733266000 -1.595171 -2.923203 1.426235 0.006312 0.669433 0.741174 0.049817
10006.766599000 -1.567125 -2.927193 1.448254 0.007997 0.672597 0.739042 0.036969
10006.799932000 -1.537923 -2.930288 1.472349 0.011036 0.676211 0.736285 0.022378
10006.833265000 -1.510964 -2.933372 1.495828 0.016498 0.679777 0.733206 0.006309
10006.866598000 -1.483326 -2.936404 1.518996 0.023247 0.683233 0.729748 -0.010985
10006.899931000 -1.457441 -2.940069 1.540986 0.031206 0.686410 0.725982 -0.028599
10006.933264000 -1.433255 -2.943403 1.562615 0.039382 0.689466 0.721807 -0.045616
10006.966597000 -1.410702 -2.946446 1.580755 0.047310 0.691853 0.717878 -0.061253
10006.999930000 -1.374857 -2.954405 1.607659 0.058339 0.695217 0.711547 -0.083493
10007.033263000 -1.359339 -2.957413 1.615479 0.059486 0.696450 0.709540 -0.089285
10007.066596000 -1.347111 -2.962245 1.621055 0.058702 0.697352 0.708426 -0.091582
10007.099929000 -1.337291 -2.965953 1.624501 0.055686 0.698053 0.708039 -0.091120
10007.133262000 -1.329692 -2.970615 1.624955 0.050698 0.698451 0.708417 -0.087984
10007.166595000 -1.322878 -2.975281 1.624093 0.044535 0.698689 0.709166 -0.083265
10007.199928000 -1.318062 -2.979708 1.622152 0.037352 0.698912 0.710098 -0.076731
10007.233261000 -1.314260 -2.983984 1.619290 0.029511 0.698738 0.711400 -0.069314
10007.266594000 -1.310389 -2.988413 1.616441 0.021672 0.698591 0.712531 -0.061652
10007.299927000 -1.307116 -2.992082 1.613572 0.014858 0.698351 0.713471 -0.055168
10007.333260000 -1.300826 -2.999328 1.608560 0.004102 0.697548 0.715107 -0.045080
10007.366593000 -1.297730 -3.002649 1.607433 0.001599 0.697308 0.715479 -0.042989
10007.399926000 -1.293932 -3.005818 1.607297 -0.000077 0.697185 0.715675 -0.041743
10007.433259000 -1.290922 -3.008497 1.607231 -0.000809 0.697125 0.715745 -0.041525
10007.466592000 -1.287319 -3.010081 1.607474 -0.000168 0.697053 0.715738 -0.042851
10007.499925000 -1.283267 -3.011390 1.608896 0.000724 0.697117 0.715574 -0.044515
10007.533258000 -1.278505 -3.012025 1.610003 0.002128 0.697248 0.715266 -0.047288
10007.566591000 -1.274223 -3.011511 1.610675 0.003185 0.697442 0.714929 -0.049408
10007.599924000 -1.268604 -3.010347 1.611182 0.004639 0.697614 0.714531 -0.052523
10007.633257000 -1.262865 -3.008960 1.612406 0.005180 0.697764 0.714214 -0.054740
10007.666590000 -1.249650 -3.002478 1.611741 0.004150 0.698281 0.713460 -0.057976
10007.699923000 -1.242633 -2.997615 1.612051 0.002663 0.698631 0.713039 -0.059009
10007.733256000 -1.235041 -2.992175 1.610951 0.000394 0.698751 0.712899 -0.059342
10007.766589000 -1.227140 -2.985827 1.609497 -0.002394 0.698842 0.712826 -0.059097
10007.799922000 -1.219074 -2.979852 1.607131 -0.004906 0.698740 0.712910 -0.059146
10007.833255000 -1.211767 -2.972326 1.605190 -0.007519 0.698566 0.713087 -0.058786
10007.866588000 -1.203580 -2.966075 1.601346 -0.010292 0.698085 0.713557 -0.058373
10007.899921000 -1.195580 -2.957477 1.598381 -0.013152 0.697407 0.714260 -0.057306
10007.933254000 -1.187609 -2.951283 1.594668 -0.015151 0.696531 0.715101 -0.056971
10007.966587000 -1.180977 -2.944435 1.589736 -0.017237 0.695384 0.716255 -0.055880
10007.999920000 -1.167320 -2.932172 1.579780 -0.019234 0.692228 0.719349 -0.054653
10008.033253000 -1.160810 -2.925689 1.573894 -0.019694 0.690183 0.721360 -0.053851
10008.066586000 -1.156156 -2.920863 1.567797 -0.019764 0.687931 0.723605 -0.052499
10008.099919000 -1.151034 -2.915141 1.561284 -0.019212 0.685632 0.725853 -0.051750
10008.133252000 -1.146647 -2.908934 1.554839 -0.018651 0.683303 0.728128 -0.050774
10008.166585000 -1.143039 -2.904248 1.547422 -0.017636 0.680688 0.730645 -0.050107
10008.199918000 -1.140738 -2.897399 1.540619 -0.016502 0.678369 0.732887 -0.049184
10008.233251000 -1.138031 -2.890122 1.534103 -0.015627 0.676146 0.735009 -0.048412
10008.266584000 -1.136674 -2.882743 1.527813 -0.014495 0.673950 0.737086 -0.047797
10008.299917000 -1.136471 -2.873249 1.521569 -0.013619 0.671973 0.738950 -0.047120
10008.333250000 -1.137745 -2.853086 1.508812 -0.012101 0.668451 0.742207 -0.046439
10008.366583000 -1.139345 -2.841968 1.503304 -0.011770 0.667127 0.743427 -0.046028
10008.399916000 -1.142431 -2.829729 1.498079 -0.011267 0.665926 0.744514 -0.045975
10008.433249000 -1.145548 -2.817287 1.493597 -0.011129 0.665066 0.745307 -0.045615
10008.466582000 -1.149666 -2.804421 1.488804 -0.010972 0.664138 0.746158 -0.045265
10008.499915000 -1.154867 -2.791603 1.485543 -0.010806 0.663556 0.746697 -0.044944
10008.533248000 -1.160104 -2.779688 1.481920 -0.011083 0.663157 0.747103 -0.044023
10008.566581000 -1.166616 -2.767601 1.478648 -0.010895 0.662877 0.747395 -0.043315
10008.599914000 -1.174049 -2.757139 1.475963 -0.010615 0.662815 0.747508 -0.042381
10008.633247000 -1.180783 -2.748109 1.473678 -0.010601 0.662860 0.747548 -0.040942
10008.666580000 -1.197381 -2.735029 1.469103 -0.009528 0.663082 0.747542 -0.037580
10008.699913000 -1.206702 -2.730768 1.467281 -0.008618 0.663229 0.747528 -0.035426
10008.733246000 -1.215526 -2.727099 1.466270 -0.007931 0.663522 0.747372 -0.033324
10008.766579000 -1.224975 -2.724367 1.465350 -0.007553 0.663910 0.747147 -0.030612
10008.799912000 -1.233656 -2.722292 1.464464 -0.006401 0.664051 0.747102 -0.028878
10008.833245000 -1.241129 -2.721569 1.462688 -0.006002 0.664044 0.747176 -0.027139
10008.866578000 -1.249706 -2.720454 1.462315 -0.005295 0.663965 0.747311 -0.025472
10008.899911000 -1.259481 -2.717262 1.461579 -0.004635 0.663590 0.747697 -0.024013
10008.933244000 -1.266687 -2.714560 1.460683 -0.004404 0.662983 0.748261 -0.023203
10008.966577000 -1.273208 -2.711053 1.459131 -0.004349 0.661936 0.749197 -0.022928
10008.999910000 -1.283400 -2.699287 1.456781 -0.004861 0.658835 0.751870 -0.024571
10009.033243000 -1.285966 -2.690431 1.454868 -0.005711 0.656450 0.753877 -0.026653
10009.066576000 -1.288386 -2.682198 1.453027 -0.006571 0.653811 0.756058 -0.029404
10009.099909000 -1.288529 -2.671709 1.450588 -0.007855 0.650690 0.758585 -0.032998
10009.133242000 -1.286743 -2.662224 1.447831 -0.009326 0.647259 0.761284 -0.037615
10009.166575000 -1.284095 -2.653088 1.445344 -0.010888 0.643472 0.764192 -0.042844
10009.199908000 -1.280136 -2.643656 1.441728 -0.012566 0.639331 0.767286 -0.048692
10009.233241000 -1.273430 -2.635497 1.438256 -0.014554 0.635034 0.770352 -0.055486
10009.266574000 -1.264894 -2.628896 1.434784 -0.016861 0.630613 0.773358 -0.062932
10009.299907000 -1.254119 -2.622466 1.430198 -0.019303 0.626040 0.776309 -0.071033
10009.333240000 -1.226190 -2.616368 1.420508 -0.024079 0.617225 0.781392 -0.088774
10009.366573000 -1.209364 -2.615590 1.414684 -0.026550 0.613077 0.783457 -0.098120
10009.399906000 -1.190588 -2.616714 1.408406 -0.029143 0.609162 0.785151 -0.107751
10009.433239000 -1.170998 -2.618566 1.401342 -0.031527 0.605430 0.786629 -0.116940
10009.466572000 -1.149982 -2.622035 1.392465 -0.033839 0.601834 0.787925 -0.125795
10009.499905000 -1.128473 -2.625266 1.383838 -0.035951 0.598804 0.788710 -0.134454
10009.533238000 -1.105941 -2.628420 1.373865 -0.038032 0.595769 0.789451 -0.142760
10009.566571000 -1.084478 -2.631876 1.362619 -0.039781 0.593335 0.789849 -0.150036
10009.599904000 -1.062620 -2.634890 1.349763 -0.041269 0.590903 0.790291 -0.156748
10009.633237000 -1.041592 -2.638865 1.336222 -0.042455 0.589223 0.790452 -0.161863
10009.666570000 -1.002571 -2.638089 1.304832 -0.044522 0.586166 0.790860 -0.170199
10009.699903000 -0.984122 -2.635831 1.288234 -0.045244 0.585117 0.790949 -0.173177
10009.733236000 -0.966832 -2.631643 1.269732 -0.045630 0.584128 0.791201 -0.175255
10009.766569000 -0.950877 -2.626208 1.252774 -0.045758 0.583498 0.791397 -0.176427
10009.799902000 -0.935824 -2.618669 1.234358 -0.045826 0.582602 0.791825 -0.177452
10009.833235000 -0.921608 -2.609750 1.218926 -0.045965 0.582131 0.791975 -0.178286
10009.866568000 -0.906669 -2.598322 1.204770 -0.046127 0.581578 0.792151 -0.179266
10009.899901000 -0.893534 -2.585484 1.192313 -0.046254 0.580875 0.792437 -0.180245
10009.933234000 -0.879949 -2.570714 1.182254 -0.046527 0.580251 0.792579 -0.181555
10009.966567000 -0.866060 -2.554115 1.174892 -0.046873 0.579279 0.792798 -0.183603
10009.999900000 -0.839681 -2.514371 1.172578 -0.048104 0.577133 0.792879 -0.189595
10010.033233000 -0.826094 -2.492019 1.176790 -0.049064 0.575776 0.792798 -0.193768
10010.066566000 -0.813642 -2.468279 1.183864 -0.049932 0.574224 0.792723 -0.198402
10010.099899000 -0.802370 -2.444430 1.193147 -0.050917 0.572449 0.792741 -0.203152
10010.133232000 -0.791141 -2.420157 1.205160 -0.052043 0.570660 0.792690 -0.208041
10010.166565000 -0.782705 -2.395906 1.218520 -0.052737 0.568701 0.792766 -0.212884
10010.199898000 -0.775338 -2.371786 1.233198 -0.053380 0.566646 0.793025 -0.217196
10010.233231000 -0.770770 -2.349286 1.249451 -0.053974 0.564630 0.793426 -0.220806
10010.266564000 -0.768899 -2.327960 1.265379 -0.054053 0.562502 0.794109 -0.223743
10010.299897000 -0.770961 -2.308605 1.280780 -0.053720 0.560170 0.795375 -0.225173
10010.333230000 -0.783156 -2.277918 1.308332 -0.051892 0.555617 0.798956 -0.224202
10010.366563000 -0.794198 -2.267074 1.321447 -0.050537 0.553528 0.801466 -0.220691
10010.399896000 -0.808794 -2.256972 1.331830 -0.048563 0.551251 0.804442 -0.215956
10010.433229000 -0.825002 -2.248842 1.341134 -0.046438 0.549337 0.807480 -0.209876
10010.466562000 -0.842542 -2.241591 1.349409 -0.044082 0.547737 0.810567 -0.202541
10010.499895000 -0.861774 -2.233772 1.356344 -0.041672 0.546339 0.813692 -0.194118
10010.533228000 -0.881441 -2.226846 1.361544 -0.038790 0.545299 0.816732 -0.184641
10010.566561000 -0.901339 -2.219265 1.365398 -0.036172 0.545091 0.819200 -0.174582
10010.599894000 -0.921599 -2.209860 1.366379 -0.033327 0.545008 0.821696 -0.163313
10010.633227000 -0.940505 -2.198596 1.366763 -0.029967 0.545567 0.823543 -0.152432
10010.666560000 -0.972266 -2.180773 1.364842 -0.026432 0.550622 0.824473 -0.127908
10010.699893000 -0.986086 -2.163507 1.361108 -0.024695 0.554163 0.823986 -0.115501
10010.733226000 -0.997959 -2.144471 1.354943 -0.022317 0.558279 0.822872 -0.103479
10010.766559000 -1.009296 -2.122847 1.347219 -0.019420 0.562519 0.821482 -0.091450
10010.799892000 -1.020208 -2.102407 1.339301 -0.016552 0.567570 0.819479 -0.077744
10010.833225000 -1.030580 -2.075867 1.332939 -0.012692 0.573881 0.816180 -0.065949
10010.866558000 -1.038550 -2.051871 1.323492 -0.009138 0.579573 0.813136 -0.053118
10010.899891000 -1.046332 -2.025580 1.313671 -0.005129 0.584706 0.810261 -0.039626
10010.933224000 -1.053680 -2.000447 1.303588 -0.001208 0.590103 0.806919 -0.025671
10010.966557000 -1.059773 -1.975529 1.292490 0.002405 0.594269 0.804186 -0.011127
10010.999890000 -1.072006 -1.927309 1.272405 0.011316 0.599745 0.799835 0.021009
10011.033223000 -1.079038 -1.905339 1.262433 0.015982 0.601061 0.798093 0.038963
10011.066556000 -1.086901 -1.883841 1.252858 0.021584 0.601049 0.796767 0.058619
10011.099889000 -1.095270 -1.861103 1.244085 0.028024 0.600004 0.795456 0.080373
10011.133222000 -1.104175 -1.839855 1.235041 0.034637 0.597650 0.794314 0.103342
10011.166555000 -1.113603 -1.818631 1.227575 0.041984 0.594872 0.792385 0.128420
10011.199888000 -1.124849 -1.796559 1.218782 0.049653 0.591140 0.789810 0.155845
10011.233221000 -1.132785 -1.775402 1.210550 0.056317 0.586585 0.786929 0.183003
10011.266554000 -1.144943 -1.752714 1.202900 0.064586 0.582667 0.781976 0.211757
10011.299887000 -1.158260 -1.730852 1.196211 0.072625 0.578749 0.775775 0.240726
10011.333220000 -1.186287 -1.682929 1.183278 0.089334 0.572242 0.759942 0.295038
10011.366553000 -1.202346 -1.659327 1.175689 0.097457 0.569067 0.751623 0.318948
10011.399886000 -1.217736 -1.631700 1.169344 0.105438 0.566950 0.742693 0.340380
10011.433219000 -1.234003 -1.607099 1.162565 0.112546 0.564864 0.734343 0.359170
10011.466552000 -1.249253 -1.581806 1.155322 0.118795 0.562821 0.726322 0.376266
10011.499885000 -1.264970 -1.556753 1.146671 0.124593 0.560516 0.719256 0.391114
10011.533218000 -1.279874 -1.532414 1.138400 0.129587 0.557990 0.712900 0.404510
10011.566551000 -1.295216 -1.507672 1.127295 0.134251 0.554445 0.707255 0.417561
10011.599884000 -1.308580 -1.486737 1.115960 0.137846 0.551015 0.702514 0.428783
10011.633217000 -1.321788 -1.465431 1.102567 0.140977 0.546202 0.698148 0.440884
10011.666550000 -1.342424 -1.432782 1.070557 0.143599 0.533947 0.691311 0.465156
10011.699883000 -1.349011 -1.415443 1.052783 0.145126 0.525385 0.688566 0.478316
10011.733216000 -1.357489 -1.402496 1.031328 0.146092 0.515482 0.686110 0.492127
10011.766549000 -1.361921 -1.389051 1.009129 0.145967 0.504172 0.683521 0.507250
10011.799882000 -1.365416 -1.376710 0.985859 0.145279 0.491664 0.681278 0.522514
10011.833215000 -1.367707 -1.365675 0.961179 0.143661 0.478135 0.678232 0.539212
10011.866548000 -1.367775 -1.354652 0.935597 0.140750 0.463135 0.674700 0.557203
10011.899881000 -1.366090 -1.343132 0.907545 0.136801 0.446491 0.670954 0.575979
10011.933214000 -1.363327 -1.331439 0.880210 0.132077 0.429723 0.666341 0.594882
10011.966547000 -1.360432 -1.323097 0.852644 0.125596 0.413550 0.660686 0.613756
10011.999880000 -1.353640 -1.297974 0.795510 0.112075 0.380753 0.646073 0.651963
10012.033213000 -1.346870 -1.280950 0.764920 0.104786 0.363894 0.638636 0.669885
10012.066546000 -1.337538 -1.264991 0.734366 0.096348 0.347893 0.630583 0.687061
10012.099879000 -1.328902 -1.250732 0.707040 0.087903 0.334891 0.622648 0.701734
10012.133212000 -1.317814 -1.233492 0.674525 0.079926 0.320455 0.614857 0.716150
10012.166545000 -1.301987 -1.213315 0.642594 0.072502 0.305226 0.608577 0.728844
10012.199878000 -1.291044 -1.195104 0.615206 0.066317 0.294506 0.600412 0.740522
10012.233211000 -1.279926 -1.176937 0.591448 0.061223 0.285411 0.593857 0.749751
10012.266544000 -1.268309 -1.158443 0.568143 0.057228 0.277473 0.587517 0.757996
10012.299877000 -1.256124 -1.140027 0.547919 0.053815 0.270303 0.582317 0.764818
10012.333210000 -1.241457 -1.107533 0.525697 0.052002 0.265927 0.572494 0.773840
10012.366543000 -1.233753 -1.091418 0.517962 0.052327 0.264416 0.569172 0.776781
10012.399876000 -1.226556 -1.076585 0.511599 0.053579 0.263877 0.566555 0.778789
10012.433209000 -1.219094 -1.061880 0.508817 0.055581 0.264459 0.563947 0.780344
10012.466542000 -1.212659 -1.046668 0.507082 0.058408 0.265658 0.561118 0.781768
10012.499875000 -1.205696 -1.032243 0.503244 0.061023 0.266005 0.557371 0.784127
10012.533208000 -1.200465 -1.016972 0.500905 0.065024 0.267445 0.552931 0.786456
10012.566541000 -1.193316 -1.001576 0.496833 0.068527 0.267299 0.547550 0.789965
10012.599874000 -1.185737 -0.985056 0.490143 0.072243 0.266338 0.539787 0.795283
10012.633207000 -1.178864 -0.968297 0.480710 0.075926 0.264453 0.530411 0.801850
10012.666540000 -1.160953 -0.931719 0.449288 0.080913 0.254471 0.504398 0.821146
10012.699873000 -1.151502 -0.911228 0.428123 0.083117 0.247264 0.488439 0.832694
10012.733206000 -1.140853 -0.891769 0.403192 0.084301 0.238720 0.471151 0.844940
10012.766539000 -1.130108 -0.870937 0.375983 0.085240 0.229702 0.452853 0.857261
10012.799872000 -1.118073 -0.849975 0.347803 0.085498 0.219834 0.433726 0.869623
10012.833205000 -1.106669 -0.830499 0.317306 0.084962 0.210325 0.416624 0.880323
10012.866538000 -1.094830 -0.810955 0.286676 0.083891 0.200826 0.400080 0.890262
10012.899871000 -1.083874 -0.792851 0.258070 0.082215 0.192625 0.385131 0.898783
10012.933204000 -1.072611 -0.776762 0.228613 0.078854 0.184479 0.372386 0.906134
10012.966537000 -1.062833 -0.762483 0.202134 0.074802 0.177928 0.362847 0.911641
10012.999870000 -1.045052 -0.739149 0.154451 0.062834 0.166949 0.352558 0.918631
10013.033203000 -1.038162 -0.730990 0.135429 0.055243 0.163231 0.352036 0.919986
10013.066536000 -1.031837 -0.724136 0.118063 0.046558 0.160210 0.354244 0.920150
10013.099869000 -1.026738 -0.718992 0.103007 0.037568 0.158063 0.359106 0.919047
10013.133202000 -1.022951 -0.716142 0.091235 0.028183 0.156903 0.366429 0.916688
10013.166535000 -1.019047 -0.712327 0.081130 0.018774 0.155478 0.373805 0.914190
10013.199868000 -1.016775 -0.709600 0.071264 0.010066 0.154948 0.383395 0.910438
10013.233201000 -1.015180 -0.707434 0.065023 0.001850 0.155127 0.393735 0.906038
10013.266534000 -1.014786 -0.705452 0.058994 -0.005234 0.155134 0.403092 0.901900
10013.299867000 -1.015153 -0.703325 0.053944 -0.011661 0.155267 0.411881 0.897837
10013.333200000 -1.017861 -0.693199 0.047130 -0.018815 0.154028 0.418986 0.894635
10013.366533000 -1.019441 -0.687010 0.043861 -0.020848 0.152460 0.417278 0.895656
10013.399866000 -1.020957 -0.680328 0.041350 -0.021581 0.150521 0.412730 0.898071
10013.433199000 -1.022136 -0.672778 0.038550 -0.021251 0.148487 0.406302 0.901343
10013.466532000 -1.022795 -0.664376 0.036492 -0.020158 0.146229 0.397893 0.905479
10013.499865000 -1.021437 -0.655494 0.034382 -0.018275 0.143587 0.387507 0.910432
10013.533198000 -1.017789 -0.646791 0.032367 -0.016368 0.141090 0.377284 0.915141
10013.566531000 -1.012278 -0.638009 0.029025 -0.014134 0.138433 0.366867 0.919807
10013.599864000 -1.004291 -0.629629 0.027066 -0.012140 0.136047 0.357604 0.923831
10013.633197000 -0.992845 -0.621345 0.022761 -0.010046 0.133697 0.348496 0.927672
10013.666530000 -0.959348 -0.605192 0.012707 -0.007417 0.129614 0.334952 0.933248
10013.699863000 -0.937357 -0.598196 0.006426 -0.007238 0.128178 0.331106 0.934819
10013.733196000 -0.912830 -0.590570 0.001050 -0.007068 0.126907 0.327950 0.936105
10013.766529000 -0.887338 -0.583268 -0.005445 -0.007723 0.125955 0.325719 0.937007
10013.799862000 -0.859881 -0.575757 -0.010711 -0.008409 0.125314 0.325122 0.937295
10013.833195000 -0.832036 -0.567628 -0.016256 -0.009132 0.124880 0.324870 0.937433
10013.866528000 -0.804915 -0.558773 -0.021256 -0.009841 0.125135 0.326793 0.936723
10013.899861000 -0.778432 -0.548358 -0.024512 -0.010404 0.125536 0.328059 0.936221
10013.933194000 -0.754055 -0.536390 -0.026046 -0.010191 0.126794 0.332036 0.934650
10013.966527000 -0.732827 -0.522532 -0.027213 -0.009093 0.128665 0.335847 0.933043
10013.999860000 -0.699818 -0.491609 -0.022577 -0.005832 0.134113 0.345971 0.928592
10014.033193000 -0.688755 -0.471885 -0.017350 -0.002548 0.137706 0.351962 0.925826
10014.066526000 -0.679700 -0.451492 -0.009816 0.000921 0.141045 0.357155 0.923334
10014.099859000 -0.672889 -0.428249 -0.000602 0.004885 0.144413 0.361841 0.920973
10014.133192000 -0.668638 -0.405151 0.008923 0.009071 0.148050 0.366582 0.918486
10014.166525000 -0.664431 -0.381184 0.021358 0.012957 0.151396 0.370447 0.916341
10014.199858000 -0.660330 -0.357300 0.033649 0.016847 0.154708 0.374012 0.914274
10014.233191000 -0.657103 -0.332213 0.047842 0.020474 0.157883 0.377512 0.912216
10014.266524000 -0.652137 -0.308536 0.063208 0.023593 0.160443 0.380228 0.910565
10014.299857000 -0.645262 -0.284689 0.079446 0.025977 0.162734 0.382670 0.909069
10014.333190000 -0.624556 -0.238543 0.113325 0.029331 0.165455 0.385559 0.907253
10014.366523000 -0.611075 -0.217541 0.129903 0.029969 0.166394 0.386649 0.906597
10014.399856000 -0.595118 -0.197463 0.146959 0.029944 0.166741 0.386968 0.906398
10014.433189000 -0.576984 -0.178704 0.162927 0.029193 0.166428 0.386751 0.906572
10014.466522000 -0.557055 -0.160636 0.178549 0.027901 0.165481 0.385957 0.907124
10014.499855000 -0.536442 -0.144061 0.192428 0.026242 0.164328 0.384201 0.908129
10014.533188000 -0.515132 -0.127927 0.206520 0.024122 0.162581 0.381394 0.909684
10014.566521000 -0.492254 -0.111841 0.217282 0.022118 0.159702 0.376643 0.912220
10014.599854000 -0.469539 -0.097235 0.225381 0.019686 0.156047 0.371274 0.915105
10014.633187000 -0.446233 -0.081797 0.232792 0.017882 0.151515 0.362986 0.919220
10014.666520000 -0.402592 -0.057399 0.237934 0.013379 0.141563 0.342353 0.928749
10014.699853000 -0.380774 -0.045783 0.236436 0.011390 0.135206 0.327986 0.934888
10014.733186000 -0.361174 -0.033692 0.233067 0.010446 0.128899 0.312622 0.941033
10014.766519000 -0.341754 -0.023427 0.227926 0.009166 0.121966 0.295880 0.947362
10014.799852000 -0.323567 -0.013661 0.221157 0.008314 0.115444 0.279626 0.953107
10014.833185000 -0.308924 -0.001089 0.214216 0.009600 0.109418 0.261813 0.958848
10014.866518000 -0.293907 0.010589 0.207322 0.010647 0.103380 0.245654 0.963770
10014.899851000 -0.283300 0.024383 0.201231 0.013677 0.098726 0.230528 0.967948
10014.933184000 -0.275422 0.038571 0.194641 0.016991 0.094531 0.216134 0.971628
10014.966517000 -0.268746 0.053359 0.190155 0.020513 0.091306 0.204103 0.974466
10014.999850000 -0.262803 0.085842 0.184335 0.029171 0.086694 0.186230 0.978239
10015.033183000 -0.263560 0.104318 0.182856 0.034289 0.085277 0.179731 0.979412
10015.066516000 -0.268183 0.122044 0.185211 0.039034 0.086396 0.175593 0.979887
10015.099849000 -0.272650 0.143144 0.187541 0.045427 0.086537 0.171478 0.980328
10015.133182000 -0.277179 0.165151 0.188933 0.051736 0.086778 0.167995 0.980597
10015.166515000 -0.281256 0.187791 0.190981 0.058459 0.087039 0.166129 0.980514
10015.199848000 -0.285142 0.211754 0.194368 0.065798 0.087332 0.163966 0.980387
10015.233181000 -0.288642 0.236260 0.196987 0.073626 0.087434 0.160551 0.980387
10015.266514000 -0.288873 0.258420 0.198341 0.079729 0.086752 0.156592 0.980610
10015.299847000 -0.287347 0.278719 0.198406 0.085144 0.086109 0.151771 0.980970
10015.333180000 -0.274104 0.321752 0.193802 0.096458 0.081921 0.139663 0.982079
10015.366513000 -0.263398 0.340896 0.188989 0.101330 0.079049 0.132791 0.982777
10015.399846000 -0.250200 0.358662 0.184807 0.105807 0.075883 0.124074 0.983693
10015.433179000 -0.235115 0.374293 0.178267 0.109379 0.072068 0.115481 0.984635
10015.466512000 -0.218802 0.389256 0.171704 0.112752 0.067897 0.106915 0.985518
10015.499845000 -0.201337 0.403475 0.164885 0.115612 0.063247 0.097298 0.986492
10015.533178000 -0.183975 0.414503 0.158278 0.117462 0.058676 0.088254 0.987406
10015.566511000 -0.166083 0.424294 0.151952 0.118926 0.053612 0.078438 0.988347
10015.599844000 -0.149031 0.431446 0.147056 0.119870 0.048413 0.068263 0.989256
10015.633177000 -0.132311 0.435941 0.141555 0.119588 0.042951 0.058481 0.990169
10015.666510000 -0.105556 0.437363 0.136240 0.116900 0.032372 0.039195 0.991842
10015.699843000 -0.096176 0.435980 0.136330 0.115000 0.027321 0.030011 0.992536
10015.733176000 -0.088367 0.430404 0.136414 0.111719 0.022204 0.020326 0.993284
10015.766509000 -0.080729 0.424843 0.138809 0.108430 0.016367 0.009260 0.993926
10015.799842000 -0.074491 0.415978 0.141002 0.104116 0.010712 -0.001288 0.994507
10015.833175000 -0.070573 0.406657 0.144800 0.099618 0.004908 -0.012702 0.994933
10015.866508000 -0.065622 0.397341 0.149691 0.095197 -0.001571 -0.025642 0.995127
10015.899841000 -0.061861 0.387410 0.154747 0.090681 -0.007896 -0.038542 0.995103
10015.933174000 -0.058362 0.376446 0.160111 0.085856 -0.014588 -0.052410 0.994821
10015.966507000 -0.054478 0.366504 0.165184 0.081481 -0.021767 -0.067598 0.994142
10015.999840000 -0.044231 0.349142 0.176145 0.074116 -0.037422 -0.100748 0.991441
10016.033173000 -0.039550 0.341031 0.181479 0.070904 -0.045342 -0.117894 0.989453
10016.066506000 -0.032919 0.334864 0.187270 0.068830 -0.053653 -0.135584 0.986915
10016.099839000 -0.026692 0.328149 0.191838 0.066783 -0.061651 -0.152979 0.984041
10016.133172000 -0.019168 0.320819 0.195820 0.064981 -0.070162 -0.171240 0.980577
10016.166505000 -0.012411 0.316087 0.197528 0.063964 -0.077549 -0.187597 0.977089
10016.199838000 -0.004927 0.309094 0.201928 0.063104 -0.085519 -0.204114 0.973161
10016.233171000 0.004093 0.304594 0.204008 0.063400 -0.092772 -0.219939 0.969021
10016.266504000 0.010489 0.297279 0.202771 0.062148 -0.099110 -0.234073 0.965155
10016.299837000 0.017990 0.289882 0.203490 0.061448 -0.105225 -0.246844 0.961364
10016.333170000 0.031441 0.272136 0.197953 0.058689 -0.114976 -0.268577 0.954569
10016.366503000 0.038197 0.263357 0.191978 0.057263 -0.118242 -0.277291 0.951761
10016.399836000 0.043701 0.253296 0.185742 0.055224 -0.120842 -0.284463 0.949436
10016.433169000 0.050239 0.242643 0.179339 0.053123 -0.123580 -0.291380 0.947103
10016.466502000 0.056772 0.231074 0.171984 0.050752 -0.125678 -0.297542 0.945039
10016.499835000 0.062463 0.220526 0.164124 0.048497 -0.127156 -0.302417 0.943410
10016.533168000 0.069072 0.210078 0.157501 0.046408 -0.128418 -0.306759 0.941942
10016.566501000 0.076298 0.200695 0.150198 0.044674 -0.129663 -0.310853 0.940512
10016.599834000 0.084362 0.191166 0.144113 0.043156 -0.131254 -0.315541 0.938799
10016.633167000 0.092890 0.183031 0.138800 0.041990 -0.132626 -0.319355 0.937368
10016.666500000 0.110989 0.168242 0.131312 0.040351 -0.135770 -0.327175 0.934288
10016.699833000 0.121282 0.163526 0.129775 0.040659 -0.137829 -0.331521 0.932440
10016.733166000 0.131575 0.158867 0.129344 0.040991 -0.140000 -0.335773 0.930578
10016.766499000 0.141114 0.155738 0.129466 0.041636 -0.142171 -0.339650 0.928812
10016.799832000 0.151675 0.152106 0.131592 0.042467 -0.144730 -0.344284 0.926671
10016.833165000 0.160986 0.149159 0.133798 0.043461 -0.147544 -0.349305 0.924298
10016.866498000 0.169373 0.146187 0.135525 0.044220 -0.150004 -0.353745 0.922176
10016.899831000 0.177418 0.142954 0.138761 0.045176 -0.153095 -0.359314 0.919464
10016.933164000 0.183201 0.139570 0.142140 0.045755 -0.155683 -0.364167 0.917089
10016.966497000 0.187770 0.135554 0.145674 0.046192 -0.158568 -0.369692 0.914358
10016.999830000 0.191541 0.125122 0.152939 0.046211 -0.164662 -0.382298 0.908074
10017.033163000 0.190775 0.118809 0.156539 0.045799 -0.167868 -0.389309 0.904523
10017.066496000 0.187813 0.111550 0.159557 0.044818 -0.170629 -0.395816 0.901225
10017.099829000 0.184548 0.104392 0.163725 0.044266 -0.173645 -0.402712 0.897614
10017.133162000 0.179848 0.095707 0.166000 0.042967 -0.176602 -0.410310 0.893651
10017.166495000 0.175118 0.087445 0.169484 0.041800 -0.179411 -0.417477 0.889818
10017.199828000 0.169589 0.079456 0.172819 0.040655 -0.182279 -0.424695 0.885864
10017.233161000 0.164439 0.069896 0.175611 0.039225 -0.185115 -0.432316 0.881644
10017.266494000 0.159829 0.061508 0.179257 0.038062 -0.187811 -0.439176 0.877726
10017.299827000 0.156042 0.052522 0.181669 0.036619 -0.190411 -0.446419 0.873563
10017.333160000 0.152480 0.036648 0.188023 0.034870 -0.195098 -0.458334 0.866401
10017.366493000 0.153357 0.028594 0.191505 0.034132 -0.197519 -0.464513 0.862583
10017.399826000 0.154303 0.020902 0.194606 0.033264 -0.199624 -0.469947 0.859182
10017.433159000 0.157005 0.011952 0.198112 0.032566 -0.201727 -0.475368 0.855728
10017.466492000 0.161786 0.002871 0.201837 0.032244 -0.204394 -0.481105 0.851893
10017.499825000 0.167186 -0.006906 0.206709 0.031749 -0.207213 -0.487583 0.847536
10017.533158000 0.173808 -0.016990 0.211670 0.031870 -0.210333 -0.494160 0.842942
10017.566491000 0.181274 -0.030154 0.216348 0.031371 -0.213692 -0.501714 0.837636
10017.599824000 0.189584 -0.043303 0.221232 0.031334 -0.217238 -0.509067 0.832272
10017.633157000 0.199109 -0.059329 0.226400 0.031269 -0.221469 -0.517898 0.825684
10017.666490000 0.221048 -0.097155 0.239544 0.031709 -0.231884 -0.538391 0.809542
10017.699823000 0.233224 -0.119369 0.246769 0.032101 -0.237979 -0.549878 0.799981
10017.733156000 0.244794 -0.142942 0.255048 0.032532 -0.244321 -0.561893 0.789636
10017.766489000 0.257413 -0.166929 0.264080 0.033423 -0.251264 -0.573862 0.778737
10017.799822000 0.269377 -0.191949 0.272789 0.034121 -0.258252 -0.586288 0.767078
10017.833155000 0.280728 -0.216723 0.280915 0.034769 -0.265009 -0.597898 0.755698
10017.866488000 0.291421 -0.239944 0.289916 0.035666 -0.271929 -0.608945 0.744291
10017.899821000 0.299779 -0.263894 0.299365 0.035934 -0.278412 -0.619636 0.732971
10017.933154000 0.310251 -0.284686 0.307770 0.037149 -0.284849 -0.630000 0.721513
10017.966487000 0.317333 -0.303344 0.317052 0.037686 -0.290527 -0.639348 0.710920
10017.999820000 0.326239 -0.334668 0.334567 0.037945 -0.300911 -0.657087 0.690108
10018.033153000 0.326969 -0.346086 0.342425 0.037289 -0.305189 -0.665137 0.680486
10018.066486000 0.326708 -0.355901 0.349519 0.036532 -0.308915 -0.672954 0.671096
10018.099819000 0.324887 -0.363776 0.356820 0.035606 -0.312281 -0.680623 0.661789
10018.133152000 0.321488 -0.370892 0.361673 0.034350 -0.315074 -0.687808 0.653045
10018.166485000 0.316746 -0.376494 0.366339 0.032846 -0.317514 -0.695008 0.644260
10018.199818000 0.312552 -0.380990 0.369445 0.031582 -0.319617 -0.701785 0.635882
10018.233151000 0.305755 -0.387085 0.369600 0.029315 -0.321015 -0.708499 0.627790
10018.266484000 0.300293 -0.391680 0.369399 0.028067 -0.322088 -0.714717 0.620202
10018.299817000 0.294195 -0.398426 0.366071 0.026011 -0.322851 -0.721161 0.612387
10018.333150000 0.279773 -0.415294 0.352909 0.021807 -0.323174 -0.733233 0.597873
10018.366483000 0.273013 -0.426793 0.342208 0.019498 -0.322663 -0.738937 0.591169
10018.399816000 0.266468 -0.436646 0.328435 0.017889 -0.321086 -0.744305 0.585315
10018.433149000 0.260999 -0.448475 0.315228 0.016214 -0.319996 -0.748818 0.580182
10018.466482000 0.255713 -0.463219 0.300323 0.014471 -0.319493 -0.753711 0.574138
10018.499815000 0.251118 -0.477733 0.284676 0.012689 -0.318614 -0.757438 0.569748
10018.533148000 0.248036 -0.494581 0.268213 0.011103 -0.318149 -0.761506 0.564593
10018.566481000 0.246549 -0.510593 0.252121 0.009943 -0.317798 -0.764551 0.560684
10018.599814000 0.245542 -0.527670 0.237535 0.009006 -0.317767 -0.767492 0.556686
10018.633147000 0.246476 -0.543742 0.221251 0.008249 -0.317588 -0.769098 0.554579
10018.666480000 0.252430 -0.575950 0.196885 0.008184 -0.319183 -0.771911 0.549735
10018.699813000 0.258718 -0.591778 0.186960 0.009075 -0.320779 -0.772276 0.548278
10018.733146000 0.266265 -0.606255 0.178373 0.010006 -0.322145 -0.771868 0.548036
10018.766479000 0.273475 -0.621052 0.172265 0.011136 -0.323979 -0.771697 0.547172
10018.799812000 0.281594 -0.635900 0.167077 0.012349 -0.325774 -0.771128 0.546883
10018.833145000 0.289029 -0.649951 0.162886 0.013497 -0.327050 -0.770078 0.547573
10018.866478000 0.294978 -0.663805 0.160560 0.014404 -0.328295 -0.769393 0.547767
10018.899811000 0.300820 -0.677414 0.159070 0.015271 -0.329126 -0.768199 0.548919
10018.933144000 0.304180 -0.691938 0.158184 0.015635 -0.329287 -0.767328 0.550030
10018.966477000 0.305650 -0.705197 0.159191 0.015825 -0.329003 -0.766409 0.551474
10018.999810000 0.299430 -0.732290 0.163268 0.014392 -0.325845 -0.765281 0.554944
10019.033143000 0.291590 -0.746210 0.167865 0.012971 -0.323513 -0.765324 0.556282
10019.066476000 0.281051 -0.759103 0.170986 0.011287 -0.320304 -0.764919 0.558729
10019.099809000 0.268968 -0.772761 0.176734 0.009558 -0.317416 -0.765081 0.560185
10019.133142000 0.253434 -0.785804 0.181868 0.007383 -0.314276 -0.765291 0.561699
10019.166475000 0.236895 -0.799087 0.187234 0.005464 -0.311576 -0.766083 0.562145
10019.199808000 0.219486 -0.812360 0.193944 0.003910 -0.309491 -0.766924 0.562163
10019.233141000 0.199756 -0.825235 0.200346 0.002478 -0.308046 -0.768306 0.561077
10019.266474000 0.178081 -0.837090 0.206107 0.001377 -0.307024 -0.769954 0.559380
10019.299807000 0.157757 -0.848661 0.212281 0.001231 -0.307792 -0.771764 0.556456
10019.333140000 0.113643 -0.869848 0.225421 0.003512 -0.313909 -0.777388 0.545084
10019.366473000 0.091786 -0.880856 0.231082 0.005916 -0.319523 -0.780598 0.537157
10019.399806000 0.069001 -0.890762 0.237338 0.008895 -0.326244 -0.783727 0.528448
10019.433139000 0.046482 -0.900003 0.242316 0.012056 -0.333522 -0.786667 0.519396
10019.466472000 0.024212 -0.909047 0.247041 0.016235 -0.341708 -0.789822 0.509071
10019.499805000 0.000723 -0.917397 0.250657 -0.019843 0.349780 0.792702 -0.498883
10019.533138000 -0.023976 -0.926704 0.254319 -0.022762 0.358105 0.795567 -0.488177
10019.566471000 -0.048508 -0.935828 0.255828 -0.025731 0.365636 0.798568 -0.477428
10019.599804000 -0.072184 -0.944108 0.258102 -0.028088 0.372664 0.801315 -0.467148
10019.633137000 -0.097568 -0.953300 0.260074 -0.029155 0.378595 0.804853 -0.456100
10019.666470000 -0.150392 -0.972488 0.260525 -0.028312 0.385545 0.814156 -0.433247
10019.699803000 -0.176716 -0.982368 0.259960 -0.026531 0.386502 0.820152 -0.421025
10019.733136000 -0.203068 -0.992335 0.258721 -0.024118 0.386136 0.826752 -0.408411
10019.766469000 -0.229414 -1.002010 0.258655 -0.021191 0.384774 0.833941 -0.395021
10019.799802000 -0.255803 -1.012179 0.259124 -0.018182 0.383426 0.841534 -0.380098
10019.833135000 -0.280956 -1.022665 0.259672 -0.015195 0.381663 0.849101 -0.364870
10019.866468000 -0.305684 -1.032085 0.262174 -0.012578 0.380360 0.856470 -0.348750
10019.899801000 -0.328419 -1.040448 0.268394 -0.010703 0.380220 0.862980 -0.332540
10019.933134000 -0.349079 -1.049337 0.276398 -0.009233 0.380991 0.868707 -0.316401
10019.966467000 -0.369141 -1.058391 0.287521 -0.008518 0.383520 0.873182 -0.300653
10019.999800000 -0.401009 -1.073812 0.319893 -0.009486 0.394021 0.876590 -0.276129
10020.033133000 -0.414176 -1.081060 0.340001 -0.010962 0.401763 0.875929 -0.266862
10020.066466000 -0.424662 -1.088898 0.364418 -0.013186 0.411679 0.873417 -0.259788
10020.099799000 -0.434025 -1.096276 0.388838 -0.015455 0.421503 0.870172 -0.254747
10020.133132000 -0.441360 -1.103696 0.415216 -0.018225 0.432167 0.865613 -0.252217
10020.166465000 -0.446908 -1.111693 0.441634 -0.021260 0.442935 0.860480 -0.250859
10020.199798000 -0.451598 -1.120464 0.468077 -0.024211 0.453104 0.855126 -0.250740
10020.233131000 -0.454447 -1.131066 0.493164 -0.027386 0.462739 0.849546 -0.251782
10020.266464000 -0.456228 -1.141941 0.516707 -0.030360 0.470928 0.844177 -0.254304
10020.299797000 -0.458123 -1.154089 0.537575 -0.033027 0.477703 0.839357 -0.257271
10020.333130000 -0.458231 -1.183141 0.570077 -0.037284 0.484974 0.832200 -0.266185
10020.366463000 -0.457481 -1.199832 0.581866 -0.038889 0.485750 0.829731 -0.272176
10020.399796000 -0.456314 -1.219364 0.590398 -0.039984 0.484843 0.828106 -0.278514
10020.433129000 -0.454455 -1.238296 0.597689 -0.040718 0.482238 0.827079 -0.285882
10020.466462000 -0.452905 -1.257758 0.603760 -0.041093 0.478708 0.826530 -0.293254
10020.499795000 -0.451416 -1.277738 0.608136 -0.041257 0.474038 0.826236 -0.301529
10020.533128000 -0.448809 -1.298621 0.611467 -0.041125 0.468545 0.826071 -0.310453
10020.566461000 -0.446032 -1.318996 0.616226 -0.040994 0.463127 0.825735 -0.319365
10020.599794000 -0.444100 -1.340110 0.622185 -0.040469 0.457391 0.825568 -0.328013
10020.633127000 -0.442395 -1.359584 0.628543 -0.039911 0.451400 0.825367 -0.336771
10020.666460000 -0.437737 -1.396088 0.647682 -0.039334 0.441729 0.824026 -0.352575
10020.699793000 -0.435282 -1.413120 0.660950 -0.039133 0.437921 0.822741 -0.360266
10020.733126000 -0.433954 -1.429972 0.676245 -0.038916 0.434819 0.821984 -0.365732
10020.766459000 -0.432970 -1.444870 0.692904 -0.038850 0.431985 0.821060 -0.371134
10020.799792000 -0.431336 -1.459817 0.710425 -0.038600 0.429411 0.820005 -0.376441
10020.833125000 -0.428765 -1.474124 0.727668 -0.038967 0.427080 0.819059 -0.381087
10020.866458000 -0.426686 -1.488367 0.746108 -0.039050 0.425200 0.818216 -0.384971
10020.899791000 -0.424825 -1.503097 0.764319 -0.038912 0.423574 0.817586 -0.388104
10020.933124000 -0.423034 -1.518338 0.782124 -0.038932 0.422126 0.817224 -0.390434
10020.966457000 -0.421171 -1.533412 0.798334 -0.038571 0.420349 0.817280 -0.392266
10020.999790000 -0.415704 -1.566762 0.826186 -0.037509 0.416540 0.817914 -0.395101
10021.033123000 -0.412756 -1.584085 0.838757 -0.036456 0.414324 0.818638 -0.396028
10021.066456000 -0.410637 -1.603255 0.848036 -0.035213 0.411796 0.820157 -0.395633
10021.099789000 -0.408425 -1.621601 0.856517 -0.033757 0.408985 0.821959 -0.394937
10021.133122000 -0.407075 -1.640123 0.864242 -0.032089 0.406638 0.824292 -0.392631
10021.166455000 -0.403877 -1.659465 0.869902 -0.030912 0.404559 0.826744 -0.389706
10021.199788000 -0.402790 -1.678882 0.874677 -0.028769 0.402037 0.830107 -0.385306
10021.233121000 -0.401289 -1.698401 0.879855 -0.027131 0.400997 0.833441 -0.379266
10021.266454000 -0.401043 -1.718747 0.884072 -0.025422 0.400328 0.837601 -0.370832
10021.299787000 -0.400321 -1.738298 0.888523 -0.024061 0.400827 0.841574 -0.361263
10021.333120000 -0.401861 -1.776838 0.894511 -0.021266 0.403536 0.850800 -0.335926
10021.366453000 -0.404170 -1.795721 0.898918 -0.020122 0.407279 0.855213 -0.319889
10021.399786000 -0.407229 -1.814302 0.902569 -0.019330 0.411827 0.859856 -0.301119
10021.433119000 -0.409992 -1.831639 0.907232 -0.018940 0.418180 0.863140 -0.282411
10021.466452000 -0.416045 -1.848795 0.912006 -0.018320 0.425568 0.865951 -0.262077
10021.499785000 -0.421869 -1.864865 0.917232 -0.018082 0.434706 0.867447 -0.241329
10021.533118000 -0.429687 -1.880277 0.923594 -0.017868 0.445334 0.867595 -0.220540
10021.566451000 -0.439225 -1.894070 0.931426 -0.017618 0.457005 0.866519 -0.199953
10021.599784000 -0.449892 -1.908212 0.939078 -0.017439 0.469809 0.863935 -0.180530
