10000.000000000 0.000000 0.000000 0.000000 0.000000 0.000000 0.000000 1.000000
10000.033333000 0.010142 0.003232 -0.001947 0.002217 -0.004395 -0.001777 0.999986
10000.066666000 0.020548 0.007275 -0.003160 0.004182 -0.008992 -0.003804 0.999944
10000.099999000 0.030836 0.009499 -0.003670 0.005564 -0.013547 -0.006002 0.999875
10000.133332000 0.041245 0.012750 -0.004135 0.007034 -0.018161 -0.008680 0.999773
10000.166665000 0.050670 0.015360 -0.004407 0.008316 -0.022356 -0.011200 0.999653
10000.199998000 0.061261 0.018530 -0.004719 0.009603 -0.027026 -0.014409 0.999485
10000.233331000 0.070813 0.019899 -0.004552 0.010272 -0.031207 -0.017533 0.999306
10000.266664000 0.080201 0.023419 -0.004227 0.011470 -0.035375 -0.021007 0.999087
10000.299997000 0.088950 0.025546 -0.003940 0.012047 -0.039196 -0.023697 0.998878
10000.333330000 0.108670 0.029835 -0.003493 0.013387 -0.047837 -0.030849 0.998289
10000.366663000 0.117503 0.032051 -0.003306 0.014033 -0.051594 -0.033459 0.998009
10000.399996000 0.125651 0.035013 -0.002811 0.015103 -0.055174 -0.036576 0.997692
10000.433329000 0.134110 0.036510 -0.002703 0.015890 -0.058732 -0.039172 0.997378
10000.466662000 0.142754 0.038617 -0.003472 0.016873 -0.062340 -0.041743 0.997039
10000.499995000 0.150985 0.041465 -0.003624 0.018334 -0.065841 -0.043626 0.996707
10000.533328000 0.159718 0.044571 -0.004338 0.019824 -0.069466 -0.045564 0.996346
10000.566661000 0.167793 0.046720 -0.004422 0.021343 -0.072859 -0.046849 0.996013
10000.599994000 0.176878 0.050655 -0.005505 0.023358 -0.076626 -0.048047 0.995628
10000.633327000 0.185002 0.053004 -0.007031 0.025439 -0.079879 -0.048708 0.995289
10000.666660000 0.201491 0.060669 -0.009344 0.031019 -0.086773 -0.048212 0.994577
10000.699993000 0.209302 0.064611 -0.011786 0.034022 -0.089986 -0.047679 0.994219
10000.733326000 0.217186 0.068138 -0.014066 0.037478 -0.093275 -0.046954 0.993826
10000.766659000 0.224990 0.072162 -0.015777 0.041432 -0.096552 -0.046247 0.993389
10000.799992000 0.233193 0.076122 -0.017966 0.045411 -0.099886 -0.046059 0.992894
10000.833325000 0.241209 0.080140 -0.018748 0.049754 -0.103352 -0.046327 0.992319
10000.866658000 0.250275 0.082170 -0.018762 0.054212 -0.107031 -0.047171 0.991655
10000.899991000 0.258381 0.084061 -0.018989 0.058628 -0.110267 -0.049375 0.990942
10000.933324000 0.267523 0.085478 -0.017266 0.063522 -0.113910 -0.052641 0.990060
10000.966657000 0.277609 0.086689 -0.015000 0.068222 -0.118033 -0.057115 0.989016
10000.999990000 0.298425 0.084663 -0.006013 0.078359 -0.125740 -0.070828 0.986424
10001.033323000 0.308741 0.082013 -0.000022 0.083148 -0.129467 -0.080026 0.984846
10001.066656000 0.320020 0.079214 0.006602 0.088056 -0.133692 -0.089607 0.983027
10001.099989000 0.331294 0.076002 0.013780 0.093007 -0.137962 -0.099877 0.980990
10001.133322000 0.342214 0.071396 0.020632 0.097129 -0.142326 -0.110370 0.978840
10001.166655000 0.354090 0.067066 0.027059 0.101086 -0.147153 -0.121104 0.976454
10001.199988000 0.365039 0.062144 0.034208 0.104819 -0.152100 -0.131154 0.974000
10001.233321000 0.375387 0.056947 0.038850 0.107339 -0.157480 -0.140815 0.971519
10001.266654000 0.384972 0.051126 0.042152 0.108998 -0.162941 -0.150054 0.969048
10001.299987000 0.394221 0.045648 0.043732 0.109894 -0.168864 -0.158207 0.966633
10001.333320000 0.412579 0.034287 0.041089 0.108321 -0.183304 -0.172440 0.961733
10001.366653000 0.420711 0.030418 0.036738 0.106302 -0.191423 -0.178036 0.959354
10001.399986000 0.428682 0.026469 0.029750 0.103269 -0.199680 -0.183140 0.957039
10001.433319000 0.436724 0.022467 0.022240 0.099832 -0.208576 -0.187685 0.954622
10001.466652000 0.445285 0.019606 0.012223 0.095723 -0.217906 -0.191693 0.952160
10001.499985000 0.452841 0.018007 0.002816 0.092195 -0.226882 -0.194931 0.949751
10001.533318000 0.462282 0.016429 -0.007264 0.088599 -0.236467 -0.198080 0.947100
10001.566651000 0.471774 0.014724 -0.017257 0.084610 -0.245645 -0.200373 0.944643
10001.599984000 0.482911 0.014121 -0.027065 0.081601 -0.255095 -0.202569 0.941931
10001.633317000 0.495725 0.014547 -0.035374 0.080019 -0.264360 -0.204154 0.939166
10001.666650000 0.525578 0.018228 -0.048182 0.079817 -0.281316 -0.206090 0.933819
10001.699983000 0.541709 0.021958 -0.052846 0.081692 -0.288295 -0.206803 0.931367
10001.733316000 0.559331 0.026991 -0.057061 0.085073 -0.294736 -0.206754 0.929056
10001.766649000 0.577491 0.031585 -0.058967 0.088159 -0.301210 -0.206639 0.926715
10001.799982000 0.596440 0.036547 -0.060846 0.092299 -0.306738 -0.206302 0.924571
10001.833315000 0.615432 0.042212 -0.060275 0.096782 -0.312207 -0.205991 0.922349
10001.866648000 0.634394 0.048970 -0.059794 0.102156 -0.316698 -0.205263 0.920399
10001.899981000 0.652307 0.054922 -0.058445 0.106775 -0.321354 -0.204700 0.918384
10001.933314000 0.668887 0.061725 -0.056800 0.111524 -0.324991 -0.203878 0.916721
10001.966647000 0.683859 0.066638 -0.055260 0.115447 -0.328359 -0.203223 0.915179
10001.999980000 0.709243 0.078041 -0.051921 0.122965 -0.334218 -0.201978 0.912350
10002.033313000 0.720316 0.083809 -0.049419 0.126462 -0.337363 -0.201110 0.910905
10002.066646000 0.729295 0.088425 -0.047661 0.128722 -0.339996 -0.200609 0.909719
10002.099979000 0.737433 0.092514 -0.046014 0.130593 -0.342576 -0.200092 0.908598
10002.133312000 0.744941 0.095170 -0.045803 0.132102 -0.344614 -0.199679 0.907699
10002.166645000 0.750845 0.097822 -0.045582 0.133499 -0.346688 -0.199076 0.906837
10002.199978000 0.758542 0.100207 -0.046012 0.134567 -0.348911 -0.198962 0.905851
10002.233311000 0.765006 0.101709 -0.047432 0.135160 -0.350612 -0.198991 0.905100
10002.266644000 0.772964 0.102282 -0.050354 0.135752 -0.352226 -0.198845 0.904417
10002.299977000 0.780709 0.102280 -0.054429 0.135898 -0.353577 -0.199213 0.903786
10002.333310000 0.802212 0.101243 -0.066725 0.135824 -0.355690 -0.199600 0.902882
10002.366643000 0.813869 0.098890 -0.075541 0.135054 -0.356127 -0.200491 0.902628
10002.399976000 0.827572 0.097209 -0.084672 0.135065 -0.356897 -0.201224 0.902159
10002.433309000 0.840339 0.094568 -0.095341 0.134182 -0.357178 -0.201547 0.902107
10002.466642000 0.853570 0.091377 -0.106187 0.133124 -0.357492 -0.202471 0.901933
10002.499975000 0.865439 0.086864 -0.116701 0.131559 -0.357894 -0.203337 0.901808
10002.533308000 0.876278 0.082738 -0.127300 0.129689 -0.358533 -0.204297 0.901608
10002.566641000 0.885511 0.079489 -0.137558 0.127756 -0.359073 -0.205239 0.901455
10002.599974000 0.893517 0.077346 -0.146859 0.125780 -0.359547 -0.205602 0.901462
10002.633307000 0.899068 0.073026 -0.155169 0.122897 -0.360629 -0.206631 0.901192
10002.666640000 0.898474 0.067790 -0.165885 0.116681 -0.363275 -0.208449 0.900537
10002.699973000 0.894274 0.065812 -0.168517 0.113087 -0.364953 -0.209332 0.900111
10002.733306000 0.887225 0.063791 -0.171392 0.109204 -0.366259 -0.210353 0.899823
10002.766639000 0.878203 0.062258 -0.171265 0.105667 -0.367400 -0.211235 0.899573
10002.799972000 0.868707 0.060599 -0.170368 0.102682 -0.367813 -0.212132 0.899539
10002.833305000 0.857272 0.059359 -0.169009 0.100176 -0.367351 -0.212760 0.899862
10002.866638000 0.845768 0.057377 -0.166154 0.098539 -0.365499 -0.212612 0.900831
10002.899971000 0.834327 0.055762 -0.163123 0.098263 -0.362186 -0.212970 0.902114
10002.933304000 0.822841 0.052150 -0.159548 0.098831 -0.357410 -0.212854 0.903982
10002.966637000 0.814266 0.048390 -0.156731 0.101327 -0.350639 -0.211914 0.906575
10002.999970000 0.798160 0.038074 -0.152052 0.111447 -0.329998 -0.209503 0.913668
10003.033303000 0.793375 0.031419 -0.149254 0.118776 -0.317533 -0.207959 0.917507
10003.066636000 0.789315 0.024023 -0.147107 0.127104 -0.303462 -0.206179 0.921545
10003.099969000 0.788342 0.016815 -0.146080 0.135815 -0.289502 -0.204662 0.925125
10003.133302000 0.787184 0.008318 -0.145113 0.144359 -0.275322 -0.203609 0.928387
10003.166635000 0.785870 0.001486 -0.143909 0.153018 -0.261614 -0.202224 0.931262
10003.199968000 0.785120 -0.005803 -0.143268 0.160879 -0.248745 -0.201636 0.933588
10003.233301000 0.784261 -0.012432 -0.142937 0.167828 -0.237061 -0.201049 0.935529
10003.266634000 0.783012 -0.018481 -0.142259 0.174006 -0.226428 -0.200423 0.937168
10003.299967000 0.780907 -0.024864 -0.142620 0.178636 -0.217420 -0.200200 0.938476
10003.333300000 0.772724 -0.033574 -0.142415 0.184852 -0.203910 -0.199946 0.940357
10003.366633000 0.766716 -0.036881 -0.142890 0.186241 -0.199104 -0.199522 0.941203
10003.399966000 0.758679 -0.038537 -0.143220 0.186818 -0.195402 -0.199233 0.941925
10003.433299000 0.751952 -0.039327 -0.143218 0.186796 -0.192923 -0.198769 0.942539
10003.466632000 0.742036 -0.042230 -0.143625 0.185457 -0.190854 -0.198190 0.943346
10003.499965000 0.734078 -0.043006 -0.143707 0.184104 -0.189787 -0.197813 0.943905
10003.533298000 0.724165 -0.045146 -0.142887 0.181953 -0.189236 -0.197822 0.944431
10003.566631000 0.714355 -0.047427 -0.140279 0.179617 -0.189057 -0.197594 0.944961
10003.599964000 0.704870 -0.050056 -0.138936 0.177019 -0.188878 -0.197320 0.945544
10003.633297000 0.695701 -0.052973 -0.136216 0.174385 -0.188878 -0.197115 0.946076
10003.666630000 0.678424 -0.062702 -0.129364 0.168849 -0.188918 -0.197316 0.947030
10003.699963000 0.669976 -0.069562 -0.125235 0.166177 -0.188485 -0.197446 0.947562
10003.733296000 0.662864 -0.077722 -0.119867 0.163487 -0.188171 -0.197575 0.948065
10003.766629000 0.655778 -0.085117 -0.113769 0.161376 -0.187699 -0.197984 0.948435
10003.799962000 0.649654 -0.094140 -0.107742 0.158968 -0.187368 -0.198507 0.948798
10003.833295000 0.643709 -0.104347 -0.101049 0.156497 -0.186889 -0.198967 0.949207
10003.866628000 0.638622 -0.114109 -0.093692 0.154269 -0.186736 -0.199982 0.949388
10003.899961000 0.632995 -0.124211 -0.086062 0.152205 -0.186030 -0.200177 0.949819
10003.933294000 0.628696 -0.134285 -0.078318 0.150110 -0.186024 -0.201211 0.949935
10003.966627000 0.623297 -0.146081 -0.072080 0.147275 -0.185723 -0.202281 0.950210
10003.999960000 0.613975 -0.166020 -0.057664 0.142739 -0.185220 -0.203313 0.950780
10004.033293000 0.608109 -0.175711 -0.051127 0.140303 -0.184997 -0.204344 0.950965
10004.066626000 0.603098 -0.185003 -0.044833 0.137614 -0.184991 -0.205086 0.951199
10004.099959000 0.596711 -0.193191 -0.038107 0.135435 -0.184539 -0.205498 0.951511
10004.133292000 0.591508 -0.202016 -0.032290 0.132781 -0.184353 -0.206153 0.951779
10004.166625000 0.584729 -0.210557 -0.026588 0.129856 -0.183986 -0.206754 0.952124
10004.199958000 0.578166 -0.219216 -0.020599 0.126898 -0.183718 -0.207406 0.952432
10004.233291000 0.570544 -0.227142 -0.015030 0.124195 -0.182498 -0.207275 0.953051
10004.266624000 0.562462 -0.235943 -0.009582 0.120915 -0.181720 -0.207743 0.953520
10004.299957000 0.553924 -0.243452 -0.003722 0.118035 -0.180727 -0.208068 0.953998
10004.333290000 0.537134 -0.263782 0.008230 0.110417 -0.178915 -0.209352 0.954971
10004.366623000 0.527400 -0.273128 0.016455 0.107121 -0.177610 -0.209768 0.955498
10004.399956000 0.517749 -0.282808 0.022997 0.103459 -0.176063 -0.210190 0.956095
10004.433289000 0.508093 -0.292358 0.029862 0.099804 -0.174489 -0.210544 0.956694
10004.466622000 0.499027 -0.302062 0.035132 0.096001 -0.173110 -0.210947 0.957245
10004.499955000 0.491165 -0.311643 0.041198 0.092331 -0.171998 -0.211528 0.957678
10004.533288000 0.484425 -0.320546 0.048304 0.089034 -0.171299 -0.212167 0.957974
10004.566621000 0.478806 -0.329986 0.052496 0.085381 -0.170818 -0.212918 0.958226
10004.599954000 0.477404 -0.339262 0.058718 0.082494 -0.171658 -0.214006 0.958086
10004.633287000 0.476359 -0.347273 0.063921 0.079777 -0.172626 -0.215191 0.957877
10004.666620000 0.483793 -0.361486 0.071232 0.075708 -0.177502 -0.218406 0.956588
10004.699953000 0.490302 -0.367447 0.075129 0.074479 -0.180852 -0.220218 0.955641
10004.733286000 0.499392 -0.372850 0.077615 0.073580 -0.184960 -0.222248 0.954454
10004.766619000 0.511081 -0.378719 0.080850 0.072810 -0.190015 -0.224610 0.952966
10004.799952000 0.522604 -0.383790 0.084331 0.072390 -0.194942 -0.226865 0.951467
10004.833285000 0.535809 -0.386237 0.088114 0.073082 -0.200325 -0.228957 0.949793
10004.866618000 0.549589 -0.390195 0.093083 0.073434 -0.206047 -0.231061 0.948031
10004.899951000 0.562085 -0.393787 0.097668 0.073763 -0.211299 -0.233124 0.946343
10004.933284000 0.574463 -0.396367 0.103711 0.074566 -0.216662 -0.234997 0.944603
10004.966617000 0.585309 -0.397903 0.110884 0.075640 -0.221657 -0.236615 0.942953
10004.999950000 0.601594 -0.401342 0.129259 0.077421 -0.230386 -0.239532 0.939975
10005.033283000 0.606838 -0.403531 0.139763 0.077977 -0.234142 -0.240679 0.938707
10005.066616000 0.609014 -0.405251 0.151101 0.078442 -0.237074 -0.241702 0.937669
10005.099949000 0.609890 -0.407030 0.163248 0.078854 -0.239801 -0.242669 0.936691
10005.133282000 0.610403 -0.408439 0.177048 0.079484 -0.242626 -0.243627 0.935660
10005.166615000 0.608988 -0.411126 0.190895 0.079406 -0.245008 -0.244556 0.934804
10005.199948000 0.607917 -0.413483 0.204347 0.079522 -0.247491 -0.245469 0.933900
10005.233281000 0.606110 -0.415041 0.217977 0.079854 -0.249791 -0.246171 0.933074
10005.266614000 0.605674 -0.417751 0.232703 0.080129 -0.252973 -0.247380 0.931873
10005.299947000 0.602471 -0.419982 0.245876 0.080018 -0.254765 -0.248149 0.931190
10005.333280000 0.600795 -0.426018 0.270067 0.079454 -0.259835 -0.250161 0.929297
10005.366613000 0.598539 -0.428669 0.281115 0.079129 -0.261772 -0.251029 0.928546
10005.399946000 0.599044 -0.431869 0.291670 0.078895 -0.264650 -0.252257 0.927417
10005.433279000 0.599318 -0.434893 0.301912 0.078637 -0.267420 -0.253414 0.926328
10005.466612000 0.600141 -0.437485 0.312732 0.078455 -0.270086 -0.254275 0.925334
10005.499945000 0.601859 -0.441815 0.323348 0.077877 -0.273687 -0.255793 0.923905
10005.533278000 0.603169 -0.444504 0.333572 0.077881 -0.276893 -0.256968 0.922623
10005.566611000 0.604357 -0.447654 0.344134 0.077702 -0.280178 -0.258231 0.921292
10005.599944000 0.606873 -0.450494 0.355212 0.077857 -0.284003 -0.259529 0.919742
10005.633277000 0.608637 -0.452376 0.366858 0.078408 -0.287726 -0.260693 0.918207
10005.666610000 0.610643 -0.456625 0.390678 0.079079 -0.294933 -0.262919 0.915224
10005.699943000 0.611549 -0.458320 0.403851 0.079758 -0.298856 -0.263937 0.913598
10005.733276000 0.613206 -0.459932 0.417261 0.080641 -0.303144 -0.264931 0.911818
10005.766609000 0.612508 -0.460878 0.430953 0.081106 -0.307167 -0.265485 0.910268
10005.799942000 0.613121 -0.462256 0.444091 0.081922 -0.311194 -0.266447 0.908544
10005.833275000 0.613839 -0.464123 0.457684 0.082607 -0.315543 -0.267611 0.906639
10005.866608000 0.614424 -0.465112 0.470703 0.083604 -0.319661 -0.268547 0.904826
10005.899941000 0.615036 -0.466654 0.483039 0.084324 -0.323722 -0.269573 0.903008
10005.933274000 0.616362 -0.469286 0.495241 0.084674 -0.328137 -0.270835 0.901002
10005.966607000 0.617847 -0.472313 0.505296 0.084997 -0.331766 -0.272267 0.899210
10005.999940000 0.621369 -0.481175 0.523966 0.083559 -0.339935 -0.275223 0.895385
10006.033273000 0.625008 -0.485986 0.531982 0.083114 -0.343888 -0.277116 0.893331
10006.066606000 0.626417 -0.492298 0.538511 0.081517 -0.347053 -0.278686 0.891764
10006.099939000 0.628972 -0.498366 0.544142 0.079838 -0.350486 -0.281049 0.889830
10006.133272000 0.631959 -0.505144 0.549095 0.078071 -0.353742 -0.282838 0.888130
10006.166605000 0.634930 -0.512470 0.553433 0.075800 -0.357091 -0.285499 0.886132
10006.199938000 0.637837 -0.520531 0.556760 0.072961 -0.360287 -0.287793 0.884333
10006.233271000 0.640821 -0.528579 0.561711 0.070295 -0.364026 -0.290251 0.882212
10006.266604000 0.643537 -0.536795 0.565355 0.067025 -0.367727 -0.292372 0.880229
10006.299937000 0.645072 -0.544342 0.568588 0.063800 -0.370855 -0.294557 0.878426
10006.333270000 0.649118 -0.561318 0.575937 0.056316 -0.378221 -0.298747 0.874372
10006.366603000 0.649606 -0.569241 0.580249 0.052459 -0.381836 -0.300761 0.872349
10006.399936000 0.650443 -0.577800 0.585004 0.048420 -0.385809 -0.303063 0.870034
10006.433269000 0.651603 -0.584934 0.590290 0.045367 -0.389841 -0.305413 0.867576
10006.466602000 0.653399 -0.592630 0.594460 0.041782 -0.393740 -0.307339 0.865313
10006.499935000 0.655238 -0.599843 0.599464 0.038941 -0.397470 -0.309410 0.862999
10006.533268000 0.657363 -0.606205 0.605422 0.037152 -0.401140 -0.311563 0.860602
10006.566601000 0.659364 -0.612941 0.610407 0.035350 -0.404098 -0.313532 0.858576
10006.599934000 0.663775 -0.618975 0.616503 0.034993 -0.407591 -0.315818 0.856098
10006.633267000 0.667609 -0.624711 0.622222 0.035218 -0.410392 -0.318415 0.853786
10006.666600000 0.680610 -0.633234 0.635160 0.040465 -0.415197 -0.323449 0.849326
10006.699933000 0.689435 -0.636258 0.641283 0.044973 -0.417010 -0.325991 0.847237
10006.733266000 0.697695 -0.639746 0.647427 0.049784 -0.418382 -0.329114 0.845081
10006.766599000 0.707895 -0.642890 0.653698 0.056061 -0.419601 -0.331791 0.843034
10006.799932000 0.718615 -0.646752 0.659358 0.061486 -0.420966 -0.334957 0.840721
10006.833265000 0.729966 -0.649998 0.664430 0.067461 -0.421771 -0.337811 0.838714
10006.866598000 0.741633 -0.653879 0.668878 0.073320 -0.422384 -0.341201 0.836539
10006.899931000 0.754307 -0.657518 0.672993 0.078943 -0.423512 -0.344271 0.834196
10006.933264000 0.767273 -0.662153 0.675599 0.083799 -0.424583 -0.347792 0.831714
10006.966597000 0.779558 -0.668272 0.678465 0.087029 -0.425979 -0.351244 0.829214
10006.999930000 0.807780 -0.682743 0.678646 0.091195 -0.430452 -0.358265 0.823432
10007.033263000 0.822028 -0.692468 0.678004 0.091226 -0.433391 -0.361987 0.820253
10007.066596000 0.835626 -0.702120 0.675726 0.090539 -0.436623 -0.364945 0.817299
10007.099929000 0.848437 -0.712426 0.674373 0.089189 -0.439827 -0.367916 0.814393
10007.133262000 0.861360 -0.722616 0.671819 0.087503 -0.443466 -0.370521 0.811415
10007.166595000 0.874292 -0.733577 0.668313 0.084990 -0.446674 -0.372854 0.808851
10007.199928000 0.886905 -0.743006 0.665092 0.082935 -0.450158 -0.374409 0.806410
10007.233261000 0.898741 -0.752921 0.661270 0.079994 -0.453391 -0.375102 0.804572
10007.266594000 0.910923 -0.760892 0.657112 0.078190 -0.456043 -0.374967 0.803312
10007.299927000 0.921695 -0.768687 0.653798 0.075682 -0.459044 -0.374077 0.802258
10007.333260000 0.944051 -0.779626 0.647060 0.072875 -0.463406 -0.369883 0.801954
10007.366593000 0.953278 -0.781751 0.644306 0.072598 -0.464439 -0.366647 0.802868
10007.399926000 0.962938 -0.782835 0.641505 0.072260 -0.465616 -0.363242 0.803763
10007.433259000 0.972440 -0.783165 0.639847 0.072609 -0.466810 -0.359476 0.804732
10007.466592000 0.981199 -0.782383 0.639476 0.073778 -0.468039 -0.356206 0.805365
10007.499925000 0.989886 -0.779343 0.638468 0.075564 -0.468976 -0.353510 0.805843
10007.533258000 0.997706 -0.776368 0.638531 0.077753 -0.469835 -0.352108 0.805748
10007.566591000 1.005953 -0.770973 0.639217 0.080855 -0.471045 -0.351586 0.804964
10007.599924000 1.013583 -0.766119 0.641760 0.084857 -0.472522 -0.352923 0.803099
10007.633257000 1.021033 -0.759762 0.645129 0.089377 -0.474069 -0.355882 0.800386
10007.666590000 1.037178 -0.743649 0.655699 0.102033 -0.477632 -0.368259 0.791102
10007.699923000 1.045515 -0.735517 0.662484 0.109167 -0.479868 -0.377680 0.784326
10007.733256000 1.052724 -0.727167 0.670385 0.117059 -0.482164 -0.388378 0.776516
10007.766589000 1.060260 -0.717726 0.677668 0.125334 -0.483897 -0.399974 0.768216
10007.799922000 1.068080 -0.708638 0.686314 0.133857 -0.486110 -0.411867 0.759042
10007.833255000 1.074761 -0.700453 0.694350 0.141986 -0.487699 -0.424341 0.749616
10007.866588000 1.081963 -0.692287 0.703667 0.150425 -0.489449 -0.435799 0.740196
10007.899921000 1.088986 -0.684825 0.710390 0.157955 -0.490783 -0.446841 0.731105
10007.933254000 1.095470 -0.677454 0.717008 0.165014 -0.491470 -0.456740 0.722921
10007.966587000 1.103156 -0.671762 0.722755 0.170914 -0.492396 -0.464834 0.715726
10007.999920000 1.114514 -0.662134 0.729969 0.179456 -0.492893 -0.476637 0.705457
10008.033253000 1.121065 -0.659455 0.731974 0.182085 -0.493154 -0.479692 0.702524
10008.066586000 1.126268 -0.657538 0.732285 0.183488 -0.493118 -0.481404 0.701011
10008.099919000 1.133043 -0.655914 0.732002 0.184373 -0.493326 -0.481748 0.700397
10008.133252000 1.140066 -0.654151 0.731610 0.185215 -0.493587 -0.480734 0.700687
10008.166585000 1.147602 -0.651968 0.729771 0.185863 -0.493590 -0.478808 0.701831
10008.199918000 1.156066 -0.651106 0.727527 0.186099 -0.493825 -0.476062 0.703470
10008.233251000 1.165690 -0.648912 0.725380 0.187079 -0.494281 -0.472547 0.705257
10008.266584000 1.176228 -0.646819 0.723194 0.188055 -0.495063 -0.468426 0.707195
10008.299917000 1.188517 -0.642844 0.720733 0.190141 -0.495712 -0.464114 0.709024
10008.333250000 1.217659 -0.632237 0.717481 0.197180 -0.498257 -0.454656 0.711441
10008.366583000 1.234832 -0.624704 0.715816 0.201969 -0.499657 -0.449603 0.712326
10008.399916000 1.252728 -0.617158 0.714570 0.207560 -0.501142 -0.445123 0.712490
10008.433249000 1.272106 -0.609324 0.711674 0.212923 -0.502554 -0.440828 0.712582
10008.466582000 1.291364 -0.601493 0.709452 0.218933 -0.503815 -0.437381 0.711995
10008.499915000 1.311812 -0.594463 0.709197 0.224827 -0.505860 -0.433330 0.711185
10008.533248000 1.328568 -0.588052 0.707310 0.229941 -0.507448 -0.430172 0.710335
10008.566581000 1.346606 -0.583168 0.705830 0.235186 -0.508889 -0.427671 0.709096
10008.599914000 1.362127 -0.579875 0.704063 0.238916 -0.510391 -0.425547 0.708047
10008.633247000 1.377855 -0.578708 0.702441 0.242273 -0.512091 -0.424157 0.706511
10008.666580000 1.401153 -0.581775 0.700020 0.245787 -0.514634 -0.422775 0.704274
10008.699913000 1.408902 -0.588306 0.698435 0.245371 -0.516090 -0.423509 0.702911
10008.733246000 1.415179 -0.594811 0.696785 0.244249 -0.517012 -0.424281 0.702159
10008.766579000 1.420621 -0.603960 0.695490 0.242478 -0.518285 -0.425543 0.701069
10008.799912000 1.423890 -0.615714 0.693773 0.239710 -0.519532 -0.427424 0.699953
10008.833245000 1.426104 -0.628624 0.692816 0.236469 -0.520909 -0.429619 0.698687
10008.866578000 1.427215 -0.643078 0.689770 0.232107 -0.521935 -0.432055 0.697882
10008.899911000 1.428495 -0.658776 0.687976 0.227962 -0.522996 -0.434750 0.696779
10008.933244000 1.428789 -0.674141 0.684883 0.223879 -0.523995 -0.437695 0.695508
10008.966577000 1.429946 -0.691066 0.682856 0.219155 -0.525397 -0.440384 0.694256
10008.999910000 1.432936 -0.725231 0.676627 0.210173 -0.527765 -0.446304 0.691451
10009.033243000 1.436154 -0.742056 0.674367 0.206174 -0.529208 -0.449105 0.689736
10009.066576000 1.439391 -0.758092 0.671569 0.202108 -0.530521 -0.451390 0.688438
10009.099909000 1.443103 -0.773514 0.670872 0.198927 -0.532184 -0.453712 0.686552
10009.133242000 1.447601 -0.790089 0.670316 0.195592 -0.533980 -0.455951 0.684629
10009.166575000 1.452993 -0.804886 0.669500 0.193087 -0.535519 -0.458445 0.682470
10009.199908000 1.458400 -0.818746 0.670221 0.190842 -0.537528 -0.460002 0.680471
10009.233241000 1.464171 -0.831635 0.670286 0.188681 -0.539140 -0.461634 0.678691
10009.266574000 1.472351 -0.843167 0.672901 0.187319 -0.541464 -0.462439 0.676668
10009.299907000 1.478887 -0.855004 0.676495 0.185687 -0.543784 -0.463333 0.674642
10009.333240000 1.498201 -0.874895 0.685380 0.184142 -0.548826 -0.463909 0.670575
10009.366573000 1.507739 -0.882184 0.692082 0.184148 -0.551612 -0.463430 0.668615
10009.399906000 1.518367 -0.888947 0.698877 0.184211 -0.554260 -0.462952 0.666737
10009.433239000 1.529114 -0.894533 0.704419 0.184405 -0.556546 -0.462386 0.665169
10009.466572000 1.540830 -0.899166 0.710942 0.184882 -0.558962 -0.461535 0.663600
10009.499905000 1.552255 -0.903253 0.717613 0.185550 -0.561293 -0.460566 0.662118
10009.533238000 1.564300 -0.906843 0.721860 0.186102 -0.563093 -0.459716 0.661024
10009.566571000 1.577089 -0.909339 0.725550 0.186838 -0.564695 -0.458721 0.660140
10009.599904000 1.588490 -0.911651 0.726540 0.187399 -0.565597 -0.458129 0.659621
10009.633237000 1.600616 -0.913240 0.727836 0.188004 -0.566379 -0.457470 0.659234
10009.666570000 1.621910 -0.915321 0.721275 0.188839 -0.566093 -0.457001 0.659568
10009.699903000 1.632670 -0.916486 0.715248 0.188886 -0.565253 -0.457113 0.660196
10009.733236000 1.642254 -0.917811 0.707902 0.188890 -0.564172 -0.457381 0.660934
10009.766569000 1.652820 -0.919043 0.699065 0.188802 -0.562716 -0.457865 0.661865
10009.799902000 1.662695 -0.921447 0.689718 0.188474 -0.561362 -0.458360 0.662764
10009.833235000 1.673065 -0.924079 0.681100 0.188201 -0.560203 -0.458847 0.663485
10009.866568000 1.682771 -0.925727 0.672749 0.188065 -0.558996 -0.459149 0.664332
10009.899901000 1.692202 -0.929421 0.663599 0.187515 -0.557862 -0.459834 0.664967
10009.933234000 1.702616 -0.932225 0.655791 0.187257 -0.556929 -0.460212 0.665560
10009.966567000 1.713498 -0.936063 0.650174 0.187138 -0.556745 -0.460252 0.665720
10009.999900000 1.732883 -0.944444 0.645345 0.187064 -0.557516 -0.460243 0.665101
10010.033233000 1.744353 -0.950021 0.645986 0.187270 -0.558729 -0.459946 0.664230
10010.066566000 1.754863 -0.955608 0.648954 0.187542 -0.560345 -0.459482 0.663113
10010.099899000 1.766148 -0.960809 0.654241 0.187919 -0.562280 -0.458833 0.661816
10010.133232000 1.777181 -0.966710 0.659844 0.188380 -0.564383 -0.458224 0.660315
10010.166565000 1.788004 -0.972631 0.667124 0.188712 -0.566656 -0.457431 0.658821
10010.199898000 1.799849 -0.975956 0.672010 0.189199 -0.568397 -0.456717 0.657677
10010.233231000 1.812286 -0.980781 0.679408 0.189533 -0.570432 -0.456002 0.656312
10010.266564000 1.823026 -0.983808 0.685358 0.190099 -0.571980 -0.455457 0.655179
10010.299897000 1.835443 -0.985696 0.691076 0.190540 -0.573249 -0.454815 0.654388
10010.333230000 1.857040 -0.984041 0.696704 0.191453 -0.573913 -0.454142 0.654006
10010.366563000 1.868273 -0.983038 0.698931 0.191498 -0.573796 -0.454030 0.654174
10010.399896000 1.879366 -0.980442 0.699328 0.191548 -0.573228 -0.454001 0.654677
10010.433229000 1.890394 -0.977980 0.698478 0.191407 -0.572465 -0.453946 0.655423
10010.466562000 1.900273 -0.973997 0.697227 0.191316 -0.571246 -0.454312 0.656260
10010.499895000 1.909244 -0.969951 0.695578 0.191094 -0.569963 -0.454696 0.657173
10010.533228000 1.918533 -0.966445 0.693148 0.190729 -0.568600 -0.455114 0.658170
10010.566561000 1.927130 -0.963901 0.691543 0.190065 -0.567382 -0.455794 0.658942
10010.599894000 1.933756 -0.962664 0.690228 0.189228 -0.566350 -0.456484 0.659593
10010.633227000 1.939657 -0.961434 0.689092 0.188294 -0.565209 -0.457432 0.660181
10010.666560000 1.946862 -0.963414 0.691086 0.185873 -0.563994 -0.459316 0.660599
10010.699893000 1.949083 -0.966734 0.692765 0.184499 -0.563672 -0.460542 0.660405
10010.733226000 1.950569 -0.971092 0.695784 0.183034 -0.563605 -0.461834 0.659968
10010.766559000 1.951739 -0.976764 0.699793 0.181363 -0.563913 -0.462931 0.659397
10010.799892000 1.952895 -0.983332 0.704595 0.179634 -0.564295 -0.464337 0.658554
10010.833225000 1.953447 -0.990498 0.709638 0.177734 -0.564754 -0.465760 0.657672
10010.866558000 1.955309 -0.998285 0.716536 0.176005 -0.565706 -0.466879 0.656523
10010.899891000 1.957567 -1.007501 0.722991 0.174083 -0.566529 -0.468372 0.655261
10010.933224000 1.959756 -1.016420 0.729225 0.172212 -0.567281 -0.469875 0.654028
10010.966557000 1.963595 -1.024162 0.733729 0.170405 -0.567731 -0.471284 0.653097
10010.999890000 1.976596 -1.043607 0.748651 0.166630 -0.569882 -0.473612 0.650508
10011.033223000 1.986027 -1.051505 0.754682 0.165046 -0.570643 -0.474550 0.649560
10011.066556000 1.996550 -1.060468 0.762364 0.163497 -0.571699 -0.475397 0.648403
10011.099889000 2.008787 -1.066559 0.768543 0.162494 -0.572376 -0.475987 0.647625
10011.133222000 2.020715 -1.073178 0.774988 0.161378 -0.573103 -0.476576 0.646827
10011.166555000 2.033280 -1.078801 0.779361 0.160657 -0.573502 -0.477238 0.646164
10011.199888000 2.046846 -1.082576 0.784334 0.160019 -0.573987 -0.477355 0.645806
10011.233221000 2.058668 -1.084261 0.787112 0.159990 -0.574046 -0.477601 0.645579
10011.266554000 2.070700 -1.085226 0.789541 0.159967 -0.574192 -0.477487 0.645539
10011.299887000 2.081589 -1.083511 0.791634 0.160363 -0.574205 -0.477150 0.645678
10011.333220000 2.100796 -1.075976 0.788919 0.161834 -0.573371 -0.476066 0.646851
10011.366553000 2.108630 -1.067530 0.786174 0.163132 -0.572645 -0.475026 0.647932
10011.399886000 2.116388 -1.059239 0.782081 0.164723 -0.571856 -0.474095 0.648907
10011.433219000 2.121843 -1.049474 0.775783 0.166142 -0.570646 -0.473145 0.650303
10011.466552000 2.127507 -1.038688 0.769714 0.167854 -0.569445 -0.472015 0.651736
10011.499885000 2.134479 -1.029966 0.764705 0.169412 -0.568500 -0.471090 0.652826
10011.533218000 2.146313 -1.019533 0.754645 0.170833 -0.566865 -0.469970 0.654682
10011.566551000 2.152386 -1.010281 0.748322 0.172211 -0.565665 -0.469052 0.656016
10011.599884000 2.157045 -1.001008 0.741068 0.173471 -0.564151 -0.468520 0.657366
10011.633217000 2.163348 -0.991132 0.733063 0.174617 -0.562420 -0.467939 0.658958
10011.666550000 2.176833 -0.977222 0.721633 0.175855 -0.559484 -0.467645 0.661333
10011.699883000 2.185401 -0.971306 0.716077 0.176152 -0.558006 -0.467692 0.662468
10011.733216000 2.193655 -0.968977 0.713751 0.175750 -0.557057 -0.467988 0.663165
10011.766549000 2.203239 -0.969397 0.716430 0.175872 -0.556511 -0.469040 0.662847
10011.799882000 2.212942 -0.967251 0.714607 0.175586 -0.555569 -0.469557 0.663346
10011.833215000 2.222351 -0.966721 0.712475 0.174901 -0.554657 -0.470279 0.663779
10011.866548000 2.232790 -0.965430 0.712331 0.174499 -0.553992 -0.470747 0.664109
10011.899881000 2.242025 -0.964398 0.714293 0.174055 -0.553625 -0.471081 0.664295
10011.933214000 2.250959 -0.962713 0.716964 0.173985 -0.553457 -0.471206 0.664364
10011.966547000 2.259190 -0.961674 0.720421 0.173880 -0.553364 -0.471500 0.664261
10011.999880000 2.274408 -0.954929 0.732364 0.175087 -0.554105 -0.470689 0.663901
10012.033213000 2.275240 -0.951053 0.743485 0.176152 -0.555085 -0.470077 0.663234
10012.066546000 2.281141 -0.945714 0.751324 0.177421 -0.555870 -0.469163 0.662885
10012.099879000 2.280857 -0.939939 0.761882 0.179212 -0.556816 -0.468304 0.662216
10012.133212000 2.286922 -0.935102 0.765686 0.179624 -0.557749 -0.466665 0.662476
10012.166545000 2.293166 -0.927056 0.773973 0.181642 -0.558651 -0.465222 0.662181
10012.199878000 2.300297 -0.919171 0.781647 0.183698 -0.559639 -0.463638 0.661890
10012.233211000 2.308337 -0.913109 0.788618 0.185393 -0.560735 -0.462040 0.661608
10012.266544000 2.311716 -0.907885 0.790161 0.186592 -0.561125 -0.460822 0.661790
10012.299877000 2.321217 -0.897589 0.793882 0.188866 -0.561510 -0.459084 0.662026
10012.333210000 2.343140 -0.876323 0.795808 0.193567 -0.561285 -0.456268 0.662805
10012.366543000 2.344935 -0.868419 0.792486 0.195033 -0.560619 -0.455146 0.663710
10012.399876000 2.358077 -0.861421 0.790330 0.196831 -0.560249 -0.454072 0.664228
10012.433209000 2.365902 -0.851914 0.784502 0.197987 -0.559422 -0.452539 0.665625
10012.466542000 2.381822 -0.842188 0.778126 0.200195 -0.558236 -0.452135 0.666235
10012.499875000 2.398147 -0.829715 0.770222 0.202353 -0.556862 -0.451009 0.667494
10012.533208000 2.413309 -0.817571 0.760994 0.204243 -0.555209 -0.450192 0.668846
10012.566541000 2.429881 -0.805345 0.752367 0.206250 -0.553781 -0.449060 0.670174
10012.599874000 2.435223 -0.796416 0.743683 0.207372 -0.552358 -0.448158 0.671604
10012.633207000 2.449389 -0.784549 0.734411 0.209203 -0.550693 -0.447526 0.672824
10012.666540000 2.477677 -0.760632 0.719075 0.212964 -0.548023 -0.445524 0.675149
10012.699873000 2.489901 -0.749639 0.713115 0.214568 -0.546853 -0.444632 0.676177
10012.733206000 2.495214 -0.739440 0.709726 0.216209 -0.545841 -0.443923 0.676937
10012.766539000 2.503878 -0.731311 0.697199 0.217267 -0.544208 -0.443698 0.678060
10012.799872000 2.512205 -0.721546 0.691723 0.218317 -0.543265 -0.442763 0.679089
10012.833205000 2.518441 -0.708596 0.691653 0.221036 -0.542197 -0.442532 0.679213
10012.866538000 2.523882 -0.704094 0.680252 0.220795 -0.540933 -0.441967 0.680666
10012.899871000 2.527454 -0.694837 0.675896 0.221746 -0.540099 -0.441069 0.681602
10012.933204000 2.541344 -0.685448 0.671879 0.223215 -0.539250 -0.440819 0.681956
10012.966537000 2.532267 -0.680501 0.667289 0.222913 -0.538647 -0.439865 0.683146
10012.999870000 2.516351 -0.668363 0.655569 0.223766 -0.535845 -0.440185 0.684862
10013.033203000 2.502084 -0.663886 0.650136 0.223662 -0.534399 -0.440364 0.685910
10013.066536000 2.493902 -0.658986 0.643217 0.223608 -0.532956 -0.440629 0.686880
10013.099869000 2.484632 -0.653850 0.637200 0.223549 -0.531561 -0.440832 0.687849
10013.133202000 2.477945 -0.649435 0.627775 0.223073 -0.529948 -0.441161 0.689036
10013.166535000 2.460739 -0.644861 0.625590 0.223159 -0.528637 -0.441586 0.689742
10013.199868000 2.447554 -0.640858 0.619625 0.222839 -0.527103 -0.442128 0.690673
10013.233201000 2.433778 -0.637454 0.616585 0.222563 -0.525968 -0.442519 0.691376
10013.266534000 2.419869 -0.633416 0.612808 0.222383 -0.524652 -0.442978 0.692139
10013.299867000 2.404345 -0.630825 0.611305 0.221927 -0.523698 -0.443385 0.692747
10013.333200000 2.374210 -0.623131 0.612876 0.221688 -0.522203 -0.443654 0.693779
10013.366533000 2.354652 -0.622824 0.612542 0.220849 -0.521701 -0.443713 0.694387
10013.399866000 2.340462 -0.619126 0.617606 0.220927 -0.521590 -0.443721 0.694440
10013.433199000 2.323729 -0.621452 0.625002 0.220389 -0.522008 -0.443848 0.694215
10013.466532000 2.310435 -0.618246 0.631865 0.220482 -0.522257 -0.443619 0.694145
10013.499865000 2.294070 -0.618724 0.637165 0.220095 -0.522528 -0.443631 0.694056
10013.533198000 2.278761 -0.615138 0.649469 0.221014 -0.523160 -0.443515 0.693361
10013.566531000 2.266775 -0.613500 0.661794 0.221465 -0.524258 -0.442875 0.692798
10013.599864000 2.262025 -0.613194 0.673287 0.222050 -0.525582 -0.442489 0.691853
10013.633197000 2.247961 -0.609005 0.685839 0.223057 -0.526330 -0.441932 0.691316
10013.666530000 2.254795 -0.615574 0.711253 0.223944 -0.530689 -0.440742 0.688450
10013.699863000 2.260262 -0.616614 0.724984 0.224802 -0.532909 -0.439807 0.687053
10013.733196000 2.267898 -0.617829 0.739127 0.225749 -0.535260 -0.438749 0.685590
10013.766529000 2.277323 -0.618555 0.753027 0.226901 -0.537559 -0.437709 0.684074
10013.799862000 2.287918 -0.619445 0.766174 0.227938 -0.539846 -0.436547 0.682670
10013.833195000 2.300416 -0.619905 0.779049 0.229143 -0.542062 -0.435374 0.681257
10013.866528000 2.312642 -0.619575 0.791471 0.230384 -0.544176 -0.434147 0.679936
10013.899861000 2.325944 -0.618928 0.803850 0.231672 -0.546285 -0.432805 0.678661
10013.933194000 2.339630 -0.617074 0.814026 0.233086 -0.547948 -0.431583 0.677614
10013.966527000 2.351498 -0.614120 0.823047 0.234411 -0.549366 -0.430406 0.676756
10013.999860000 2.363378 -0.606783 0.835358 0.237203 -0.550848 -0.428457 0.675815
10014.033193000 2.366602 -0.602474 0.836274 0.238104 -0.550971 -0.427527 0.675987
10014.066526000 2.374994 -0.595707 0.838449 0.239491 -0.551046 -0.426702 0.675957
10014.099859000 2.383602 -0.588551 0.840862 0.240843 -0.551199 -0.425593 0.676051
10014.133192000 2.391154 -0.582443 0.840883 0.242018 -0.550965 -0.425001 0.676195
10014.166525000 2.398963 -0.577258 0.839424 0.242924 -0.550655 -0.424452 0.676467
10014.199858000 2.406662 -0.574058 0.836765 0.243529 -0.550291 -0.424191 0.676709
10014.233191000 2.419853 -0.569544 0.836803 0.244391 -0.550216 -0.423835 0.676683
10014.266524000 2.428314 -0.571035 0.832672 0.244336 -0.549971 -0.424019 0.676786
10014.299857000 2.448629 -0.574635 0.828725 0.243835 -0.550182 -0.424241 0.676656
10014.333190000 2.479876 -0.594616 0.816927 0.241118 -0.550831 -0.425999 0.675998
10014.366523000 2.502077 -0.610608 0.810686 0.238909 -0.551598 -0.427387 0.675279
10014.399856000 2.524430 -0.628851 0.805073 0.236289 -0.552864 -0.428329 0.674569
10014.433189000 2.546035 -0.649941 0.799335 0.233486 -0.554014 -0.430067 0.673495
10014.466522000 2.560647 -0.676534 0.792441 0.229448 -0.555478 -0.431640 0.672670
10014.499855000 2.576669 -0.701914 0.786831 0.226791 -0.556452 -0.434376 0.671002
10014.533188000 2.591807 -0.728927 0.781254 0.223275 -0.557755 -0.436543 0.669692
10014.566521000 2.586510 -0.760708 0.776637 0.218969 -0.558983 -0.439144 0.668388
10014.599854000 2.589237 -0.789290 0.775076 0.215299 -0.560593 -0.441344 0.666782
10014.633187000 2.600674 -0.814090 0.775789 0.212304 -0.562420 -0.443033 0.665081
10014.666520000 2.603299 -0.861191 0.784004 0.206176 -0.566310 -0.446026 0.661698
10014.699853000 2.588965 -0.869715 0.785781 0.204397 -0.566994 -0.446674 0.661227
10014.733186000 2.586031 -0.875921 0.788726 0.203737 -0.567728 -0.447656 0.660137
10014.766519000 2.567709 -0.895659 0.798141 0.199887 -0.570078 -0.447572 0.659345
10014.799852000 2.552691 -0.915452 0.810103 0.197269 -0.572486 -0.448871 0.657160
10014.833185000 2.537938 -0.932996 0.822962 0.194874 -0.574789 -0.450047 0.655057
10014.866518000 2.522118 -0.949484 0.837276 0.192582 -0.577197 -0.451075 0.652907
10014.899851000 2.507625 -0.967566 0.851761 0.190127 -0.579812 -0.452206 0.650522
10014.933184000 2.493506 -0.983145 0.866855 0.187911 -0.582299 -0.453180 0.648264
10014.966517000 2.480146 -1.000477 0.882969 0.185528 -0.585028 -0.454143 0.645814
10014.999850000 2.462375 -1.035767 0.912016 0.181046 -0.590184 -0.456356 0.640815
10015.033183000 2.456311 -1.054518 0.926028 0.178618 -0.592749 -0.457356 0.638412
10015.066516000 2.452561 -1.071274 0.940185 0.176471 -0.595288 -0.458025 0.636163
10015.099849000 2.450398 -1.089997 0.952986 0.174301 -0.597759 -0.459036 0.633710
10015.133182000 2.449038 -1.108069 0.965619 0.172311 -0.600178 -0.459764 0.631437
10015.166515000 2.447813 -1.124675 0.976314 0.170526 -0.602264 -0.460492 0.629401
10015.199848000 2.439385 -1.139859 0.989901 0.169105 -0.604420 -0.461334 0.627097
10015.233181000 2.438995 -1.156460 1.000003 0.167309 -0.606677 -0.461867 0.625004
10015.266514000 2.434541 -1.171767 1.008382 0.165808 -0.608510 -0.462609 0.623070
10015.299847000 2.427485 -1.184654 1.016288 0.164523 -0.610275 -0.463185 0.621254
10015.333180000 2.410580 -1.208124 1.029266 0.162206 -0.613912 -0.463782 0.617824
10015.366513000 2.398992 -1.217942 1.033505 0.161174 -0.615460 -0.463981 0.616404
10015.399846000 2.385590 -1.225743 1.036679 0.160308 -0.616867 -0.464094 0.615138
10015.433179000 2.369975 -1.231669 1.038854 0.159788 -0.618096 -0.464225 0.613939
10015.466512000 2.350882 -1.235379 1.041098 0.159494 -0.619240 -0.464249 0.612843
10015.499845000 2.332727 -1.239772 1.042150 0.158873 -0.620296 -0.464382 0.611835
10015.533178000 2.312871 -1.243548 1.042464 0.158295 -0.621273 -0.464537 0.610874
10015.566511000 2.291615 -1.246021 1.041865 0.157612 -0.622021 -0.464790 0.610097
10015.599844000 2.269747 -1.247662 1.042471 0.156940 -0.622822 -0.464994 0.609298
10015.633177000 2.247974 -1.248380 1.041008 0.156188 -0.623175 -0.465444 0.608786
10015.666510000 2.203982 -1.248936 1.038320 0.154443 -0.623548 -0.466762 0.607840
10015.699843000 2.181745 -1.248331 1.037690 0.153334 -0.623532 -0.467611 0.607484
10015.733176000 2.160546 -1.248478 1.035938 0.152019 -0.623303 -0.468662 0.607240
10015.766509000 2.138968 -1.246552 1.034069 0.150958 -0.622787 -0.469750 0.607193
10015.799842000 2.117535 -1.244106 1.031085 0.149692 -0.622060 -0.470884 0.607373
10015.833175000 2.097749 -1.242206 1.027430 0.148264 -0.621016 -0.472345 0.607658
10015.866508000 2.077492 -1.240695 1.025024 0.146930 -0.620222 -0.473693 0.607743
10015.899841000 2.058102 -1.236875 1.019963 0.145685 -0.618866 -0.475106 0.608322
10015.933174000 2.039932 -1.234547 1.015417 0.144358 -0.617607 -0.476559 0.608781
10015.966507000 2.022852 -1.231775 1.007864 0.142979 -0.615892 -0.478141 0.609602
10015.999840000 1.991951 -1.224398 0.989741 0.140652 -0.611918 -0.481119 0.611799
10016.033173000 1.977700 -1.221412 0.978381 0.139370 -0.609648 -0.482692 0.613118
10016.066506000 1.966099 -1.219028 0.967456 0.138321 -0.607405 -0.484279 0.614329
10016.099839000 1.954356 -1.217372 0.955032 0.137091 -0.605142 -0.485767 0.615662
10016.133172000 1.944834 -1.215381 0.941815 0.136113 -0.602753 -0.487187 0.617100
10016.166505000 1.935387 -1.214028 0.929464 0.135159 -0.600399 -0.488840 0.618295
10016.199838000 1.925036 -1.214571 0.916252 0.133937 -0.598160 -0.490466 0.619442
10016.233171000 1.917716 -1.216603 0.903635 0.132570 -0.595994 -0.492161 0.620478
10016.266504000 1.909143 -1.221734 0.891357 0.130761 -0.594147 -0.494004 0.621169
10016.299837000 1.901903 -1.227869 0.880533 0.128829 -0.592662 -0.495640 0.621688
10016.333170000 1.889299 -1.247413 0.860754 0.124243 -0.590068 -0.499831 0.621733
10016.366503000 1.884419 -1.260445 0.851213 0.121876 -0.589164 -0.502048 0.621273
10016.399836000 1.879338 -1.274821 0.845976 0.119267 -0.588910 -0.504108 0.620351
10016.433169000 1.873623 -1.289497 0.840522 0.116465 -0.588634 -0.506160 0.619475
10016.466502000 1.868746 -1.305787 0.836609 0.113637 -0.588657 -0.508307 0.618217
10016.499835000 1.865637 -1.322884 0.834838 0.111118 -0.589095 -0.510264 0.616644
10016.533168000 1.859850 -1.339767 0.833446 0.108403 -0.589512 -0.512324 0.615020
10016.566501000 1.856407 -1.355775 0.836385 0.106063 -0.590656 -0.513771 0.613119
10016.599834000 1.851992 -1.369928 0.839555 0.103949 -0.591614 -0.515266 0.611301
10016.633167000 1.848055 -1.384062 0.844516 0.102080 -0.593000 -0.516578 0.609161
10016.666500000 1.839413 -1.405447 0.864349 0.099368 -0.596974 -0.517782 0.604690
10016.699833000 1.835183 -1.414060 0.874648 0.098325 -0.598936 -0.518145 0.602605
10016.733166000 1.830275 -1.420992 0.889050 0.097503 -0.601374 -0.518238 0.600226
10016.766499000 1.825731 -1.426610 0.903212 0.096906 -0.603817 -0.518095 0.597990
10016.799832000 1.819831 -1.430253 0.917293 0.096448 -0.606123 -0.517841 0.595948
10016.833165000 1.814226 -1.432378 0.930965 0.096215 -0.608356 -0.517513 0.593992
10016.866498000 1.806220 -1.435781 0.945595 0.095604 -0.610725 -0.517328 0.591816
10016.899831000 1.798806 -1.437051 0.958232 0.095197 -0.612715 -0.517024 0.590087
10016.933164000 1.788320 -1.439410 0.972003 0.094402 -0.614877 -0.516964 0.588016
10016.966497000 1.777479 -1.442538 0.982852 0.093508 -0.616726 -0.517143 0.586063
10016.999830000 1.751186 -1.450418 1.001533 0.090690 -0.619692 -0.518448 0.582210
10017.033163000 1.736656 -1.454136 1.006233 0.089088 -0.620502 -0.519505 0.580651
10017.066496000 1.721108 -1.458983 1.010302 0.087229 -0.621201 -0.520796 0.579027
10017.099829000 1.703371 -1.465217 1.012409 0.084807 -0.621470 -0.522679 0.577399
10017.133162000 1.685994 -1.470700 1.013051 0.082629 -0.621626 -0.524514 0.575881
10017.166495000 1.667410 -1.477298 1.014063 0.079890 -0.621740 -0.526504 0.574327
10017.199828000 1.648806 -1.483595 1.013886 0.077292 -0.621586 -0.528732 0.572800
10017.233161000 1.629353 -1.488692 1.013131 0.074748 -0.621255 -0.531079 0.571322
10017.266494000 1.611513 -1.493980 1.011274 0.072122 -0.620655 -0.533425 0.570126
10017.299827000 1.593577 -1.499102 1.009918 0.069568 -0.620125 -0.535768 0.568823
10017.333160000 1.559668 -1.507677 1.008171 0.064648 -0.619028 -0.540206 0.566394
10017.366493000 1.544121 -1.510585 1.006663 0.062438 -0.618279 -0.542283 0.565474
10017.399826000 1.529182 -1.513811 1.005583 0.060212 -0.617623 -0.544318 0.564477
10017.433159000 1.514800 -1.516525 1.005663 0.058218 -0.617157 -0.546171 0.563405
10017.466492000 1.501169 -1.520113 1.005868 0.056181 -0.616882 -0.547875 0.562257
10017.499825000 1.487544 -1.523022 1.006963 0.054235 -0.616597 -0.549673 0.561005
10017.533158000 1.475878 -1.526551 1.007728 0.052569 -0.616617 -0.551055 0.559784
10017.566491000 1.464111 -1.530193 1.009494 0.051107 -0.616867 -0.552486 0.558231
10017.599824000 1.452230 -1.535954 1.011262 0.049153 -0.617405 -0.553710 0.556597
10017.633157000 1.442133 -1.541052 1.013053 0.047723 -0.618062 -0.554734 0.554970
10017.666490000 1.420343 -1.557537 1.021017 0.044534 -0.621199 -0.556472 0.549970
10017.699823000 1.409883 -1.567133 1.025514 0.042975 -0.623201 -0.557119 0.547167
10017.733156000 1.398616 -1.578910 1.030347 0.041135 -0.625440 -0.557868 0.543982
10017.766489000 1.389392 -1.589302 1.036298 0.040008 -0.628035 -0.558220 0.540705
10017.799822000 1.380227 -1.600537 1.041146 0.038716 -0.630646 -0.558552 0.537407
10017.833155000 1.372090 -1.612314 1.047869 0.037407 -0.633503 -0.558723 0.533951
10017.866488000 1.361312 -1.624138 1.054771 0.035929 -0.636488 -0.559037 0.530159
10017.899821000 1.351705 -1.635959 1.061182 0.034460 -0.639279 -0.559299 0.526611
10017.933154000 1.342932 -1.647129 1.067201 0.033055 -0.641853 -0.559609 0.523230
10017.966487000 1.333788 -1.658929 1.073294 0.031421 -0.644327 -0.560017 0.519842
10017.999820000 1.315356 -1.677327 1.087060 0.028557 -0.648883 -0.560798 0.513459
10018.033153000 1.306716 -1.685872 1.093921 0.026919 -0.650737 -0.561339 0.510603
10018.066486000 1.296897 -1.693761 1.100648 0.025259 -0.652384 -0.562159 0.507676
10018.099819000 1.289809 -1.701164 1.106642 0.023864 -0.653769 -0.562856 0.505183
10018.133152000 1.281907 -1.708354 1.112104 0.022274 -0.654695 -0.563926 0.502857
10018.166485000 1.273916 -1.717428 1.118089 0.020357 -0.655831 -0.564972 0.500278
10018.199818000 1.269073 -1.726105 1.124975 -0.018989 0.657144 0.565632 -0.497857
10018.233151000 1.264844 -1.735820 1.129235 -0.017397 0.657854 0.566645 -0.495822
10018.266484000 1.261776 -1.746983 1.135103 -0.015946 0.658926 0.567523 -0.493437
10018.299817000 1.259068 -1.760111 1.139933 -0.014292 0.659808 0.568575 -0.491092
10018.333150000 1.260973 -1.792329 1.147924 -0.011221 0.661567 0.570401 -0.486669
10018.366483000 1.263219 -1.812012 1.151871 -0.009597 0.662573 0.571351 -0.484214
10018.399816000 1.267268 -1.832712 1.155439 -0.008121 0.663537 0.572201 -0.481911
10018.433149000 1.272392 -1.854997 1.159804 -0.006741 0.664808 0.572850 -0.479403
10018.466482000 1.279885 -1.877056 1.162773 -0.005677 0.665824 0.573396 -0.477349
10018.499815000 1.287712 -1.900544 1.167256 -0.004562 0.667109 0.573795 -0.475083
10018.533148000 1.296114 -1.923961 1.171352 -0.003584 0.668437 0.574047 -0.472915
10018.566481000 1.307338 -1.946596 1.177067 -0.003024 0.669898 0.573953 -0.470962
10018.599814000 1.317549 -1.969032 1.183409 -0.002423 0.671560 0.573742 -0.468852
10018.633147000 1.328183 -1.990479 1.191125 -0.001963 0.673411 0.573238 -0.466811
10018.666480000 1.349858 -2.030420 1.207168 -0.001268 0.676779 0.572131 -0.463287
10018.699813000 1.360935 -2.048071 1.216498 -0.001252 0.678740 0.571175 -0.461594
10018.733146000 1.371514 -2.064838 1.226708 -0.001267 0.680661 0.570271 -0.459880
10018.766479000 1.380811 -2.079889 1.238154 -0.001227 0.682705 0.569232 -0.458134
10018.799812000 1.389566 -2.094199 1.247099 -0.001072 0.684326 0.568392 -0.456758
10018.833145000 1.395926 -2.106782 1.259414 -0.000853 0.686411 0.567316 -0.454963
10018.866478000 1.400586 -2.120611 1.269450 -0.000297 0.688129 0.566677 -0.453161
10018.899811000 1.402986 -2.131910 1.281199 0.000066 0.689928 0.566162 -0.451067
10018.933144000 1.403549 -2.143622 1.291553 0.000731 0.691630 0.565732 -0.448993
10018.966477000 1.399713 -2.154691 1.301005 0.001888 0.693116 0.565777 -0.446635
10018.999810000 1.383268 -2.176771 1.317346 0.004995 0.695644 0.566899 -0.441225
10019.033143000 1.369105 -2.187185 1.324721 0.007076 0.696759 0.568024 -0.437978
10019.066476000 1.355071 -2.197650 1.330539 0.009230 0.697650 0.569265 -0.434899
10019.099809000 1.338466 -2.206886 1.333020 0.011467 0.697994 0.571056 -0.431934
10019.133142000 1.319331 -2.215643 1.335587 0.013956 0.698317 0.573032 -0.428710
10019.166475000 1.299591 -2.221579 1.337162 0.016321 0.698493 0.575007 -0.425685
10019.199808000 1.278736 -2.226993 1.336963 0.018879 0.698380 0.577163 -0.422838
10019.233141000 1.258019 -2.230396 1.336042 0.021296 0.698116 0.579277 -0.420260
10019.266474000 1.238884 -2.231453 1.333246 0.023326 0.697598 0.581390 -0.418089
10019.299807000 1.220612 -2.230303 1.328944 0.025145 0.696826 0.583479 -0.416358
10019.333140000 1.188713 -2.218970 1.316146 0.027970 0.694583 0.587183 -0.414715
10019.366473000 1.176764 -2.210706 1.307385 0.028739 0.693075 0.588851 -0.414819
10019.399806000 1.165320 -2.198030 1.298626 0.029188 0.691549 0.590212 -0.415400
10019.433139000 1.156509 -2.183984 1.288963 0.029265 0.689868 0.591406 -0.416491
10019.466472000 1.149861 -2.169073 1.277675 0.029151 0.687897 0.592463 -0.418253
10019.499805000 1.145356 -2.153544 1.265857 0.028861 0.685821 0.593332 -0.420444
10019.533138000 1.142411 -2.137851 1.254315 0.028256 0.683773 0.594051 -0.422799
10019.566471000 1.140285 -2.120131 1.244440 0.027426 0.681975 0.594401 -0.425259
10019.599804000 1.142129 -2.103662 1.232589 0.026332 0.679847 0.594570 -0.428487
10019.633137000 1.144782 -2.087955 1.221165 0.025270 0.677762 0.594593 -0.431809
10019.666470000 1.153704 -2.058240 1.200958 0.022663 0.674012 0.594133 -0.438406
10019.699803000 1.161905 -2.044227 1.193038 0.020739 0.672591 0.593335 -0.441751
10019.733136000 1.170328 -2.032919 1.185700 0.019121 0.671282 0.592551 -0.444858
10019.766469000 1.178068 -2.021842 1.179757 0.017511 0.670218 0.591685 -0.447672
10019.799802000 1.187327 -2.011514 1.173502 0.015759 0.669098 0.590754 -0.450632
10019.833135000 1.195800 -2.001799 1.168171 0.014115 0.668135 0.589859 -0.453279
10019.866468000 1.203551 -1.993421 1.163403 0.012697 0.667264 0.589026 -0.455682
10019.899801000 1.209497 -1.985211 1.159645 0.011503 0.666583 0.588284 -0.457665
10019.933134000 1.214156 -1.978538 1.154705 0.010499 0.665705 0.587902 -0.459455
10019.966467000 1.217225 -1.973099 1.150492 0.009778 0.664947 0.587671 -0.460861
10019.999800000 1.214233 -1.961874 1.143074 0.009339 0.663395 0.588114 -0.462539
10020.033133000 1.209042 -1.957231 1.139255 0.009653 0.662557 0.588736 -0.462942
10020.066466000 1.202406 -1.952533 1.135298 0.010077 0.661666 0.589582 -0.463131
10020.099799000 1.194009 -1.948376 1.131282 0.010751 0.660759 0.590641 -0.463061
10020.133132000 1.183186 -1.943980 1.127360 0.011645 0.659836 0.591955 -0.462677
10020.166465000 1.171107 -1.939904 1.123458 0.012689 0.658880 0.593489 -0.462046
10020.199798000 1.157164 -1.936708 1.119279 0.014208 0.657835 0.595224 -0.461258
10020.233131000 1.143804 -1.932168 1.114687 0.015369 0.656686 0.596984 -0.460584
10020.266464000 1.128901 -1.927048 1.109633 0.016710 0.655356 0.598954 -0.459873
10020.299797000 1.112628 -1.922575 1.104878 0.018473 0.654067 0.601000 -0.458970
10020.333130000 1.081951 -1.912505 1.094434 0.021520 0.651325 0.605092 -0.457357
10020.366463000 1.066493 -1.906653 1.088661 0.022997 0.649763 0.607209 -0.456703
10020.399796000 1.051950 -1.900007 1.082177 0.024328 0.648042 0.609290 -0.456305
10020.433129000 1.037551 -1.893570 1.075304 0.025727 0.646234 0.611394 -0.455980
10020.466462000 1.024581 -1.886434 1.068907 0.026892 0.644496 0.613245 -0.455886
10020.499795000 1.011526 -1.879227 1.062732 0.028092 0.642764 0.615094 -0.455769
10020.533128000 0.999327 -1.871847 1.056141 0.029211 0.640940 0.616870 -0.455866
10020.566461000 0.989888 -1.864537 1.050098 0.029896 0.639306 0.618296 -0.456184
10020.599794000 0.981438 -1.857302 1.043018 0.030490 0.637457 0.619726 -0.456792
10020.633127000 0.973527 -1.849341 1.036624 0.031073 0.635724 0.620946 -0.457510
10020.666460000 0.964128 -1.834433 1.025258 0.031374 0.632667 0.622458 -0.459667
10020.699793000 0.961323 -1.826819 1.020040 0.031318 0.631296 0.622894 -0.460963
10020.733126000 0.960995 -1.819765 1.013751 0.031024 0.629738 0.623160 -0.462751
10020.766459000 0.961366 -1.812156 1.007836 0.030657 0.628251 0.623213 -0.464722
10020.799792000 0.962106 -1.804431 1.001761 0.030296 0.626720 0.623173 -0.466862
10020.833125000 0.965048 -1.796724 0.996933 0.029363 0.625584 0.622800 -0.468938
10020.866458000 0.967847 -1.788365 0.991312 0.028650 0.624173 0.622406 -0.471380
10020.899791000 0.971959 -1.780565 0.985996 0.027812 0.622871 0.621831 -0.473903
10020.933124000 0.977206 -1.771518 0.980323 0.026540 0.621531 0.621097 -0.476690
10020.966457000 0.982550 -1.762671 0.974271 0.025305 0.620140 0.620297 -0.479601
10020.999790000 0.992275 -1.740996 0.963676 0.022534 0.617378 0.618545 -0.485530
10021.033123000 0.996017 -1.728974 0.958263 0.021242 0.615879 0.617723 -0.488529
10021.066456000 1.001500 -1.717438 0.951821 0.019636 0.614233 0.616754 -0.491881
10021.099789000 1.006862 -1.706145 0.946721 0.018200 0.612850 0.615690 -0.494984
10021.133122000 1.012605 -1.694949 0.939690 0.016604 0.611092 0.614755 -0.498364
10021.166455000 1.018207 -1.683802 0.934041 -0.015027 -0.609600 -0.613677 0.501559
10021.199788000 1.024121 -1.674347 0.928396 -0.013533 -0.608233 -0.612655 0.504503
10021.233121000 1.031226 -1.664575 0.923200 -0.011861 -0.606936 -0.611440 0.507571
10021.266454000 1.037384 -1.656488 0.916543 -0.010514 -0.605395 -0.610520 0.510541
10021.299787000 1.045368 -1.649839 0.910734 -0.009036 -0.604104 -0.609428 0.513394
10021.333120000 1.060637 -1.641407 0.900587 -0.006602 -0.602162 -0.607484 0.517997
10021.366453000 1.069777 -1.639015 0.895801 -0.005183 -0.601403 -0.606552 0.519982
10021.399786000 1.079428 -1.639918 0.891661 -0.004169 -0.600955 -0.605641 0.521569
10021.433119000 1.090325 -1.642611 0.888116 -0.003128 -0.600765 -0.604674 0.522916
10021.466452000 1.101283 -1.647756 0.884361 -0.002343 -0.600643 -0.603971 0.523871
10021.499785000 1.113479 -1.656094 0.881035 -0.001587 -0.600834 -0.603381 0.524336
10021.533118000 1.126527 -1.667560 0.878706 -0.001067 -0.601382 -0.602824 0.524349
10021.566451000 1.140274 -1.682100 0.876902 -0.000857 -0.602180 -0.602355 0.523973
10021.599784000 1.158281 -1.701058 0.875099 -0.000414 -0.603325 -0.601738 0.523365
