10000.000000000 0.000000 0.000000 0.000000 0.000000 0.000000 0.000000 1.000000
10000.033333000 0.002185 -0.001589 0.000672 0.002164 0.003470 -0.001224 0.999991
10000.066666000 -0.005565 -0.002672 -0.000663 0.001936 0.008108 -0.000845 0.999965
10000.099999000 -0.003405 -0.000314 0.000443 0.002375 0.010464 -0.000236 0.999942
10000.133332000 -0.008749 -0.003959 0.004956 0.001246 0.013165 0.001730 0.999911
10000.166665000 -0.016297 -0.002234 0.006888 0.002647 0.014844 0.003957 0.999878
10000.199998000 -0.015187 0.006063 0.008808 0.004193 0.014921 0.004377 0.999870
10000.233331000 -0.009651 0.014389 0.008607 0.003539 0.014932 0.004961 0.999870
10000.266664000 -0.017326 0.015232 0.014203 -0.001911 0.016779 0.007344 0.999830
10000.299997000 -0.018965 0.014959 0.018986 -0.006626 0.017276 0.009655 0.999782
10000.333330000 -0.012955 0.003076 0.025023 -0.011167 0.017996 0.010781 0.999718
10000.366663000 0.008425 0.018373 0.026070 -0.011682 0.017882 0.011192 0.999709
10000.399996000 0.022177 0.023642 0.032930 -0.018486 0.019728 0.011407 0.999569
10000.433329000 0.037549 0.031945 0.032503 -0.030524 0.022160 0.013858 0.999192
10000.466662000 0.039256 0.025305 0.036417 -0.042199 0.025778 0.019767 0.998581
10000.499995000 0.061058 0.019793 0.034638 -0.044194 0.027600 0.023564 0.998364
10000.533328000 0.085750 0.016750 0.025063 -0.042393 0.028322 0.028221 0.998301
10000.566661000 0.104870 0.014616 0.010343 -0.036016 0.026855 0.031358 0.998498
10000.599994000 0.138530 0.018695 -0.007151 -0.028479 0.021831 0.030301 0.998897
10000.633327000 0.172898 0.025096 -0.023681 -0.021714 0.017914 0.027289 0.999231
10000.666660000 0.212231 0.031740 -0.032105 -0.015067 0.016989 0.024243 0.999448
10000.699993000 0.277611 0.040949 -0.046887 -0.010519 0.020052 0.024540 0.999442
10000.733326000 0.324231 0.053281 -0.053577 -0.009024 0.033410 0.028313 0.999000
10000.766659000 0.357552 0.062687 -0.063784 -0.014984 0.049551 0.037211 0.997966
10000.799992000 0.387767 0.056885 -0.066682 -0.021050 0.061622 0.051053 0.996571
10000.833325000 0.405609 0.049154 -0.061852 -0.018255 0.076698 0.064223 0.994816
10000.866658000 0.401103 0.054164 -0.070435 -0.011019 0.092286 0.071313 0.993114
10000.899991000 0.422152 0.058798 -0.077807 -0.007237 0.096534 0.074382 0.992520
10000.933324000 0.451688 0.066389 -0.076875 -0.008566 0.097260 0.072706 0.992563
10000.966657000 0.457338 0.068177 -0.072718 -0.012796 0.097822 0.069362 0.992701
10000.999990000 0.472662 0.064145 -0.058137 -0.014918 0.095825 0.064958 0.993164
10001.033323000 0.489097 0.061871 -0.049252 -0.019943 0.091685 0.055179 0.994058
10001.066656000 0.505273 0.067223 -0.044595 -0.028292 0.086098 0.045392 0.994850
10001.099989000 0.518734 0.056584 -0.034222 -0.040162 0.081654 0.041851 0.994971
10001.133322000 0.537743 0.042503 -0.028037 -0.041505 0.073210 0.039099 0.995685
10001.166655000 0.573617 0.040094 -0.033943 -0.036037 0.065207 0.038532 0.996476
10001.199988000 0.572326 0.037597 -0.037164 -0.027737 0.061387 0.038939 0.996968
10001.233321000 0.600351 0.036989 -0.047311 -0.017296 0.053358 0.036773 0.997748
10001.266654000 0.623050 0.039694 -0.055156 -0.008324 0.046366 0.032643 0.998356
10001.299987000 0.646898 0.044904 -0.065563 -0.003815 0.041523 0.030524 0.998664
10001.333320000 0.703318 0.043586 -0.082923 -0.001530 0.033607 0.028560 0.999026
10001.366653000 0.730097 0.045180 -0.096939 0.000871 0.029254 0.022867 0.999310
10001.399986000 0.769251 0.065728 -0.117028 0.004461 0.018605 0.013788 0.999722
10001.433319000 0.801150 0.082909 -0.133904 0.002999 0.009284 0.007205 0.999926
10001.466652000 0.824462 0.095118 -0.146688 -0.002256 0.007357 0.003496 0.999964
10001.499985000 0.856915 0.101084 -0.164988 -0.005139 0.004599 0.001404 0.999975
10001.533318000 0.867270 0.111603 -0.183084 -0.007609 0.002335 -0.000836 0.999968
10001.566651000 0.878800 0.115958 -0.196904 -0.010585 -0.001822 0.000351 0.999942
10001.599984000 0.879748 0.121066 -0.213593 -0.010760 -0.004485 -0.000146 0.999932
10001.633317000 0.886178 0.124911 -0.229644 -0.009780 -0.007288 -0.000701 0.999925
10001.666650000 0.891926 0.145405 -0.260026 -0.008287 -0.006490 -0.002281 0.999942
10001.699983000 0.881427 0.160158 -0.282405 -0.010184 -0.005554 -0.004129 0.999924
10001.733316000 0.868164 0.168661 -0.304212 -0.012787 -0.008764 -0.004825 0.999868
10001.766649000 0.847464 0.178169 -0.328104 -0.009581 -0.014677 -0.008286 0.999812
10001.799982000 0.831522 0.196663 -0.353619 -0.006211 -0.021597 -0.013330 0.999659
10001.833315000 0.804556 0.219131 -0.384439 -0.006941 -0.025702 -0.016588 0.999508
10001.866648000 0.793146 0.245098 -0.413545 -0.012687 -0.029544 -0.016469 0.999347
10001.899981000 0.768995 0.262954 -0.438626 -0.022556 -0.029065 -0.016219 0.999191
10001.933314000 0.757507 0.270453 -0.457542 -0.030207 -0.030994 -0.014553 0.998957
10001.966647000 0.741182 0.285606 -0.486274 -0.032844 -0.030272 -0.014972 0.998890
10001.999980000 0.726289 0.291861 -0.511215 -0.037935 -0.030650 -0.015658 0.998687
10002.033313000 0.720636 0.295599 -0.535973 -0.038152 -0.031816 -0.016713 0.998625
10002.066646000 0.713092 0.304337 -0.559665 -0.036523 -0.033481 -0.019397 0.998583
10002.099979000 0.707057 0.324875 -0.597212 -0.036054 -0.035816 -0.023500 0.998431
10002.133312000 0.711365 0.340715 -0.624774 -0.035661 -0.036505 -0.024710 0.998391
10002.166645000 0.716122 0.355952 -0.653124 -0.037471 -0.035685 -0.022593 0.998405
10002.199978000 0.730842 0.377288 -0.680788 -0.038615 -0.034799 -0.016785 0.998507
10002.233311000 0.746978 0.402522 -0.710848 -0.039993 -0.031893 -0.016017 0.998562
10002.266644000 0.765700 0.425181 -0.739672 -0.047295 -0.021858 -0.015807 0.998517
10002.299977000 0.779857 0.445075 -0.767063 -0.055720 -0.011342 -0.012134 0.998308
10002.333310000 0.787281 0.450087 -0.788645 -0.071525 -0.000818 -0.001662 0.997437
10002.366643000 0.785125 0.448920 -0.808740 -0.079487 0.006616 0.009218 0.996771
10002.399976000 0.783968 0.454962 -0.829504 -0.073975 0.016992 0.018135 0.996950
10002.433309000 0.792698 0.464087 -0.859135 -0.067566 0.030812 0.026056 0.996898
10002.466642000 0.795182 0.473709 -0.880578 -0.063838 0.046673 0.036559 0.996198
10002.499975000 0.799918 0.490169 -0.903616 -0.062841 0.060278 0.044097 0.995225
10002.533308000 0.784471 0.495558 -0.928700 -0.064113 0.084284 0.059287 0.992608
10002.566641000 0.772441 0.498535 -0.946297 -0.062417 0.095706 0.067355 0.991165
10002.599974000 0.767057 0.501408 -0.963723 -0.058746 0.101113 0.071498 0.990562
10002.633307000 0.771323 0.509480 -0.982699 -0.053117 0.109032 0.075199 0.989765
10002.666640000 0.779096 0.519148 -1.000166 -0.047191 0.121574 0.081413 0.988112
10002.699973000 0.794154 0.525435 -1.014838 -0.046124 0.137031 0.089324 0.985452
10002.733306000 0.804248 0.529610 -1.028681 -0.047671 0.152361 0.101611 0.981931
10002.766639000 0.813972 0.532972 -1.040436 -0.048988 0.163088 0.117700 0.978340
10002.799972000 0.836566 0.539477 -1.058227 -0.045374 0.166523 0.129230 0.976479
10002.833305000 0.861677 0.551250 -1.080963 -0.038780 0.169387 0.135342 0.975442
10002.866638000 0.884378 0.555352 -1.101428 -0.037074 0.169497 0.136107 0.975383
10002.899971000 0.905562 0.571332 -1.121824 -0.037990 0.168824 0.132761 0.975925
10002.933304000 0.925187 0.583388 -1.138243 -0.041908 0.172378 0.132804 0.975137
10002.966637000 0.945000 0.602192 -1.155165 -0.041973 0.178018 0.133039 0.974088
10002.999970000 0.959008 0.615528 -1.163332 -0.046842 0.188784 0.139146 0.970981
10003.033303000 0.974907 0.621302 -1.173360 -0.052947 0.198422 0.151673 0.966861
10003.066636000 0.993187 0.626931 -1.189007 -0.052311 0.206275 0.163818 0.963264
10003.099969000 1.005318 0.632502 -1.203179 -0.047630 0.214853 0.171906 0.960218
10003.133302000 1.013578 0.632478 -1.214625 -0.044998 0.225922 0.177484 0.956783
10003.166635000 1.011023 0.639109 -1.227286 -0.039942 0.239636 0.184714 0.952292
10003.199968000 1.014182 0.639868 -1.236030 -0.037552 0.252190 0.192390 0.947616
10003.233301000 1.010642 0.642252 -1.241098 -0.033525 0.264057 0.197401 0.943495
10003.266634000 1.007438 0.634866 -1.242784 -0.030989 0.276059 0.198816 0.939842
10003.299967000 0.991676 0.632755 -1.242928 -0.025896 0.288499 0.198850 0.936246
10003.333300000 0.974554 0.626698 -1.237504 -0.024916 0.299385 0.199506 0.932708
10003.366633000 0.956710 0.625023 -1.234867 -0.019502 0.306059 0.199463 0.930678
10003.399966000 0.947228 0.617920 -1.234103 -0.018290 0.311850 0.200397 0.928577
10003.433299000 0.933033 0.609021 -1.226297 -0.016368 0.320652 0.200837 0.925515
10003.466632000 0.923017 0.606336 -1.223881 -0.013055 0.329035 0.199211 0.922974
10003.499965000 0.910856 0.601862 -1.220371 -0.012461 0.337790 0.200052 0.919631
10003.533298000 0.902762 0.608795 -1.224349 -0.012516 0.347246 0.200656 0.915970
10003.566631000 0.903169 0.611133 -1.225215 -0.014065 0.356456 0.203294 0.911819
10003.599964000 0.905644 0.615689 -1.230811 -0.014978 0.364756 0.206468 0.907799
10003.633297000 0.909775 0.620906 -1.234641 -0.017050 0.373912 0.210224 0.903164
10003.666630000 0.919959 0.630887 -1.247343 -0.021261 0.380108 0.214967 0.899364
10003.699963000 0.931686 0.639628 -1.256921 -0.027850 0.385627 0.224293 0.894544
10003.733296000 0.948856 0.639156 -1.268930 -0.032694 0.393136 0.234820 0.888389
10003.766629000 0.965627 0.646928 -1.293206 -0.031099 0.406401 0.243760 0.880030
10003.799962000 0.988374 0.661543 -1.325122 -0.028929 0.421005 0.253056 0.870564
10003.833295000 1.003045 0.673635 -1.354352 -0.026112 0.433635 0.261801 0.861823
10003.866628000 1.015600 0.683778 -1.377009 -0.025219 0.443353 0.268229 0.854901
10003.899961000 1.038851 0.695547 -1.405200 -0.025139 0.448203 0.271510 0.851331
10003.933294000 1.061014 0.709197 -1.439551 -0.022809 0.451992 0.273878 0.848630
10003.966627000 1.081561 0.724529 -1.466835 -0.021141 0.456246 0.275393 0.845903
10003.999960000 1.093790 0.744212 -1.486947 -0.018200 0.463245 0.279836 0.840693
10004.033293000 1.110786 0.774533 -1.519443 -0.020782 0.467893 0.283442 0.836842
10004.066626000 1.135688 0.781553 -1.541420 -0.031567 0.474109 0.298454 0.827738
10004.099959000 1.156187 0.792612 -1.562884 -0.035116 0.482006 0.311732 0.818083
10004.133292000 1.177399 0.810607 -1.592739 -0.033324 0.491501 0.318876 0.809713
10004.166625000 1.197086 0.823907 -1.608812 -0.030823 0.507696 0.325763 0.796978
10004.199958000 1.220868 0.841586 -1.638732 -0.032895 0.521457 0.336212 0.783557
10004.233291000 1.243672 0.858617 -1.661387 -0.034776 0.532979 0.349062 0.769987
10004.266624000 1.266724 0.871256 -1.683108 -0.035312 0.543662 0.357638 0.758472
10004.299957000 1.288714 0.893461 -1.708772 -0.035564 0.551253 0.357482 0.753035
10004.333290000 1.312977 0.903140 -1.715221 -0.038687 0.562170 0.354461 0.746208
10004.366623000 1.339246 0.912350 -1.721486 -0.043354 0.567142 0.352577 0.743075
10004.399956000 1.369250 0.924799 -1.735634 -0.046778 0.566184 0.349801 0.744907
10004.433289000 1.401945 0.934820 -1.755600 -0.045846 0.560124 0.343819 0.752295
10004.466622000 1.433927 0.939880 -1.782360 -0.043107 0.552621 0.334669 0.762068
10004.499955000 1.468800 0.945893 -1.821909 -0.041136 0.549999 0.329065 0.766502
10004.533288000 1.496623 0.953067 -1.844198 -0.040026 0.555011 0.329437 0.762779
10004.566621000 1.521824 0.959777 -1.866921 -0.039120 0.557634 0.335850 0.758102
10004.599954000 1.546270 0.970109 -1.891852 -0.034203 0.555636 0.335109 0.760132
10004.633287000 1.570586 0.982857 -1.922333 -0.029980 0.552833 0.326696 0.765994
10004.666620000 1.601438 0.997940 -1.960093 -0.024887 0.547806 0.320458 0.772396
10004.699953000 1.621893 1.015059 -1.987137 -0.023373 0.538917 0.315749 0.780593
10004.733286000 1.642160 1.031232 -2.016403 -0.026388 0.527901 0.304619 0.792358
10004.766619000 1.662362 1.049071 -2.045839 -0.029998 0.516676 0.290017 0.805007
10004.799952000 1.687800 1.061556 -2.073848 -0.036783 0.504443 0.282900 0.814955
10004.833285000 1.711663 1.065512 -2.097653 -0.043618 0.496452 0.273491 0.822700
10004.866618000 1.730032 1.079012 -2.117195 -0.044622 0.486220 0.262742 0.832205
10004.899951000 1.750422 1.087490 -2.134979 -0.043245 0.472711 0.260883 0.840604
10004.933284000 1.773450 1.092661 -2.147798 -0.038760 0.456221 0.256420 0.851240
10004.966617000 1.796127 1.100719 -2.163833 -0.032130 0.440487 0.250277 0.861569
10004.999950000 1.827460 1.108460 -2.178459 -0.031485 0.428125 0.243537 0.869717
10005.033283000 1.853263 1.114597 -2.177808 -0.034850 0.420362 0.237035 0.875155
10005.066616000 1.885537 1.116720 -2.176813 -0.039936 0.411702 0.223029 0.882703
10005.099949000 1.918407 1.121008 -2.174788 -0.039376 0.402559 0.205299 0.891206
10005.133282000 1.963197 1.127775 -2.170915 -0.043977 0.386168 0.191007 0.901364
10005.166615000 2.002209 1.122821 -2.173738 -0.055281 0.366634 0.187302 0.909638
10005.199948000 2.034268 1.121404 -2.177078 -0.056537 0.352049 0.183130 0.916149
10005.233281000 2.065175 1.126644 -2.184137 -0.056420 0.337854 0.184036 0.921305
10005.266614000 2.094301 1.125191 -2.188377 -0.055243 0.320253 0.184881 0.927473
10005.299947000 2.115319 1.124605 -2.191866 -0.049537 0.301435 0.183859 0.934280
10005.333280000 2.146715 1.134829 -2.204839 -0.048502 0.279960 0.177161 0.942276
10005.366613000 2.192750 1.153739 -2.222031 -0.054514 0.250349 0.164818 0.952464
10005.399946000 2.231172 1.161732 -2.240266 -0.056857 0.232487 0.153882 0.958664
10005.433279000 2.263619 1.168432 -2.261024 -0.055025 0.214198 0.137718 0.965466
10005.466612000 2.301849 1.186110 -2.289472 -0.050367 0.192461 0.114070 0.973350
10005.499945000 2.335211 1.201396 -2.312386 -0.053217 0.178350 0.098298 0.977597
10005.533278000 2.372759 1.208557 -2.334023 -0.053704 0.165527 0.087784 0.980821
10005.566611000 2.408513 1.214185 -2.352729 -0.052497 0.154086 0.079301 0.983470
10005.599944000 2.446510 1.213788 -2.367490 -0.052475 0.141121 0.076325 0.985650
10005.633277000 2.484196 1.216170 -2.378764 -0.044941 0.129916 0.074136 0.987728
10005.666610000 2.531365 1.221112 -2.387875 -0.039001 0.113639 0.068524 0.990389
10005.699943000 2.580216 1.232774 -2.388603 -0.035461 0.101216 0.055626 0.992675
10005.733276000 2.622217 1.240457 -2.384594 -0.038463 0.093200 0.040484 0.994080
10005.766609000 2.656414 1.246779 -2.378354 -0.043295 0.090609 0.021455 0.994714
10005.799942000 2.681887 1.262649 -2.372906 -0.051940 0.089437 0.013305 0.994548
10005.833275000 2.734507 1.251799 -2.364186 -0.071261 0.077712 0.006769 0.994403
10005.866608000 2.765817 1.246826 -2.361879 -0.078247 0.072228 0.009238 0.994271
10005.899941000 2.804862 1.236250 -2.362872 -0.080362 0.062486 0.013832 0.994709
10005.933274000 2.845105 1.233083 -2.366319 -0.074400 0.051902 0.014065 0.995778
10005.966607000 2.880468 1.233462 -2.371151 -0.067245 0.042745 0.011058 0.996759
10005.999940000 2.926765 1.237265 -2.377699 -0.064732 0.030436 0.008893 0.997399
10006.033273000 2.970844 1.240670 -2.384170 -0.065041 0.016917 0.007546 0.997711
10006.066606000 3.017832 1.239567 -2.391464 -0.063795 0.007265 0.003580 0.997930
10006.099939000 3.070875 1.246994 -2.403636 -0.056224 -0.000886 -0.005016 0.998405
10006.133272000 3.133226 1.250155 -2.417623 -0.049670 -0.008915 -0.016107 0.998596
10006.166605000 3.189551 1.251606 -2.426111 -0.047248 -0.003059 -0.014657 0.998771
10006.199938000 3.270556 1.234916 -2.426776 -0.042868 0.006506 -0.001852 0.999058
10006.233271000 3.328329 1.237016 -2.430229 -0.035260 0.008350 0.007082 0.999318
10006.266604000 3.378247 1.234134 -2.426843 -0.034238 0.010981 0.017755 0.999196
10006.299937000 3.421486 1.232566 -2.417309 -0.032706 0.011325 0.026570 0.999048
10006.333270000 3.464970 1.232219 -2.408423 -0.031710 0.009769 0.030704 0.998978
10006.366603000 3.500583 1.219727 -2.390101 -0.032620 0.013385 0.033027 0.998832
10006.399936000 3.544424 1.216623 -2.369546 -0.026104 0.015301 0.030748 0.999069
10006.433269000 3.583611 1.215522 -2.347082 -0.022983 0.016504 0.024855 0.999291
10006.466602000 3.626596 1.206187 -2.319094 -0.022729 0.014972 0.017484 0.999477
10006.499935000 3.648637 1.203902 -2.295108 -0.029608 0.013505 0.018095 0.999307
10006.533268000 3.681950 1.176054 -2.265503 -0.032943 0.005893 0.014144 0.999340
10006.566601000 3.721480 1.163550 -2.246772 -0.025251 0.002070 0.008751 0.999641
10006.599934000 3.749559 1.152664 -2.228179 -0.025103 -0.001520 0.010283 0.999631
10006.633267000 3.786051 1.133935 -2.206973 -0.024180 -0.013363 0.011844 0.999548
10006.666600000 3.824409 1.119151 -2.188017 -0.021484 -0.027246 0.007572 0.999369
10006.699933000 3.859874 1.117716 -2.170141 -0.017801 -0.042300 0.002242 0.998944
10006.733266000 3.921115 1.115439 -2.141950 -0.023363 -0.066726 -0.009559 0.997452
10006.766599000 3.961230 1.106552 -2.121821 -0.031867 -0.078827 -0.017986 0.996217
10006.799932000 4.005786 1.095411 -2.102277 -0.039775 -0.089191 -0.021933 0.994978
10006.833265000 4.045655 1.070891 -2.076129 -0.049673 -0.098914 -0.023702 0.993573
10006.866598000 4.080241 1.077458 -2.058625 -0.047996 -0.111425 -0.029845 0.992164
10006.899931000 4.113410 1.072144 -2.036937 -0.062497 -0.125992 -0.031688 0.989553
10006.933264000 4.146676 1.058713 -2.006341 -0.074342 -0.138695 -0.033775 0.986963
10006.966597000 4.172256 1.051318 -1.976451 -0.080855 -0.143743 -0.039563 0.985513
10006.999930000 4.199522 1.039158 -1.938370 -0.088053 -0.145125 -0.046320 0.984398
10007.033263000 4.227451 1.026398 -1.895487 -0.091928 -0.145318 -0.058220 0.983383
10007.066596000 4.246019 1.012845 -1.853890 -0.092437 -0.145617 -0.074287 0.982208
10007.099929000 4.260814 1.003454 -1.819321 -0.093881 -0.152800 -0.087420 0.979896
10007.133262000 4.275896 0.973854 -1.783332 -0.099724 -0.163242 -0.099375 0.976489
10007.166595000 4.308879 0.945359 -1.747067 -0.082526 -0.172291 -0.104821 0.975970
10007.199928000 4.337136 0.932170 -1.727288 -0.077165 -0.178446 -0.100504 0.975757
10007.233261000 4.365692 0.913034 -1.702738 -0.076180 -0.186675 -0.096643 0.974684
10007.266594000 4.398630 0.900049 -1.680311 -0.073539 -0.199312 -0.093500 0.972689
10007.299927000 4.433543 0.891974 -1.658806 -0.071945 -0.210801 -0.091194 0.970603
10007.333260000 4.479285 0.876564 -1.631193 -0.073143 -0.223023 -0.094002 0.967510
10007.366593000 4.522496 0.866126 -1.608989 -0.069705 -0.231182 -0.098160 0.965433
10007.399926000 4.573839 0.855401 -1.589459 -0.063965 -0.242809 -0.104077 0.962351
10007.433259000 4.629823 0.847560 -1.567529 -0.061348 -0.251284 -0.111932 0.959460
10007.466592000 4.683023 0.832687 -1.542244 -0.066009 -0.249341 -0.113733 0.959446
10007.499925000 4.721834 0.802820 -1.515357 -0.067361 -0.246170 -0.108744 0.960748
10007.533258000 4.773835 0.793013 -1.492620 -0.067848 -0.248434 -0.103910 0.960666
10007.566591000 4.814240 0.777936 -1.462874 -0.073367 -0.249719 -0.099045 0.960441
10007.599924000 4.852899 0.765384 -1.434036 -0.074788 -0.252212 -0.096531 0.959936
10007.633257000 4.891342 0.754076 -1.399825 -0.075882 -0.256671 -0.098459 0.958472
10007.666590000 4.918637 0.743347 -1.373254 -0.073808 -0.260305 -0.104746 0.956986
10007.699923000 4.952348 0.732507 -1.340061 -0.066984 -0.266905 -0.123299 0.953453
10007.733256000 4.986542 0.723337 -1.306283 -0.056250 -0.270931 -0.144692 0.949998
10007.766589000 5.021715 0.709194 -1.272550 -0.035810 -0.274447 -0.162809 0.947043
10007.799922000 5.072184 0.691784 -1.235850 -0.030274 -0.277809 -0.177115 0.943682
10007.833255000 5.100935 0.654533 -1.204723 -0.035411 -0.286921 -0.172456 0.941637
10007.866588000 5.134134 0.626528 -1.179008 -0.032539 -0.298670 -0.164025 0.939592
10007.899921000 5.163521 0.606809 -1.152491 -0.026020 -0.305445 -0.164354 0.937558
10007.933254000 5.195543 0.595102 -1.124707 -0.021112 -0.317456 -0.165450 0.933489
10007.966587000 5.231488 0.579221 -1.092070 -0.019672 -0.332739 -0.166680 0.927963
10007.999920000 5.264236 0.564794 -1.064448 -0.020431 -0.343206 -0.168905 0.923723
10008.033253000 5.294062 0.554277 -1.036437 -0.018965 -0.352315 -0.173446 0.919473
10008.066586000 5.331936 0.535939 -1.000712 -0.020910 -0.358165 -0.176764 0.916534
10008.099919000 5.356898 0.508315 -0.966040 -0.025990 -0.366031 -0.179532 0.912751
10008.133252000 5.382297 0.482963 -0.928924 -0.021573 -0.382195 -0.180570 0.906011
10008.166585000 5.402781 0.462783 -0.898817 -0.024073 -0.394550 -0.179334 0.900883
10008.199918000 5.415762 0.452066 -0.870662 -0.024259 -0.406687 -0.177671 0.895796
10008.233251000 5.430021 0.440999 -0.834970 -0.021260 -0.418807 -0.179205 0.889963
10008.266584000 5.431345 0.427771 -0.801065 -0.020678 -0.426102 -0.182798 0.885773
10008.299917000 5.432345 0.414361 -0.765318 -0.019934 -0.430904 -0.186181 0.882758
10008.333250000 5.426284 0.396787 -0.729217 -0.017370 -0.433780 -0.196743 0.879105
10008.366583000 5.418341 0.394189 -0.694547 -0.015598 -0.435552 -0.208106 0.875639
10008.399916000 5.407935 0.387520 -0.664724 -0.020462 -0.436438 -0.220429 0.872075
10008.433249000 5.392190 0.356880 -0.626371 -0.029243 -0.441531 -0.232716 0.866048
10008.466582000 5.384406 0.340719 -0.595729 -0.023673 -0.447851 -0.237934 0.861543
10008.499915000 5.375543 0.304669 -0.546073 -0.024879 -0.457605 -0.239560 0.855914
10008.533248000 5.369798 0.289181 -0.519171 -0.025049 -0.470070 -0.238560 0.849409
10008.566581000 5.368022 0.275894 -0.484766 -0.025158 -0.481905 -0.240006 0.842337
10008.599914000 5.364358 0.256171 -0.444440 -0.030355 -0.491622 -0.242748 0.835739
10008.633247000 5.357947 0.225333 -0.393118 -0.030347 -0.501206 -0.244995 0.829367
10008.666580000 5.360547 0.193152 -0.337887 -0.023308 -0.507958 -0.243917 0.825796
10008.699913000 5.371807 0.177468 -0.290180 -0.011899 -0.507295 -0.240859 0.827343
10008.733246000 5.373955 0.159903 -0.249755 -0.016474 -0.500364 -0.240827 0.831485
10008.766579000 5.363798 0.118808 -0.200146 -0.017333 -0.499065 -0.241319 0.832105
10008.799912000 5.363942 0.109006 -0.162395 -0.008706 -0.504654 -0.241201 0.828898
10008.833245000 5.349722 0.083824 -0.118332 -0.015266 -0.510638 -0.241357 0.825083
10008.866578000 5.325761 0.059003 -0.078923 -0.025435 -0.516273 -0.242423 0.821003
10008.899911000 5.308529 0.047371 -0.045228 -0.024467 -0.520648 -0.242791 0.818156
10008.933244000 5.288865 0.036601 -0.011361 -0.021586 -0.523091 -0.242613 0.816730
10008.966577000 5.263428 0.024981 0.022722 -0.021710 -0.521275 -0.240706 0.818451
10008.999910000 5.235007 0.011151 0.057206 -0.018857 -0.516813 -0.240481 0.821412
10009.033243000 5.198632 0.000883 0.085183 -0.009403 -0.509295 -0.243416 0.825396
10009.066576000 5.161582 -0.015982 0.109427 -0.008844 -0.505042 -0.246768 0.827018
10009.099909000 5.126667 -0.039856 0.141104 -0.004274 -0.503639 -0.246656 0.827943
10009.133242000 5.111124 -0.054700 0.176685 -0.001568 -0.500593 -0.244327 0.830487
10009.166575000 5.083420 -0.078969 0.218932 -0.009933 -0.497733 -0.241946 0.832842
10009.199908000 5.058500 -0.096670 0.251541 -0.015360 -0.499446 -0.238575 0.832706
10009.233241000 5.042314 -0.108265 0.283959 -0.017473 -0.501226 -0.236396 0.832216
10009.266574000 5.028422 -0.119054 0.322310 -0.020753 -0.505112 -0.237243 0.829546
10009.299907000 5.007927 -0.142559 0.366575 -0.025010 -0.509179 -0.242949 0.825280
10009.333240000 5.000242 -0.166975 0.418039 -0.024611 -0.512927 -0.240356 0.823729
10009.366573000 4.994833 -0.183682 0.460803 -0.024381 -0.511699 -0.235685 0.825846
10009.399906000 4.983500 -0.213760 0.511236 -0.032285 -0.505406 -0.235013 0.829633
10009.433239000 4.971011 -0.253759 0.569487 -0.033850 -0.498235 -0.238307 0.832962
10009.466572000 4.965607 -0.270951 0.610520 -0.028486 -0.492323 -0.239156 0.836427
10009.499905000 4.955479 -0.301780 0.676030 -0.036898 -0.495504 -0.237489 0.834694
10009.533238000 4.930967 -0.323064 0.708318 -0.044738 -0.489443 -0.233706 0.838943
10009.566571000 4.922703 -0.340926 0.758972 -0.045370 -0.482607 -0.233067 0.843037
10009.599904000 4.903842 -0.360886 0.804713 -0.046731 -0.474747 -0.230565 0.848099
10009.633237000 4.888819 -0.381671 0.850982 -0.041726 -0.470070 -0.230897 0.850870
10009.666570000 4.880256 -0.390259 0.898016 -0.031278 -0.468121 -0.232408 0.851980
10009.699903000 4.853521 -0.407996 0.941470 -0.026217 -0.463512 -0.233719 0.854309
10009.733236000 4.833222 -0.423234 0.975674 -0.023931 -0.460439 -0.236180 0.855361
10009.766569000 4.810661 -0.459464 1.026931 -0.025068 -0.460764 -0.244475 0.852819
10009.799902000 4.790183 -0.499316 1.077835 -0.020456 -0.457287 -0.236817 0.856965
10009.833235000 4.776030 -0.527594 1.121809 -0.021459 -0.455588 -0.228025 0.860223
10009.866568000 4.762284 -0.549787 1.160846 -0.022676 -0.459106 -0.220456 0.860295
10009.899901000 4.754015 -0.558066 1.189708 -0.021917 -0.460869 -0.218052 0.859984
10009.933234000 4.737934 -0.575404 1.231310 -0.025848 -0.463745 -0.222749 0.857120
10009.966567000 4.725281 -0.588898 1.269116 -0.028404 -0.472279 -0.227758 0.851042
10009.999900000 4.705495 -0.630796 1.325948 -0.028462 -0.478511 -0.235177 0.845523
10010.033233000 4.694382 -0.642445 1.354535 -0.022797 -0.482501 -0.234932 0.843493
10010.066566000 4.678718 -0.664146 1.392659 -0.025387 -0.485533 -0.235669 0.841471
10010.099899000 4.662522 -0.690691 1.436858 -0.021837 -0.499106 -0.239494 0.832502
10010.133232000 4.651991 -0.701120 1.469822 -0.016893 -0.513176 -0.240305 0.823783
10010.166565000 4.625622 -0.726273 1.510124 -0.028584 -0.518749 -0.239767 0.820118
10010.199898000 4.600668 -0.740547 1.536778 -0.034923 -0.524347 -0.236185 0.817348
10010.233231000 4.562695 -0.754276 1.579317 -0.035689 -0.530271 -0.234243 0.814045
10010.266564000 4.530012 -0.761061 1.600305 -0.033438 -0.528250 -0.234331 0.815428
10010.299897000 4.495521 -0.766023 1.623781 -0.026677 -0.526062 -0.238410 0.815909
10010.333230000 4.442049 -0.786090 1.665140 -0.019523 -0.524687 -0.248796 0.813894
10010.366563000 4.341810 -0.795867 1.691130 -0.009473 -0.508482 -0.261280 0.820420
10010.399896000 4.296578 -0.814060 1.714461 -0.005080 -0.516610 -0.263015 0.814808
10010.433229000 4.263422 -0.813152 1.727107 -0.010629 -0.515917 -0.263299 0.815101
10010.466562000 4.217512 -0.829935 1.748703 -0.022076 -0.512181 -0.265492 0.816516
10010.499895000 4.170749 -0.853579 1.782702 -0.027085 -0.512012 -0.265719 0.816397
10010.533228000 4.139267 -0.855949 1.802750 -0.026432 -0.514140 -0.268532 0.814157
10010.566561000 4.100553 -0.857828 1.820632 -0.025303 -0.515960 -0.273684 0.811321
10010.599894000 4.052950 -0.874604 1.847976 -0.023311 -0.518424 -0.276028 0.809012
10010.633227000 4.013015 -0.892134 1.876070 -0.018122 -0.520356 -0.272210 0.809199
10010.666560000 3.962490 -0.909721 1.904420 -0.015144 -0.523770 -0.266973 0.808802
10010.699893000 3.918298 -0.928825 1.914836 -0.022099 -0.526534 -0.263573 0.807962
10010.733226000 3.872897 -0.948726 1.935640 -0.019578 -0.535029 -0.261989 0.802946
10010.766559000 3.851554 -0.940026 1.947221 -0.017648 -0.541852 -0.264652 0.797524
10010.799892000 3.811325 -0.943685 1.955464 -0.030271 -0.545276 -0.272016 0.792316
10010.833225000 3.761692 -0.958332 1.972063 -0.037789 -0.549481 -0.275590 0.787841
10010.866558000 3.732118 -0.965424 1.996682 -0.039295 -0.551017 -0.276154 0.786495
10010.899891000 3.695744 -0.968626 2.010295 -0.040000 -0.546476 -0.275368 0.789897
10010.933224000 3.654867 -0.976161 2.028566 -0.039021 -0.542531 -0.273571 0.793282
10010.966557000 3.619718 -0.973048 2.034946 -0.035881 -0.538019 -0.270515 0.797540
10010.999890000 3.561817 -0.970201 2.030855 -0.037993 -0.532684 -0.269520 0.801351
10011.033223000 3.508687 -0.979845 2.035145 -0.039827 -0.538154 -0.272901 0.796448
10011.066556000 3.478421 -0.983714 2.050094 -0.038815 -0.546590 -0.281997 0.787535
10011.099889000 3.430903 -0.994635 2.049868 -0.035450 -0.542281 -0.288706 0.788240
10011.133222000 3.415018 -0.981311 2.062297 -0.033118 -0.538964 -0.285381 0.791820
10011.166555000 3.359309 -0.989200 2.061592 -0.046246 -0.532522 -0.286814 0.794996
10011.199888000 3.320848 -0.997005 2.073348 -0.051974 -0.534615 -0.283410 0.794458
10011.233221000 3.292206 -0.999966 2.087474 -0.053670 -0.534695 -0.283538 0.794246
10011.266554000 3.255014 -0.999014 2.093701 -0.052898 -0.533007 -0.286097 0.794515
10011.299887000 3.221593 -0.998687 2.102733 -0.051948 -0.533786 -0.288024 0.793358
10011.333220000 3.186465 -1.000341 2.107470 -0.053315 -0.533355 -0.287895 0.793603
10011.366553000 3.155257 -1.012870 2.125513 -0.057090 -0.532867 -0.284233 0.794987
10011.399886000 3.121625 -1.029157 2.141811 -0.061510 -0.530981 -0.280198 0.797349
10011.433219000 3.090850 -1.043628 2.159621 -0.060005 -0.533968 -0.279821 0.795599
10011.466552000 3.071079 -1.040770 2.164547 -0.054308 -0.535751 -0.278976 0.795106
10011.499885000 3.035356 -1.037413 2.156976 -0.057065 -0.528516 -0.281617 0.798816
10011.533218000 3.005095 -1.043718 2.158998 -0.060145 -0.524126 -0.282461 0.801180
10011.566551000 2.985802 -1.040811 2.156921 -0.057449 -0.524245 -0.280875 0.801858
10011.599884000 2.964650 -1.038854 2.153458 -0.056258 -0.524620 -0.281205 0.801581
10011.633217000 2.940540 -1.037925 2.136690 -0.057642 -0.525338 -0.278552 0.801939
10011.666550000 2.920200 -1.039263 2.121770 -0.052675 -0.531369 -0.275434 0.799380
10011.699883000 2.900148 -1.029176 2.098801 -0.045154 -0.538257 -0.272094 0.796370
10011.733216000 2.875543 -1.012261 2.059860 -0.041662 -0.542182 -0.271425 0.794123
10011.766549000 2.844969 -1.000010 2.020928 -0.041965 -0.550594 -0.271424 0.788299
10011.799882000 2.825538 -0.974294 1.984528 -0.037970 -0.563070 -0.274673 0.778502
10011.833215000 2.799473 -0.956354 1.962083 -0.036834 -0.573021 -0.284121 0.767831
10011.866548000 2.777293 -0.931582 1.938967 -0.034517 -0.581491 -0.292257 0.758460
10011.899881000 2.753402 -0.910928 1.912122 -0.036369 -0.585736 -0.300907 0.751695
10011.933214000 2.729102 -0.899285 1.897555 -0.040567 -0.588442 -0.312399 0.744646
10011.966547000 2.704790 -0.881959 1.880790 -0.038742 -0.591334 -0.319115 0.739587
10011.999880000 2.674153 -0.874775 1.867664 -0.040721 -0.591869 -0.325259 0.736369
10012.033213000 2.646952 -0.863539 1.864342 -0.041317 -0.591270 -0.330955 0.734276
10012.066546000 2.617188 -0.855964 1.856015 -0.042712 -0.591658 -0.334420 0.732311
10012.099879000 2.581475 -0.843774 1.847562 -0.044515 -0.593540 -0.333651 0.731030
10012.133212000 2.544146 -0.837779 1.840438 -0.046919 -0.594674 -0.330991 0.731168
10012.166545000 2.497788 -0.832250 1.827609 -0.049553 -0.593938 -0.325058 0.734248
10012.199878000 2.453368 -0.839143 1.816557 -0.057351 -0.590964 -0.317160 0.739514
10012.233211000 2.398063 -0.849335 1.785085 -0.063179 -0.589974 -0.313277 0.741483
10012.266544000 2.374236 -0.836897 1.783970 -0.051824 -0.599341 -0.310349 0.736063
10012.299877000 2.347622 -0.825985 1.775922 -0.049710 -0.598734 -0.320777 0.732222
10012.333210000 2.305000 -0.813139 1.752959 -0.054139 -0.593800 -0.325807 0.733703
10012.366543000 2.276537 -0.800326 1.743265 -0.052201 -0.592164 -0.327822 0.734268
10012.399876000 2.246245 -0.786661 1.724589 -0.050550 -0.587822 -0.328942 0.737365
10012.433209000 2.209345 -0.772168 1.700109 -0.048288 -0.581327 -0.323979 0.744825
10012.466542000 2.176521 -0.755886 1.676342 -0.042817 -0.573917 -0.317611 0.753598
10012.499875000 2.138016 -0.733104 1.648637 -0.040145 -0.564408 -0.309832 0.764092
10012.533208000 2.098178 -0.722688 1.617929 -0.045506 -0.549933 -0.298051 0.778889
10012.566541000 2.056828 -0.716568 1.579845 -0.049693 -0.546030 -0.285393 0.786087
10012.599874000 2.023913 -0.708124 1.551852 -0.052722 -0.540628 -0.277726 0.792344
10012.633207000 1.983875 -0.692259 1.522552 -0.052877 -0.529510 -0.274410 0.800951
10012.666540000 1.938094 -0.677457 1.493033 -0.056404 -0.513256 -0.274544 0.811180
10012.699873000 1.901200 -0.665352 1.478942 -0.066729 -0.500439 -0.276220 0.817809
10012.733206000 1.859070 -0.655233 1.462287 -0.072778 -0.493861 -0.275431 0.821549
10012.766539000 1.819036 -0.638127 1.446977 -0.074290 -0.488387 -0.277397 0.824021
10012.799872000 1.762707 -0.612909 1.426902 -0.076301 -0.487355 -0.279524 0.823729
10012.833205000 1.686975 -0.603266 1.419258 -0.096552 -0.485892 -0.289742 0.818924
10012.866538000 1.668656 -0.599225 1.423921 -0.099881 -0.481286 -0.292621 0.820220
10012.899871000 1.651635 -0.593388 1.428299 -0.101668 -0.476890 -0.294604 0.821856
10012.933204000 1.637040 -0.585809 1.433135 -0.102694 -0.473340 -0.295740 0.823372
10012.966537000 1.622419 -0.577162 1.436808 -0.102463 -0.470370 -0.296176 0.824944
10012.999870000 1.609064 -0.568257 1.440257 -0.101318 -0.467825 -0.296080 0.826566
10013.033203000 1.596707 -0.556965 1.442055 -0.098798 -0.465563 -0.295347 0.828409
10013.066536000 1.584092 -0.544516 1.444315 -0.095619 -0.463332 -0.294305 0.830401
10013.099869000 1.573575 -0.532380 1.446521 -0.092090 -0.462232 -0.292738 0.831965
10013.133202000 1.564574 -0.520289 1.448933 -0.087414 -0.461684 -0.290776 0.833460
10013.166535000 1.547180 -0.495578 1.450863 -0.077127 -0.461546 -0.285879 0.836241
10013.199868000 1.540167 -0.483339 1.450856 -0.071605 -0.462105 -0.283054 0.837384
10013.233201000 1.532624 -0.469759 1.451771 -0.065312 -0.463054 -0.280063 0.838380
10013.266534000 1.526477 -0.457998 1.450120 -0.060004 -0.463656 -0.277327 0.839352
10013.299867000 1.520411 -0.445192 1.449365 -0.054233 -0.465568 -0.274092 0.839749
10013.333200000 1.514029 -0.433495 1.449761 -0.049788 -0.467374 -0.271577 0.839839
10013.366533000 1.508737 -0.422941 1.447139 -0.045838 -0.469046 -0.269254 0.839879
10013.399866000 1.502755 -0.412203 1.443934 -0.042021 -0.470486 -0.267011 0.839989
10013.433199000 1.497867 -0.401880 1.443250 -0.039557 -0.473364 -0.264878 0.839167
10013.466532000 1.492158 -0.393727 1.440135 -0.038769 -0.475335 -0.263686 0.838465
10013.499865000 1.480712 -0.380143 1.431058 -0.041761 -0.478872 -0.263912 0.836234
10013.533198000 1.475670 -0.376730 1.427120 -0.045091 -0.481523 -0.264629 0.834310
10013.566531000 1.468767 -0.371587 1.424263 -0.048981 -0.483951 -0.265776 0.832319
10013.599864000 1.462213 -0.367536 1.417611 -0.053280 -0.485981 -0.267633 0.830275
10013.633197000 1.457367 -0.365216 1.413571 -0.059117 -0.488879 -0.269365 0.827614
10013.666530000 1.451413 -0.362161 1.408960 -0.064373 -0.492068 -0.271139 0.824748
10013.699863000 1.445222 -0.360524 1.402449 -0.069922 -0.495230 -0.272939 0.821804
10013.733196000 1.438642 -0.358899 1.397254 -0.075292 -0.499209 -0.274713 0.818324
10013.766529000 1.432596 -0.356972 1.391316 -0.079862 -0.503525 -0.276056 0.814787
10013.799862000 1.426454 -0.354417 1.385128 -0.084292 -0.507903 -0.276770 0.811374
10013.833195000 1.412826 -0.350557 1.372736 -0.089950 -0.519641 -0.277589 0.803011
10013.866528000 1.406947 -0.347937 1.368049 -0.092150 -0.526401 -0.276954 0.798565
10013.899861000 1.400732 -0.345273 1.362247 -0.093249 -0.533413 -0.275851 0.794155
10013.933194000 1.395116 -0.342458 1.357286 -0.093612 -0.540117 -0.274660 0.789983
10013.966527000 1.388632 -0.337424 1.352634 -0.093557 -0.546386 -0.273088 0.786214
10013.999860000 1.382457 -0.335582 1.348511 -0.093566 -0.552178 -0.271645 0.782658
10014.033193000 1.375989 -0.332153 1.342860 -0.093045 -0.556248 -0.270033 0.780393
10014.066526000 1.369933 -0.328900 1.337016 -0.092721 -0.559408 -0.268566 0.778677
10014.099859000 1.362922 -0.326229 1.330529 -0.092618 -0.560686 -0.267970 0.777975
10014.133192000 1.357218 -0.323477 1.324545 -0.092790 -0.560241 -0.267278 0.778513
10014.166525000 1.345889 -0.319053 1.311598 -0.093119 -0.553165 -0.267206 0.783542
10014.199858000 1.339876 -0.318070 1.304654 -0.094005 -0.545766 -0.268601 0.788134
10014.233191000 1.334564 -0.317073 1.297589 -0.094400 -0.536308 -0.270213 0.794007
10014.266524000 1.328412 -0.315945 1.291304 -0.094568 -0.525172 -0.272780 0.800526
10014.299857000 1.323488 -0.313656 1.284828 -0.094181 -0.512518 -0.275344 0.807862
10014.333190000 1.317250 -0.313187 1.277838 -0.093249 -0.497627 -0.279250 0.815899
10014.366523000 1.310882 -0.309939 1.271387 -0.091975 -0.481615 -0.283073 0.824292
10014.399856000 1.304744 -0.306086 1.266925 -0.089121 -0.465375 -0.286418 0.832735
10014.433189000 1.298127 -0.303399 1.261986 -0.086975 -0.447837 -0.290271 0.841202
10014.466522000 1.292284 -0.296760 1.258172 -0.081869 -0.430735 -0.292619 0.849788
10014.499855000 1.274588 -0.281538 1.246202 -0.071774 -0.394752 -0.295784 0.866909
10014.533188000 1.271600 -0.273223 1.256147 -0.065621 -0.381363 -0.294068 0.873945
10014.566521000 1.265607 -0.262115 1.255441 -0.058642 -0.366045 -0.291323 0.881875
10014.599854000 1.257317 -0.249767 1.257171 -0.052192 -0.351422 -0.286839 0.889664
10014.633187000 1.251859 -0.237893 1.261037 -0.046535 -0.337030 -0.279678 0.897789
10014.666520000 1.245206 -0.225358 1.260284 -0.041083 -0.321811 -0.271370 0.906150
10014.699853000 1.238611 -0.212040 1.258723 -0.036834 -0.305789 -0.259851 0.915212
10014.733186000 1.232342 -0.200672 1.257639 -0.034324 -0.290494 -0.247016 0.923806
10014.766519000 1.227949 -0.187732 1.256339 -0.031829 -0.274413 -0.231842 0.932702
10014.799852000 1.223808 -0.176817 1.252400 -0.031740 -0.257222 -0.215320 0.941523
10014.833185000 1.217101 -0.159472 1.237899 -0.035671 -0.217369 -0.179525 0.958775
10014.866518000 1.214888 -0.150365 1.229383 -0.038238 -0.195156 -0.162354 0.966485
10014.899851000 1.215150 -0.141278 1.222402 -0.041380 -0.171896 -0.145029 0.973502
10014.933184000 1.215929 -0.136544 1.211930 -0.045926 -0.148357 -0.129368 0.979359
10014.966517000 1.216214 -0.129680 1.198299 -0.048369 -0.123135 -0.115241 0.984488
10014.999850000 1.217039 -0.124252 1.185258 -0.051574 -0.098108 -0.102313 0.988558
10015.033183000 1.217790 -0.118932 1.171726 -0.054230 -0.072920 -0.090354 0.991755
10015.066516000 1.217906 -0.115664 1.157911 -0.056120 -0.049401 -0.081511 0.993864
10015.099849000 1.218801 -0.113071 1.145116 -0.057890 -0.027090 -0.073275 0.995262
10015.133182000 1.219977 -0.108714 1.131460 -0.058121 -0.007071 -0.066957 0.996036
10015.166515000 1.223714 -0.097272 1.106556 -0.054211 0.023065 -0.057761 0.996591
10015.199848000 1.226436 -0.093812 1.095538 -0.052445 0.033854 -0.053809 0.996598
10015.233181000 1.229599 -0.088990 1.085443 -0.049304 0.041692 -0.051168 0.996601
10015.266514000 1.232188 -0.084198 1.075897 -0.045785 0.047909 -0.048006 0.996646
10015.299847000 1.235101 -0.079555 1.067063 -0.042198 0.053217 -0.044406 0.996702
10015.333180000 1.237866 -0.076440 1.059724 -0.039454 0.056701 -0.042025 0.996726
10015.366513000 1.241250 -0.072519 1.051806 -0.035343 0.059654 -0.038967 0.996832
10015.399846000 1.244379 -0.067100 1.044270 -0.031662 0.062534 -0.035885 0.996895
10015.433179000 1.248214 -0.063951 1.037275 -0.028741 0.065436 -0.032372 0.996917
10015.466512000 1.251859 -0.059453 1.031720 -0.025419 0.068492 -0.028715 0.996914
10015.499845000 1.263334 -0.051510 1.018752 -0.020570 0.076377 -0.022170 0.996620
10015.533178000 1.268720 -0.049121 1.013000 -0.019260 0.081953 -0.018185 0.996284
10015.566511000 1.273387 -0.045309 1.007826 -0.017865 0.088100 -0.015097 0.995837
10015.599844000 1.278558 -0.042430 1.001436 -0.016767 0.095444 -0.010749 0.995236
10015.633177000 1.282802 -0.038632 0.995259 -0.015758 0.103500 -0.006194 0.994485
10015.666510000 1.286318 -0.035192 0.987866 -0.014687 0.112109 -0.002281 0.993585
10015.699843000 1.288146 -0.030325 0.980516 -0.013179 0.121880 0.002977 0.992453
10015.733176000 1.289984 -0.025000 0.971630 -0.011793 0.132345 0.008079 0.991101
10015.766509000 1.289743 -0.020582 0.960988 -0.010228 0.142799 0.013034 0.989613
10015.799842000 1.288437 -0.014966 0.948990 -0.008369 0.154456 0.019648 0.987769
10015.833175000 1.282057 -0.002681 0.920472 -0.003838 0.178021 0.031433 0.983517
10015.866508000 1.277860 0.005711 0.902605 -0.000692 0.189591 0.038030 0.981126
10015.899841000 1.270649 0.014256 0.886360 0.003155 0.202117 0.044542 0.978343
10015.933174000 1.259965 0.022741 0.868442 0.006359 0.214934 0.050962 0.975277
10015.966507000 1.253529 0.028392 0.846160 0.008549 0.226869 0.057985 0.972160
10015.999840000 1.245054 0.037702 0.827207 0.011885 0.238282 0.063656 0.969035
10016.033173000 1.236682 0.046781 0.807849 0.014252 0.249568 0.069443 0.965759
10016.066506000 1.234867 0.054496 0.786334 0.015940 0.259626 0.075577 0.962615
10016.099839000 1.233122 0.063094 0.765654 0.017305 0.268363 0.081483 0.959710
10016.133172000 1.230684 0.071622 0.749765 0.017718 0.277277 0.086442 0.956730
10016.166505000 1.235625 0.088646 0.719313 0.016239 0.290842 0.094824 0.951922
10016.199838000 1.242459 0.096225 0.707197 0.014101 0.296542 0.098839 0.949787
10016.233171000 1.251002 0.102439 0.694882 0.010994 0.301244 0.102827 0.947923
10016.266504000 1.263250 0.108705 0.683736 0.007766 0.304905 0.106274 0.946403
10016.299837000 1.276625 0.114569 0.672295 0.004301 0.307940 0.109424 0.945082
10016.333170000 1.292178 0.120548 0.662459 0.000591 0.310606 0.112562 0.943850
10016.366503000 1.307611 0.125040 0.652451 -0.003375 0.313247 0.115816 0.942577
10016.399836000 1.324396 0.129691 0.643440 -0.007127 0.315559 0.118673 0.941429
10016.433169000 1.341574 0.134412 0.633867 -0.010236 0.318113 0.121559 0.940172
10016.466502000 1.357500 0.138574 0.624839 -0.013066 0.320719 0.124357 0.938885
10016.499835000 1.389457 0.144949 0.603998 -0.017728 0.326074 0.129947 0.936202
10016.533168000 1.404097 0.148595 0.593776 -0.019374 0.329319 0.132781 0.934635
10016.566501000 1.417060 0.152126 0.582640 -0.020230 0.332943 0.135497 0.932942
10016.599834000 1.430731 0.155578 0.571468 -0.021110 0.336384 0.138177 0.931293
10016.633167000 1.443667 0.159636 0.559728 -0.021231 0.340011 0.140629 0.929605
10016.666500000 1.456063 0.164401 0.548981 -0.021072 0.343909 0.143020 0.927808
10016.699833000 1.467699 0.169732 0.537864 -0.020324 0.347735 0.145200 0.926059
10016.733166000 1.479675 0.175552 0.526316 -0.019817 0.351224 0.147233 0.924430
10016.766499000 1.491769 0.183104 0.514381 -0.018372 0.354594 0.148746 0.922930
10016.799832000 1.504174 0.192268 0.504432 -0.016662 0.357937 0.150127 0.921448
10016.833165000 1.530585 0.216543 0.483985 -0.012182 0.362897 0.151146 0.919409
10016.866498000 1.542778 0.228506 0.474104 -0.010186 0.365493 0.151662 0.918319
10016.899831000 1.557295 0.243176 0.464441 -0.007685 0.367101 0.151484 0.917731
10016.933164000 1.570156 0.259909 0.455824 -0.004752 0.369586 0.151552 0.916742
10016.966497000 1.583680 0.275126 0.447475 -0.002058 0.372009 0.151673 0.915751
10016.999830000 1.597273 0.290637 0.440677 0.000377 0.375099 0.152363 0.914377
10017.033163000 1.610864 0.305063 0.433376 0.002628 0.378123 0.153154 0.912995
10017.066496000 1.623433 0.319693 0.428565 0.005239 0.383073 0.154883 0.910626
10017.099829000 1.636188 0.332589 0.422707 0.007408 0.388233 0.156946 0.908068
10017.133162000 1.646856 0.342728 0.419304 0.008910 0.394893 0.160158 0.904616
10017.166495000 1.669388 0.358138 0.413594 0.011935 0.411996 0.169310 0.895238
10017.199828000 1.678969 0.362147 0.412928 0.012873 0.422544 0.175561 0.889083
10017.233161000 1.687536 0.363027 0.412805 0.013461 0.434332 0.182758 0.881915
10017.266494000 1.694934 0.362905 0.415605 0.014440 0.446757 0.189850 0.874160
10017.299827000 1.701859 0.361294 0.419792 0.015442 0.460142 0.198056 0.865335
10017.333160000 1.708821 0.357748 0.424663 0.016497 0.473022 0.205851 0.856507
10017.366493000 1.715668 0.352557 0.431920 0.017132 0.485853 0.214130 0.847232
10017.399826000 1.719950 0.345892 0.440762 0.018226 0.498631 0.222114 0.837676
10017.433159000 1.723862 0.338658 0.452025 0.019418 0.511017 0.229852 0.828041
10017.466492000 1.726397 0.330389 0.465039 0.020555 0.522830 0.237132 0.818532
10017.499825000 1.726996 0.309671 0.499706 0.022319 0.544348 0.250359 0.800317
10017.533158000 1.724802 0.298880 0.520953 0.023594 0.554123 0.255997 0.791742
10017.566491000 1.723975 0.287952 0.542153 0.024293 0.562533 0.261827 0.783845
10017.599824000 1.722172 0.276665 0.566376 0.025033 0.570580 0.266849 0.776275
10017.633157000 1.719502 0.264705 0.590840 0.025630 0.578195 0.271985 0.768803
10017.666490000 1.716740 0.252528 0.616010 0.026032 0.585650 0.276885 0.761361
10017.699823000 1.715268 0.240603 0.640799 0.026178 0.592172 0.281353 0.754644
10017.733156000 1.713631 0.229645 0.665687 0.026524 0.598821 0.285955 0.747623
10017.766489000 1.714973 0.218652 0.689663 0.026364 0.604673 0.290704 0.741057
10017.799822000 1.716857 0.207685 0.711999 0.025648 0.610342 0.295503 0.734509
10017.833155000 1.725226 0.188238 0.751327 0.024025 0.621239 0.305561 0.721192
10017.866488000 1.732672 0.180544 0.768393 0.023522 0.626619 0.310728 0.714313
10017.899821000 1.740676 0.172974 0.783755 0.022340 0.631817 0.316330 0.707279
10017.933154000 1.751503 0.165106 0.797576 0.021001 0.637242 0.322368 0.699686
10017.966487000 1.763650 0.159658 0.809256 0.019499 0.641852 0.328122 0.692807
10017.999820000 1.776704 0.153100 0.819875 0.017882 0.646950 0.334591 0.684970
10018.033153000 1.790378 0.148198 0.830418 0.016551 0.652067 0.340763 0.677064
10018.066486000 1.805698 0.144262 0.838430 0.014979 0.656822 0.347149 0.669214
10018.099819000 1.821462 0.141339 0.847268 0.014099 0.662104 0.353271 0.660771
10018.133152000 1.838916 0.137772 0.854808 0.012490 0.667198 0.360421 0.651757
10018.166485000 1.875039 0.133791 0.869853 0.010038 0.677674 0.374229 0.632938
10018.199818000 1.893857 0.131851 0.878155 0.009359 0.683955 0.381688 0.621637
10018.233151000 1.913478 0.131379 0.884570 0.008187 0.689357 0.389444 0.610781
10018.266484000 1.932222 0.130434 0.892067 0.007610 0.695481 0.397025 0.598848
10018.299817000 1.951880 0.129460 0.898280 0.006721 0.701301 0.405418 0.586317
10018.333150000 1.971441 0.127074 0.905572 0.005864 0.707485 0.414613 0.572299
10018.366483000 1.990938 0.124462 0.911373 0.004765 0.713623 0.424655 0.557125
10018.399816000 2.009803 0.120613 0.917220 0.003450 0.719300 0.435394 0.541321
10018.433149000 2.029352 0.116157 0.922084 0.002323 0.725231 0.446916 0.523738
10018.466482000 2.047410 0.110134 0.927579 0.001315 0.730868 0.459109 0.505025
10018.499815000 2.083428 0.093724 0.936702 -0.000247 0.741482 0.485794 0.462827
10018.533148000 2.100660 0.083057 0.940795 -0.000833 0.745833 0.500262 0.439852
10018.566481000 2.117374 0.071808 0.943635 -0.000694 0.749825 0.514699 0.415748
10018.599814000 2.134657 0.059285 0.946748 -0.000108 0.753353 0.529675 0.389747
10018.633147000 2.152745 0.046911 0.949271 0.001403 0.756795 0.544231 0.362040
10018.666480000 2.169843 0.033628 0.951827 0.003882 0.759832 0.558475 0.332787
10018.699813000 2.188484 0.020901 0.953051 0.007227 0.762499 0.572176 0.301924
10018.733146000 2.208060 0.009219 0.954372 0.011708 0.765323 0.584780 0.268657
10018.766479000 2.229097 -0.001626 0.956554 0.017503 0.768545 0.595857 0.232352
10018.799812000 2.250476 -0.012209 0.957839 0.024031 0.771374 0.605195 0.195305
10018.833145000 2.298471 -0.026006 0.960063 0.040167 0.777541 0.617288 0.113013
10018.866478000 2.324715 -0.031027 0.960976 0.048275 0.780524 0.619241 0.070659
10018.899811000 2.352511 -0.033967 0.961850 0.056178 0.783606 0.618080 0.027988
10018.933144000 2.380459 -0.035439 0.961905 0.062993 0.786547 0.614187 -0.012245
10018.966477000 2.409143 -0.037204 0.963512 0.068844 0.789377 0.607983 -0.050004
10018.999810000 2.437238 -0.036794 0.964869 0.072998 0.792239 0.600076 -0.083284
10019.033143000 2.465483 -0.035455 0.966495 0.075819 0.795171 0.590843 -0.113399
10019.066476000 2.492247 -0.034012 0.968070 0.077366 0.797939 0.581585 -0.138083
10019.099809000 2.517688 -0.032561 0.970164 0.077903 0.800667 0.572738 -0.157586
10019.133142000 2.541272 -0.030639 0.973441 0.077815 0.803506 0.564354 -0.172708
10019.166475000 2.581760 -0.026978 0.981705 0.076286 0.809417 0.550941 -0.188385
10019.199808000 2.599956 -0.026796 0.985909 0.075463 0.811983 0.546226 -0.191378
10019.233141000 2.614424 -0.025980 0.990873 0.074445 0.814936 0.542488 -0.189855
10019.266474000 2.627723 -0.025179 0.994211 0.073598 0.817659 0.539549 -0.186827
10019.299807000 2.640168 -0.024887 0.998157 0.072749 0.820359 0.536894 -0.182929
10019.333140000 2.651240 -0.025590 0.999803 0.072089 0.822575 0.535339 -0.177725
10019.366473000 2.661852 -0.026064 1.000780 0.071410 0.824700 0.533948 -0.172251
10019.399806000 2.672362 -0.026793 1.000075 0.070810 0.826801 0.532503 -0.166817
10019.433139000 2.682269 -0.027613 0.997000 0.070339 0.828390 0.531562 -0.162063
10019.466472000 2.692298 -0.028848 0.990477 0.070001 0.829570 0.530733 -0.158856
10019.499805000 2.715472 -0.033294 0.970326 0.069558 0.831069 0.528800 -0.157659
10019.533138000 2.727204 -0.035111 0.955713 0.069423 0.831496 0.527500 -0.159809
10019.566471000 2.741246 -0.036880 0.938905 0.069382 0.831459 0.526142 -0.164426
10019.599804000 2.755164 -0.038957 0.920425 0.069429 0.831246 0.524773 -0.169774
10019.633137000 2.770631 -0.041203 0.900222 0.069502 0.830678 0.523250 -0.177067
10019.666470000 2.787368 -0.043560 0.880093 0.069525 0.830128 0.521425 -0.184851
10019.699803000 2.805062 -0.044791 0.859869 0.069339 0.829846 0.518953 -0.192964
10019.733136000 2.823473 -0.045588 0.838873 0.069134 0.829442 0.516400 -0.201439
10019.766469000 2.842965 -0.046135 0.819989 0.068839 0.829309 0.513381 -0.209636
10019.799802000 2.863450 -0.046177 0.801865 0.068381 0.829323 0.510398 -0.216891
10019.833135000 2.908024 -0.044388 0.773564 0.066985 0.830967 0.503139 -0.227721
10019.866468000 2.931891 -0.043257 0.761681 0.066169 0.831944 0.500234 -0.230773
10019.899801000 2.955581 -0.039751 0.752586 0.065195 0.833763 0.496461 -0.232629
10019.933134000 2.979049 -0.037738 0.745958 0.064312 0.835719 0.493454 -0.232250
10019.966467000 3.001833 -0.034980 0.740421 0.063452 0.838042 0.490424 -0.230529
10019.999800000 3.023888 -0.031630 0.735899 0.062786 0.840119 0.488231 -0.227790
10020.033133000 3.043753 -0.028282 0.733698 0.062176 0.842553 0.486087 -0.223512
10020.066466000 3.062140 -0.024998 0.731422 0.061759 0.844704 0.484782 -0.218280
10020.099799000 3.076878 -0.022508 0.731049 0.061568 0.847064 0.484031 -0.210729
10020.133132000 3.089489 -0.020256 0.731339 0.061452 0.849315 0.483426 -0.202944
10020.166465000 3.103483 -0.017216 0.731763 0.061659 0.852924 0.485004 -0.183001
10020.199798000 3.106110 -0.016489 0.732304 0.061905 0.854610 0.486028 -0.172008
10020.233131000 3.106060 -0.017141 0.733530 0.062204 0.855636 0.487879 -0.161217
10020.266464000 3.104108 -0.017293 0.734060 0.062327 0.856627 0.489606 -0.150305
10020.299797000 3.100590 -0.017539 0.734570 0.062530 0.857377 0.491392 -0.139744
10020.333130000 3.097038 -0.017797 0.735142 0.062799 0.857564 0.493460 -0.130908
10020.366463000 3.093896 -0.017820 0.735474 0.062721 0.857751 0.495082 -0.123386
10020.399796000 3.092582 -0.018630 0.734968 0.062873 0.857327 0.497029 -0.118318
10020.433129000 3.091867 -0.019132 0.733981 0.063134 0.856578 0.498993 -0.115301
10020.466462000 3.093923 -0.018911 0.733494 0.063346 0.855832 0.500410 -0.114577
10020.499795000 3.108282 -0.017496 0.728472 0.063933 0.852663 0.503437 -0.124217
10020.533128000 3.120344 -0.015664 0.724462 0.064331 0.850650 0.504337 -0.133791
10020.566461000 3.135299 -0.013701 0.720572 0.064783 0.848089 0.505045 -0.146552
10020.599794000 3.153175 -0.011142 0.715501 0.065215 0.845172 0.505305 -0.161551
10020.633127000 3.173800 -0.008811 0.710668 0.065625 0.841942 0.504778 -0.178959
10020.666460000 3.195108 -0.005935 0.705048 0.065926 0.838499 0.503643 -0.197275
10020.699793000 3.217897 -0.003249 0.699536 0.066057 0.834895 0.501632 -0.216684
10020.733126000 3.241432 -0.000202 0.693438 0.066096 0.830850 0.499357 -0.236561
10020.766459000 3.265770 0.003144 0.686667 0.065866 0.826775 0.496343 -0.256415
10020.799792000 3.290078 0.005895 0.681166 0.065333 0.823011 0.492704 -0.275005
10020.833125000 3.335626 0.012781 0.669473 0.063934 0.816047 0.485153 -0.307582
10020.866458000 3.357710 0.015269 0.664596 0.063005 0.813338 0.481446 -0.320502
10020.899791000 3.377733 0.017946 0.658965 0.062254 0.810610 0.478393 -0.331929
10020.933124000 3.398453 0.020289 0.653955 0.061253 0.808508 0.474985 -0.341982
10020.966457000 3.417690 0.022872 0.649037 0.060385 0.806865 0.472183 -0.349808
10020.999790000 3.436982 0.025356 0.643988 0.059567 0.805171 0.469681 -0.357144
10021.033123000 3.454767 0.027838 0.638920 0.058816 0.804211 0.467427 -0.362348
10021.066456000 3.473299 0.029984 0.634659 0.057934 0.803504 0.465054 -0.367082
10021.099789000 3.491131 0.032439 0.629639 0.057283 0.802950 0.463325 -0.370568
10021.133122000 3.508943 0.034885 0.624628 0.056685 0.802661 0.461736 -0.373258
10021.166455000 3.544660 0.038286 0.615353 0.055482 0.802983 0.458841 -0.376304
10021.199788000 3.562424 0.040792 0.610395 0.054931 0.803249 0.457578 -0.377354
10021.233121000 3.581020 0.042852 0.605948 0.054260 0.803962 0.456103 -0.377717
10021.266454000 3.598905 0.045267 0.600892 0.053815 0.804718 0.455151 -0.377320
10021.299787000 3.617382 0.047442 0.596502 0.053188 0.805708 0.453827 -0.376892
10021.333120000 3.636653 0.049908 0.591441 0.052563 0.806666 0.452513 -0.376508
10021.366453000 3.655772 0.052435 0.586508 0.051970 0.807776 0.451267 -0.375706
10021.399786000 3.675584 0.055228 0.580996 0.051406 0.808747 0.449959 -0.375263
10021.433119000 3.696354 0.057576 0.576015 0.050625 0.809883 0.448292 -0.374915
