10005.333280000 -0.000000 0.000000 -0.000000 0.000000 0.000000 0.000000 1.000000
10005.366613000 0.028485 0.007580 -0.007317 -0.005187 -0.007344 -0.002661 0.999956
10005.399946000 0.024415 0.007233 -0.009042 -0.001617 -0.009871 -0.001075 0.999949
10005.433279000 0.026594 0.013550 -0.015323 -0.004382 -0.024904 -0.006834 0.999657
10005.466612000 0.015636 0.010159 -0.011770 -0.002779 -0.012834 -0.006453 0.999893
10005.499945000 0.028547 -0.001055 -0.009996 -0.004435 -0.011212 -0.005147 0.999914
10005.533278000 0.016038 0.006086 -0.013243 0.000506 -0.003771 0.000117 0.999993
10005.566611000 0.027136 -0.000809 -0.011885 -0.001633 -0.005116 0.000209 0.999986
10005.599944000 0.024978 0.001894 -0.017303 0.004206 0.001323 -0.000704 0.999990
10005.633277000 0.023976 0.005029 -0.020864 0.002937 -0.006752 -0.002629 0.999969
10005.666610000 0.029212 0.010896 -0.021513 -0.003638 -0.011281 -0.007192 0.999904
10005.699943000 0.027674 0.018659 -0.022299 -0.005936 -0.009541 -0.010748 0.999879
10005.733276000 0.047834 0.015638 -0.030429 -0.008011 -0.008449 -0.016175 0.999801
10005.766609000 0.029054 0.011953 -0.023015 0.007574 -0.010773 -0.007089 0.999888
10005.799942000 0.029789 0.018301 -0.020882 0.002448 -0.007172 -0.007765 0.999941
10005.833275000 0.033653 0.007812 -0.017364 -0.002379 -0.009218 -0.003472 0.999949
10005.866608000 0.026316 0.008140 -0.015895 0.001801 -0.010352 0.000872 0.999944
10005.899941000 0.028031 0.017171 -0.014161 -0.000938 -0.015651 -0.003008 0.999873
10005.933274000 0.048277 0.012356 -0.012963 -0.013828 -0.024427 -0.011303 0.999542
10005.966607000 0.031019 0.002648 -0.006165 -0.005700 -0.015842 -0.007960 0.999827
10005.999940000 0.042387 0.005843 -0.002701 -0.001848 -0.020166 -0.008884 0.999755
10006.033273000 0.045490 0.000412 0.001093 -0.002722 -0.017326 -0.011313 0.999782
10006.066606000 0.047277 -0.002513 0.007288 -0.001298 -0.016358 -0.013739 0.999771
10006.099939000 0.049092 0.005151 0.010573 -0.001582 -0.012729 -0.011298 0.999854
10006.133272000 0.054083 0.002402 0.011193 -0.009168 -0.013976 -0.009690 0.999813
10006.166605000 0.070066 -0.002146 0.007714 -0.001458 -0.023676 -0.003991 0.999711
10006.199938000 0.046034 0.001383 -0.004336 0.001148 -0.015497 -0.003884 0.999872
10006.233271000 0.037446 0.002018 -0.004663 -0.001064 -0.013131 -0.003139 0.999908
10006.266604000 0.038681 0.003724 -0.009579 -0.001076 -0.016883 -0.001704 0.999855
10006.299937000 0.037586 0.008814 -0.010669 -0.002718 -0.014594 -0.000555 0.999890
10006.333270000 0.028355 0.009380 -0.010019 -0.007669 -0.008657 0.000030 0.999933
10006.366603000 0.038235 0.006309 -0.014150 -0.009672 -0.009962 -0.002510 0.999900
10006.399936000 0.034847 0.008258 -0.016239 -0.005632 -0.009966 -0.006712 0.999912
10006.433269000 0.035093 0.009481 -0.019373 -0.001090 -0.008835 -0.010107 0.999909
10006.466602000 0.037262 0.010942 -0.021875 0.006365 -0.009150 -0.009946 0.999888
10006.499935000 0.028296 0.014237 -0.016604 0.001879 -0.013669 -0.011699 0.999836
10006.533268000 0.017065 0.011897 -0.016022 -0.003706 -0.016914 -0.000970 0.999850
10006.566601000 0.040567 0.011104 -0.017819 -0.004904 -0.027452 -0.006606 0.999589
10006.599934000 0.023526 0.000363 -0.012163 0.004674 -0.012230 -0.006928 0.999890
10006.633267000 0.025551 -0.000444 -0.015312 0.013644 -0.008587 -0.004344 0.999861
10006.666600000 0.035933 0.005457 -0.016438 0.013887 -0.016674 -0.000700 0.999764
10006.699933000 0.032000 0.002737 -0.014495 0.006447 -0.013577 -0.002477 0.999884
10006.733266000 0.034805 0.011532 -0.013413 -0.001407 -0.009563 -0.008721 0.999915
10006.766599000 0.037954 0.007717 -0.009297 -0.010573 -0.011788 -0.008857 0.999835
10006.799932000 0.049513 0.008687 -0.009486 -0.004699 -0.015235 -0.004339 0.999863
10006.833265000 0.041518 0.007978 -0.006270 -0.004241 -0.005521 0.001490 0.999975
10006.866598000 0.041607 0.006109 -0.009443 0.001766 -0.007814 0.000608 0.999968
10006.899931000 0.041355 0.004550 -0.015788 0.005152 -0.007853 0.003106 0.999951
10006.933264000 0.042161 0.006101 -0.017798 0.006780 -0.000130 0.000718 0.999977
10006.966597000 0.034119 0.005113 -0.014606 0.000784 0.002595 0.000072 0.999996
10006.999930000 0.029459 0.002805 -0.015884 0.002406 0.002913 0.002397 0.999990
10007.033263000 0.051190 0.013413 -0.028841 -0.003275 -0.008094 -0.005865 0.999945
10007.066596000 0.042868 0.003093 -0.015371 -0.008985 -0.009123 -0.008980 0.999878
10007.099929000 0.039486 0.004640 -0.016089 0.000674 -0.001874 -0.011506 0.999932
10007.133262000 0.030061 0.003644 -0.016003 0.009282 -0.005574 -0.005713 0.999925
10007.166595000 0.020515 0.016986 -0.011300 0.005139 -0.015800 -0.005730 0.999846
10007.199928000 0.026229 0.009058 -0.007108 0.002420 -0.021819 -0.002843 0.999755
10007.233261000 0.034316 0.010723 -0.004880 -0.007502 -0.019535 -0.008734 0.999743
10007.266594000 0.031356 0.004343 -0.001029 -0.007271 -0.019145 -0.013423 0.999700
10007.299927000 0.034631 -0.006709 0.007142 -0.000336 -0.019819 -0.012004 0.999731
10007.333260000 0.033793 -0.002100 0.003312 0.004388 -0.023007 -0.010904 0.999666
10007.366593000 0.040522 -0.004172 0.009276 0.003269 -0.027636 -0.014342 0.999510
10007.399926000 0.032348 -0.019372 0.021011 0.002415 -0.031615 -0.013782 0.999402
10007.433259000 0.028278 -0.012003 0.021449 0.009172 -0.040028 -0.015742 0.999032
10007.466592000 0.025060 -0.012631 0.022461 0.020681 -0.036762 -0.016718 0.998970
10007.499925000 0.022594 0.009247 0.020108 0.012660 -0.032720 -0.011558 0.999318
10007.533258000 0.002431 -0.019909 0.025702 -0.000457 -0.021997 -0.010008 0.999708
10007.566591000 0.011927 -0.007946 0.026200 0.011121 -0.025749 -0.021375 0.999378
10007.599924000 0.001425 -0.008504 0.017940 -0.001181 -0.002724 -0.013072 0.999910
10007.633257000 0.000250 -0.012962 0.016083 0.001312 -0.003797 -0.002600 0.999989
10007.666590000 0.000443 -0.017084 0.015769 0.001792 -0.000872 0.001904 0.999996
10007.699923000 0.010134 -0.007553 0.009589 0.010875 0.002846 0.001525 0.999936
10007.733256000 0.002851 -0.002154 0.011859 0.003518 0.006288 0.002459 0.999971
10007.766589000 -0.001362 -0.007289 0.014978 -0.004385 0.006485 -0.000269 0.999969
10007.799922000 -0.003296 -0.027414 0.018454 -0.000325 0.005742 -0.001721 0.999982
10007.833255000 0.002589 -0.000963 0.017218 0.009290 0.008671 0.002744 0.999915
10007.866588000 0.011804 -0.010481 0.013366 -0.000454 0.009153 0.004204 0.999949
10007.899921000 0.014514 -0.002608 0.006484 0.002377 0.010368 0.005547 0.999928
10007.933254000 0.016560 -0.000132 0.006623 -0.001690 0.011563 0.006225 0.999912
10007.966587000 0.023150 -0.004123 0.004196 -0.004488 0.005852 0.007258 0.999946
10007.999920000 0.015848 -0.000528 0.001542 -0.002447 0.006482 0.007874 0.999945
10008.033253000 0.024379 0.007033 -0.000836 -0.000376 0.005985 0.005548 0.999967
10008.066586000 0.027801 0.002596 -0.001961 -0.002167 0.007171 0.006091 0.999953
10008.099919000 0.029369 -0.002331 -0.004448 -0.002855 0.007154 0.006935 0.999946
10008.133252000 0.024344 0.005502 -0.006767 0.000797 0.006591 0.005667 0.999962
10008.166585000 0.030845 0.012243 -0.010818 -0.002330 0.006325 0.005954 0.999960
10008.199918000 0.032962 0.009764 -0.008726 -0.006238 0.005139 0.001843 0.999966
10008.233251000 0.031273 0.011644 -0.009759 -0.007650 0.003839 -0.002892 0.999959
10008.266584000 0.031728 0.012768 -0.018286 -0.000608 0.008967 -0.003755 0.999953
10008.299917000 0.022568 0.011779 -0.016924 -0.002660 -0.002892 -0.003087 0.999988
10008.333250000 0.017235 0.014634 -0.015772 -0.003318 -0.002218 -0.003932 0.999984
10008.366583000 0.012056 0.014954 -0.019336 -0.005191 -0.001725 -0.001539 0.999984
10008.399916000 0.012497 0.012629 -0.021107 -0.003496 -0.003534 -0.001973 0.999986
10008.433249000 0.010247 0.011449 -0.022209 -0.004038 -0.002313 -0.000085 0.999989
10008.466582000 0.010028 0.016768 -0.024725 -0.003794 -0.001366 0.000156 0.999992
10008.499915000 0.005955 0.006250 -0.025537 -0.007596 0.003229 0.002616 0.999963
10008.533248000 0.011557 0.018958 -0.028702 -0.000058 0.005609 0.001802 0.999983
10008.566581000 0.008961 0.013719 -0.026433 -0.003838 0.009600 0.004690 0.999936
10008.599914000 0.010228 0.019997 -0.030304 -0.000606 0.008072 0.003245 0.999962
10008.633247000 0.025166 0.028524 -0.038278 -0.009772 0.013551 0.008028 0.999828
10008.666580000 0.019630 0.013606 -0.022326 -0.003029 0.017168 0.009187 0.999806
10008.699913000 0.023781 0.010026 -0.019213 -0.003649 0.017650 0.009840 0.999789
10008.733246000 0.023117 0.009440 -0.018253 0.000478 0.017580 0.006204 0.999826
10008.766579000 0.023394 0.007194 -0.019900 0.000516 0.017675 0.006615 0.999822
10008.799912000 0.020501 0.007935 -0.022732 -0.000494 0.012557 0.005872 0.999904
10008.833245000 0.023064 0.000526 -0.026321 -0.001394 0.007305 0.003876 0.999965
10008.866578000 0.027160 0.009132 -0.030279 0.001412 0.001854 0.000901 0.999997
10008.899911000 0.023508 0.007796 -0.026906 -0.002599 -0.005433 -0.000148 0.999982
10008.933244000 0.024656 0.010579 -0.022890 0.007221 -0.002724 -0.000826 0.999970
10008.966577000 0.019332 0.021772 -0.031473 0.004370 -0.006064 -0.002118 0.999970
10008.999910000 0.023175 0.011016 -0.023809 -0.000834 -0.008214 -0.003079 0.999961
10009.033243000 0.014580 0.013054 -0.022493 0.002157 -0.002080 -0.005337 0.999981
10009.066576000 0.008182 0.008223 -0.021457 0.001208 -0.008082 -0.000597 0.999966
10009.099909000 0.012593 0.019409 -0.028832 0.003587 -0.010104 -0.008174 0.999909
10009.133242000 0.013428 0.017790 -0.042750 -0.004246 -0.011290 -0.008002 0.999895
10009.166575000 0.008757 0.016923 -0.029812 -0.003194 -0.013417 -0.005250 0.999891
10009.199908000 0.009782 0.015306 -0.037872 -0.004918 -0.015344 -0.004989 0.999858
10009.233241000 0.008788 0.017119 -0.036118 -0.006608 -0.012090 -0.006756 0.999882
10009.266574000 0.017533 0.011395 -0.032805 -0.002657 -0.007017 -0.001893 0.999970
10009.299907000 0.016870 0.014048 -0.036520 0.006182 -0.008277 -0.003291 0.999941
10009.333240000 0.017814 0.018567 -0.035104 0.010072 -0.007137 -0.006700 0.999901
10009.366573000 0.020494 0.007729 -0.027793 -0.000744 -0.001689 -0.000406 0.999998
10009.399906000 0.025778 0.009232 -0.026599 0.007311 -0.003679 0.002338 0.999964
10009.433239000 0.028294 0.012967 -0.028000 0.003817 -0.004872 -0.001072 0.999980
10009.466572000 0.047967 0.016575 -0.032805 -0.004876 -0.008014 -0.007790 0.999926
10009.499905000 0.030088 0.009483 -0.011979 -0.008492 -0.003960 -0.006528 0.999935
10009.533238000 0.048744 0.008732 -0.020177 -0.011726 -0.008876 -0.007143 0.999866
10009.566571000 0.050925 0.005433 -0.014724 -0.006655 -0.012241 -0.004344 0.999893
10009.599904000 0.051613 0.007677 -0.013937 0.001833 -0.014707 -0.001520 0.999889
10009.633237000 0.046868 0.022445 -0.015621 0.004383 -0.015768 -0.007977 0.999834
10009.666570000 0.040889 0.014851 -0.009377 -0.007438 -0.014292 -0.007770 0.999840
10009.699903000 0.046397 0.008154 -0.014947 -0.004835 -0.015190 -0.004247 0.999864
10009.733236000 0.043223 0.016031 -0.025407 0.000262 -0.020733 -0.003954 0.999777
10009.766569000 0.045133 0.003894 -0.023886 -0.006440 -0.020981 -0.004295 0.999750
10009.799902000 0.043850 0.008352 -0.027282 -0.001479 -0.015659 -0.003884 0.999869
10009.833235000 0.056158 0.010387 -0.043066 -0.005067 -0.012391 -0.008492 0.999874
10009.866568000 0.039389 0.011018 -0.032670 -0.004215 -0.008773 -0.007508 0.999924
10009.899901000 0.054499 0.009755 -0.034452 0.008480 -0.017779 -0.004547 0.999796
10009.933234000 0.045298 0.026600 -0.029960 0.006030 -0.008547 -0.007643 0.999916
10009.966567000 0.042344 0.010231 -0.021580 0.000231 -0.002037 0.006662 0.999976
10009.999900000 0.042964 0.023609 -0.023056 -0.001222 -0.011296 0.004367 0.999926
10010.033233000 0.027323 0.017811 -0.022630 -0.005682 -0.008999 0.000778 0.999943
10010.066566000 0.062498 0.016041 -0.035389 -0.003866 -0.017792 -0.005991 0.999816
10010.099899000 0.046261 0.005848 -0.027116 0.004150 -0.014084 -0.004303 0.999883
10010.133232000 0.046303 0.004868 -0.017602 0.002440 -0.011857 -0.006778 0.999904
10010.166565000 0.050285 0.005070 -0.013172 0.004401 -0.012347 -0.005595 0.999898
10010.199898000 0.036135 0.010618 -0.021049 -0.002832 -0.011332 -0.007244 0.999906
10010.233231000 0.044594 0.004520 -0.023553 0.004480 -0.015951 -0.002523 0.999860
10010.233231000 0.000000 0.000000 -0.000000 0.000000 0.000000 -0.000000 1.000000
