# qw qx qy qz x y z 
-0.041346 -0.249478 -0.199417 0.946723 0.205239 0.291880 -0.106093
-0.047025 -0.255278 -0.195938 0.945637 0.183876 0.306310 -0.055949
-0.052006 -0.257352 -0.193395 0.945338 0.173306 0.309320 -0.023307
-0.052458 -0.258108 -0.192386 0.945313 0.168612 0.307051 0.011903
-0.049717 -0.262827 -0.190350 0.944573 0.158635 0.301916 0.049377
-0.044182 -0.269955 -0.190905 0.942723 0.157074 0.287521 0.094891
-0.040709 -0.265743 -0.190757 0.944105 0.146344 0.258645 0.119061
-0.041045 -0.264961 -0.195009 0.943442 0.142466 0.245573 0.159453
-0.044055 -0.261687 -0.201224 0.942915 0.132140 0.246607 0.197652
-0.047521 -0.254513 -0.212376 0.942264 0.130755 0.232692 0.245954
-0.054129 -0.254990 -0.226302 0.938529 0.128766 0.247731 0.287518
-0.054508 -0.253876 -0.227051 0.938628 0.133697 0.237510 0.309540
-0.056608 -0.253036 -0.229617 0.938107 0.134806 0.228961 0.322097
-0.059842 -0.262292 -0.232322 0.934692 0.146331 0.226663 0.344322
-0.060082 -0.272726 -0.231680 0.931845 0.156727 0.228346 0.358706
-0.061980 -0.280654 -0.233512 0.928905 0.170119 0.241523 0.374958
-0.062793 -0.288156 -0.231033 0.927171 0.188933 0.253807 0.393827
-0.061686 -0.295097 -0.219471 0.927871 0.213683 0.267373 0.409261
-0.058736 -0.298964 -0.207280 0.929627 0.238002 0.285430 0.425002
-0.054713 -0.300270 -0.198675 0.931328 0.260765 0.293087 0.435554
-0.049695 -0.305764 -0.185921 0.932455 0.302683 0.303647 0.461889
-0.046479 -0.302106 -0.179734 0.935023 0.315296 0.315959 0.475999
-0.038466 -0.302158 -0.173435 0.936558 0.331765 0.309287 0.492388
-0.034737 -0.304268 -0.173818 0.935950 0.339521 0.315732 0.512188
-0.033284 -0.307432 -0.171446 0.935406 0.345433 0.319534 0.536198
-0.029702 -0.306246 -0.166127 0.936874 0.349137 0.311935 0.554708
-0.029065 -0.307452 -0.164898 0.936716 0.353637 0.305540 0.581517
-0.030601 -0.306803 -0.164512 0.936948 0.354247 0.308174 0.609633
-0.034660 -0.305418 -0.161741 0.937741 0.353265 0.316531 0.645711
-0.036900 -0.305474 -0.156362 0.938549 0.344988 0.314351 0.689581
-0.045294 -0.309816 -0.152487 0.937396 0.328474 0.316076 0.718325
-0.048571 -0.313219 -0.151737 0.936221 0.321134 0.319473 0.755037
-0.049261 -0.314194 -0.152345 0.935760 0.314696 0.328184 0.790489
-0.046529 -0.317832 -0.150893 0.934906 0.316812 0.314945 0.822469
-0.048390 -0.320418 -0.156763 0.932961 0.317575 0.314006 0.855590
-0.050396 -0.321345 -0.163207 0.931429 0.317487 0.318567 0.888736
-0.048877 -0.327273 -0.162425 0.929582 0.323791 0.303874 0.924171
-0.051636 -0.332411 -0.166002 0.926973 0.328297 0.303809 0.964158
-0.057164 -0.343886 -0.167721 0.922141 0.341092 0.289021 1.024346
-0.057415 -0.350976 -0.165536 0.919846 0.353943 0.288801 1.065680
-0.061192 -0.350072 -0.176636 0.917881 0.364206 0.292292 1.108410
-0.057112 -0.345753 -0.180444 0.919039 0.384387 0.281237 1.149688
-0.054015 -0.344486 -0.178997 0.919985 0.395832 0.282083 1.185844
-0.055465 -0.342436 -0.177376 0.920977 0.408002 0.283248 1.219481
-0.053066 -0.339337 -0.178962 0.921958 0.422605 0.278293 1.250426
-0.052647 -0.334010 -0.176400 0.924418 0.426376 0.287119 1.277015
-0.044883 -0.327315 -0.176908 0.927121 0.442536 0.280917 1.310975
-0.044177 -0.323262 -0.183372 0.927321 0.454196 0.276185 1.337185
-0.041707 -0.316711 -0.185134 0.929344 0.465467 0.268491 1.361845
-0.038056 -0.313195 -0.185958 0.930527 0.471537 0.258227 1.379664
-0.041831 -0.308311 -0.188347 0.931515 0.457827 0.267506 1.393171
-0.039555 -0.309720 -0.186492 0.931520 0.454481 0.267039 1.416668
-0.040537 -0.310978 -0.185943 0.931168 0.448778 0.268154 1.437405
-0.045118 -0.310834 -0.181514 0.931880 0.444750 0.273565 1.460929
-0.042983 -0.309246 -0.183614 0.932097 0.442562 0.265385 1.474533
-0.046450 -0.310924 -0.187086 0.930681 0.439934 0.260681 1.497204
-0.047355 -0.302132 -0.186423 0.933660 0.440601 0.255328 1.511818
-0.040637 -0.302900 -0.191556 0.932688 0.448905 0.240667 1.533749
-0.041653 -0.304860 -0.196009 0.931078 0.454317 0.238727 1.566345
-0.033654 -0.302117 -0.194852 0.932537 0.470750 0.226607 1.612380
-0.040322 -0.305910 -0.197381 0.930502 0.472745 0.225982 1.651150
-0.041639 -0.317377 -0.197334 0.926605 0.483597 0.219085 1.700303
-0.041812 -0.325373 -0.198357 0.923601 0.494848 0.212899 1.741120
-0.042756 -0.328271 -0.197856 0.922639 0.508685 0.210586 1.789445
-0.039231 -0.325014 -0.202406 0.922962 0.525029 0.198349 1.822724
-0.049223 -0.327430 -0.208209 0.920334 0.527550 0.205248 1.878191
-0.048862 -0.334820 -0.212895 0.916616 0.532678 0.199610 1.912262
-0.049954 -0.339766 -0.215458 0.914134 0.536469 0.198527 1.945399
-0.048306 -0.341097 -0.214819 0.913878 0.540720 0.198849 1.974463
-0.044059 -0.342162 -0.214542 0.913759 0.544587 0.197655 1.995127
-0.043359 -0.342243 -0.218125 0.912914 0.547111 0.201253 2.016749
-0.041787 -0.342059 -0.220382 0.912514 0.549947 0.200122 2.029593
-0.041526 -0.342140 -0.222113 0.912075 0.552245 0.198629 2.041075
-0.043966 -0.342361 -0.221784 0.911958 0.552714 0.200274 2.049609
-0.048002 -0.340357 -0.219494 0.913058 0.550269 0.207174 2.049707
-0.054170 -0.337954 -0.217545 0.914071 0.545881 0.215342 2.049710
-0.057065 -0.337595 -0.214594 0.914725 0.538674 0.220452 2.038884
-0.059119 -0.340952 -0.213105 0.913697 0.529856 0.223768 2.022401
-0.062961 -0.344633 -0.215096 0.911591 0.519747 0.227995 2.009279
-0.064889 -0.345372 -0.217548 0.910594 0.508496 0.230138 1.983464
-0.065647 -0.346901 -0.220015 0.909365 0.499008 0.231587 1.960032
-0.062973 -0.343764 -0.221666 0.910343 0.486333 0.238126 1.921827
-0.060049 -0.342754 -0.223428 0.910491 0.476187 0.242277 1.885420
-0.060484 -0.341213 -0.226166 0.910365 0.464073 0.247832 1.833643
-0.062802 -0.340485 -0.226887 0.910301 0.449243 0.253495 1.774492
-0.067869 -0.339435 -0.229577 0.909655 0.435956 0.259553 1.715214
-0.069004 -0.346870 -0.227904 0.907182 0.418872 0.264695 1.658367
-0.070210 -0.353481 -0.219632 0.906578 0.398073 0.272781 1.592389
-0.080596 -0.355873 -0.213270 0.906297 0.358562 0.284752 1.488406
-0.088856 -0.366481 -0.210348 0.901970 0.334067 0.291442 1.432920
-0.094053 -0.376369 -0.206862 0.898170 0.323234 0.295701 1.389914
-0.099780 -0.377978 -0.211816 0.895718 0.296142 0.297778 1.336695
-0.103775 -0.380366 -0.213652 0.893815 0.271587 0.303884 1.297546
-0.104093 -0.382574 -0.214859 0.892545 0.244488 0.304974 1.256728
-0.103503 -0.385903 -0.213001 0.891626 0.215406 0.307627 1.218304
-0.099703 -0.392092 -0.212957 0.889366 0.185738 0.307306 1.180988
-0.086613 -0.408863 -0.216221 0.882371 0.136003 0.296947 1.117232
-0.091156 -0.416716 -0.225834 0.875807 0.107872 0.298079 1.084563
-0.096480 -0.417181 -0.232733 0.873205 0.086087 0.301565 1.047186
-0.100847 -0.422674 -0.236007 0.869182 0.064742 0.309350 1.010007
-0.100833 -0.429335 -0.236332 0.865824 0.045876 0.320945 0.975127
-0.100467 -0.435543 -0.231087 0.864180 0.030864 0.330915 0.936649
-0.101202 -0.439812 -0.216623 0.865678 0.013116 0.344527 0.869205
-0.103270 -0.438576 -0.208002 0.868171 0.001836 0.358064 0.815583
-0.100075 -0.436819 -0.194510 0.872548 -0.007847 0.370875 0.755775
-0.089662 -0.442059 -0.183478 0.873430 -0.010761 0.383406 0.705820
-0.086460 -0.444822 -0.180466 0.872978 -0.021771 0.398929 0.650957
-0.080719 -0.445349 -0.167956 0.875751 -0.021775 0.414888 0.580791
-0.085773 -0.444568 -0.164920 0.876244 -0.020874 0.433050 0.544830
-0.086887 -0.444230 -0.159128 0.877376 -0.019735 0.448533 0.510916
-0.076804 -0.447192 -0.148774 0.878628 -0.016385 0.457145 0.472795
-0.070668 -0.450582 -0.145277 0.877996 -0.018674 0.482690 0.442184
-0.065458 -0.455459 -0.138527 0.876973 -0.009136 0.494647 0.417399
-0.064103 -0.459780 -0.128275 0.876378 0.011057 0.507480 0.382865
-0.065171 -0.460260 -0.123930 0.876673 0.024799 0.517660 0.361066
-0.060360 -0.461863 -0.114272 0.877486 0.054690 0.493007 0.335012
-0.060629 -0.466204 -0.117356 0.874760 0.065785 0.494314 0.309238
-0.057409 -0.476482 -0.118061 0.869327 0.079311 0.503447 0.289747
-0.058827 -0.486475 -0.116077 0.863949 0.096956 0.503925 0.268571
-0.061015 -0.493435 -0.115997 0.859851 0.114776 0.501679 0.252134
-0.066624 -0.503588 -0.115546 0.853586 0.134796 0.487736 0.227920
-0.071452 -0.512130 -0.116908 0.847909 0.139706 0.489794 0.207996
-0.075117 -0.521394 -0.116271 0.842014 0.145654 0.483186 0.190183
-0.076435 -0.528301 -0.116927 0.837487 0.152541 0.477632 0.170338
-0.079331 -0.534825 -0.119341 0.832722 0.154267 0.465578 0.145242
-0.083708 -0.540683 -0.123033 0.827960 0.157541 0.452625 0.128699
-0.086461 -0.540404 -0.130159 0.826768 0.167207 0.433814 0.112268
-0.088672 -0.536773 -0.139704 0.827342 0.170447 0.420984 0.090942
-0.086788 -0.536035 -0.148662 0.826459 0.176074 0.408118 0.076384
-0.087613 -0.535206 -0.160555 0.824682 0.188286 0.387044 0.061087
-0.094957 -0.538082 -0.167828 0.820540 0.200657 0.381375 0.061685
-0.100351 -0.542269 -0.173589 0.815929 0.213516 0.370830 0.062854
-0.103832 -0.546056 -0.179256 0.811732 0.225860 0.363965 0.061193
-0.105068 -0.551179 -0.181655 0.807567 0.245453 0.354506 0.067998
-0.110370 -0.558204 -0.183467 0.801602 0.262056 0.354739 0.078234
-0.113745 -0.566141 -0.182905 0.795671 0.286505 0.345424 0.094621
-0.119284 -0.572280 -0.181881 0.790687 0.302977 0.336187 0.100020
-0.127603 -0.584434 -0.181030 0.780629 0.321709 0.331900 0.120875
-0.136744 -0.599147 -0.178688 0.768371 0.339299 0.330608 0.144700
-0.143060 -0.612434 -0.169780 0.758705 0.353895 0.342390 0.164993
-0.150926 -0.621801 -0.168759 0.749737 0.382172 0.342850 0.194073
-0.160985 -0.628569 -0.172805 0.741029 0.399501 0.334583 0.204642
-0.174373 -0.648464 -0.175696 0.719874 0.414190 0.325163 0.210219
-0.178644 -0.663983 -0.174682 0.704769 0.424222 0.321873 0.216857
-0.182498 -0.674410 -0.174076 0.693948 0.439238 0.315800 0.215717
0.185022 0.685374 0.175247 -0.682142 0.466499 0.303394 0.231609
0.189967 0.693122 0.174164 -0.673173 0.481094 0.297453 0.232802
0.194115 0.698442 0.171254 -0.667211 0.497344 0.297911 0.231468
0.198774 0.701390 0.170027 -0.663047 0.514413 0.295853 0.230600
0.199082 0.707062 0.169526 -0.657032 0.531872 0.288445 0.227501
0.209575 0.712798 0.170877 -0.647146 0.551489 0.284703 0.227372
0.217397 0.714066 0.171020 -0.643117 0.566991 0.277135 0.237441
0.222980 0.715674 0.174093 -0.638579 0.575240 0.275432 0.244510
0.224802 0.722103 0.178389 -0.629451 0.581453 0.270749 0.246111
0.226361 0.733990 0.177426 -0.615255 0.581638 0.270202 0.250329
0.229462 0.747441 0.173626 -0.598776 0.577903 0.276452 0.259142
0.228100 0.759075 0.166148 -0.586660 0.573164 0.277738 0.263356
0.228556 0.767772 0.157377 -0.577513 0.566685 0.277195 0.279816
0.230159 0.772815 0.149934 -0.572104 0.555877 0.276489 0.300017
0.234420 0.777995 0.146020 -0.564313 0.534948 0.278320 0.327596
0.238239 0.788010 0.141506 -0.549780 0.502136 0.281541 0.363037
0.234656 0.793627 0.138375 -0.544008 0.482113 0.285801 0.385670
0.232848 0.799454 0.139116 -0.536006 0.462373 0.289542 0.403657
0.229459 0.814473 0.137182 -0.514940 0.433089 0.293862 0.418948
0.229117 0.822486 0.133450 -0.503203 0.411707 0.297842 0.425554
0.226696 0.829725 0.129623 -0.493318 0.391163 0.292879 0.446705
0.226590 0.831486 0.130848 -0.490068 0.370630 0.291686 0.453980
0.224611 0.834270 0.131343 -0.486099 0.348676 0.285353 0.472128
0.228726 0.832846 0.132597 -0.486281 0.322811 0.279355 0.486945
0.231434 0.835824 0.133473 -0.479606 0.292259 0.272305 0.497110
0.230374 0.842950 0.128467 -0.468892 0.256561 0.271429 0.509357
0.229214 0.850034 0.118814 -0.459114 0.217157 0.276528 0.516322
0.228993 0.857521 0.103333 -0.448935 0.161198 0.277485 0.535889
0.237491 0.861352 0.103134 -0.437076 0.122736 0.277319 0.544369
0.242295 0.864614 0.099179 -0.428835 0.083010 0.283386 0.550487
0.240853 0.869512 0.097502 -0.420038 0.046789 0.282959 0.565230
0.241084 0.873270 0.101515 -0.411062 0.016161 0.282631 0.573562
0.239994 0.880112 0.102241 -0.396675 -0.018432 0.290472 0.580297
0.229796 0.893885 0.092690 -0.373593 -0.064953 0.295642 0.602956
0.226010 0.901728 0.087229 -0.358048 -0.092338 0.294540 0.619418
0.225941 0.909892 0.083019 -0.337868 -0.127811 0.299319 0.643205
0.225637 0.917142 0.075825 -0.319670 -0.163395 0.299903 0.672211
0.227384 0.923551 0.066636 -0.301514 -0.197547 0.301627 0.706589
0.228431 0.928381 0.058613 -0.287217 -0.234165 0.311972 0.739820
0.221764 0.934882 0.050208 -0.272571 -0.275106 0.319689 0.775602
0.220184 0.941552 0.051299 -0.249734 -0.331841 0.321711 0.816378
0.221400 0.945262 0.051371 -0.234142 -0.374648 0.321585 0.834046
0.220243 0.948685 0.051156 -0.221071 -0.410232 0.320685 0.846306
0.218507 0.952639 0.053158 -0.204712 -0.449848 0.318873 0.853327
0.215166 0.956179 0.055292 -0.190705 -0.490007 0.320865 0.856168
0.207340 0.959418 0.055735 -0.182814 -0.521417 0.324027 0.854772
0.198000 0.963277 0.053639 -0.173254 -0.562684 0.322629 0.853642
0.193152 0.966388 0.048184 -0.162678 -0.601211 0.322313 0.847746
0.193393 0.968435 0.039932 -0.152112 -0.641550 0.323160 0.838289
0.200690 0.968890 0.033058 -0.141003 -0.684404 0.324069 0.825288
0.203656 0.970677 0.024700 -0.125298 -0.717118 0.330203 0.812004
0.199806 0.973410 0.026742 -0.108793 -0.738186 0.334569 0.796565
0.195141 0.977101 0.025150 -0.080996 -0.781288 0.337410 0.782266
0.199792 0.977284 0.021220 -0.067444 -0.806542 0.332033 0.774461
0.213042 0.975131 0.019641 -0.057851 -0.833549 0.324565 0.764075
0.226241 0.972924 0.023305 -0.041111 -0.871041 0.321139 0.749895
0.232227 0.971979 0.024270 -0.027194 -0.903687 0.315649 0.737448
0.230894 0.972683 0.017972 -0.015906 -0.939226 0.318927 0.721490
0.220531 0.975303 0.011981 -0.002426 -0.977970 0.320638 0.709913
0.215846 0.976273 0.011147 0.013280 -1.027188 0.323068 0.696189
0.211769 0.977050 0.013848 0.018299 -1.068297 0.326369 0.685636
0.213331 0.976502 0.016170 0.025935 -1.109578 0.325522 0.672478
0.218283 0.975107 0.020686 0.033040 -1.149633 0.320544 0.654309
0.224819 0.973603 0.021262 0.033190 -1.190471 0.315599 0.633418
0.225569 0.973528 0.020701 0.030566 -1.223048 0.311315 0.616231
0.228055 0.973003 0.022378 0.027471 -1.252012 0.305395 0.599897
0.224714 0.973560 0.018333 0.036724 -1.300649 0.302257 0.564500
0.215259 0.975331 0.012137 0.047395 -1.341677 0.295755 0.545524
0.215382 0.975145 0.001215 0.051981 -1.379646 0.292349 0.525204
0.224039 0.972806 -0.003601 0.058667 -1.407495 0.287645 0.505584
0.228620 0.970573 -0.005951 0.075396 -1.425322 0.296366 0.484484
0.230775 0.968108 -0.003913 0.097440 -1.449897 0.299746 0.469248
0.222694 0.967648 -0.007062 0.118383 -1.481512 0.305627 0.452246
0.214255 0.966577 -0.015009 0.139996 -1.511062 0.308158 0.440696
0.212321 0.963470 -0.022183 0.161720 -1.546814 0.303371 0.438109
0.215107 0.958246 -0.028448 0.186235 -1.579888 0.301308 0.429007
0.216334 0.951481 -0.036802 0.215704 -1.621111 0.300636 0.420649
0.216427 0.943152 -0.043597 0.248442 -1.662253 0.290728 0.428824
0.222595 0.929662 -0.051795 0.288957 -1.699970 0.288504 0.432892
0.238392 0.912665 -0.065079 0.325539 -1.735675 0.286529 0.436923
0.248200 0.897649 -0.071790 0.357029 -1.761410 0.303237 0.430333
0.245571 0.888987 -0.075279 0.379117 -1.785995 0.298556 0.451465
0.248991 0.874334 -0.091829 0.406338 -1.814777 0.304127 0.458899
0.242787 0.872286 -0.102194 0.411980 -1.830363 0.305649 0.470469
0.243166 0.870145 -0.104234 0.415757 -1.846605 0.303214 0.483578
0.245379 0.869588 -0.102979 0.415934 -1.864272 0.296096 0.497415
0.254989 0.868223 -0.106866 0.412007 -1.880226 0.294404 0.497681
0.258366 0.870094 -0.107714 0.405686 -1.890772 0.298714 0.502244
0.253742 0.873831 -0.107884 0.400495 -1.902119 0.300600 0.514249
0.251960 0.876050 -0.110752 0.395963 -1.922717 0.287160 0.537123
0.260253 0.877367 -0.114192 0.386595 -1.934836 0.295666 0.545015
0.260263 0.881470 -0.112687 0.377590 -1.955255 0.293717 0.548226
0.263300 0.885243 -0.111376 0.366896 -1.970546 0.295287 0.542436
0.262784 0.890507 -0.108182 0.355301 -1.986834 0.299003 0.535295
0.260644 0.894423 -0.101643 0.348914 -2.007872 0.297246 0.523359
0.260536 0.898014 -0.095356 0.341466 -2.021204 0.297513 0.513836
0.261487 0.900625 -0.091848 0.334758 -2.036574 0.302489 0.494666
0.260857 0.904104 -0.087496 0.326947 -2.055640 0.302994 0.474829
0.259826 0.907694 -0.082102 0.319127 -2.077539 0.297958 0.454566
0.261701 0.909990 -0.078756 0.311815 -2.091777 0.297912 0.432602
0.260894 0.912935 -0.074231 0.304917 -2.107890 0.301729 0.401592
0.255373 0.916230 -0.072026 0.300199 -2.126968 0.304913 0.372424
0.247218 0.919062 -0.073460 0.298013 -2.143367 0.309190 0.342394
0.244778 0.921536 -0.078872 0.290919 -2.156742 0.310646 0.305846
0.241671 0.921077 -0.080352 0.294543 -2.162726 0.312708 0.276310
0.237735 0.920832 -0.082522 0.297892 -2.164298 0.318069 0.248836
0.232675 0.921394 -0.082023 0.300278 -2.159684 0.322090 0.222528
0.229271 0.920936 -0.082022 0.304277 -2.155105 0.323716 0.195384
0.225695 0.921161 -0.080407 0.306691 -2.147920 0.323418 0.169732
0.222619 0.921565 -0.079019 0.308084 -2.137123 0.327600 0.139798
0.216230 0.924401 -0.075011 0.305123 -2.126699 0.321904 0.115862
0.216349 0.926227 -0.074585 0.299555 -2.116168 0.326362 0.081897
0.213622 0.930169 -0.071230 0.289961 -2.106577 0.327517 0.052409
0.213456 0.932811 -0.069850 0.281819 -2.095244 0.332728 0.017535
0.205773 0.939083 -0.062690 0.268048 -2.091189 0.342807 -0.035131
0.204363 0.944648 -0.056865 0.250283 -2.095164 0.346238 -0.067234
0.202392 0.950143 -0.050283 0.231813 -2.106126 0.347708 -0.097183
0.203275 0.954296 -0.048104 0.213739 -2.117474 0.348658 -0.124842
0.204368 0.958039 -0.045557 0.195755 -2.131231 0.347831 -0.153168
0.204559 0.960704 -0.042497 0.182747 -2.141846 0.346421 -0.183050
0.203599 0.962451 -0.039952 0.175044 -2.154792 0.336375 -0.213565
0.204945 0.962569 -0.039712 0.172865 -2.168552 0.332280 -0.251701
0.202690 0.962054 -0.038348 0.178601 -2.181590 0.328818 -0.286519
0.209519 0.960103 -0.039877 0.180870 -2.194147 0.328806 -0.318457
0.213536 0.957935 -0.041569 0.187178 -2.198721 0.335573 -0.359849
0.212545 0.956381 -0.042638 0.195810 -2.209859 0.335499 -0.393448
0.213603 0.955275 -0.047785 0.198846 -2.212388 0.337632 -0.422789
0.215062 0.953312 -0.046918 0.206744 -2.210861 0.336257 -0.446881
0.217122 0.950014 -0.053445 0.217888 -2.206636 0.340760 -0.482858
0.211882 0.947974 -0.057816 0.230452 -2.196869 0.338589 -0.529241
0.208501 0.945134 -0.059311 0.244402 -2.188013 0.341798 -0.563255
0.203535 0.941977 -0.059677 0.260175 -2.176021 0.340435 -0.602492
0.196311 0.939669 -0.061966 0.273210 -2.161894 0.341713 -0.640714
0.193686 0.938136 -0.061668 0.280327 -2.157256 0.338970 -0.679090
0.199015 0.934369 -0.064867 0.288340 -2.149378 0.336949 -0.720701
0.206862 0.929787 -0.072661 0.295678 -2.140701 0.338888 -0.763042
0.206155 0.929414 -0.072662 0.297337 -2.140352 0.334359 -0.797411
0.213823 0.926966 -0.071993 0.299718 -2.144366 0.330695 -0.835153
0.217368 0.924602 -0.073167 0.304152 -2.148527 0.329966 -0.876453
0.211051 0.922573 -0.077220 0.313613 -2.163830 0.330707 -0.934787
0.201384 0.922568 -0.079901 0.319264 -2.177214 0.334165 -0.964862
0.189075 0.921382 -0.080933 0.329781 -2.200573 0.335293 -1.013012
0.182415 0.918146 -0.080467 0.342428 -2.228110 0.335090 -1.058619
0.184629 0.912576 -0.079933 0.355989 -2.254399 0.336795 -1.105231
0.186937 0.905418 -0.085964 0.371327 -2.270604 0.351758 -1.153997
0.178478 0.900705 -0.087573 0.386273 -2.287072 0.361683 -1.194107
0.173677 0.895292 -0.086875 0.400926 -2.304556 0.364009 -1.238923
0.174058 0.886447 -0.086991 0.419939 -2.308861 0.369492 -1.290451
0.168262 0.878191 -0.084440 0.439702 -2.316660 0.363829 -1.340697
0.166498 0.871160 -0.084513 0.454110 -2.318110 0.360876 -1.392738
0.159273 0.865555 -0.087560 0.466669 -2.312133 0.355229 -1.463838
0.152783 0.861517 -0.090800 0.475605 -2.303956 0.354741 -1.513665
0.159417 0.851231 -0.095920 0.490706 -2.300379 0.351152 -1.578603
0.161603 0.845277 -0.104052 0.498563 -2.289213 0.365470 -1.636038
0.165331 0.844855 -0.098235 0.499234 -2.288901 0.367082 -1.684606
0.167578 0.839812 -0.092120 0.508082 -2.281830 0.379290 -1.736867
0.164017 0.836213 -0.087152 0.515995 -2.269753 0.386946 -1.773774
0.159168 0.826999 -0.087224 0.532099 -2.260890 0.387553 -1.846750
0.161439 0.818395 -0.090793 0.543989 -2.253307 0.381489 -1.899886
0.160815 0.810844 -0.095752 0.554529 -2.253371 0.378583 -1.949816
0.162399 0.802688 -0.100742 0.564951 -2.257009 0.377072 -2.001863
0.157125 0.795938 -0.103142 0.575462 -2.246113 0.378405 -2.043514
0.160815 0.785701 -0.105231 0.587996 -2.236250 0.372592 -2.092944
0.166501 0.774759 -0.109952 0.599946 -2.213354 0.380197 -2.130885
0.165352 0.766669 -0.111479 0.610286 -2.199881 0.381240 -2.174370
0.163148 0.761967 -0.112876 0.616481 -2.185255 0.375579 -2.212975
0.164592 0.757761 -0.116522 0.620589 -2.161523 0.370923 -2.250359
0.168120 0.751261 -0.117012 0.627415 -2.131424 0.357196 -2.303161
0.166580 0.747777 -0.118297 0.631733 -2.101862 0.350935 -2.330883
0.164188 0.741806 -0.124663 0.638142 -2.070090 0.343343 -2.366887
0.163261 0.737165 -0.138024 0.641002 -2.028785 0.361434 -2.398782
0.157562 0.735378 -0.138183 0.644438 -2.000710 0.359844 -2.426820
0.161074 0.730545 -0.137192 0.649259 -1.977821 0.355101 -2.457242
0.164051 0.718777 -0.141260 0.660676 -1.946005 0.359359 -2.483953
0.160549 0.704576 -0.146664 0.675489 -1.916905 0.359855 -2.508774
0.156931 0.690015 -0.152484 0.689928 -1.891435 0.362376 -2.532311
0.170573 0.658059 -0.157154 0.716356 -1.854045 0.347496 -2.579627
0.176957 0.641162 -0.159600 0.729469 -1.835974 0.343877 -2.612057
0.185027 0.622964 -0.161458 0.742706 -1.822113 0.328881 -2.651994
0.187388 0.610446 -0.173109 0.749850 -1.802652 0.324586 -2.688722
0.185110 0.603188 -0.182663 0.754011 -1.790081 0.319943 -2.715487
0.178964 0.597621 -0.188026 0.758596 -1.767029 0.320916 -2.740302
0.175331 0.590501 -0.192291 0.763932 -1.747198 0.316258 -2.761548
0.176128 0.582733 -0.196056 0.768741 -1.725350 0.310604 -2.780170
0.180032 0.572686 -0.201603 0.773935 -1.699609 0.306578 -2.796102
0.179978 0.562168 -0.207972 0.779951 -1.667280 0.304926 -2.817528
0.179044 0.556968 -0.208234 0.783816 -1.640239 0.298289 -2.832768
0.178500 0.548409 -0.212951 0.788693 -1.589540 0.288275 -2.861499
0.175071 0.542895 -0.217622 0.791995 -1.552197 0.281008 -2.876832
0.171084 0.534623 -0.221378 0.797434 -1.515978 0.272303 -2.892289
0.173727 0.518837 -0.230458 0.804684 -1.474496 0.270683 -2.906341
0.172442 0.505512 -0.238203 0.811160 -1.431362 0.268207 -2.927423
0.166847 0.503996 -0.241553 0.812282 -1.393576 0.269986 -2.949213
0.169308 0.500968 -0.240942 0.813826 -1.360481 0.270898 -2.974125
0.177957 0.493701 -0.238803 0.817046 -1.325383 0.268812 -2.997138
0.181716 0.488916 -0.237815 0.819380 -1.293630 0.273478 -3.019322
0.185504 0.482261 -0.234130 0.823526 -1.265661 0.269367 -3.048684
0.187345 0.466945 -0.229040 0.833310 -1.233070 0.266118 -3.079286
0.182256 0.447650 -0.226685 0.845580 -1.199762 0.263212 -3.113074
0.176306 0.427875 -0.231537 0.855704 -1.157274 0.261456 -3.152186
0.163026 0.411409 -0.241307 0.863676 -1.119099 0.267903 -3.202403
0.152025 0.404367 -0.250154 0.866487 -1.090673 0.269862 -3.249545
0.145760 0.374248 -0.255799 0.879352 -1.039479 0.282706 -3.301729
0.146745 0.345967 -0.253207 0.891437 -1.005239 0.289566 -3.325705
0.147613 0.317655 -0.250055 0.902651 -0.966803 0.289782 -3.342671
0.142422 0.290897 -0.247914 0.913035 -0.934069 0.294379 -3.352221
0.138992 0.259987 -0.244282 0.923804 -0.888839 0.293916 -3.364391
0.132457 0.237794 -0.240357 0.931739 -0.842877 0.291073 -3.380767
0.118085 0.225567 -0.241509 0.936402 -0.795440 0.294436 -3.398055
0.102351 0.220249 -0.245995 0.938350 -0.740117 0.298340 -3.417636
0.088763 0.225053 -0.243030 0.939366 -0.698637 0.301673 -3.440174
0.082008 0.230287 -0.248247 0.937345 -0.665465 0.302728 -3.464807
0.071704 0.219652 -0.252001 0.939738 -0.625568 0.315253 -3.472887
0.067924 0.211548 -0.247133 0.943164 -0.594671 0.320680 -3.486689
0.066943 0.196376 -0.243331 0.947494 -0.560254 0.330056 -3.492801
0.063241 0.172721 -0.241982 0.952687 -0.521002 0.336125 -3.503368
0.055160 0.150737 -0.241698 0.956984 -0.476572 0.342805 -3.504637
0.047103 0.130720 -0.240877 0.960558 -0.441388 0.342471 -3.510561
0.036685 0.111282 -0.240158 0.963636 -0.399533 0.341072 -3.516913
0.026728 0.089762 -0.245474 0.964868 -0.369351 0.349699 -3.519187
0.010338 0.065868 -0.245355 0.967138 -0.350120 0.367210 -3.513752
0.000079 0.043670 -0.243339 0.968958 -0.326600 0.371130 -3.508900
-0.002628 0.026394 -0.242543 0.969778 -0.290557 0.373212 -3.501987
-0.005828 0.004215 -0.240143 0.970711 -0.242286 0.373736 -3.480604
-0.007014 -0.009414 -0.239608 0.970799 -0.214048 0.367523 -3.466640
-0.010660 -0.018918 -0.238144 0.970987 -0.187069 0.361969 -3.444034
-0.014126 -0.021466 -0.237517 0.971043 -0.162186 0.364694 -3.415200
-0.018901 -0.025059 -0.230335 0.972605 -0.138713 0.357329 -3.390285
-0.022923 -0.031285 -0.231308 0.972107 -0.106668 0.342734 -3.362819
-0.030404 -0.041676 -0.241770 0.968961 -0.096103 0.343438 -3.321606
-0.044918 -0.062074 -0.242179 0.967201 -0.053323 0.341558 -3.257842
-0.040340 -0.063913 -0.246815 0.966111 -0.039899 0.330458 -3.233261
-0.039257 -0.079568 -0.256315 0.962513 -0.024176 0.339403 -3.184961
-0.038829 -0.094588 -0.249509 0.962959 -0.007760 0.339359 -3.146669
-0.036305 -0.109331 -0.244689 0.962734 0.017359 0.339980 -3.106091
-0.032573 -0.119240 -0.237897 0.963393 0.047245 0.325164 -3.071628
-0.028891 -0.129788 -0.235747 0.962675 0.071875 0.318734 -3.031858
-0.029714 -0.140480 -0.236620 0.960934 0.111066 0.315563 -2.984860
-0.028759 -0.148656 -0.233310 0.960542 0.144507 0.312932 -2.940340
-0.034941 -0.156208 -0.237257 0.958169 0.190001 0.311912 -2.891386
-0.042737 -0.155930 -0.235161 0.958415 0.202698 0.318318 -2.845739
-0.047168 -0.176211 -0.239291 0.953658 0.233589 0.322025 -2.781256
-0.050043 -0.189017 -0.237405 0.951529 0.245812 0.325057 -2.737941
-0.056717 -0.201833 -0.231383 0.950005 0.261125 0.333517 -2.687570
-0.060523 -0.212706 -0.224431 0.949065 0.276500 0.330942 -2.645560
-0.062862 -0.217424 -0.217637 0.949426 0.287101 0.328419 -2.603082
-0.063304 -0.222814 -0.216441 0.948420 0.303657 0.325177 -2.555287
-0.065745 -0.228264 -0.214841 0.947321 0.314787 0.323156 -2.507544
-0.072571 -0.238709 -0.221345 0.942740 0.325776 0.320848 -2.456707
-0.078848 -0.245826 -0.220124 0.940690 0.337569 0.333130 -2.400557
-0.074962 -0.245037 -0.218036 0.941699 0.353956 0.330654 -2.364781
-0.067629 -0.249636 -0.218310 0.940983 0.371060 0.332689 -2.324869
-0.065233 -0.257368 -0.218177 0.939098 0.393187 0.338971 -2.277490
-0.059733 -0.261712 -0.213247 0.939396 0.417875 0.332163 -2.241793
-0.057284 -0.269727 -0.213836 0.937145 0.438666 0.330184 -2.202649
-0.056493 -0.281302 -0.211200 0.934383 0.465096 0.321711 -2.164206
-0.059091 -0.290363 -0.212699 0.931105 0.495411 0.325649 -2.124734
-0.060429 -0.299124 -0.216978 0.927251 0.524791 0.325508 -2.084141
-0.070179 -0.306273 -0.204423 0.927083 0.559812 0.347310 -2.023243
-0.067396 -0.311109 -0.198024 0.927068 0.584437 0.344994 -1.991356
-0.062671 -0.317342 -0.200375 0.924779 0.601229 0.334997 -1.956316
-0.062899 -0.323446 -0.201203 0.922466 0.612223 0.332490 -1.916595
-0.064617 -0.328290 -0.197765 0.921379 0.616086 0.338292 -1.874183
-0.064193 -0.333172 -0.189134 0.921469 0.623232 0.332664 -1.829843
-0.065003 -0.337275 -0.182773 0.921203 0.629408 0.326581 -1.781136
-0.069304 -0.340245 -0.178814 0.920573 0.623793 0.321960 -1.732065
-0.077047 -0.347361 -0.174187 0.918185 0.619068 0.322771 -1.675028
-0.082083 -0.343690 -0.170156 0.919884 0.616970 0.316983 -1.628559
-0.083820 -0.350000 -0.182490 0.914971 0.615496 0.312012 -1.541247
-0.085163 -0.351111 -0.191990 0.912474 0.611210 0.320408 -1.481900
-0.081079 -0.346244 -0.189776 0.915165 0.599655 0.328681 -1.449620
-0.076264 -0.346360 -0.184467 0.916619 0.597955 0.329000 -1.404270
-0.076462 -0.346673 -0.180508 0.917272 0.594886 0.330315 -1.357078
-0.077569 -0.347173 -0.177451 0.917587 0.593600 0.330048 -1.297455
-0.077365 -0.346363 -0.172242 0.918901 0.590837 0.327143 -1.245170
-0.076803 -0.350826 -0.165575 0.918481 0.594963 0.321077 -1.170556
-0.081133 -0.353495 -0.163319 0.917489 0.590636 0.331346 -1.105284
-0.084895 -0.351505 -0.159916 0.918512 0.585726 0.350610 -1.014296
-0.086337 -0.348587 -0.156708 0.920041 0.582335 0.355667 -0.954384
-0.084915 -0.344831 -0.155990 0.921709 0.575747 0.365444 -0.907099
-0.076192 -0.339766 -0.150767 0.925215 0.564511 0.355686 -0.857042
-0.071044 -0.339832 -0.150141 0.925702 0.566230 0.356112 -0.798493
-0.068718 -0.333761 -0.148914 0.928281 0.550623 0.355615 -0.749065
-0.066179 -0.324246 -0.145748 0.932332 0.530504 0.360061 -0.702520
-0.062977 -0.315589 -0.143135 0.935922 0.504177 0.359440 -0.658251
-0.065371 -0.308800 -0.136235 0.939047 0.483863 0.331493 -0.627201
-0.064677 -0.297393 -0.135002 0.942947 0.431814 0.354085 -0.527987
-0.059307 -0.282961 -0.137851 0.947319 0.412474 0.347130 -0.499325
-0.055850 -0.277271 -0.143296 0.948403 0.397721 0.344997 -0.456315
-0.050244 -0.273161 -0.144076 0.949790 0.385868 0.345008 -0.415217
-0.044238 -0.272945 -0.143059 0.950304 0.379913 0.332543 -0.364583
-0.038292 -0.273051 -0.145389 0.950178 0.353533 0.332156 -0.333484
-0.037459 -0.277094 -0.149999 0.948323 0.338107 0.325283 -0.290893
-0.035246 -0.282383 -0.150749 0.946727 0.322445 0.323912 -0.246219
-0.035080 -0.284124 -0.153906 0.945704 0.301602 0.326762 -0.211485
-0.035372 -0.290673 -0.160116 0.942667 0.319350 0.320106 -0.142673
-0.035366 -0.288104 -0.164357 0.942726 0.304350 0.309469 -0.110266
-0.036903 -0.289167 -0.176006 0.940235 0.294731 0.307184 -0.068777
-0.038286 -0.282820 -0.183302 0.940716 0.275162 0.302456 -0.042931
-0.037926 -0.276483 -0.192153 0.940849 0.262470 0.299208 -0.016516
-0.032627 -0.270479 -0.208832 0.939237 0.240301 0.291449 0.002133
-0.026408 -0.262620 -0.221123 0.938849 0.227975 0.280753 0.034858
-0.020723 -0.256377 -0.223247 0.940214 0.211273 0.271032 0.047118
-0.016676 -0.244204 -0.227497 0.942513 0.195230 0.271223 0.063453
-0.012761 -0.223518 -0.235535 0.945727 0.177962 0.271113 0.075209
-0.009921 -0.206731 -0.243627 0.947528 0.147141 0.293450 0.089702
-0.002211 -0.192733 -0.243224 0.950627 0.135969 0.292305 0.097931
0.001523 -0.177859 -0.243882 0.953355 0.125298 0.293148 0.104459
-0.001439 -0.169186 -0.251159 0.953044 0.099607 0.296023 0.110635
-0.007427 -0.165641 -0.254562 0.952736 0.085838 0.296975 0.124750
-0.010483 -0.164036 -0.253710 0.953212 0.067464 0.295806 0.136067
-0.011362 -0.164817 -0.252279 0.953447 0.051313 0.287593 0.141332
-0.017808 -0.167893 -0.259706 0.950814 0.034413 0.284188 0.154475
-0.023138 -0.170691 -0.265714 0.948539 0.015870 0.280687 0.179158
-0.020827 -0.172795 -0.261433 0.949401 0.002016 0.272800 0.192825
-0.021359 -0.172084 -0.257988 0.950459 -0.016049 0.273976 0.211230
-0.021676 -0.175581 -0.256161 0.950307 -0.034805 0.272682 0.232184
-0.019822 -0.175268 -0.250805 0.951833 -0.062522 0.269880 0.254791
-0.016154 -0.170517 -0.246848 0.953797 -0.093043 0.268058 0.280737
-0.012506 -0.167006 -0.239276 0.956399 -0.128837 0.261431 0.312027
-0.006018 -0.174710 -0.233051 0.956623 -0.160776 0.245544 0.354063
0.004424 -0.183103 -0.245071 0.952047 -0.199091 0.234624 0.392941
0.001094 -0.180971 -0.263751 0.947462 -0.231902 0.235981 0.434438
0.003133 -0.174527 -0.267928 0.947494 -0.257576 0.240462 0.459735
0.003808 -0.179579 -0.281812 0.942507 -0.272497 0.241083 0.487494
0.010486 -0.186256 -0.295376 0.936991 -0.293543 0.241452 0.527378
0.017995 -0.179358 -0.301078 0.936408 -0.303934 0.239772 0.544475
0.018735 -0.169070 -0.310545 0.935215 -0.316527 0.241539 0.559410
0.016028 -0.159162 -0.317721 0.934593 -0.330052 0.241205 0.573269
0.013822 -0.144344 -0.311112 0.939246 -0.347308 0.239367 0.580749
0.014966 -0.130071 -0.307578 0.942472 -0.372922 0.240469 0.585423
0.018744 -0.116126 -0.295171 0.948176 -0.428571 0.236757 0.591970
0.021828 -0.105318 -0.284875 0.952511 -0.480242 0.234203 0.596762
0.032821 -0.100555 -0.282104 0.953535 -0.540562 0.225983 0.600554
0.037502 -0.084367 -0.292161 0.951902 -0.604708 0.227756 0.607526
0.051078 -0.063185 -0.298793 0.950853 -0.649453 0.223642 0.609483
0.074620 -0.004840 -0.295209 0.952502 -0.699730 0.238728 0.593565
0.082736 0.049991 -0.283785 0.954003 -0.724703 0.250840 0.569312
0.095361 0.097482 -0.272252 0.952514 -0.746675 0.257258 0.541670
0.103786 0.129033 -0.259372 0.951475 -0.774674 0.259893 0.516231
0.106075 0.144152 -0.252973 0.950775 -0.792041 0.266361 0.495157
0.104611 0.163643 -0.250515 0.948430 -0.821837 0.270245 0.475855
0.104495 0.182578 -0.249622 0.945217 -0.855650 0.270291 0.457150
0.106460 0.198417 -0.250834 0.941477 -0.890588 0.268188 0.439603
0.108051 0.209796 -0.248721 0.939387 -0.927942 0.262344 0.423166
0.105494 0.215197 -0.249011 0.938379 -0.964514 0.265136 0.412549
0.110121 0.216794 -0.238764 0.940141 -1.023987 0.250676 0.386396
0.116829 0.214388 -0.238385 0.939979 -1.062022 0.239929 0.370889
0.126971 0.220919 -0.250777 0.933908 -1.090751 0.250749 0.363106
0.136705 0.234606 -0.248743 0.929730 -1.124916 0.254625 0.347247
0.139629 0.242877 -0.258238 0.924569 -1.149350 0.277611 0.344615
0.144570 0.255388 -0.257686 0.920584 -1.173928 0.272835 0.328856
0.146836 0.271996 -0.257633 0.915468 -1.200736 0.275245 0.320519
0.150030 0.286314 -0.257561 0.910592 -1.225480 0.279232 0.315302
0.150768 0.300888 -0.255638 0.906303 -1.251740 0.286812 0.310931
0.149296 0.314955 -0.257925 0.901104 -1.276922 0.295974 0.310845
0.149306 0.338750 -0.255360 0.893167 -1.319451 0.296567 0.305715
0.149556 0.357402 -0.254638 0.886034 -1.350146 0.301799 0.306256
0.152769 0.373868 -0.252783 0.879196 -1.380662 0.304920 0.307161
0.156282 0.385929 -0.244851 0.875604 -1.409786 0.313819 0.307131
0.156961 0.393861 -0.237663 0.873930 -1.435938 0.312405 0.300052
0.156421 0.402919 -0.236539 0.870194 -1.459772 0.317278 0.297931
0.153474 0.411170 -0.237544 0.866578 -1.483723 0.325084 0.298455
0.149792 0.419966 -0.238736 0.862668 -1.502067 0.333963 0.298567
0.143914 0.429657 -0.238542 0.858942 -1.518951 0.343965 0.298124
0.139359 0.437794 -0.231299 0.857564 -1.535219 0.341440 0.289753
0.136198 0.443684 -0.229926 0.855412 -1.545846 0.350580 0.288888
0.134067 0.454577 -0.222033 0.852108 -1.549718 0.358285 0.277565
0.134174 0.465478 -0.214082 0.848232 -1.549087 0.363148 0.264952
0.134279 0.479221 -0.202901 0.843295 -1.550118 0.367197 0.252574
0.135072 0.491443 -0.193790 0.838263 -1.550296 0.362074 0.233999
0.133660 0.506895 -0.189187 0.830301 -1.547367 0.374313 0.230291
0.134021 0.516205 -0.180241 0.826489 -1.547244 0.373564 0.216256
0.131716 0.525457 -0.172740 0.822622 -1.543205 0.379322 0.206779
0.128991 0.532990 -0.159770 0.820826 -1.543592 0.382140 0.195056
0.126667 0.533811 -0.143514 0.823653 -1.540079 0.378608 0.171611
0.123086 0.531198 -0.135124 0.827297 -1.530857 0.384589 0.165529
0.114954 0.531060 -0.124792 0.830173 -1.511922 0.395825 0.148116
0.107289 0.532589 -0.117328 0.831308 -1.497879 0.399505 0.130897
0.102154 0.536559 -0.111855 0.830155 -1.484812 0.409201 0.120919
0.098343 0.540417 -0.105213 0.828980 -1.467179 0.418148 0.098892
0.092339 0.545457 -0.098933 0.827141 -1.455749 0.418485 0.089988
0.087411 0.550351 -0.094256 0.824978 -1.440469 0.427035 0.085152
0.082176 0.555817 -0.088109 0.822528 -1.433435 0.434230 0.088416
0.080721 0.561227 -0.083729 0.819450 -1.417189 0.440595 0.093187
0.078953 0.562950 -0.078611 0.818947 -1.381095 0.443281 0.084735
0.075101 0.567962 -0.074917 0.816190 -1.363484 0.430431 0.097557
0.071670 0.576954 -0.070319 0.810582 -1.347004 0.419528 0.113318
0.073820 0.597226 -0.069770 0.795615 -1.313858 0.430536 0.137639
0.075379 0.616338 -0.069046 0.780819 -1.299945 0.435761 0.167038
0.082697 0.628023 -0.071884 0.770442 -1.262365 0.456096 0.175920
0.082680 0.640239 -0.072644 0.760250 -1.248914 0.455926 0.201702
0.084890 0.652401 -0.071157 0.749736 -1.222190 0.452485 0.216348
0.086112 0.661765 -0.072244 0.741238 -1.209795 0.434330 0.227476
0.087018 0.672092 -0.076705 0.731326 -1.189048 0.419130 0.247815
0.096874 0.683910 -0.082821 0.718347 -1.153167 0.452331 0.264753
0.102255 0.693382 -0.084804 0.708219 -1.130854 0.443619 0.272588
0.106051 0.700342 -0.084842 0.700768 -1.112269 0.421165 0.282069
0.118573 0.706521 -0.085487 0.692431 -1.065979 0.409240 0.290131
0.127649 0.714708 -0.087979 0.682025 -1.037496 0.396488 0.298505
0.140303 0.723607 -0.087425 0.670123 -1.000923 0.390680 0.306360
0.154470 0.729383 -0.089800 0.660360 -0.964158 0.376470 0.312060
0.169024 0.737691 -0.094626 0.646752 -0.927006 0.379399 0.313601
0.182330 0.744116 -0.092159 0.636046 -0.896256 0.376529 0.311603
0.186323 0.753103 -0.092246 0.624188 -0.863448 0.381577 0.313669
0.182938 0.763265 -0.091124 0.612908 -0.847048 0.375072 0.307228
0.183920 0.775829 -0.092533 0.596407 -0.815283 0.378910 0.311527
0.185044 0.779217 -0.090134 0.591993 -0.795174 0.372414 0.310693
0.187629 0.782484 -0.092027 0.586554 -0.762391 0.369558 0.317759
0.188952 0.786403 -0.094966 0.580387 -0.725903 0.373768 0.321283
0.187301 0.791138 -0.094756 0.574491 -0.704668 0.371981 0.313512
0.188255 0.795915 -0.091070 0.568142 -0.682481 0.370669 0.314142
0.194153 0.796944 -0.090148 0.564853 -0.644322 0.368558 0.318748
0.198826 0.797640 -0.084907 0.563053 -0.615816 0.373277 0.306636
0.200847 0.799320 -0.084865 0.559952 -0.596733 0.360867 0.306592
0.204824 0.797126 -0.092725 0.560392 -0.558501 0.361257 0.290982
0.210168 0.791744 -0.099479 0.564868 -0.511866 0.365335 0.268115
0.206020 0.788200 -0.095319 0.572024 -0.484217 0.372313 0.243573
0.195477 0.784185 -0.091969 0.581709 -0.457435 0.372798 0.211475
0.185393 0.780361 -0.085973 0.590995 -0.443615 0.365740 0.173140
0.177814 0.775156 -0.085995 0.600100 -0.427225 0.362342 0.121197
0.175619 0.773625 -0.090860 0.602003 -0.407476 0.355627 0.081693
0.182403 0.771348 -0.093911 0.602438 -0.378695 0.356486 0.024457
0.189620 0.769560 -0.092377 0.602734 -0.360397 0.353181 -0.017900
0.196889 0.772473 -0.089133 0.597140 -0.341309 0.344747 -0.055483
0.201561 0.766404 -0.088346 0.603483 -0.341097 0.336892 -0.193394
0.204226 0.771982 -0.088827 0.595352 -0.326174 0.334675 -0.220645
0.207291 0.778617 -0.092677 0.584976 -0.306328 0.334504 -0.248171
0.205783 0.785590 -0.092296 0.576180 -0.285367 0.329460 -0.274598
0.207102 0.789188 -0.093555 0.570560 -0.264213 0.322232 -0.289055
0.213397 0.786925 -0.096439 0.570885 -0.231516 0.321959 -0.331087
0.212879 0.786709 -0.094225 0.571746 -0.202342 0.333109 -0.355932
0.202156 0.790264 -0.086842 0.571904 -0.188290 0.322514 -0.381847
0.208749 0.790744 -0.080127 0.569848 -0.178950 0.311053 -0.416550
0.222934 0.793349 -0.072000 0.561884 -0.156469 0.304688 -0.443578
0.226682 0.796302 -0.073852 0.555935 -0.137880 0.309826 -0.482552
0.224863 0.797570 -0.076842 0.554449 -0.125940 0.305100 -0.516271
0.223447 0.793551 -0.082042 0.560016 -0.107866 0.305926 -0.561346
0.221280 0.787548 -0.085210 0.568808 -0.103013 0.298226 -0.605761
0.227808 0.780432 -0.090799 0.575140 -0.086812 0.301890 -0.652993
0.228161 0.777450 -0.093913 0.578527 -0.071001 0.316032 -0.680803
0.224329 0.778684 -0.096071 0.578012 -0.062138 0.313382 -0.698151
0.225725 0.777461 -0.102671 0.577980 -0.047159 0.321360 -0.744913
0.224460 0.776231 -0.105379 0.579637 -0.039879 0.317365 -0.768201
0.224601 0.777113 -0.109233 0.577683 -0.032184 0.317066 -0.790450
0.226072 0.779446 -0.113087 0.573207 -0.016384 0.316141 -0.795621
0.227168 0.779316 -0.119005 0.571750 -0.002163 0.312991 -0.811387
0.229927 0.778011 -0.122547 0.571677 0.016210 0.311531 -0.831890
0.232339 0.776611 -0.122875 0.572534 0.031386 0.308098 -0.858129
0.232389 0.778435 -0.123084 0.569986 0.053061 0.310757 -0.876627
0.230562 0.775681 -0.125576 0.573925 0.082376 0.314478 -0.941450
0.225408 0.772201 -0.128858 0.579908 0.116441 0.331325 -0.965747
0.207091 0.771617 -0.129381 0.587350 0.126240 0.333141 -0.984902
0.200616 0.764155 -0.134597 0.598083 0.152707 0.328387 -1.004355
0.202451 0.750825 -0.143677 0.612071 0.176063 0.332606 -1.026394
0.199741 0.743037 -0.151021 0.620638 0.189601 0.322957 -1.040636
0.203231 0.732742 -0.156351 0.630350 0.212245 0.327213 -1.066665
0.200053 0.719630 -0.159152 0.645586 0.230408 0.330051 -1.098641
0.186894 0.702240 -0.164371 0.667017 0.243763 0.333150 -1.145865
0.179701 0.686999 -0.170759 0.683067 0.254503 0.337205 -1.189741
0.168602 0.670217 -0.176765 0.700811 0.242946 0.335296 -1.227445
0.167314 0.657921 -0.183371 0.711000 0.263885 0.361067 -1.265719
0.166911 0.649315 -0.181742 0.719375 0.272629 0.372185 -1.311445
0.165549 0.640643 -0.175643 0.728917 0.290370 0.394844 -1.360012
0.152192 0.637191 -0.161538 0.738059 0.296931 0.413652 -1.392568
0.140127 0.628362 -0.144037 0.751518 0.288048 0.414998 -1.434698
0.125735 0.611469 -0.126622 0.770885 0.314609 0.416496 -1.476405
0.118739 0.603632 -0.120825 0.779058 0.337244 0.429088 -1.498736
0.111387 0.596057 -0.111945 0.787260 0.354502 0.435023 -1.522846
0.103553 0.587422 -0.104895 0.795745 0.373998 0.434276 -1.543969
0.091348 0.579861 -0.103102 0.802986 0.394351 0.449708 -1.565516
0.078255 0.577391 -0.103148 0.806136 0.417868 0.471055 -1.584646
0.071448 0.568316 -0.099042 0.813697 0.445453 0.464311 -1.627736
0.067187 0.563969 -0.099459 0.817027 0.460854 0.475479 -1.644856
0.074218 0.557628 -0.091918 0.821641 0.471624 0.459811 -1.674304
0.078876 0.548001 -0.095438 0.827264 0.482640 0.465852 -1.694132
0.080290 0.541992 -0.095702 0.831047 0.496352 0.467354 -1.713694
0.079754 0.537583 -0.093947 0.834157 0.505694 0.465436 -1.749989
0.079102 0.533465 -0.094551 0.836790 0.510563 0.465088 -1.772954
0.081435 0.532030 -0.096983 0.837202 0.510777 0.467428 -1.793094
0.086716 0.531393 -0.101624 0.836525 0.515127 0.467266 -1.822998
0.097029 0.532001 -0.104676 0.834627 0.505445 0.454827 -1.842196
0.106329 0.531333 -0.107915 0.833507 0.507952 0.444637 -1.863093
0.115691 0.535735 -0.118775 0.827947 0.510540 0.438846 -1.875487
0.122093 0.545399 -0.127700 0.819345 0.508198 0.423423 -1.883137
0.131276 0.555090 -0.135433 0.810123 0.481138 0.392850 -1.895539
0.141740 0.562689 -0.148650 0.800746 0.471154 0.374422 -1.888926
0.144786 0.566839 -0.155700 0.795920 0.465141 0.369119 -1.881570
0.146698 0.574132 -0.162963 0.788857 0.451915 0.366011 -1.858289
0.147538 0.581870 -0.167960 0.781952 0.443766 0.367724 -1.842689
0.151030 0.594265 -0.169803 0.771496 0.424674 0.367461 -1.801982
0.156459 0.603829 -0.168828 0.763157 0.412898 0.362135 -1.772783
0.163312 0.614188 -0.165754 0.754074 0.402217 0.359067 -1.746936
0.169339 0.631413 -0.159359 0.739761 0.386202 0.351423 -1.704747
0.172193 0.639107 -0.156818 0.733008 0.373279 0.344683 -1.680683
0.179911 0.647451 -0.162031 0.722624 0.361807 0.346185 -1.625168
0.182623 0.646639 -0.163999 0.722226 0.361053 0.339840 -1.611896
0.187807 0.645145 -0.169994 0.720846 0.366971 0.344465 -1.592220
0.182403 0.645416 -0.168839 0.722261 0.373371 0.345655 -1.576078
0.177675 0.644847 -0.172721 0.723029 0.375114 0.339404 -1.549316
0.174650 0.643139 -0.182071 0.722993 0.385705 0.343796 -1.520926
0.175136 0.644540 -0.183562 0.721249 0.383695 0.327831 -1.494879
0.185174 0.645646 -0.189088 0.716308 0.404180 0.335238 -1.482865
0.186868 0.653015 -0.180009 0.711512 0.410246 0.328999 -1.464737
0.195444 0.661056 -0.171831 0.703761 0.418629 0.331992 -1.443005
0.205629 0.666550 -0.155438 0.699476 0.433523 0.330268 -1.409003
0.215021 0.674698 -0.141858 0.691682 0.445679 0.322849 -1.385447
0.223870 0.684991 -0.129800 0.681044 0.451875 0.314943 -1.371373
0.234467 0.693796 -0.128149 0.668768 0.466221 0.311727 -1.337383
0.233219 0.697914 -0.135381 0.663473 0.477689 0.313596 -1.318040
0.229332 0.705940 -0.145055 0.654228 0.504003 0.333482 -1.283606
0.222874 0.712842 -0.147705 0.648357 0.509246 0.327953 -1.260514
0.217682 0.721407 -0.152149 0.639560 0.514773 0.329035 -1.236487
0.213732 0.732080 -0.154694 0.628050 0.522154 0.332107 -1.201081
0.211866 0.742431 -0.153990 0.616601 0.528661 0.336440 -1.175066
0.210586 0.756523 -0.149126 0.600906 0.534291 0.345606 -1.129229
0.208630 0.770354 -0.143393 0.585207 0.536239 0.348981 -1.095192
0.207864 0.781477 -0.134810 0.572636 0.539621 0.353878 -1.062705
0.204273 0.796195 -0.120873 0.556539 0.538811 0.357121 -1.011631
0.205966 0.804644 -0.114888 0.544910 0.542464 0.365711 -0.981715
0.203869 0.811384 -0.104402 0.537767 0.543054 0.353043 -0.956336
0.212742 0.815201 -0.107139 0.527929 0.549025 0.348309 -0.934487
0.219658 0.822035 -0.113964 0.512856 0.563058 0.359277 -0.916881
0.214207 0.834836 -0.110826 0.494855 0.568661 0.360766 -0.902088
0.212161 0.844670 -0.107385 0.479572 0.583233 0.362964 -0.890887
0.207379 0.853312 -0.102101 0.467362 0.599098 0.364751 -0.882643
0.202573 0.865601 -0.094416 0.448091 0.623901 0.368540 -0.876916
0.198299 0.874290 -0.086194 0.434586 0.643709 0.369023 -0.875762
0.197727 0.880434 -0.075438 0.424323 0.669595 0.360562 -0.871421
0.206494 0.881340 -0.069490 0.419250 0.696636 0.353913 -0.873128
0.213775 0.885325 -0.061521 0.408308 0.719457 0.364236 -0.880733
0.212512 0.889403 -0.056004 0.400829 0.748377 0.372340 -0.878768
0.203013 0.896859 -0.057536 0.388741 0.767925 0.387669 -0.877672
0.188886 0.906027 -0.056086 0.374556 0.795545 0.416065 -0.875500
0.171616 0.913530 -0.054500 0.364747 0.815446 0.417966 -0.869900
0.155836 0.920996 -0.055028 0.352781 0.840626 0.419868 -0.858429
0.146160 0.930792 -0.057248 0.330130 0.874908 0.440671 -0.858234
0.138591 0.936203 -0.056669 0.317970 0.902328 0.449108 -0.855187
0.132482 0.939847 -0.053545 0.310271 0.923852 0.456447 -0.856305
0.124470 0.944857 -0.048129 0.299060 0.944681 0.458707 -0.857324
0.115251 0.950661 -0.044369 0.284591 0.973076 0.444832 -0.846887
0.109481 0.952136 -0.039649 0.282628 0.999294 0.461159 -0.853805
0.100535 0.954108 -0.036787 0.279674 1.037875 0.471071 -0.856334
0.095578 0.955795 -0.032567 0.276154 1.056110 0.478055 -0.856759
0.091338 0.957188 -0.029418 0.273099 1.067729 0.475573 -0.857131
0.092321 0.958739 -0.030853 0.267103 1.082473 0.474073 -0.853363
0.095568 0.959187 -0.033755 0.263983 1.085814 0.462946 -0.853139
0.107466 0.958339 -0.036629 0.262097 1.094813 0.463151 -0.855482
0.118052 0.955710 -0.036151 0.267162 1.098817 0.460008 -0.858145
0.131664 0.952205 -0.035882 0.273283 1.092545 0.458663 -0.862570
0.140511 0.949880 -0.038404 0.276605 1.083731 0.454577 -0.863503
0.146499 0.948741 -0.041911 0.276898 1.063465 0.433419 -0.857893
0.166099 0.942658 -0.047494 0.285572 1.034369 0.426385 -0.856779
0.174593 0.936220 -0.055731 0.299840 1.010491 0.410514 -0.849430
0.179873 0.928956 -0.065665 0.316819 0.978379 0.404994 -0.849404
0.185901 0.921918 -0.073290 0.331870 0.927613 0.401120 -0.849719
0.180085 0.919821 -0.075855 0.340213 0.863325 0.356716 -0.834289
0.182665 0.916583 -0.077783 0.347073 0.798848 0.335559 -0.829199
0.207133 0.903214 -0.086107 0.365904 0.706510 0.314974 -0.833629
0.216670 0.898488 -0.097294 0.369199 0.664166 0.324186 -0.829466
0.225938 0.892501 -0.103833 0.376313 0.626900 0.344776 -0.830997
0.232946 0.885182 -0.106899 0.388280 0.599542 0.353600 -0.826807
0.232328 0.877764 -0.108398 0.404726 0.570102 0.355309 -0.826459
0.229663 0.873649 -0.110193 0.414548 0.543325 0.350889 -0.815434
0.227893 0.868428 -0.112871 0.425626 0.506951 0.333087 -0.809068
0.233517 0.860776 -0.117989 0.436592 0.477645 0.323018 -0.802986
0.244383 0.852271 -0.121303 0.446315 0.450992 0.319976 -0.797587
0.242791 0.847374 -0.122222 0.456148 0.403733 0.305277 -0.780858
0.245064 0.842615 -0.128040 0.462113 0.367466 0.309764 -0.776014
0.245446 0.839617 -0.131629 0.466340 0.331836 0.301590 -0.769210
0.246306 0.835286 -0.137606 0.471907 0.304732 0.314358 -0.764154
0.246733 0.835273 -0.140351 0.470896 0.282126 0.325149 -0.754890
0.246477 0.834573 -0.137580 0.473084 0.264351 0.337705 -0.753974
0.241946 0.836430 -0.130538 0.474138 0.244041 0.345286 -0.747956
0.233778 0.836960 -0.126356 0.478415 0.231069 0.348981 -0.746439
0.230068 0.834992 -0.126808 0.483504 0.201000 0.351907 -0.763223
0.228837 0.837709 -0.127320 0.479235 0.199851 0.354771 -0.755746
0.230410 0.840074 -0.120180 0.476177 0.182879 0.358407 -0.774181
0.229754 0.845277 -0.114985 0.468506 0.160846 0.357631 -0.793631
0.229682 0.852331 -0.112308 0.456252 0.142481 0.362078 -0.816151
0.227343 0.858007 -0.104121 0.448662 0.110106 0.363872 -0.869947
0.228115 0.865743 -0.097955 0.434577 0.111236 0.379223 -0.879838
0.225391 0.871309 -0.090600 0.426393 0.094561 0.372453 -0.904404
0.226817 0.877058 -0.086482 0.414541 0.088428 0.379204 -0.921776
0.228970 0.882075 -0.082090 0.403457 0.077818 0.375231 -0.939149
0.226269 0.885337 -0.074600 0.399269 0.049745 0.367827 -0.980653
0.227337 0.889243 -0.070014 0.390721 0.034260 0.374149 -1.001455
0.224220 0.896706 -0.065201 0.376021 0.033688 0.375350 -1.007274
0.223477 0.902524 -0.062556 0.362759 0.030329 0.373728 -1.016945
0.224103 0.907467 -0.062490 0.349823 0.022843 0.375421 -1.030675
0.220381 0.914718 -0.061379 0.333100 0.027246 0.370482 -1.029930
0.216101 0.921695 -0.060502 0.316414 0.015440 0.368743 -1.042950
0.216415 0.927491 -0.057609 0.299345 0.014279 0.353828 -1.048983
0.225606 0.930041 -0.055297 0.284723 0.021597 0.350300 -1.058297
0.237618 0.934884 -0.056410 0.257581 0.028992 0.347984 -1.067875
0.239525 0.942039 -0.058517 0.227524 0.055899 0.353978 -1.065799
0.233180 0.949982 -0.054187 0.200560 0.063238 0.339508 -1.059266
0.231568 0.954408 -0.049946 0.181624 0.072818 0.334449 -1.064639
0.235067 0.957335 -0.048240 0.161018 0.070265 0.344820 -1.079092
0.234860 0.961974 -0.041676 0.133081 0.074428 0.343615 -1.082654
0.240238 0.964450 -0.033874 0.104758 0.091560 0.348029 -1.084044
0.245020 0.965140 -0.025798 0.088344 0.084518 0.349308 -1.086318
0.250312 0.964856 -0.020940 0.077196 0.074525 0.348991 -1.094237
0.249391 0.966343 -0.018234 0.060438 0.077046 0.345790 -1.097401
0.249273 0.967089 -0.014698 0.048848 0.069934 0.342570 -1.100645
0.249263 0.967497 -0.012361 0.040798 0.063537 0.339593 -1.113593
0.251047 0.967228 -0.008035 0.037164 0.053096 0.339966 -1.127177
0.251962 0.967127 -0.001873 0.034305 0.039507 0.338630 -1.139974
0.248489 0.968229 0.004960 0.027605 0.035720 0.338659 -1.154571
0.245116 0.969134 0.014991 0.021765 0.028774 0.333772 -1.166311
0.243076 0.969680 0.024823 0.004372 0.039974 0.334921 -1.183241
0.245522 0.968833 0.031810 -0.008397 0.015915 0.331225 -1.196373
0.249293 0.967555 0.036657 -0.018588 -0.004656 0.331619 -1.207998
0.250401 0.966947 0.040411 -0.026055 -0.008507 0.329427 -1.217324
0.251688 0.966432 0.042436 -0.029366 -0.014245 0.322506 -1.226908
0.257268 0.964435 0.044210 -0.041524 0.029050 0.319571 -1.226422
0.259338 0.963929 0.043315 -0.041331 0.029687 0.321399 -1.236428
0.260607 0.963616 0.041642 -0.042369 0.030479 0.323193 -1.243337
0.259685 0.963486 0.041310 -0.050518 0.038619 0.324893 -1.242376
0.260108 0.962740 0.040714 -0.061782 0.043285 0.326572 -1.240289
0.262936 0.960457 0.040941 -0.081921 0.060539 0.326877 -1.236652
0.264768 0.958578 0.042105 -0.096192 0.072013 0.329676 -1.229433
0.265373 0.957114 0.043461 -0.107799 0.092110 0.330302 -1.221001
0.265712 0.955644 0.042204 -0.119835 0.122800 0.327918 -1.212326
0.265759 0.954286 0.041262 -0.130414 0.149058 0.333810 -1.204533
0.262158 0.953744 0.040748 -0.141371 0.186114 0.335836 -1.201526
0.260273 0.953175 0.041923 -0.148182 0.210472 0.337967 -1.192440
0.260990 0.952236 0.043410 -0.152467 0.234232 0.341545 -1.188770
0.262510 0.951835 0.044242 -0.152125 0.257696 0.347448 -1.192972
0.260966 0.953106 0.041346 -0.147568 0.274091 0.350728 -1.192446
0.258775 0.954311 0.035219 -0.145210 0.294505 0.350689 -1.189529
0.257412 0.955102 0.031995 -0.143166 0.307323 0.351741 -1.196434
0.257289 0.955168 0.029783 -0.143419 0.317593 0.350867 -1.200841
0.260238 0.954299 0.027130 -0.144408 0.325496 0.350003 -1.207557
0.260843 0.953811 0.026657 -0.146613 0.334343 0.348433 -1.216103
0.259586 0.953020 0.032744 -0.152628 0.337136 0.346060 -1.232691
0.257843 0.951994 0.039453 -0.160212 0.341584 0.344619 -1.246526
0.253842 0.951434 0.045499 -0.168127 0.347605 0.339202 -1.262140
0.250704 0.950192 0.051911 -0.177732 0.351491 0.340666 -1.281593
0.244979 0.948761 0.060915 -0.190071 0.360360 0.336846 -1.298632
0.243771 0.945014 0.071214 -0.206041 0.366418 0.338494 -1.328918
0.242367 0.941395 0.078748 -0.220979 0.376162 0.329825 -1.344101
0.242984 0.938579 0.085409 -0.229638 0.378678 0.339716 -1.368961
0.242292 0.935391 0.082784 -0.243896 0.387900 0.346689 -1.387128
0.242754 0.930602 0.078385 -0.262502 0.401598 0.358038 -1.410572
0.239907 0.924945 0.074508 -0.285255 0.428848 0.363517 -1.448142
0.238973 0.919186 0.077104 -0.303388 0.438103 0.373043 -1.469552
0.236379 0.913352 0.082369 -0.321137 0.455486 0.381692 -1.494273
0.232582 0.908250 0.088176 -0.336472 0.479459 0.383998 -1.520015
0.228306 0.902147 0.092335 -0.354233 0.504070 0.390187 -1.550214
0.215670 0.898679 0.089647 -0.371250 0.543588 0.381873 -1.558526
0.212044 0.892301 0.091002 -0.388014 0.572833 0.394181 -1.592561
0.214147 0.887495 0.091300 -0.397691 0.599074 0.399000 -1.623287
0.213106 0.882074 0.091963 -0.409968 0.621796 0.406403 -1.648652
0.213643 0.875994 0.092839 -0.422342 0.639468 0.406247 -1.673563
0.214613 0.869941 0.090424 -0.434703 0.647978 0.404904 -1.691746
0.213490 0.861288 0.090828 -0.452057 0.650066 0.406290 -1.699767
0.211681 0.851587 0.093692 -0.470332 0.654867 0.408129 -1.725247
0.208624 0.845299 0.098520 -0.481912 0.651868 0.409950 -1.755041
0.200282 0.840529 0.101964 -0.492952 0.640554 0.404977 -1.789939
0.190479 0.832210 0.107226 -0.509556 0.627439 0.399958 -1.826555
0.180358 0.824119 0.110467 -0.525447 0.621201 0.391119 -1.848588
0.181116 0.815674 0.116048 -0.537034 0.605009 0.390719 -1.869025
0.181874 0.800857 0.124319 -0.556861 0.585067 0.393966 -1.891501
0.177983 0.789701 0.131737 -0.572136 0.571332 0.396805 -1.923495
0.177210 0.776859 0.137679 -0.588330 0.544804 0.406020 -1.970087
0.176417 0.766005 0.139245 -0.602266 0.530553 0.410958 -2.004697
0.174454 0.757741 0.142780 -0.612379 0.518087 0.411299 -2.035333
0.173924 0.747555 0.144311 -0.624569 0.510381 0.403072 -2.069295
0.175675 0.728542 0.154853 -0.643728 0.495369 0.397799 -2.122686
0.172737 0.713618 0.162210 -0.659242 0.480948 0.390001 -2.172723
0.172941 0.702231 0.168178 -0.669835 0.476993 0.380153 -2.205236
0.174580 0.688545 0.179718 -0.680536 0.465220 0.385256 -2.248458
-0.172671 -0.680712 -0.189770 0.686151 0.452550 0.388259 -2.291526
-0.170491 -0.672137 -0.194415 0.693807 0.434040 0.395078 -2.322736
-0.169054 -0.654826 -0.193765 0.710689 0.417855 0.398232 -2.387148
-0.167987 -0.647294 -0.195744 0.717270 0.395799 0.414378 -2.407775
-0.163972 -0.640152 -0.193461 0.725184 0.378657 0.413018 -2.436295
-0.156602 -0.634092 -0.196468 0.731303 0.335742 0.414128 -2.484518
-0.150556 -0.633927 -0.196630 0.732670 0.310210 0.410884 -2.508582
-0.142891 -0.630104 -0.195380 0.737820 0.279463 0.393377 -2.549274
-0.135565 -0.628506 -0.197680 0.739949 0.246363 0.385882 -2.573230
-0.136284 -0.628048 -0.206506 0.737793 0.207882 0.381100 -2.594905
-0.133259 -0.618369 -0.217280 0.743405 0.152475 0.385417 -2.618183
-0.131773 -0.616114 -0.217398 0.745505 0.126971 0.382938 -2.635029
-0.135681 -0.606704 -0.222047 0.751130 0.100582 0.388503 -2.651341
-0.135941 -0.595974 -0.222906 0.759373 0.067349 0.395131 -2.671984
-0.133151 -0.588888 -0.219350 0.766399 0.042710 0.399262 -2.687284
-0.127921 -0.578458 -0.214291 0.776596 0.015414 0.400392 -2.713791
-0.122981 -0.568559 -0.211509 0.785417 -0.006391 0.396929 -2.738369
-0.117817 -0.556437 -0.209909 0.795258 -0.035577 0.390654 -2.771281
-0.120384 -0.543576 -0.214511 0.802507 -0.067312 0.391619 -2.802562
-0.123954 -0.527341 -0.219289 0.811455 -0.097788 0.388096 -2.838929
-0.123975 -0.511406 -0.224727 0.820117 -0.126470 0.385932 -2.879259
-0.120994 -0.495377 -0.230418 0.828776 -0.176957 0.395547 -2.930750
-0.118952 -0.480229 -0.224159 0.839633 -0.212250 0.402374 -2.967150
-0.121954 -0.471372 -0.219803 0.845353 -0.250657 0.416724 -2.996050
-0.122772 -0.471510 -0.215341 0.846306 -0.287747 0.423671 -3.021547
-0.121077 -0.471813 -0.211533 0.847341 -0.324024 0.428620 -3.044680
-0.118900 -0.470416 -0.204403 0.850171 -0.358667 0.431232 -3.064535
-0.114168 -0.466682 -0.192343 0.855674 -0.386567 0.422036 -3.083944
-0.105630 -0.455721 -0.191202 0.862904 -0.418270 0.417690 -3.094024
-0.095550 -0.441087 -0.194921 0.870815 -0.448870 0.415109 -3.102110
-0.084403 -0.430105 -0.196103 0.877171 -0.479010 0.412225 -3.111118
-0.076573 -0.417941 -0.201150 0.882610 -0.508160 0.413047 -3.122083
-0.074110 -0.408508 -0.206306 0.886040 -0.541769 0.413559 -3.134356
-0.073894 -0.402408 -0.206803 0.888730 -0.571534 0.423440 -3.144575
-0.074494 -0.395066 -0.203361 0.892758 -0.598287 0.427125 -3.157738
-0.073962 -0.382242 -0.202383 0.898589 -0.631935 0.432048 -3.171232
-0.075695 -0.366455 -0.199275 0.905688 -0.652510 0.440309 -3.180276
-0.078631 -0.351238 -0.194491 0.912481 -0.676292 0.439086 -3.195830
-0.080033 -0.337027 -0.191581 0.918316 -0.698670 0.447026 -3.205311
-0.077836 -0.322741 -0.193598 0.923201 -0.719109 0.449219 -3.220420
-0.071413 -0.312930 -0.195164 0.926761 -0.749736 0.455482 -3.228227
-0.068836 -0.311578 -0.196243 0.927184 -0.769833 0.454798 -3.239488
-0.070054 -0.306656 -0.196074 0.928768 -0.795187 0.454711 -3.246635
-0.075486 -0.304606 -0.194473 0.929353 -0.820888 0.450023 -3.258048
-0.078764 -0.307868 -0.197058 0.927460 -0.841690 0.449038 -3.252114
-0.081100 -0.307083 -0.196128 0.927716 -0.854281 0.449205 -3.247855
-0.082109 -0.298140 -0.196753 0.930408 -0.879354 0.458219 -3.233846
-0.080519 -0.296524 -0.193899 0.931662 -0.897987 0.468244 -3.217230
-0.078894 -0.299818 -0.190448 0.931458 -0.919767 0.475422 -3.200164
-0.074251 -0.305775 -0.184442 0.931112 -0.932248 0.489585 -3.167832
-0.070899 -0.312307 -0.169789 0.931992 -0.950170 0.482421 -3.150749
-0.066461 -0.323236 -0.163415 0.929730 -0.955324 0.486546 -3.120321
-0.065370 -0.325206 -0.161630 0.929432 -0.960996 0.476961 -3.097888
-0.061915 -0.327242 -0.161850 0.928916 -0.968980 0.474279 -3.065291
-0.061295 -0.325347 -0.162151 0.929569 -0.978166 0.478264 -3.036022
-0.059177 -0.321302 -0.160057 0.931475 -0.987944 0.476375 -3.008742
-0.058513 -0.316259 -0.160262 0.933206 -0.997803 0.474596 -2.987408
-0.056164 -0.311927 -0.162398 0.934438 -1.014213 0.472189 -2.965826
-0.055655 -0.305991 -0.165094 0.935957 -1.026978 0.466261 -2.945934
-0.053639 -0.290997 -0.164488 0.940950 -1.044490 0.449303 -2.922862
-0.049942 -0.276424 -0.165467 0.945366 -1.056986 0.437517 -2.908639
-0.044162 -0.256972 -0.165775 0.951070 -1.073065 0.434465 -2.887635
-0.038444 -0.230281 -0.170923 0.957224 -1.108637 0.445777 -2.866454
-0.034557 -0.207857 -0.170799 0.962512 -1.134214 0.446921 -2.848488
-0.031809 -0.190264 -0.171105 0.966184 -1.165494 0.457954 -2.827915
-0.026594 -0.175156 -0.167321 0.969854 -1.196840 0.459047 -2.812832
-0.019423 -0.162083 -0.165322 0.972636 -1.224992 0.460216 -2.798819
-0.019920 -0.154389 -0.164231 0.974061 -1.250064 0.452420 -2.778409
-0.020314 -0.148456 -0.168664 0.974218 -1.266510 0.460739 -2.751698
-0.021518 -0.141455 -0.169286 0.975125 -1.290708 0.456607 -2.733146
-0.019918 -0.140413 -0.169483 0.975276 -1.317142 0.456721 -2.709953
-0.020600 -0.140949 -0.170784 0.974957 -1.330595 0.452974 -2.685766
-0.022075 -0.136406 -0.169560 0.975784 -1.354506 0.446350 -2.662425
-0.016885 -0.135288 -0.171731 0.975664 -1.372300 0.452915 -2.630630
-0.010031 -0.135505 -0.170787 0.975894 -1.384024 0.450471 -2.603854
-0.005243 -0.127902 -0.173063 0.976557 -1.393822 0.450975 -2.582271
0.000560 -0.122194 -0.171270 0.977617 -1.409463 0.455302 -2.555842
0.004884 -0.115660 -0.166968 0.979143 -1.424568 0.450783 -2.538967
0.004572 -0.101989 -0.167560 0.980562 -1.436180 0.451331 -2.524055
0.003617 -0.084746 -0.165497 0.982556 -1.458933 0.450859 -2.512741
0.004603 -0.068873 -0.165305 0.983824 -1.481239 0.444551 -2.501788
0.007300 -0.049985 -0.165864 0.984854 -1.513765 0.433882 -2.498307
0.009783 -0.030772 -0.171068 0.984730 -1.545119 0.425048 -2.483819
0.012753 -0.011645 -0.179186 0.983664 -1.576143 0.421077 -2.475603
0.018493 0.013301 -0.179578 0.983480 -1.615509 0.417352 -2.472096
0.024214 0.035390 -0.181204 0.982510 -1.666778 0.415418 -2.470288
0.024700 0.047421 -0.182219 0.981803 -1.705813 0.419562 -2.459919
0.022512 0.062161 -0.178897 0.981644 -1.756469 0.430120 -2.440113
0.015545 0.067999 -0.178307 0.981499 -1.792339 0.427333 -2.432415
0.013165 0.075667 -0.181455 0.980395 -1.822789 0.433843 -2.414980
0.011985 0.081925 -0.182284 0.979754 -1.847733 0.439220 -2.392752
0.012124 0.083026 -0.177390 0.980557 -1.870315 0.446807 -2.366147
0.011474 0.081862 -0.163017 0.983154 -1.891985 0.456026 -2.338410
0.016229 0.082140 -0.146706 0.985630 -1.920039 0.462043 -2.318434
0.023572 0.086067 -0.140816 0.986006 -1.940117 0.459878 -2.288390
0.032913 0.088889 -0.132541 0.986635 -1.950658 0.464036 -2.263882
0.037148 0.091153 -0.129325 0.986705 -1.972090 0.462606 -2.232881
0.045585 0.097074 -0.127088 0.986077 -1.972378 0.462138 -2.208052
0.049861 0.101971 -0.125811 0.985539 -1.980814 0.461468 -2.185093
0.044334 0.119640 -0.137345 0.982271 -2.007303 0.449792 -2.146152
0.043450 0.136130 -0.146133 0.978890 -2.027704 0.445375 -2.124544
0.044331 0.151315 -0.152022 0.975719 -2.045689 0.432059 -2.103123
0.044166 0.166531 -0.163146 0.971442 -2.060184 0.421345 -2.077859
0.045036 0.185074 -0.175326 0.965909 -2.082440 0.414232 -2.045773
0.046593 0.202632 -0.181850 0.961093 -2.106630 0.405675 -2.017275
0.047027 0.217274 -0.185771 0.957115 -2.133531 0.398133 -1.986017
0.046405 0.234040 -0.188910 0.952567 -2.162165 0.393259 -1.955848
0.049034 0.246882 -0.191787 0.948611 -2.190833 0.385951 -1.919755
0.054741 0.254797 -0.195664 0.945409 -2.214277 0.380764 -1.881176
0.063396 0.272274 -0.197989 0.939493 -2.239881 0.379129 -1.833592
0.063345 0.287015 -0.201907 0.934261 -2.251720 0.378612 -1.801559
0.060376 0.301984 -0.206100 0.928807 -2.263226 0.372937 -1.772173
0.063817 0.310213 -0.212344 0.924449 -2.266185 0.368170 -1.735213
0.070558 0.313517 -0.214639 0.922312 -2.265354 0.357744 -1.701386
0.072768 0.315098 -0.213386 0.921892 -2.266491 0.346037 -1.660179
0.075361 0.315520 -0.211786 0.921908 -2.264224 0.341122 -1.613826
0.078651 0.318579 -0.207261 0.921610 -2.262104 0.328412 -1.567285
0.089503 0.309163 -0.213843 0.922322 -2.242248 0.346502 -1.485352
0.094237 0.309947 -0.220469 0.920025 -2.232972 0.346243 -1.434171
0.092887 0.308833 -0.218221 0.921072 -2.225422 0.351501 -1.386054
0.089587 0.311123 -0.218768 0.920498 -2.219774 0.358541 -1.338799
0.088083 0.314038 -0.215185 0.920498 -2.213872 0.366642 -1.296429
0.090635 0.316345 -0.212914 0.919988 -2.202401 0.376796 -1.256120
0.089048 0.320731 -0.211625 0.918922 -2.196500 0.379999 -1.212172
0.088856 0.325617 -0.211083 0.917345 -2.193255 0.376321 -1.169588
0.092312 0.323105 -0.209557 0.918242 -2.183179 0.385916 -1.117980
0.090254 0.321768 -0.205978 0.919724 -2.174907 0.396056 -1.061904
0.085203 0.321887 -0.197652 0.921988 -2.174257 0.384335 -1.024176
0.089652 0.320900 -0.196540 0.922148 -2.156926 0.397597 -0.981894
0.088466 0.338037 -0.189528 0.917597 -2.142475 0.395922 -0.936562
0.089112 0.347851 -0.195750 0.912546 -2.126783 0.398849 -0.900544
0.089703 0.351752 -0.197479 0.910618 -2.113684 0.392215 -0.860696
0.091874 0.342832 -0.196885 0.913927 -2.044786 0.400408 -0.846891
0.093149 0.343933 -0.193456 0.914116 -2.029381 0.402574 -0.805073
0.095005 0.342822 -0.187338 0.915616 -1.999744 0.402756 -0.773532
0.096488 0.341228 -0.184956 0.916540 -1.967030 0.399103 -0.737239
0.102451 0.339281 -0.181418 0.917322 -1.930958 0.409602 -0.694436
0.106398 0.327231 -0.174813 0.922518 -1.879937 0.395071 -0.671368
0.109129 0.322642 -0.179220 0.922970 -1.859089 0.395267 -0.624553
0.101405 0.307509 -0.175703 0.929669 -1.831662 0.386652 -0.587832
0.090940 0.297193 -0.192410 0.930798 -1.787688 0.378601 -0.545763
0.085657 0.301269 -0.195733 0.929295 -1.766376 0.365341 -0.521182
0.093498 0.304974 -0.200946 0.926213 -1.715011 0.374451 -0.497946
0.093547 0.313741 -0.204125 0.922577 -1.693421 0.371631 -0.470957
0.096523 0.319141 -0.203181 0.920625 -1.671008 0.372321 -0.445071
0.097795 0.320488 -0.202240 0.920229 -1.651682 0.368718 -0.417109
0.100901 0.321613 -0.200142 0.919960 -1.631317 0.375616 -0.378339
0.098966 0.317461 -0.195363 0.922636 -1.616605 0.361935 -0.346987
0.097560 0.307851 -0.195620 0.925982 -1.596123 0.362334 -0.307127
0.095536 0.304185 -0.193768 0.927792 -1.573568 0.373203 -0.267831
0.092086 0.294565 -0.194635 0.931058 -1.543929 0.374794 -0.228030
0.087133 0.283361 -0.199492 0.933979 -1.523672 0.369497 -0.200647
0.079385 0.279494 -0.202237 0.935244 -1.516722 0.369148 -0.171571
0.075576 0.270833 -0.202385 0.938071 -1.495880 0.359690 -0.147924
0.072525 0.263708 -0.204903 0.939794 -1.473872 0.356707 -0.121820
0.073615 0.257150 -0.209930 0.940417 -1.445565 0.355412 -0.095879
0.074135 0.253184 -0.212426 0.940892 -1.414892 0.337580 -0.077781
0.079224 0.242941 -0.218618 0.941759 -1.363248 0.341780 -0.030251
0.078074 0.226661 -0.220394 0.945492 -1.326893 0.342843 -0.002824
0.072900 0.213040 -0.225786 0.947798 -1.288409 0.341563 0.024148
0.068281 0.200539 -0.225980 0.950818 -1.255165 0.346021 0.050997
0.063596 0.188865 -0.229781 0.952621 -1.223882 0.346633 0.076645
0.060725 0.180841 -0.232858 0.953617 -1.195784 0.344011 0.098954
0.062470 0.174878 -0.236080 0.953825 -1.172495 0.339689 0.121768
0.066189 0.166875 -0.238579 0.954386 -1.151968 0.331896 0.147466
0.067171 0.160581 -0.243652 0.954115 -1.130728 0.326556 0.174997
0.060355 0.150187 -0.242801 0.956477 -1.097413 0.324547 0.220684
0.057690 0.140150 -0.240085 0.958848 -1.074737 0.325664 0.255075
0.059073 0.126636 -0.234035 0.962134 -1.048509 0.330058 0.294301
0.063162 0.112621 -0.228841 0.964862 -1.019455 0.328603 0.330866
0.068162 0.107868 -0.223837 0.966238 -0.989823 0.327321 0.362399
0.075929 0.094440 -0.225814 0.966604 -0.962859 0.322334 0.392621
0.075836 0.089190 -0.218321 0.968829 -0.940497 0.319632 0.416430
0.084144 0.075138 -0.221057 0.968715 -0.908996 0.312339 0.455019
0.082439 0.060148 -0.218417 0.970505 -0.882583 0.318851 0.484962
0.076628 0.045925 -0.210044 0.973602 -0.853205 0.317908 0.508651
0.069723 0.026689 -0.208129 0.975248 -0.824923 0.318274 0.537009
0.055919 0.001199 -0.192104 0.979779 -0.785117 0.317196 0.556641
0.030473 -0.042503 -0.195671 0.979274 -0.721023 0.316092 0.589408
0.019893 -0.080201 -0.204139 0.975448 -0.667211 0.311264 0.612683
0.009650 -0.125259 -0.225937 0.966007 -0.608716 0.307589 0.640252
-0.008299 -0.156751 -0.240036 0.957989 -0.559348 0.317591 0.665789
-0.023277 -0.174381 -0.247214 0.952856 -0.510897 0.322506 0.673140
-0.035697 -0.202692 -0.251351 0.945761 -0.442345 0.331610 0.682707
-0.036905 -0.220270 -0.240826 0.944522 -0.395209 0.339604 0.683521
-0.037734 -0.228758 -0.227045 0.945884 -0.343918 0.339829 0.673166
-0.040962 -0.228045 -0.219203 0.947770 -0.293026 0.340338 0.658003
-0.041775 -0.224113 -0.214183 0.949818 -0.235618 0.330546 0.637466
-0.039291 -0.224475 -0.212276 0.950267 -0.177756 0.309162 0.614306
-0.045891 -0.232215 -0.216763 0.947092 -0.104400 0.299875 0.584937
-0.056583 -0.241661 -0.228261 0.941432 -0.063718 0.300483 0.567078
-0.071788 -0.251659 -0.241120 0.934546 -0.026724 0.310687 0.554123
-0.077330 -0.263812 -0.249459 0.928544 0.018405 0.326095 0.549863
-0.072000 -0.271927 -0.245630 0.927652 0.057582 0.333839 0.535226
-0.066270 -0.283562 -0.237139 0.926804 0.097834 0.333528 0.514885
-0.064427 -0.301781 -0.232430 0.922363 0.156930 0.328755 0.489923
-0.066883 -0.318588 -0.231503 0.916752 0.193106 0.326247 0.475243
-0.069166 -0.341259 -0.221819 0.910799 0.244977 0.315843 0.468799
-0.072637 -0.359376 -0.214142 0.905381 0.276406 0.314420 0.452334
-0.081763 -0.371561 -0.213614 0.899792 0.304213 0.314199 0.429823
-0.093689 -0.376695 -0.223716 0.894021 0.336060 0.316872 0.406734
-0.100255 -0.390768 -0.241276 0.882630 0.380079 0.332780 0.381439
-0.101709 -0.406454 -0.242222 0.875088 0.417464 0.322643 0.364560
-0.107802 -0.415438 -0.238817 0.871066 0.438637 0.305498 0.320465
-0.113586 -0.424433 -0.237420 0.866364 0.469833 0.302223 0.298553
-0.123053 -0.429517 -0.240060 0.861826 0.492136 0.297335 0.258749
-0.127496 -0.440902 -0.238863 0.855742 0.518253 0.295780 0.228081
-0.127315 -0.448116 -0.236991 0.852536 0.549186 0.312430 0.204943
-0.127597 -0.453497 -0.239299 0.848997 0.570113 0.305039 0.155295
-0.132837 -0.464526 -0.245416 0.840441 0.599292 0.304435 0.133933
-0.139502 -0.468273 -0.244528 0.837536 0.622152 0.315411 0.110515
-0.143234 -0.472323 -0.236390 0.836967 0.659653 0.324896 0.072844
-0.147329 -0.476838 -0.238285 0.833150 0.668491 0.347951 0.046320
-0.146790 -0.485079 -0.227886 0.831396 0.697526 0.346481 0.018003
-0.147287 -0.491801 -0.226957 0.827604 0.716879 0.353740 0.001757
-0.141591 -0.495431 -0.222831 0.827555 0.742921 0.355882 -0.012357
-0.136097 -0.498639 -0.217635 0.827932 0.772515 0.354366 -0.031648
-0.133738 -0.504906 -0.214165 0.825419 0.805971 0.354315 -0.025326
-0.133762 -0.504017 -0.213953 0.826014 0.829893 0.364306 -0.037605
-0.126107 -0.501539 -0.205854 0.830770 0.859513 0.370876 -0.047086
-0.122805 -0.498701 -0.199984 0.834400 0.888938 0.368562 -0.073961
-0.119215 -0.500991 -0.199168 0.833744 0.902332 0.380749 -0.083269
-0.115955 -0.503151 -0.194135 0.834089 0.916660 0.388309 -0.105371
-0.119591 -0.505767 -0.188487 0.833289 0.914415 0.410665 -0.117394
-0.113639 -0.510265 -0.173153 0.834706 0.927707 0.406087 -0.137909
-0.114739 -0.506982 -0.169328 0.837336 0.918979 0.414834 -0.164804
