10000.000000000 0.000000 0.000000 0.000000 0.000000 0.000000 0.000000 1.000000
10000.033333000 0.011552 0.008955 -0.001559 0.001958 0.001137 0.001420 0.999996
10000.066666000 0.003012 0.004203 0.002317 0.000285 0.005145 0.000602 0.999987
10000.099999000 0.012155 0.006646 0.009146 0.000356 0.007617 0.001559 0.999970
10000.133332000 0.021500 0.003314 0.012335 -0.000538 0.012163 0.003658 0.999919
10000.166665000 0.030991 -0.007622 0.019351 -0.002514 0.017826 0.004465 0.999828
10000.199998000 0.056980 -0.003163 0.022054 -0.001597 0.020409 0.004510 0.999780
10000.233331000 0.057396 -0.015561 0.025823 -0.003255 0.027228 0.004768 0.999613
10000.266664000 0.067830 -0.021189 0.029727 -0.003051 0.034087 0.006597 0.999392
10000.299997000 0.056706 -0.017774 0.039334 0.001477 0.045957 0.010011 0.998892
10000.333330000 0.058402 -0.015544 0.045122 0.003460 0.057363 0.014262 0.998246
10000.366663000 0.083786 -0.002680 0.046005 0.005918 0.065720 0.015896 0.997694
10000.399996000 0.111943 0.007467 0.049375 0.006460 0.074049 0.018497 0.997062
10000.433329000 0.119916 -0.002052 0.055360 0.004264 0.084832 0.020282 0.996180
10000.466662000 0.140144 0.008148 0.057605 0.004991 0.092825 0.022991 0.995404
10000.499995000 0.115432 0.003719 0.082908 0.004908 0.108251 0.028022 0.993716
10000.533328000 0.146093 -0.005698 0.079682 0.003913 0.113741 0.031275 0.993010
10000.566661000 0.156108 -0.011095 0.078436 0.005689 0.120348 0.033866 0.992138
10000.599994000 0.159465 -0.022139 0.074844 0.011326 0.123677 0.034429 0.991660
10000.633327000 0.151857 -0.021631 0.077116 0.020832 0.124880 0.033837 0.991376
10000.666660000 0.124246 -0.025826 0.086324 0.031206 0.125902 0.034776 0.990942
10000.699993000 0.134721 -0.079273 0.068441 0.035930 0.116937 0.036799 0.991807
10000.733326000 0.119217 -0.060720 0.065422 0.049589 0.108022 0.035968 0.992259
10000.766659000 0.099009 -0.075738 0.060089 0.055601 0.097880 0.034107 0.993058
10000.799992000 0.099543 -0.072624 0.044294 0.064623 0.080976 0.030366 0.994155
10000.833325000 0.102366 -0.027512 0.030493 0.075934 0.059114 0.024708 0.995052
10000.866658000 0.074047 -0.040972 0.018497 0.077871 0.042300 0.023377 0.995791
10000.899991000 0.050771 -0.030688 0.007727 0.082479 0.024997 0.020998 0.996058
10000.933324000 0.037356 -0.021250 -0.004096 0.083876 0.005616 0.019751 0.996265
10000.966657000 0.014984 -0.016991 -0.016051 0.084287 -0.012432 0.018959 0.996184
10000.999990000 0.026299 -0.040165 -0.029260 0.079432 -0.035019 0.013026 0.996140
10001.033323000 0.001188 -0.027674 -0.035445 0.080628 -0.047852 0.011970 0.995523
10001.066656000 0.001527 -0.038118 -0.037276 0.079785 -0.061872 0.008918 0.994850
10001.099989000 -0.000248 -0.036889 -0.042434 0.080299 -0.074816 0.005775 0.993942
10001.133322000 0.004920 -0.032310 -0.045516 0.080636 -0.088669 0.002896 0.992788
10001.166655000 0.019350 -0.032976 -0.050567 0.079966 -0.105270 -0.006257 0.991204
10001.199988000 -0.000189 -0.029662 -0.059318 0.081040 -0.120348 -0.012109 0.989344
10001.233321000 -0.000608 -0.020998 -0.063370 0.084523 -0.139051 -0.022605 0.986412
10001.266654000 0.011798 -0.008157 -0.071167 0.086466 -0.158204 -0.030327 0.983146
10001.299987000 0.010743 -0.009572 -0.074512 0.080972 -0.177552 -0.036571 0.980093
10001.333320000 0.086598 -0.052008 -0.034520 0.076636 -0.212587 -0.057146 0.972455
10001.366653000 0.090808 -0.032001 -0.040998 0.080473 -0.225740 -0.065898 0.968619
10001.399986000 0.099681 -0.032750 -0.040035 0.073843 -0.239411 -0.075359 0.965169
10001.433319000 0.090176 -0.028991 -0.043198 0.070898 -0.249137 -0.079672 0.962578
10001.466652000 0.089656 -0.038989 -0.031083 0.067528 -0.260444 -0.080588 0.959747
10001.499985000 0.095006 -0.044908 -0.008425 0.067746 -0.271805 -0.081570 0.956493
10001.533318000 0.108396 -0.034032 0.003868 0.067633 -0.282318 -0.075716 0.953934
10001.566651000 0.104672 -0.032127 0.020550 0.063370 -0.291577 -0.070748 0.951820
10001.599984000 0.108045 -0.037599 0.050725 0.056880 -0.301801 -0.070845 0.949032
10001.633317000 0.112352 -0.041076 0.087224 0.051327 -0.312802 -0.073571 0.945573
10001.666650000 0.112587 -0.078831 0.134949 0.043761 -0.326603 -0.085538 0.940265
10001.699983000 0.100697 -0.077639 0.160949 0.047941 -0.332847 -0.091556 0.937300
10001.733316000 0.091827 -0.080409 0.193182 0.043859 -0.342218 -0.099618 0.933295
10001.766649000 0.083199 -0.085257 0.234072 0.033871 -0.350958 -0.112928 0.928939
10001.799982000 0.070736 -0.094715 0.265625 0.027258 -0.354323 -0.124606 0.926383
10001.833315000 0.075676 -0.116833 0.302116 0.017631 -0.364424 -0.132629 0.921572
10001.866648000 0.074311 -0.106956 0.325680 0.012756 -0.373161 -0.135591 0.917717
10001.899981000 0.076139 -0.115272 0.352398 0.005815 -0.382891 -0.139309 0.913210
10001.933314000 0.076410 -0.120714 0.380932 0.000145 -0.392467 -0.140355 0.908994
10001.966647000 0.082849 -0.126056 0.406060 -0.004288 -0.402161 -0.140736 0.904677
10001.999980000 0.098555 -0.133962 0.443428 -0.009367 -0.418358 -0.142548 0.896978
10002.033313000 0.117166 -0.124555 0.473007 -0.013627 -0.432890 -0.145022 0.889601
10002.066646000 0.138303 -0.122147 0.508697 -0.019441 -0.444593 -0.152777 0.882394
10002.099979000 0.144637 -0.140767 0.541497 -0.016857 -0.457358 -0.161457 0.874340
10002.133312000 0.170222 -0.117141 0.564194 -0.011266 -0.469316 -0.171562 0.866131
10002.166645000 0.183883 -0.130903 0.604647 -0.027290 -0.484185 -0.191501 0.853315
10002.199978000 0.187815 -0.149277 0.616707 -0.020826 -0.497805 -0.198168 0.844089
10002.233311000 0.209760 -0.140356 0.643146 -0.016913 -0.517263 -0.199240 0.832139
10002.266644000 0.217181 -0.155513 0.664538 -0.024753 -0.534168 -0.205034 0.819764
10002.299977000 0.212561 -0.168976 0.684576 -0.024797 -0.545667 -0.207632 0.811493
10002.333310000 0.220643 -0.152382 0.715817 -0.021998 -0.559936 -0.210271 0.801108
10002.366643000 0.215606 -0.154763 0.730489 -0.027652 -0.570972 -0.215488 0.791701
10002.399976000 0.208574 -0.157385 0.755569 -0.034246 -0.581525 -0.218934 0.782767
10002.433309000 0.196893 -0.161292 0.780864 -0.039150 -0.589334 -0.221641 0.775905
10002.466642000 0.183056 -0.164256 0.813038 -0.043399 -0.597081 -0.226034 0.768453
10002.499975000 0.169372 -0.156286 0.849270 -0.041663 -0.607424 -0.232828 0.758348
10002.533308000 0.157874 -0.135958 0.875622 -0.041662 -0.613289 -0.240119 0.751321
10002.566641000 0.130297 -0.152384 0.905654 -0.043142 -0.618994 -0.252185 0.742555
10002.599974000 0.111514 -0.151547 0.931035 -0.040637 -0.622746 -0.261938 0.736155
10002.633307000 0.091503 -0.154337 0.955272 -0.038192 -0.625099 -0.273068 0.730223
10002.666640000 0.072660 -0.169703 0.977989 -0.041083 -0.629957 -0.279183 0.723549
10002.699973000 0.053539 -0.188239 0.985037 -0.044832 -0.632843 -0.281310 0.719976
10002.733306000 0.040508 -0.197830 1.006609 -0.046571 -0.638213 -0.278485 0.716213
10002.766639000 0.032571 -0.208921 1.023203 -0.046304 -0.644965 -0.275646 0.711263
10002.799972000 0.025106 -0.219796 1.048191 -0.044166 -0.653929 -0.272682 0.704323
10002.833305000 0.027670 -0.219863 1.068483 -0.041269 -0.663727 -0.267737 0.697194
10002.866638000 0.023504 -0.236385 1.085733 -0.041404 -0.674498 -0.269861 0.685940
10002.899971000 0.024480 -0.243497 1.104301 -0.040137 -0.685657 -0.273940 0.673216
10002.933304000 0.032880 -0.246594 1.134379 -0.035114 -0.699755 -0.274154 0.658748
10002.966637000 0.041025 -0.254480 1.151794 -0.040476 -0.711717 -0.281955 0.642123
10002.999970000 0.040409 -0.272393 1.200777 -0.040680 -0.727833 -0.288179 0.620932
10003.033303000 0.050030 -0.281900 1.192848 -0.038665 -0.735704 -0.292515 0.609656
10003.066636000 0.055914 -0.290150 1.206030 -0.035791 -0.747082 -0.294252 0.594982
10003.099969000 0.058373 -0.298081 1.217444 -0.037977 -0.756983 -0.295933 0.581342
10003.133302000 0.056401 -0.307618 1.226934 -0.041713 -0.767036 -0.294934 0.568269
10003.166635000 0.055379 -0.311930 1.241809 -0.041235 -0.778518 -0.293439 0.553266
10003.199968000 0.060085 -0.307950 1.244378 -0.040738 -0.788645 -0.294923 0.537959
10003.233301000 0.051949 -0.318813 1.245209 -0.043410 -0.797862 -0.297714 0.522397
10003.266634000 0.045023 -0.317076 1.246712 -0.043733 -0.805107 -0.299370 0.510165
10003.299967000 0.035788 -0.314958 1.244718 -0.041471 -0.810529 -0.300723 0.500888
10003.333300000 0.017009 -0.313352 1.264068 0.042128 0.817641 0.302921 -0.487778
10003.366633000 0.003821 -0.304650 1.260798 0.038892 0.821625 0.307621 -0.478320
10003.399966000 -0.018231 -0.298514 1.251251 0.033018 0.823694 0.312537 -0.471973
10003.433299000 -0.042204 -0.305222 1.235117 0.031912 0.828372 0.316927 -0.460803
10003.466632000 -0.056265 -0.300600 1.232545 0.021496 0.836557 0.313766 -0.448622
10003.499965000 -0.080274 -0.300474 1.232642 0.019946 0.842223 0.316442 -0.436035
10003.533298000 -0.100688 -0.308097 1.222701 0.015949 0.847322 0.314522 -0.427630
10003.566631000 -0.117815 -0.311192 1.213751 0.012809 0.851028 0.312936 -0.421496
10003.599964000 -0.132750 -0.308765 1.209463 0.011124 0.853005 0.312526 -0.417835
10003.633297000 -0.148534 -0.311389 1.208584 0.011454 0.856463 0.311243 -0.411665
10003.666630000 -0.160337 -0.305693 1.210757 0.011297 0.862445 0.307007 -0.402253
10003.699963000 -0.161441 -0.296074 1.206417 0.012945 0.867163 0.305874 -0.392814
10003.733296000 -0.177023 -0.296414 1.209680 0.013523 0.872081 0.306607 -0.381160
10003.766629000 -0.188708 -0.294933 1.207374 0.015465 0.875350 0.308699 -0.371791
10003.799962000 -0.199680 -0.297837 1.206944 0.020041 0.882067 0.310396 -0.353850
10003.833295000 -0.205187 -0.300498 1.215854 0.016732 0.890019 0.309368 -0.334480
10003.866628000 -0.189120 -0.272484 1.229393 0.011477 0.896250 0.307221 -0.319718
10003.899961000 -0.203998 -0.285009 1.232609 0.010396 0.900177 0.313292 -0.302359
10003.933294000 -0.209927 -0.293189 1.231065 0.008671 0.904096 0.315430 -0.288164
10003.966627000 -0.214969 -0.307080 1.232616 0.007184 0.909418 0.313946 -0.272663
10003.999960000 -0.226456 -0.309320 1.239351 0.006383 0.915335 0.312672 -0.253688
10004.033293000 -0.225988 -0.307755 1.240925 0.006940 0.920832 0.309475 -0.237163
10004.066626000 -0.230860 -0.310725 1.240081 0.008972 0.926430 0.303365 -0.222746
10004.099959000 -0.230589 -0.307212 1.232566 0.010551 0.930588 0.298466 -0.211689
10004.133292000 -0.236633 -0.305185 1.227548 0.012332 0.933887 0.296571 -0.199372
10004.166625000 -0.263794 -0.301565 1.222981 0.011550 0.937775 0.293712 -0.184873
10004.199958000 -0.272266 -0.294149 1.212066 0.008747 0.939280 0.293773 -0.177127
10004.233291000 -0.289932 -0.274984 1.196566 0.006738 0.940418 0.293315 -0.171857
10004.266624000 -0.303825 -0.272757 1.167563 0.002780 0.941247 0.292406 -0.168951
10004.299957000 -0.314221 -0.266495 1.144125 -0.000678 0.945327 0.282922 -0.162208
10004.333290000 -0.348281 -0.254171 1.118085 -0.005014 0.948681 0.278885 -0.149002
10004.366623000 -0.344786 -0.235840 1.107617 -0.014224 0.949873 0.278627 -0.141088
10004.399956000 -0.360111 -0.228924 1.081673 -0.018316 0.950476 0.279013 -0.135690
10004.433289000 -0.377842 -0.235938 1.052773 -0.015467 0.952916 0.274592 -0.127715
10004.466622000 -0.391788 -0.232665 1.040217 -0.011247 0.956248 0.267976 -0.116838
10004.499955000 -0.448533 -0.242663 1.034680 -0.007540 0.957539 0.271543 -0.096573
10004.533288000 -0.461515 -0.239469 1.024071 -0.010926 0.957679 0.274431 -0.086135
10004.566621000 -0.471827 -0.249757 1.015275 -0.010134 0.958295 0.275928 -0.073698
10004.599954000 -0.484772 -0.243140 1.013310 -0.009186 0.959975 0.274867 -0.053031
10004.633287000 -0.515856 -0.245424 1.013685 -0.006188 0.959819 0.278076 -0.037187
10004.666620000 -0.537975 -0.244686 1.018799 -0.003505 0.959821 0.279690 -0.022462
10004.699953000 -0.556029 -0.239238 1.028528 -0.009370 0.959259 0.282330 -0.004921
10004.733286000 -0.574780 -0.246703 1.029654 -0.011902 0.955589 0.294097 0.014693
10004.766619000 -0.594131 -0.242098 1.042499 -0.018386 0.954183 0.296633 0.034713
10004.799952000 -0.612770 -0.248417 1.046574 -0.021816 0.952826 0.298213 0.052115
10004.833285000 -0.635874 -0.249106 1.054243 -0.023016 0.952006 0.296971 0.070455
10004.866618000 -0.633145 -0.241614 1.074848 -0.024920 0.951686 0.294228 0.084273
10004.899951000 -0.631626 -0.253887 1.083822 -0.022359 0.950458 0.294123 0.098088
10004.933284000 -0.637799 -0.259274 1.088716 -0.016142 0.948989 0.293019 0.115318
10004.966617000 -0.629655 -0.265363 1.093950 -0.012217 0.946803 0.292158 0.134382
10004.999950000 -0.629726 -0.265622 1.093618 -0.012229 0.943261 0.292708 0.156307
10005.033283000 -0.604133 -0.265412 1.114420 -0.012349 0.941386 0.290980 0.170206
10005.066616000 -0.594117 -0.256688 1.115859 -0.014245 0.939687 0.287948 0.184041
10005.099949000 -0.585719 -0.261685 1.106469 -0.015849 0.937183 0.288715 0.195141
10005.133282000 -0.582501 -0.249683 1.100921 -0.017832 0.935593 0.286126 0.206106
10005.166615000 -0.582293 -0.238504 1.090976 -0.021594 0.933791 0.283293 0.217517
10005.199948000 -0.565171 -0.243226 1.078688 -0.026899 0.929821 0.290486 0.224336
10005.233281000 -0.543977 -0.247367 1.061438 -0.029458 0.927451 0.291348 0.232559
10005.266614000 -0.520783 -0.251758 1.055468 -0.028335 0.926989 0.284492 0.242802
10005.299947000 -0.499360 -0.263343 1.046280 -0.025879 0.925661 0.276770 0.256671
10005.333280000 -0.572587 -0.230029 0.972229 -0.020558 0.919587 0.263676 0.290539
10005.366613000 -0.515022 -0.245796 1.002974 -0.019831 0.919239 0.262971 0.292322
10005.399946000 -0.499131 -0.243261 1.002641 -0.020556 0.915647 0.261451 0.304650
10005.433279000 -0.477479 -0.244801 1.003111 -0.022372 0.912538 0.259785 0.315095
10005.466612000 -0.485121 -0.232029 0.983135 -0.020187 0.908314 0.254691 0.331195
10005.499945000 -0.498851 -0.219400 0.968271 -0.018876 0.901805 0.256297 0.347423
10005.533278000 -0.482513 -0.220893 0.969732 -0.020044 0.895777 0.261782 0.358681
10005.566611000 -0.479863 -0.218238 0.966976 -0.018435 0.890434 0.262414 0.371385
10005.599944000 -0.479243 -0.211981 0.957957 -0.017214 0.883927 0.263686 0.385805
10005.633277000 -0.483571 -0.210756 0.952947 -0.018560 0.876269 0.266602 0.400914
10005.666610000 -0.498276 -0.195844 0.925420 -0.024628 0.865365 0.271868 0.420268
10005.699943000 -0.502944 -0.176835 0.934614 -0.032599 0.856027 0.276670 0.435440
10005.733276000 -0.501429 -0.173210 0.940665 -0.039856 0.849114 0.273955 0.449851
10005.766609000 -0.503912 -0.172980 0.931391 -0.049599 0.840443 0.270523 0.466918
10005.799942000 -0.504878 -0.168073 0.928219 -0.057894 0.833045 0.266510 0.481307
10005.833275000 -0.519194 -0.177546 0.895458 -0.065577 0.821605 0.266151 0.499829
10005.866608000 -0.514586 -0.183430 0.908220 -0.065789 0.815351 0.261030 0.512579
10005.899941000 -0.522918 -0.176647 0.906658 -0.064049 0.806651 0.254804 0.529422
10005.933274000 -0.516886 -0.182838 0.901603 -0.062485 0.798524 0.252924 0.542664
10005.966607000 -0.504358 -0.192411 0.893499 -0.057939 0.790473 0.252384 0.555065
10005.999940000 -0.507650 -0.188039 0.873300 -0.055576 0.781190 0.247488 0.570441
10006.033273000 -0.486441 -0.192228 0.877013 -0.056353 0.776571 0.242731 0.578657
10006.066606000 -0.467892 -0.194820 0.866702 -0.054747 0.772919 0.235869 0.586485
10006.099939000 -0.447391 -0.196013 0.858793 -0.047019 0.770891 0.229234 0.592426
10006.133272000 -0.423049 -0.198034 0.850650 -0.035060 0.767156 0.225578 0.599465
10006.166605000 -0.411955 -0.187689 0.817748 -0.024988 0.760270 0.220681 0.610463
10006.199938000 -0.378434 -0.201140 0.805292 -0.019881 0.760280 0.211208 0.613980
10006.233271000 -0.348491 -0.193641 0.805252 -0.017028 0.758233 0.205431 0.618539
10006.266604000 -0.321319 -0.181132 0.798118 -0.016763 0.754369 0.200902 0.624728
10006.299937000 -0.293889 -0.177719 0.799484 -0.022195 0.752344 0.198157 0.627869
10006.333270000 -0.270314 -0.170329 0.789610 -0.026337 0.746414 0.193545 0.636171
10006.366603000 -0.257284 -0.152945 0.803329 -0.031494 0.739634 0.190588 0.644691
10006.399936000 -0.228774 -0.159286 0.800998 -0.040191 0.731037 0.188098 0.654666
10006.433269000 -0.203951 -0.172861 0.793937 -0.044977 0.723513 0.182437 0.664246
10006.466602000 -0.189725 -0.173730 0.800911 -0.042439 0.713280 0.173936 0.677626
10006.499935000 -0.184900 -0.176451 0.776418 -0.038871 0.698008 0.170157 0.694493
10006.533268000 -0.161079 -0.202666 0.779425 -0.037489 0.684185 0.168208 0.708655
10006.566601000 -0.148206 -0.210623 0.770447 -0.028515 0.669541 0.163270 0.724047
10006.599934000 -0.135271 -0.208739 0.755928 -0.022887 0.656640 0.158119 0.737088
10006.633267000 -0.129633 -0.207361 0.765432 -0.024017 0.644898 0.151308 0.748756
10006.666600000 -0.118301 -0.181230 0.711820 -0.025763 0.621944 0.146627 0.768780
10006.699933000 -0.107693 -0.189262 0.704965 -0.026327 0.608572 0.140558 0.780507
10006.733266000 -0.101270 -0.192956 0.698584 -0.026123 0.596070 0.135347 0.791012
10006.766599000 -0.094646 -0.191847 0.688449 -0.026187 0.584158 0.129851 0.800757
10006.799932000 -0.080018 -0.191220 0.671726 -0.024032 0.572920 0.127557 0.809267
10006.833265000 -0.068190 -0.169118 0.660845 -0.013717 0.564658 0.126001 0.815535
10006.866598000 -0.067898 -0.180403 0.665399 -0.012229 0.560224 0.128296 0.818254
10006.899931000 -0.051301 -0.172779 0.655223 -0.011093 0.555221 0.127059 0.821865
10006.933264000 -0.037752 -0.172967 0.650798 -0.012795 0.553284 0.125965 0.823314
10006.966597000 -0.024425 -0.167882 0.656992 -0.012862 0.552112 0.125261 0.824207
10006.999930000 0.010623 -0.157234 0.642067 -0.014143 0.546557 0.126180 0.827740
10007.033263000 0.031555 -0.151977 0.643327 -0.011168 0.539839 0.129821 0.831622
10007.066596000 0.056432 -0.159353 0.639731 -0.003640 0.529302 0.125261 0.839128
10007.099929000 0.084862 -0.163514 0.640133 0.004602 0.525470 0.111350 0.843482
10007.133262000 0.107260 -0.164574 0.649024 0.014055 0.521314 0.101733 0.847163
10007.166595000 0.148806 -0.153857 0.635223 0.019468 0.505482 0.097223 0.857121
10007.199928000 0.165624 -0.161857 0.646835 0.020831 0.497072 0.090685 0.862706
10007.233261000 0.183387 -0.168599 0.656667 0.030582 0.488487 0.085707 0.867813
10007.266594000 0.199512 -0.169490 0.661244 0.042101 0.476321 0.085644 0.874077
10007.299927000 0.212704 -0.173586 0.660288 0.048682 0.462240 0.084506 0.881376
10007.333260000 0.244003 -0.163593 0.659021 0.057481 0.449511 0.081226 0.887715
10007.366593000 0.212262 -0.179683 0.684478 0.067340 0.445194 0.078390 0.889451
10007.399926000 0.218571 -0.181198 0.690686 0.079643 0.434491 0.069802 0.894429
10007.433259000 0.219517 -0.187134 0.689356 0.086586 0.423603 0.065885 0.899290
10007.466592000 0.221644 -0.193430 0.695444 0.093595 0.411224 0.061879 0.904603
10007.499925000 0.252966 -0.174108 0.684582 0.102216 0.393655 0.053981 0.911961
10007.533258000 0.256492 -0.185400 0.684588 0.106903 0.381032 0.051263 0.916929
10007.566591000 0.256613 -0.187309 0.688389 0.113072 0.365844 0.047407 0.922565
10007.599924000 0.251685 -0.191418 0.694388 0.115287 0.351634 0.043998 0.927969
10007.633257000 0.260208 -0.188280 0.694350 0.115998 0.338058 0.040658 0.933064
10007.666590000 0.288391 -0.183995 0.682743 0.106791 0.316644 0.035206 0.941856
10007.699923000 0.304771 -0.175134 0.680995 0.101230 0.299097 0.034240 0.948220
10007.733256000 0.314449 -0.173855 0.679082 0.095939 0.280900 0.036849 0.954218
10007.766589000 0.335245 -0.170500 0.665547 0.086852 0.259222 0.035474 0.961250
10007.799922000 0.344878 -0.159780 0.668064 0.077428 0.240301 0.035033 0.966971
10007.833255000 0.356396 -0.149456 0.658191 0.059407 0.217518 0.028612 0.973827
10007.866588000 0.381814 -0.141072 0.665273 0.046679 0.204237 0.030396 0.977335
10007.899921000 0.394992 -0.134651 0.661593 0.035222 0.193930 0.033924 0.979796
10007.933254000 0.399600 -0.134469 0.657898 0.026088 0.182818 0.038475 0.982047
10007.966587000 0.421025 -0.129590 0.659291 0.018754 0.171561 0.043946 0.984014
10007.999920000 0.434176 -0.129315 0.658481 0.008447 0.164242 0.050352 0.985098
10008.033253000 0.451995 -0.115931 0.659198 0.000115 0.157512 0.056753 0.985885
10008.066586000 0.460913 -0.103179 0.668425 -0.009591 0.152634 0.063059 0.986222
10008.099919000 0.473396 -0.095094 0.682151 -0.020666 0.149675 0.069946 0.986042
10008.133252000 0.483573 -0.085833 0.697497 -0.031735 0.145476 0.074727 0.986025
10008.166585000 0.496542 -0.079793 0.712191 -0.042476 0.138807 0.077978 0.986330
10008.199918000 0.512249 -0.060733 0.738032 -0.049800 0.130798 0.075822 0.987250
10008.233251000 0.523601 -0.054759 0.763432 -0.055162 0.124865 0.067486 0.988338
10008.266584000 0.537305 -0.050723 0.791208 -0.072998 0.116572 0.055027 0.988966
10008.299917000 0.553084 -0.058668 0.816599 -0.083581 0.108815 0.043679 0.989578
10008.333250000 0.561033 -0.066925 0.839654 -0.086736 0.099133 0.034129 0.990699
10008.366583000 0.561693 -0.046657 0.859857 -0.093903 0.089474 0.028893 0.991132
10008.399916000 0.567002 -0.047838 0.881373 -0.105937 0.077418 0.026130 0.991010
10008.433249000 0.579339 -0.053817 0.898800 -0.114075 0.067270 0.025558 0.990862
10008.466582000 0.582772 -0.059567 0.918760 -0.118586 0.054905 0.028005 0.991029
10008.499915000 0.619283 -0.074085 0.932461 -0.125593 0.033384 0.026579 0.991164
10008.533248000 0.628028 -0.066287 0.947724 -0.128682 0.020722 0.022466 0.991215
10008.566581000 0.639153 -0.067268 0.957141 -0.132315 0.005085 0.017212 0.991045
10008.599914000 0.660352 -0.074708 0.966453 -0.131303 -0.015563 0.009911 0.991171
10008.633247000 0.682019 -0.073723 0.970411 -0.134336 -0.032264 -0.002237 0.990408
10008.666580000 0.690901 -0.084012 0.970407 -0.135326 -0.045030 -0.016417 0.989641
10008.699913000 0.702357 -0.083198 0.971494 -0.132948 -0.065319 -0.024686 0.988660
10008.733246000 0.721821 -0.080201 0.968576 -0.127148 -0.082522 -0.033868 0.987865
10008.766579000 0.737068 -0.082361 0.971862 -0.130562 -0.095005 -0.042323 0.985970
10008.799912000 0.749628 -0.092649 0.978399 -0.134709 -0.111478 -0.045743 0.983531
10008.833245000 0.768459 -0.100092 0.996796 -0.131409 -0.125519 -0.046228 0.982263
10008.866578000 0.776575 -0.096950 1.009409 -0.131124 -0.137011 -0.048716 0.980643
10008.899911000 0.779171 -0.097695 1.016700 -0.133650 -0.147108 -0.050417 0.978752
10008.933244000 0.783170 -0.096052 1.035314 -0.132953 -0.153927 -0.054375 0.977585
10008.966577000 0.789364 -0.097853 1.060586 -0.132928 -0.159397 -0.058756 0.976458
10008.999910000 0.818574 -0.105670 1.100204 -0.131841 -0.171657 -0.067685 0.973946
10009.033243000 0.815303 -0.106736 1.125657 -0.128607 -0.174781 -0.078155 0.973038
10009.066576000 0.822418 -0.106188 1.159050 -0.130997 -0.181441 -0.086449 0.970796
10009.099909000 0.828004 -0.118072 1.190826 -0.136116 -0.195709 -0.094691 0.966542
10009.133242000 0.829208 -0.137092 1.221429 -0.138194 -0.206729 -0.104301 0.962957
10009.166575000 0.856895 -0.154224 1.266505 -0.131278 -0.222740 -0.116401 0.958960
10009.199908000 0.844553 -0.158395 1.280631 -0.128509 -0.230093 -0.118216 0.957375
10009.233241000 0.848984 -0.174325 1.308254 -0.131424 -0.247669 -0.121074 0.952223
10009.266574000 0.857357 -0.183423 1.333660 -0.131182 -0.260618 -0.124357 0.948369
10009.299907000 0.864758 -0.194013 1.356404 -0.130219 -0.272957 -0.127733 0.944575
10009.333240000 0.893501 -0.206493 1.400891 -0.130434 -0.288694 -0.124351 0.940308
10009.366573000 0.893165 -0.212188 1.414148 -0.129026 -0.299656 -0.122338 0.937332
10009.399906000 0.899359 -0.217781 1.435036 -0.129371 -0.316065 -0.123832 0.931682
10009.433239000 0.910040 -0.225960 1.456577 -0.130165 -0.334656 -0.129363 0.924299
10009.466572000 0.928834 -0.231488 1.486488 -0.121826 -0.355407 -0.133176 0.917120
10009.499905000 0.970735 -0.229672 1.519614 -0.125772 -0.381249 -0.139870 0.905134
10009.533238000 0.972012 -0.251751 1.533108 -0.127838 -0.400644 -0.148695 0.895004
10009.566571000 0.983677 -0.257071 1.551763 -0.118705 -0.412765 -0.151541 0.890264
10009.599904000 0.988985 -0.256450 1.561263 -0.120966 -0.428435 -0.154025 0.882093
10009.633237000 0.998213 -0.264869 1.580571 -0.124744 -0.446569 -0.157427 0.871913
10009.666570000 1.012404 -0.276697 1.621366 -0.124839 -0.462589 -0.158875 0.863241
10009.699903000 1.004781 -0.279096 1.627117 -0.124723 -0.472530 -0.162079 0.857257
10009.733236000 1.000478 -0.284038 1.647322 -0.123190 -0.485670 -0.165625 0.849421
10009.766569000 0.996429 -0.289388 1.678381 -0.120248 -0.496289 -0.171267 0.842559
10009.799902000 0.980428 -0.290803 1.703431 -0.116212 -0.505561 -0.180104 0.835742
10009.833235000 0.986844 -0.286730 1.764029 -0.109515 -0.523488 -0.191587 0.822959
10009.866568000 0.967500 -0.281181 1.785083 -0.109407 -0.530950 -0.202016 0.815666
10009.899901000 0.947745 -0.288032 1.813018 -0.113776 -0.543799 -0.215469 0.803064
10009.933234000 0.930169 -0.295557 1.839129 -0.119449 -0.554639 -0.230694 0.790498
10009.966567000 0.910304 -0.311188 1.869169 -0.119474 -0.566253 -0.240199 0.779351
10009.999900000 0.895140 -0.330606 1.921883 -0.120677 -0.582307 -0.245679 0.765505
10010.033233000 0.884881 -0.340519 1.949102 -0.120560 -0.590152 -0.248711 0.758505
10010.066566000 0.875644 -0.348362 1.969790 -0.118597 -0.597360 -0.249474 0.752900
10010.099899000 0.871701 -0.348936 1.990096 -0.115456 -0.606825 -0.255204 0.743844
10010.133232000 0.869748 -0.347840 2.008858 -0.118060 -0.615669 -0.264254 0.732928
10010.166565000 0.863889 -0.366971 2.044143 -0.122154 -0.632646 -0.270215 0.715417
10010.199898000 0.871849 -0.357929 2.055860 -0.120893 -0.645123 -0.274404 0.702782
10010.233231000 0.868061 -0.374148 2.076009 -0.126903 -0.661284 -0.286229 0.681668
10010.266564000 0.868351 -0.377308 2.091646 -0.122975 -0.673824 -0.293294 0.666946
10010.299897000 0.868324 -0.386479 2.098427 -0.122821 -0.683422 -0.303222 0.652614
10010.333230000 0.861629 -0.397316 2.122383 -0.122542 -0.694717 -0.309698 0.637526
10010.366563000 0.853887 -0.404616 2.135759 -0.120901 -0.705888 -0.312829 0.623893
10010.399896000 0.846521 -0.406022 2.148824 -0.119533 -0.716322 -0.316230 0.610404
10010.433229000 0.831509 -0.411989 2.164830 -0.119826 -0.725608 -0.320059 0.597242
10010.466562000 0.810839 -0.419405 2.185107 -0.118198 -0.734038 -0.319611 0.587423
10010.499895000 0.795490 -0.419194 2.211525 -0.113744 -0.740668 -0.322051 0.578581
10010.533228000 0.769407 -0.421058 2.234649 -0.106309 -0.746320 -0.324175 0.571503
10010.566561000 0.762410 -0.409132 2.245680 -0.108800 -0.750357 -0.331024 0.561739
10010.599894000 0.722377 -0.429444 2.262502 -0.109041 -0.757599 -0.345034 0.543236
10010.633227000 0.699656 -0.441053 2.260261 -0.101710 -0.761790 -0.349396 0.535960
10010.666560000 0.694380 -0.439950 2.265182 -0.088550 -0.774205 -0.348548 0.520845
10010.699893000 0.689105 -0.439633 2.265677 -0.080219 -0.780990 -0.355451 0.507222
10010.733226000 0.680114 -0.448002 2.268863 0.072924 0.788251 0.359177 -0.494302
10010.766559000 0.675346 -0.455444 2.265887 0.067885 0.795612 0.359006 -0.483226
10010.799892000 0.674004 -0.457793 2.272872 0.063658 0.805325 0.357086 -0.468922
10010.833225000 0.681211 -0.460348 2.280834 0.060782 0.812926 0.357258 -0.455877
10010.866558000 0.685534 -0.468013 2.286369 0.060171 0.821696 0.357672 -0.439620
10010.899891000 0.695188 -0.471888 2.293558 0.056955 0.829814 0.358264 -0.424042
10010.933224000 0.704142 -0.476201 2.305850 0.054106 0.838258 0.359548 -0.406352
10010.966557000 0.720516 -0.483834 2.316800 0.053662 0.846769 0.360812 -0.387191
10010.999890000 0.731836 -0.484589 2.336002 0.049243 0.854964 0.367039 -0.363173
10011.033223000 0.748301 -0.495541 2.338411 0.046190 0.858971 0.373521 -0.347155
10011.066556000 0.760229 -0.502373 2.353841 0.041553 0.864987 0.375230 -0.330564
10011.099889000 0.771932 -0.510780 2.365796 0.036217 0.868431 0.378919 -0.317704
10011.133222000 0.789210 -0.518155 2.376421 0.033953 0.872061 0.380340 -0.306102
10011.166555000 0.793059 -0.518245 2.404352 0.029228 0.877531 0.380172 -0.290784
10011.199888000 0.809213 -0.522790 2.411599 0.023894 0.879282 0.384109 -0.280628
10011.233221000 0.825954 -0.530551 2.414898 0.020366 0.880878 0.387598 -0.270937
10011.266554000 0.840275 -0.541614 2.416693 0.016044 0.883352 0.390908 -0.258112
10011.299887000 0.855535 -0.547876 2.426116 0.012274 0.888139 0.390162 -0.242555
10011.333220000 0.873153 -0.543821 2.444637 0.008173 0.893564 0.386871 -0.227614
10011.366553000 0.886715 -0.549705 2.450647 0.008436 0.897469 0.385591 -0.214007
10011.399886000 0.903458 -0.553983 2.453798 0.010009 0.901157 0.383368 -0.202100
10011.433219000 0.905867 -0.561041 2.456159 0.011349 0.904117 0.381854 -0.191395
10011.466552000 0.919352 -0.566769 2.461247 0.010778 0.907121 0.379120 -0.182437
10011.499885000 0.926435 -0.564842 2.464768 0.008431 0.909719 0.376336 -0.175250
10011.533218000 0.930489 -0.566722 2.466799 0.008683 0.912581 0.373003 -0.167302
10011.566551000 0.935957 -0.570313 2.467513 0.007579 0.915269 0.370263 -0.158523
10011.599884000 0.946660 -0.575422 2.466808 0.004525 0.916830 0.369514 -0.151200
10011.633217000 0.951623 -0.579200 2.468810 0.002910 0.919523 0.366576 -0.141742
10011.666550000 0.955741 -0.579087 2.472347 0.001167 0.922288 0.363107 -0.132425
10011.699883000 0.951727 -0.580407 2.475251 -0.000424 0.925087 0.359519 -0.122310
10011.733216000 0.966124 -0.591074 2.465992 -0.002049 0.927357 0.355739 -0.115991
10011.766549000 0.970906 -0.592172 2.473627 -0.001361 0.931686 0.347219 -0.106766
10011.799882000 0.964163 -0.598960 2.475185 -0.003036 0.934538 0.342267 -0.097374
10011.833215000 0.961108 -0.607218 2.472000 -0.006679 0.939040 0.331123 -0.092292
10011.866548000 0.961228 -0.607468 2.478365 -0.007044 0.942873 0.320575 -0.090405
10011.899881000 0.960208 -0.618250 2.476221 -0.007816 0.946247 0.311103 -0.088152
10011.933214000 0.960179 -0.625171 2.470969 -0.010169 0.949124 0.302744 -0.086064
10011.966547000 0.967666 -0.632044 2.467729 -0.011530 0.952226 0.293190 -0.084688
10011.999880000 0.956882 -0.635185 2.469086 -0.012892 0.955194 0.285103 -0.078455
10012.033213000 0.962499 -0.653447 2.457436 -0.017035 0.957438 0.278128 -0.075287
10012.066546000 0.966161 -0.661524 2.451422 -0.019085 0.961456 0.265068 -0.070555
10012.099879000 0.956802 -0.667316 2.450903 -0.021344 0.965358 0.251310 -0.066875
10012.133212000 0.959012 -0.671592 2.437115 -0.026253 0.968284 0.239437 -0.066378
10012.166545000 0.945325 -0.674950 2.422778 -0.028452 0.971880 0.223889 -0.067183
10012.199878000 0.950613 -0.719599 2.386867 -0.034539 0.972624 0.217667 -0.073699
10012.233211000 0.947374 -0.722490 2.373316 -0.037834 0.974156 0.208095 -0.079275
10012.266544000 0.929716 -0.733419 2.351666 -0.040728 0.976090 0.197186 -0.081891
10012.299877000 0.936445 -0.738096 2.333771 -0.045054 0.977838 0.183952 -0.089247
10012.333210000 0.929392 -0.659470 2.349375 -0.045019 0.980928 0.163710 -0.094619
10012.366543000 0.909890 -0.670454 2.334051 -0.048730 0.982464 0.153228 -0.094396
10012.399876000 0.912227 -0.679000 2.319482 -0.053498 0.983539 0.140497 -0.100243
10012.433209000 0.912273 -0.696697 2.294233 -0.057855 0.984145 0.130274 -0.105551
10012.466542000 0.899577 -0.713512 2.273399 -0.062072 0.984274 0.123928 -0.109516
10012.499875000 0.902343 -0.718117 2.250463 -0.068725 0.984250 0.117246 -0.113056
10012.533208000 0.888881 -0.728407 2.235985 -0.070893 0.983992 0.113821 -0.117381
10012.566541000 0.898338 -0.739716 2.213215 -0.073713 0.982754 0.114806 -0.124819
10012.599874000 0.886885 -0.735778 2.202043 -0.075909 0.981786 0.117168 -0.128861
10012.633207000 0.882825 -0.737628 2.189792 -0.076541 0.981120 0.119784 -0.131133
10012.666540000 0.870818 -0.740076 2.179900 -0.075511 0.980934 0.122804 -0.130330
10012.699873000 0.878590 -0.730068 2.165710 -0.072393 0.980222 0.129554 -0.130919
10012.733206000 0.861174 -0.720368 2.160220 -0.068278 0.979983 0.136906 -0.127388
10012.766539000 0.868294 -0.701892 2.150250 -0.062333 0.979719 0.145871 -0.122422
10012.799872000 0.857027 -0.687715 2.150957 -0.054479 0.980043 0.152833 -0.114850
10012.833205000 0.875391 -0.672235 2.139107 -0.050783 0.979557 0.158213 -0.113394
10012.866538000 0.874217 -0.638719 2.139026 -0.044228 0.980046 0.160059 -0.109248
10012.899871000 0.875899 -0.627955 2.129595 -0.038790 0.980125 0.166588 -0.100496
10012.933204000 0.892029 -0.621772 2.116924 -0.036065 0.978847 0.178303 -0.093627
10012.966537000 0.870327 -0.592637 2.114516 -0.033528 0.978506 0.185665 -0.083247
10012.999870000 0.873293 -0.599506 2.104954 -0.029666 0.978149 0.192921 -0.071601
10013.033203000 0.878267 -0.565914 2.120187 -0.023944 0.977948 0.199160 -0.058132
10013.066536000 0.886994 -0.560320 2.103728 -0.023276 0.976097 0.210533 -0.048664
10013.099869000 0.902499 -0.540663 2.101654 -0.022024 0.975824 0.214408 -0.036231
10013.133202000 0.893816 -0.556978 2.086357 -0.025470 0.974004 0.223951 -0.022652
10013.166535000 0.881488 -0.528576 2.093014 -0.024213 0.973915 0.225510 -0.006948
10013.199868000 0.881369 -0.519430 2.078983 -0.023346 0.972236 0.232725 0.007193
10013.233201000 0.873794 -0.510927 2.065177 -0.020643 0.970396 0.240111 0.015856
10013.266534000 0.857680 -0.501727 2.040139 -0.012865 0.968802 0.245987 0.027333
10013.299867000 0.846555 -0.487657 2.027794 -0.003879 0.968805 0.244888 0.037842
10013.333200000 0.820728 -0.478174 2.005526 -0.001935 0.967996 0.246183 0.048729
10013.366533000 0.813946 -0.452842 1.997125 0.008119 0.965997 0.251753 0.058344
10013.399866000 0.787430 -0.439745 1.982369 0.026708 0.961902 0.259520 0.081732
10013.433199000 0.762943 -0.445127 1.947751 0.030829 0.958464 0.264612 0.101869
10013.466532000 0.750235 -0.430188 1.937599 0.032133 0.958955 0.259565 0.109538
10013.499865000 0.738607 -0.446236 1.904377 0.024859 0.954287 0.268482 0.128983
10013.533198000 0.732268 -0.425038 1.892072 0.016388 0.951808 0.271594 0.141524
10013.566531000 0.717132 -0.416128 1.872395 0.009572 0.948249 0.277968 0.153188
10013.599864000 0.702293 -0.400536 1.847348 0.007254 0.946245 0.279615 0.162428
10013.633197000 0.682829 -0.384049 1.821758 0.003941 0.946089 0.278335 0.165620
10013.666530000 0.671947 -0.392100 1.782526 -0.002281 0.946046 0.277367 0.167508
10013.699863000 0.657276 -0.354694 1.761664 -0.007609 0.948634 0.269592 0.165395
10013.733196000 0.648385 -0.332129 1.733305 -0.010568 0.948805 0.270703 0.162412
10013.766529000 0.643119 -0.315295 1.717107 -0.006717 0.944851 0.278832 0.171653
10013.799862000 0.632526 -0.305991 1.694834 -0.011942 0.943460 0.277316 0.181208
10013.833195000 0.600825 -0.290025 1.664337 -0.018162 0.937513 0.288996 0.192926
10013.866528000 0.585713 -0.294644 1.639493 -0.022987 0.931856 0.296830 0.207383
10013.899861000 0.575568 -0.293549 1.618776 -0.028760 0.931336 0.297253 0.208392
10013.933194000 0.529444 -0.275333 1.582429 -0.030214 0.932469 0.287911 0.216093
10013.966527000 0.496524 -0.274134 1.558756 -0.029666 0.931959 0.281807 0.226180
10013.999860000 0.453766 -0.270782 1.533574 -0.028010 0.930444 0.275120 0.240413
10014.033193000 0.429746 -0.270295 1.522710 -0.031385 0.929852 0.268988 0.249069
10014.066526000 0.395082 -0.256014 1.514588 -0.043078 0.925354 0.272668 0.259840
10014.099859000 0.368160 -0.266869 1.508044 -0.054374 0.921467 0.272432 0.271521
10014.133192000 0.339758 -0.277814 1.506161 -0.051841 0.917166 0.275539 0.283192
10014.166525000 0.282318 -0.276202 1.497029 -0.050774 0.908685 0.274937 0.310036
10014.199858000 0.257715 -0.293960 1.490633 -0.048172 0.905841 0.268707 0.323927
10014.233191000 0.228297 -0.301491 1.478239 -0.052781 0.904935 0.262266 0.330944
10014.266524000 0.202513 -0.309524 1.477857 -0.055413 0.904145 0.259449 0.334868
10014.299857000 0.179767 -0.319551 1.468302 -0.050563 0.902655 0.257556 0.341061
10014.333190000 0.126985 -0.304736 1.461092 -0.044766 0.900745 0.250498 0.352001
10014.366523000 0.111619 -0.331107 1.435930 -0.043646 0.898277 0.254214 0.355764
10014.399856000 0.087810 -0.340086 1.419607 -0.036291 0.897341 0.241444 0.367651
10014.433189000 0.055360 -0.329721 1.412536 -0.036168 0.895851 0.223156 0.382549
10014.466522000 0.016845 -0.322755 1.386145 -0.043935 0.892498 0.211750 0.395826
10014.499855000 -0.009606 -0.295914 1.385502 -0.046214 0.893118 0.204142 0.398160
10014.533188000 -0.023343 -0.293001 1.390303 -0.039170 0.888960 0.208052 0.406116
10014.566521000 -0.045178 -0.280863 1.379601 -0.041715 0.888097 0.202847 0.410362
10014.599854000 -0.069779 -0.275774 1.361595 -0.045348 0.887529 0.207021 0.409118
10014.633187000 -0.082235 -0.274217 1.360613 -0.041344 0.887078 0.209829 0.409091
10014.666520000 -0.097873 -0.287790 1.336784 -0.033483 0.881841 0.221280 0.415055
10014.699853000 -0.122950 -0.267123 1.337163 -0.030916 0.876810 0.222129 0.425331
10014.733186000 -0.136963 -0.256983 1.335499 -0.034036 0.872737 0.224334 0.432257
10014.766519000 -0.167814 -0.249482 1.314048 -0.038814 0.864325 0.227202 0.447008
10014.799852000 -0.195826 -0.237038 1.314686 -0.049075 0.858130 0.230638 0.456081
10014.833185000 -0.221537 -0.247685 1.290803 -0.058421 0.854084 0.233642 0.461020
10014.866518000 -0.242040 -0.221363 1.291103 -0.062480 0.852053 0.243103 0.459351
10014.899851000 -0.271143 -0.221001 1.271588 -0.062613 0.847670 0.249372 0.464056
10014.933184000 -0.290761 -0.219562 1.258711 -0.061298 0.843671 0.252755 0.469656
10014.966517000 -0.322329 -0.208567 1.240106 -0.058364 0.838345 0.257740 0.476803
10014.999850000 -0.336732 -0.231926 1.238568 -0.051574 0.831052 0.267181 0.485085
10015.033183000 -0.358414 -0.228717 1.220256 -0.042136 0.825321 0.264729 0.496979
10015.066516000 -0.369585 -0.230237 1.206029 -0.038873 0.822732 0.259299 0.504345
10015.099849000 -0.371265 -0.248989 1.182254 -0.034364 0.818066 0.255543 0.514087
10015.133182000 -0.381189 -0.234853 1.178598 -0.029142 0.816757 0.239510 0.524112
10015.166515000 -0.397379 -0.216625 1.149326 -0.034011 0.809006 0.230024 0.539854
10015.199848000 -0.390449 -0.211589 1.157222 -0.040643 0.802564 0.223003 0.551823
10015.233181000 -0.396103 -0.204758 1.149047 -0.043522 0.795229 0.214156 0.565557
10015.266514000 -0.404743 -0.219361 1.128785 -0.042972 0.776059 0.214935 0.591345
10015.299847000 -0.412071 -0.208917 1.127612 -0.049408 0.765554 0.205425 0.607689
10015.333180000 -0.420595 -0.215622 1.100226 -0.048992 0.754235 0.200303 0.623385
10015.366513000 -0.421808 -0.249286 1.090488 -0.043340 0.747671 0.197642 0.632493
10015.399846000 -0.431456 -0.263733 1.074748 -0.032756 0.741179 0.187913 0.643637
10015.433179000 -0.446689 -0.279124 1.068125 -0.026999 0.733199 0.177434 0.655902
10015.466512000 -0.467960 -0.291092 1.060003 -0.020469 0.722262 0.156947 0.673265
10015.499845000 -0.485737 -0.281196 1.056139 -0.010869 0.712733 0.143003 0.686617
10015.533178000 -0.508073 -0.316869 1.030652 -0.009900 0.697732 0.138540 0.702765
10015.566511000 -0.522236 -0.318604 1.048259 -0.008477 0.692638 0.125055 0.710311
10015.599844000 -0.535403 -0.315382 1.049086 0.000132 0.689117 0.110098 0.716238
10015.633177000 -0.548869 -0.328897 1.034666 0.010563 0.684580 0.098562 0.722166
10015.666510000 -0.557053 -0.318735 1.039305 0.020869 0.685711 0.087281 0.722320
10015.699843000 -0.561003 -0.318093 1.034662 0.032445 0.686468 0.074226 0.722634
10015.733176000 -0.564686 -0.341106 1.020079 0.038373 0.686782 0.065003 0.722933
10015.766509000 -0.560467 -0.344200 1.011558 0.041381 0.690508 0.056507 0.719926
10015.799842000 -0.562943 -0.345014 1.008174 0.048283 0.691458 0.047541 0.719232
10015.833175000 -0.538855 -0.342201 1.039126 0.055197 0.697128 0.041783 0.713596
10015.866508000 -0.539353 -0.355264 1.034819 0.057905 0.698584 0.034323 0.712355
10015.899841000 -0.531824 -0.370683 1.027867 0.058310 0.701634 0.029436 0.709537
10015.933174000 -0.524531 -0.388377 1.029730 0.055485 0.709274 0.027230 0.702219
10015.966507000 -0.518417 -0.391745 1.026934 0.053211 0.713422 0.027215 0.698182
10015.999840000 -0.518829 -0.415635 1.015296 0.041799 0.719261 0.034015 0.692646
10016.033173000 -0.512725 -0.411241 1.013229 0.037516 0.723243 0.041026 0.688352
10016.066506000 -0.505432 -0.406833 1.005696 0.033510 0.725615 0.051826 0.685328
10016.099839000 -0.500690 -0.407349 0.995789 0.026936 0.727306 0.065051 0.682692
10016.133172000 -0.494210 -0.391558 1.006920 0.020878 0.728825 0.077155 0.680019
10016.166505000 -0.493500 -0.384943 1.004051 0.009098 0.730364 0.091155 0.676887
10016.199838000 -0.494586 -0.356545 1.009101 -0.004342 0.729018 0.103148 0.676664
10016.233171000 -0.486192 -0.349684 1.006994 -0.022655 0.728509 0.118862 0.674265
10016.266504000 -0.480001 -0.340719 1.012194 -0.035517 0.725601 0.132819 0.674240
10016.299837000 -0.482828 -0.320026 1.015936 -0.048931 0.723391 0.146796 0.672876
10016.333170000 -0.491570 -0.273360 1.020311 -0.061043 0.720311 0.154937 0.673365
10016.366503000 -0.496625 -0.243880 1.023521 -0.071254 0.714995 0.165411 0.675533
10016.399836000 -0.499084 -0.229643 1.029504 -0.088249 0.710649 0.180649 0.674207
10016.433169000 -0.493273 -0.233389 1.033454 -0.101861 0.705277 0.195402 0.673815
10016.466502000 -0.495285 -0.216832 1.043553 -0.110746 0.698749 0.204891 0.676391
10016.499835000 -0.500102 -0.217130 1.043573 -0.125194 0.690296 0.215696 0.679185
10016.533168000 -0.502594 -0.196163 1.062538 -0.135832 0.685916 0.222137 0.679503
10016.566501000 -0.507891 -0.192748 1.066109 -0.143362 0.677646 0.230757 0.683370
10016.599834000 -0.520160 -0.175806 1.075508 -0.153078 0.672063 0.237530 0.684455
10016.633167000 -0.517800 -0.177125 1.083129 -0.163518 0.667209 0.247604 0.683218
10016.666500000 -0.518673 -0.186404 1.070603 -0.165863 0.658352 0.257794 0.687462
10016.699833000 -0.525802 -0.184054 1.092069 -0.171755 0.653280 0.262172 0.689196
10016.733166000 -0.527204 -0.185761 1.102391 -0.176803 0.645770 0.265911 0.693551
10016.766499000 -0.531342 -0.187407 1.117035 -0.178253 0.636955 0.267360 0.700737
10016.799832000 -0.529338 -0.197794 1.131652 -0.179396 0.626977 0.268068 0.709124
10016.833165000 -0.535041 -0.206684 1.122441 -0.176992 0.614623 0.267006 0.720847
10016.866498000 -0.545368 -0.214203 1.143514 -0.172989 0.605692 0.261340 0.731378
10016.899831000 -0.544212 -0.226348 1.153037 -0.167901 0.595404 0.254354 0.743376
10016.933164000 -0.548069 -0.239601 1.173128 -0.161683 0.586442 0.244512 0.755088
10016.966497000 -0.553411 -0.248176 1.177096 -0.151548 0.574529 0.235187 0.769179
10016.999830000 -0.563337 -0.265845 1.183984 -0.144502 0.563854 0.228839 0.780269
10017.033163000 -0.565377 -0.283395 1.206815 -0.134932 0.555196 0.219224 0.790881
10017.066496000 -0.574956 -0.293684 1.214619 -0.121290 0.541277 0.209350 0.805283
10017.099829000 -0.578200 -0.297720 1.225416 -0.112932 0.534422 0.199379 0.813565
10017.133162000 -0.578737 -0.316582 1.245222 -0.104922 0.528920 0.190834 0.820254
10017.166495000 -0.574074 -0.318718 1.224408 -0.092642 0.519727 0.182494 0.829456
10017.199828000 -0.584032 -0.338916 1.249769 -0.083734 0.515457 0.170776 0.835541
10017.233161000 -0.586302 -0.352161 1.260663 -0.073721 0.510277 0.158337 0.842088
10017.266494000 -0.591288 -0.363513 1.276781 -0.064567 0.505001 0.145573 0.848301
10017.299827000 -0.595418 -0.371439 1.288482 -0.053202 0.497553 0.131664 0.855731
10017.333160000 -0.583059 -0.302347 1.243065 -0.024824 0.484067 0.121594 0.866186
10017.366493000 -0.587634 -0.328003 1.266720 -0.015636 0.480414 0.110669 0.869891
10017.399826000 -0.577036 -0.338402 1.266441 -0.004278 0.472120 0.098948 0.875953
10017.433159000 -0.581898 -0.337150 1.276674 0.006072 0.464562 0.086892 0.881246
10017.466492000 -0.586808 -0.359745 1.290833 0.013322 0.456195 0.077926 0.886361
10017.499825000 -0.579264 -0.347194 1.293772 0.022631 0.443762 0.069195 0.893183
10017.533158000 -0.589813 -0.365116 1.314630 0.027655 0.434212 0.061394 0.898291
10017.566491000 -0.590611 -0.370453 1.324247 0.036535 0.425037 0.053298 0.902867
10017.599824000 -0.592184 -0.379233 1.326947 0.044176 0.414591 0.044779 0.907831
10017.633157000 -0.601003 -0.385931 1.329622 0.050043 0.404177 0.038787 0.912487
10017.666490000 -0.598969 -0.390460 1.315666 0.061352 0.386662 0.031406 0.919642
10017.699823000 -0.620855 -0.418972 1.330058 0.064236 0.376952 0.027390 0.923597
10017.733156000 -0.629251 -0.424824 1.336172 0.070545 0.362499 0.023002 0.929026
10017.766489000 -0.630052 -0.427698 1.327986 0.072807 0.345533 0.018928 0.935386
10017.799822000 -0.634028 -0.423595 1.325220 0.071250 0.329864 0.015670 0.941205
10017.833155000 -0.621619 -0.408495 1.301475 0.072175 0.309287 0.010894 0.948163
10017.866488000 -0.639850 -0.420104 1.306970 0.065328 0.292738 0.010107 0.953905
10017.899821000 -0.645151 -0.406202 1.297167 0.059268 0.279176 0.007069 0.958383
10017.933154000 -0.642379 -0.405063 1.296624 0.054119 0.266904 0.003682 0.962195
10017.966487000 -0.647076 -0.403088 1.296575 0.048363 0.260039 0.001892 0.964384
10017.999820000 -0.659632 -0.394730 1.292794 0.040772 0.253013 0.000022 0.966603
10018.033153000 -0.659389 -0.383236 1.292898 0.032660 0.245719 0.000310 0.968791
10018.066486000 -0.665712 -0.378427 1.298383 0.023150 0.240697 0.002394 0.970321
10018.099819000 -0.674811 -0.375083 1.304514 0.014470 0.232135 0.006713 0.972553
10018.133152000 -0.695121 -0.373979 1.311371 0.007010 0.225415 0.008006 0.974205
10018.166485000 -0.721802 -0.378971 1.329202 -0.001489 0.221513 0.003936 0.975148
10018.199818000 -0.746514 -0.368323 1.343408 -0.001956 0.211946 0.006898 0.977255
10018.233151000 -0.774195 -0.364069 1.359818 -0.007876 0.205953 0.010389 0.978475
10018.266484000 -0.798841 -0.361869 1.378681 -0.012369 0.202734 0.016155 0.979023
10018.299817000 -0.821053 -0.350848 1.393671 -0.023334 0.197419 0.021377 0.979808
10018.333150000 -0.848506 -0.358427 1.432552 -0.036412 0.189367 0.026638 0.980869
10018.366483000 -0.876282 -0.349234 1.457819 -0.041405 0.182394 0.035216 0.981722
10018.399816000 -0.907955 -0.335581 1.483848 -0.049572 0.167837 0.040434 0.983737
10018.433149000 -0.930223 -0.329438 1.504395 -0.056051 0.142018 0.043553 0.987316
10018.466482000 -0.958664 -0.324036 1.527166 -0.066502 0.123921 0.047373 0.988927
10018.499815000 -0.967549 -0.323514 1.550515 -0.074072 0.109097 0.046729 0.990165
10018.533148000 -0.984899 -0.313233 1.569702 -0.082035 0.102893 0.045398 0.990264
10018.566481000 -1.001178 -0.307220 1.593233 -0.092264 0.101223 0.041819 0.989693
10018.599814000 -1.014599 -0.309499 1.624915 -0.105925 0.100843 0.038773 0.988487
10018.633147000 -1.023295 -0.307317 1.651571 -0.117909 0.096690 0.037469 0.987595
10018.666480000 -1.023562 -0.308947 1.685406 -0.129223 0.091339 0.034803 0.986786
10018.699813000 -1.025777 -0.308832 1.716779 -0.138829 0.084862 0.034948 0.986055
10018.733146000 -1.029122 -0.312603 1.752220 -0.146393 0.075236 0.038140 0.985624
10018.766479000 -1.035829 -0.314504 1.785860 -0.151209 0.064741 0.040210 0.985559
10018.799812000 -1.037343 -0.322298 1.821866 -0.161673 0.051122 0.038615 0.984763
10018.833145000 -1.040899 -0.323221 1.849394 -0.162515 0.035875 0.035907 0.985400
10018.866478000 -1.053113 -0.317325 1.880587 -0.167597 0.019739 0.029854 0.985206
10018.899811000 -1.064869 -0.326250 1.915227 -0.176482 0.001664 0.024100 0.984007
10018.933144000 -1.077147 -0.330082 1.950428 -0.177194 -0.006745 0.021331 0.983922
10018.966477000 -1.088565 -0.332251 1.987668 -0.183566 -0.014074 0.015123 0.982790
10018.999810000 -1.108985 -0.337847 2.025624 -0.191107 -0.017460 0.012722 0.981332
10019.033143000 -1.118605 -0.356725 2.076130 -0.194127 -0.019026 0.015883 0.980663
10019.066476000 -1.138493 -0.363068 2.124222 -0.193054 -0.015234 0.017744 0.980909
10019.099809000 -1.151922 -0.387346 2.181153 -0.190709 -0.010608 0.025039 0.981270
10019.133142000 -1.166859 -0.392717 2.228786 -0.177163 0.001361 0.030192 0.983717
10019.166475000 -1.201989 -0.403948 2.276968 -0.180040 0.012688 0.031861 0.983061
10019.199808000 -1.221981 -0.432793 2.329330 -0.185534 0.019087 0.029784 0.982001
10019.233141000 -1.241960 -0.448882 2.373192 -0.185708 0.021910 0.029146 0.981928
10019.266474000 -1.266279 -0.464713 2.413819 -0.186155 0.023728 0.033289 0.981670
10019.299807000 -1.282083 -0.473434 2.448553 -0.189920 0.022884 0.034522 0.980925
10019.333140000 -1.298370 -0.478562 2.482728 -0.192169 0.024273 0.035438 0.980421
10019.366473000 -1.303137 -0.489531 2.518571 -0.194588 0.024813 0.033930 0.979984
10019.399806000 -1.311029 -0.496075 2.554798 -0.196385 0.029035 0.030315 0.979628
10019.433139000 -1.317309 -0.502919 2.591967 -0.198123 0.030232 0.028432 0.979298
10019.466472000 -1.316217 -0.507670 2.630758 -0.197264 0.033760 0.030584 0.979291
10019.499805000 -1.318510 -0.513965 2.674772 -0.200838 0.045682 0.035147 0.977927
10019.533138000 -1.315890 -0.523723 2.721880 -0.204323 0.057612 0.046315 0.976109
10019.566471000 -1.304923 -0.531090 2.765576 -0.205162 0.066269 0.060150 0.974628
10019.599804000 -1.292662 -0.538395 2.811447 -0.211939 0.078524 0.075576 0.971187
10019.633137000 -1.274623 -0.547197 2.857838 -0.210860 0.089163 0.091175 0.969162
10019.666470000 -1.263749 -0.545882 2.897682 -0.212385 0.107295 0.102513 0.965853
10019.699803000 -1.241843 -0.546770 2.937549 -0.219662 0.128863 0.107439 0.961041
10019.733136000 -1.219237 -0.551101 2.976703 -0.223198 0.154202 0.118158 0.955219
10019.766469000 -1.190400 -0.548984 3.011297 -0.226877 0.181364 0.127013 0.948421
10019.799802000 -1.171526 -0.549155 3.048160 -0.232405 0.212483 0.137528 0.939109
10019.833135000 -1.161768 -0.546794 3.079925 -0.233760 0.235799 0.151485 0.931025
10019.866468000 -1.148719 -0.547610 3.113762 -0.231830 0.254656 0.166490 0.923951
10019.899801000 -1.137038 -0.550096 3.148044 -0.230650 0.270882 0.179270 0.917216
10019.933134000 -1.130116 -0.552940 3.183271 -0.227528 0.288047 0.189344 0.910719
10019.966467000 -1.122699 -0.556934 3.219670 -0.221529 0.304632 0.199470 0.904619
10019.999800000 -1.119648 -0.560493 3.255183 -0.214539 0.320731 0.212986 0.897631
10020.033133000 -1.114875 -0.561653 3.289714 -0.213348 0.339550 0.221054 0.889001
10020.066466000 -1.109477 -0.565528 3.324068 -0.222227 0.358100 0.227140 0.877945
10020.099799000 -1.101372 -0.576572 3.355771 -0.227183 0.376761 0.235184 0.866676
10020.133132000 -1.094542 -0.587763 3.382647 -0.220863 0.396481 0.242912 0.857331
10020.166465000 -1.089617 -0.599142 3.405175 -0.218142 0.418796 0.249633 0.845404
10020.199798000 -1.083383 -0.608762 3.426234 -0.209850 0.437018 0.251714 0.837627
10020.233131000 -1.074895 -0.616815 3.443528 -0.202410 0.453060 0.253030 0.830507
10020.266464000 -1.066026 -0.627462 3.458029 -0.191200 0.465300 0.254169 0.826037
10020.299797000 -1.057321 -0.636800 3.467009 -0.179699 0.474696 0.252916 0.823654
10020.333130000 -1.048074 -0.651772 3.477210 -0.172304 0.484901 0.253777 0.819011
10020.366463000 -1.037124 -0.665938 3.484284 -0.163901 0.492072 0.253450 0.816557
10020.399796000 -1.028009 -0.676868 3.485152 -0.151872 0.497610 0.253397 0.815542
10020.433129000 -1.019810 -0.684393 3.483652 -0.140519 0.505680 0.253586 0.812549
10020.466462000 -1.011846 -0.691209 3.480380 -0.128248 0.515067 0.254488 0.808390
10020.499795000 -1.009326 -0.690294 3.473774 -0.115290 0.525174 0.257211 0.802959
10020.533128000 -1.000338 -0.692029 3.463747 -0.108243 0.535023 0.261175 0.796129
10020.566461000 -0.995403 -0.689471 3.455320 -0.101946 0.546972 0.264381 0.787738
10020.599794000 -0.988942 -0.686085 3.444751 -0.098817 0.558683 0.268558 0.778450
10020.633127000 -0.982911 -0.681383 3.429343 -0.096714 0.569725 0.274093 0.768721
10020.666460000 -0.985697 -0.679631 3.431437 -0.092482 0.584207 0.281239 0.755681
10020.699793000 -0.980568 -0.667632 3.412655 -0.091802 0.592378 0.285808 0.747646
10020.733126000 -0.974474 -0.658114 3.394942 -0.094607 0.603629 0.291016 0.736201
10020.766459000 -0.967323 -0.650670 3.378806 -0.095041 0.615175 0.297262 0.723990
10020.799792000 -0.962300 -0.641862 3.358138 -0.093423 0.625502 0.303657 0.712609
10020.833125000 -0.963795 -0.641309 3.363491 -0.092490 0.639630 0.310974 0.696860
10020.866458000 -0.962213 -0.636614 3.345228 -0.092057 0.649593 0.315408 0.685618
10020.899791000 -0.960903 -0.630625 3.330774 -0.092757 0.660629 0.319433 0.673000
10020.933124000 -0.959456 -0.625982 3.312996 -0.094459 0.670341 0.325067 0.660342
10020.966457000 -0.958657 -0.620815 3.294116 -0.091555 0.678717 0.330585 0.649364
10020.999790000 -0.962443 -0.613010 3.270584 -0.086210 0.682983 0.337439 0.642057
10021.033123000 -0.962789 -0.606111 3.245971 -0.082904 0.686502 0.343174 0.635668
10021.066456000 -0.964478 -0.597754 3.219333 -0.077811 0.689242 0.347755 0.630838
10021.099789000 -0.965914 -0.590441 3.191705 -0.072418 0.691201 0.352270 0.626819
10021.133122000 -0.969519 -0.580451 3.160149 -0.070300 0.694987 0.354071 0.621840
10021.166455000 -0.979358 -0.574074 3.144560 -0.072567 0.702296 0.352913 0.613976
10021.199788000 -0.980046 -0.566001 3.107118 -0.074534 0.706960 0.354805 0.607260
10021.233121000 -0.983085 -0.557625 3.068143 -0.076429 0.712418 0.357236 0.599167
10021.266454000 -0.985396 -0.547504 3.031007 -0.076405 0.716643 0.358984 0.593055
10021.299787000 -0.987635 -0.537201 2.998130 -0.075406 0.720940 0.359683 0.587527
10021.333120000 -0.994953 -0.533950 2.974804 -0.088754 0.713636 0.351976 0.599132
10021.366453000 -0.995513 -0.522651 2.941836 -0.087872 0.718717 0.352511 0.592841
10021.399786000 -0.994497 -0.512424 2.908375 -0.085625 0.722490 0.353495 0.587978
10021.433119000 -0.994401 -0.505124 2.878232 -0.081987 0.726286 0.354130 0.583419
10021.466452000 -0.992471 -0.493599 2.848659 -0.080286 0.731165 0.355979 0.576394
10021.499785000 -0.985987 -0.491288 2.824934 -0.084304 0.734816 0.360034 0.568607
10021.533118000 -0.980877 -0.481524 2.792655 -0.082313 0.738437 0.364616 0.561240
10021.566451000 -0.976888 -0.473685 2.767370 -0.080001 0.743715 0.367890 0.552399
10021.599784000 -0.971519 -0.465698 2.741882 -0.079806 0.748302 0.370093 0.544708
