10006.599934 0.000000 0.000000  0.000000 0.000000 0.000000 0.000000 1.000000
10006.633267 0.024852 -0.000588 -0.015957 0.013639 -0.008583 -0.004280 0.999861
10006.666600 0.033253 0.005033 -0.017024 0.013800 -0.016099 -0.000666 0.999775
10006.699933 0.033539 0.002763 -0.013141 0.006467 -0.014232 -0.002484 0.999875
10006.733266 0.033530 0.011392 -0.014251 -0.001348 -0.009397 -0.008734 0.999917
10006.766599 0.037405 0.007618 -0.009737 -0.010578 -0.011715 -0.008767 0.999837
10006.799932 0.047847 0.008256 -0.009824 -0.004750 -0.015078 -0.004314 0.999866
10006.833265 0.041612 0.007933 -0.005861 -0.004117 -0.005866 0.001341 0.999973
10006.866598 0.040328 0.005572 -0.010133 0.001702 -0.007770 0.000883 0.999968
10006.899931 0.041042 0.003840 -0.014813 0.005000 -0.007838 0.002810 0.999953
10006.933264 0.040469 0.005785 -0.018112 0.006764 0.000064 0.001053 0.999977
10006.966597 0.033398 0.004584 -0.014253 0.000646 0.002800 -0.000182 0.999996
10006.999930 0.029699 0.002936 -0.015451 0.002566 0.002471 0.002635 0.999990
10007.033263 0.049654 0.013676 -0.028783 -0.003049 -0.008054 -0.006138 0.999944
10007.066596 0.040022 0.001819 -0.016171 -0.009343 -0.008225 -0.008987 0.999882
10007.099929 0.041152 0.003927 -0.015478 0.000547 -0.002792 -0.011473 0.999930
10007.133262 0.029055 0.004557 -0.015844 0.009557 -0.005028 -0.005758 0.999925
10007.166595 0.020365 0.014790 -0.012263 0.004693 -0.016395 -0.005698 0.999838
10007.199928 0.026142 0.009404 -0.007301 0.002655 -0.021720 -0.003054 0.999756
10007.233261 0.034013 0.010443 -0.005156 -0.007581 -0.019343 -0.008470 0.999748
10007.266594 0.030787 0.004371 -0.001193 -0.007176 -0.019086 -0.013581 0.999700
10007.299927 0.033619 -0.007160 0.006528 -0.000507 -0.019589 -0.011877 0.999737
10007.333260 0.033180 -0.002500 0.003074 0.004351 -0.023298 -0.011014 0.999658
10007.366593 0.040114 -0.004149 0.008889 0.003342 -0.027852 -0.014320 0.999504
10007.399926 0.031782 -0.019491 0.020363 0.002268 -0.031696 -0.013958 0.999398
10007.433259 0.027997 -0.011877 0.021419 0.009085 -0.040103 -0.015633 0.999032
10007.466592 0.025093 -0.013168 0.021626 0.020498 -0.037293 -0.016912 0.998951
10007.499925 0.022648 0.009162 0.019656 0.012751 -0.032934 -0.011347 0.999312
10007.533258 0.002574 -0.019857 0.026255 -0.000525 -0.021896 -0.010275 0.999707
10007.566591 0.013412 -0.008905 0.026317 0.010798 -0.025977 -0.021219 0.999379
10007.599924 -0.000507 -0.007638 0.015737 -0.001048 -0.002472 -0.013345 0.999907
10007.633257 0.000095 -0.012342 0.017011 0.001397 -0.003676 -0.002834 0.999988
10007.666590 0.002180 -0.018323 0.016069 0.001388 -0.001104 0.002117 0.999996
10007.699923 0.008856 -0.007807 0.008853 0.010667 0.002790 0.001280 0.999938
10007.733256 0.003253 -0.002125 0.011684 0.003518 0.006136 0.002465 0.999972
10007.766589 -0.001319 -0.007295 0.014541 -0.004437 0.006499 -0.000302 0.999969
10007.799922 -0.002566 -0.027412 0.019148 -0.000363 0.005928 -0.001628 0.999981
10007.833255 0.001585 -0.000660 0.016120 0.009311 0.008687 0.002627 0.999915
10007.866588 0.011496 -0.010605 0.013103 -0.000564 0.009172 0.004167 0.999949
10007.899921 0.015579 -0.002671 0.006836 0.002447 0.010344 0.005737 0.999927
10007.933254 0.016658 -0.000426 0.007546 -0.001838 0.011239 0.006051 0.999917
10007.966587 0.023532 -0.004232 0.002986 -0.004496 0.005836 0.007437 0.999945
10007.999920 0.016038 -0.000499 0.001737 -0.002497 0.006243 0.007782 0.999947
10008.033253 0.023988 0.006760 -0.001162 -0.000357 0.006067 0.005639 0.999966
10008.066586 0.026915 0.002846 -0.002598 -0.002145 0.007079 0.005871 0.999955
10008.099919 0.029785 -0.003129 -0.004431 -0.003059 0.006921 0.007063 0.999946
10008.133252 0.024536 0.005237 -0.006780 0.000690 0.006519 0.005730 0.999962
10008.166585 0.030879 0.011286 -0.010901 -0.002520 0.006109 0.005951 0.999960
10008.199918 0.032470 0.009879 -0.008316 -0.006232 0.005234 0.001831 0.999965
10008.233251 0.030062 0.011011 -0.010851 -0.007688 0.003841 -0.002903 0.999959
10008.266584 0.032291 0.012007 -0.017727 -0.000808 0.008879 -0.003698 0.999953
10008.299917 0.021322 0.012059 -0.017374 -0.002499 -0.003002 -0.003262 0.999987
10008.333250 0.017449 0.014405 -0.015887 -0.003370 -0.002292 -0.004059 0.999983
10008.366583 0.012325 0.014939 -0.019177 -0.005096 -0.002279 -0.001549 0.999983
10008.399916 0.011739 0.013074 -0.020168 -0.003302 -0.002842 -0.002072 0.999988
10008.433249 0.009597 0.010928 -0.022064 -0.004115 -0.002255 -0.000149 0.999989
10008.466582 0.010442 0.017616 -0.024515 -0.003436 -0.001823 0.000157 0.999992
10008.499915 0.004737 0.006294 -0.024839 -0.007555 0.003882 0.002578 0.999961
10008.533248 0.012766 0.018792 -0.027872 0.000011 0.005056 0.001770 0.999986
10008.566581 0.007801 0.013866 -0.025882 -0.003719 0.009984 0.004719 0.999932
10008.599914 0.010982 0.019837 -0.029270 -0.000590 0.007796 0.003091 0.999965
10008.633247 0.024104 0.028037 -0.037856 -0.009734 0.013783 0.007894 0.999826
10008.666580 0.019164 0.013642 -0.021805 -0.002965 0.016942 0.009158 0.999810
10008.699913 0.023075 0.009986 -0.019230 -0.003608 0.017959 0.009821 0.999784
10008.733246 0.022954 0.009358 -0.017932 0.000487 0.017437 0.006187 0.999829
10008.766579 0.023245 0.007015 -0.019201 0.000520 0.017680 0.006489 0.999823
10008.799912 0.020488 0.008055 -0.022087 -0.000507 0.012530 0.005753 0.999905
10008.833245 0.022783 0.000632 -0.025754 -0.001321 0.007319 0.003873 0.999965
10008.866578 0.025811 0.008366 -0.029786 0.001172 0.001967 0.000844 0.999997
10008.899911 0.024304 0.008295 -0.026110 -0.002431 -0.005587 -0.000204 0.999981
10008.933244 0.023574 0.009942 -0.023368 0.007130 -0.003077 -0.000768 0.999970
10008.966577 0.019096 0.021773 -0.029246 0.004381 -0.005740 -0.002304 0.999971
10008.999910 0.023755 0.011086 -0.024270 -0.000737 -0.008466 -0.003130 0.999959
10009.033243 0.013537 0.013226 -0.021899 0.002179 -0.001935 -0.005419 0.999981
10009.066576 0.009160 0.008193 -0.021003 0.001249 -0.008348 -0.000678 0.999964
10009.099909 0.011257 0.019318 -0.027987 0.003618 -0.009888 -0.008391 0.999909
10009.133242 0.012631 0.016789 -0.042337 -0.004428 -0.011064 -0.008170 0.999896
10009.166575 0.008531 0.017145 -0.028977 -0.003096 -0.013609 -0.005212 0.999889
10009.199908 0.010063 0.015106 -0.036641 -0.004884 -0.015292 -0.005091 0.999858
10009.233241 0.008511 0.017337 -0.035231 -0.006483 -0.012194 -0.006749 0.999882
10009.266574 0.017376 0.011409 -0.032609 -0.002634 -0.006981 -0.002105 0.999970
10009.299907 0.016992 0.013785 -0.035611 0.006158 -0.008512 -0.003048 0.999940
10009.333240 0.017298 0.017935 -0.034549 0.009888 -0.006867 -0.006831 0.999904
10009.366573 0.019653 0.008183 -0.027180 -0.000480 -0.001703 -0.000636 0.999998
10009.399906 0.025441 0.008689 -0.026880 0.007160 -0.003773 0.002362 0.999964
10009.433239 0.027703 0.012964 -0.027486 0.003843 -0.004736 -0.001197 0.999981
10009.466572 0.046921 0.015864 -0.032866 -0.005029 -0.007826 -0.007909 0.999925
10009.499905 0.029831 0.009573 -0.012627 -0.008337 -0.004333 -0.006528 0.999935
10009.533238 0.048047 0.008551 -0.019614 -0.011849 -0.008563 -0.007301 0.999866
10009.566571 0.050290 0.005075 -0.015526 -0.006730 -0.012210 -0.004440 0.999893
10009.599904 0.050385 0.006814 -0.014346 0.001692 -0.014562 -0.001601 0.999891
10009.633237 0.046094 0.022614 -0.015321 0.004450 -0.015838 -0.008100 0.999832
10009.666570 0.040284 0.014322 -0.010573 -0.007552 -0.014275 -0.007817 0.999839
10009.699903 0.044750 0.007898 -0.014877 -0.004873 -0.015019 -0.004304 0.999866
10009.733236 0.042522 0.015743 -0.024735 0.000223 -0.020696 -0.004010 0.999778
10009.766569 0.043981 0.003732 -0.024043 -0.006445 -0.020856 -0.004390 0.999752
10009.799902 0.043320 0.008235 -0.026650 -0.001518 -0.015635 -0.003966 0.999869
10009.833235 0.055531 0.009588 -0.043205 -0.005264 -0.012086 -0.008383 0.999878
10009.866568 0.037750 0.011071 -0.031526 -0.004190 -0.008766 -0.007547 0.999924
10009.899901 0.054262 0.009766 -0.033862 0.008527 -0.017880 -0.004626 0.999793
10009.933234 0.045093 0.026677 -0.029484 0.006120 -0.008680 -0.007576 0.999915
10009.966567 0.041636 0.010067 -0.021253 0.000085 -0.001692 0.006574 0.999977
10009.999900 0.042814 0.023454 -0.023629 -0.001076 -0.011605 0.004399 0.999922
10010.033233 0.026450 0.017714 -0.020876 -0.005781 -0.008659 0.000716 0.999946
10010.066566 0.062945 0.015498 -0.035731 -0.003963 -0.018037 -0.006044 0.999811
10010.099899 0.045235 0.005688 -0.027183 0.004131 -0.013861 -0.004556 0.999885
10010.133232 0.046366 0.005041 -0.017545 0.002555 -0.012183 -0.006599 0.999901
10010.166565 0.048329 0.004777 -0.013052 0.004180 -0.011592 -0.005704 0.999908
10010.199898 0.037056 0.010457 -0.021260 -0.002756 -0.011773 -0.007349 0.999900
10010.233231 0.044809 0.004965 -0.022685 0.004553 -0.016048 -0.002444 0.999858
10010.266564 0.030577 0.019882 -0.026270 0.007700 -0.015749 -0.003385 0.999841
10010.299897 0.039056 0.011876 -0.020009 0.000467 -0.012601 -0.004582 0.999910
10010.333230 0.035000 0.003846 -0.022674 -0.000845 -0.007440 -0.003600 0.999965
10010.366563 0.031810 0.009448 -0.029049 0.003721 -0.005114 -0.003244 0.999975
10010.399896 0.044540 0.003732 -0.040968 0.002986 -0.008686 -0.000201 0.999958
10010.433229 0.023962 0.008556 -0.033171 -0.000251 -0.005589 -0.002921 0.999980
10010.466562 0.030914 0.009494 -0.035722 0.002640 -0.007121 -0.008261 0.999937
10010.499895 0.025646 0.035238 -0.033509 0.008233 -0.002721 -0.011477 0.999897
10010.533228 0.024541 0.010912 -0.029860 -0.004371 -0.003334 -0.004244 0.999976
10010.566561 0.026805 0.007365 -0.024740 0.002098 -0.006750 0.001120 0.999974
10010.599894 0.023739 0.018379 -0.028863 0.005137 -0.015771 -0.004424 0.999853
10010.633227 0.023470 0.013771 -0.026616 0.001374 -0.018743 -0.010640 0.999767
10010.666560 0.023423 0.013039 -0.022125 0.001528 -0.018472 -0.010916 0.999769
10010.699893 0.049930 0.003658 -0.035568 0.013708 -0.041511 -0.002984 0.999040
10010.733226 0.034227 0.004769 -0.013208 0.006778 -0.021542 -0.001838 0.999743
10010.766559 0.042523 -0.007016 -0.012092 0.007674 -0.022864 -0.000458 0.999709
10010.799892 0.039882 0.004908 -0.011211 0.011356 -0.011905 -0.008813 0.999826
10010.833225 0.029073 0.000692 -0.007505 0.006396 -0.005557 -0.009815 0.999916
10010.866558 0.028714 0.010357 -0.013221 0.000495 -0.004870 -0.009563 0.999942
10010.899891 0.025930 0.003863 -0.014343 0.001303 -0.007329 -0.007676 0.999943
10010.933224 0.023173 0.004011 -0.016506 0.003786 -0.008238 -0.003735 0.999952
10010.966557 0.023199 0.007844 -0.018105 0.007220 -0.010639 -0.003106 0.999913
10010.999890 0.028982 0.012715 -0.022386 0.005680 -0.010244 -0.006941 0.999907
10011.033223 0.023991 0.006569 -0.019081 -0.000185 -0.005968 -0.002584 0.999979
10011.066556 0.044090 0.013374 -0.037126 0.003931 -0.008640 -0.005785 0.999938
10011.099889 0.027561 0.010888 -0.027181 0.002110 -0.004179 -0.007135 0.999964
10011.133222 0.028099 0.008318 -0.028700 0.001072 -0.008389 -0.007879 0.999933
10011.166555 0.029521 0.017362 -0.027279 0.009723 -0.015649 -0.007473 0.999802
10011.199888 0.037774 0.015965 -0.025189 0.006424 -0.012618 -0.009190 0.999858
10011.233221 0.035809 0.016047 -0.018499 -0.000083 0.000260 -0.006857 0.999976
10011.266554 0.036947 0.012427 -0.014018 0.000892 -0.003852 0.001324 0.999991
10011.299887 0.036218 0.011671 -0.017238 0.003034 -0.010066 0.005810 0.999928
10011.333220 0.033757 0.015612 -0.011550 0.001188 -0.006190 0.002088 0.999978
10011.366553 0.039063 0.005744 -0.008657 -0.000833 -0.008863 0.002476 0.999957
10011.399886 0.041122 0.008389 -0.011205 -0.002815 -0.018389 -0.001481 0.999826
10011.433219 0.047575 0.007118 -0.006059 -0.003443 -0.021475 -0.009897 0.999714
10011.466552 0.056141 0.010318 -0.008011 0.002777 -0.018952 -0.013581 0.999724
10011.499885 0.062073 0.009450 0.006765 0.003739 -0.012605 -0.020762 0.999698
10011.533218 0.054023 0.000174 0.008856 0.003610 -0.003023 -0.015304 0.999872
10011.566551 0.071296 0.015343 0.008004 0.003641 -0.028741 -0.017199 0.999432
10011.599884 0.040089 0.012135 0.000529 -0.000896 -0.030040 -0.007256 0.999522
10011.633217 0.039526 0.010297 -0.007664 -0.001243 -0.029784 -0.006992 0.999531
10011.666550 0.030770 0.013371 -0.005971 -0.002289 -0.026532 -0.012210 0.999571
10011.699883 0.044020 0.012482 -0.009747 -0.002604 -0.031137 -0.011318 0.999448
10011.733216 0.047873 0.007879 -0.006032 -0.004253 -0.021646 -0.011503 0.999690
10011.766549 0.049214 0.011658 -0.001629 -0.001814 -0.008872 -0.017271 0.999810
10011.799882 0.056932 0.011764 -0.002862 0.000809 -0.000862 -0.017218 0.999851
10011.833215 0.045770 0.005352 0.002455 -0.006540 0.007693 -0.011042 0.999888
10011.866548 0.041869 -0.001084 0.007325 0.003357 0.007271 -0.006026 0.999950
10011.899881 0.038873 0.017249 -0.002073 0.001546 -0.007556 -0.013481 0.999879
10011.933214 0.033089 0.005288 0.002162 -0.005886 -0.007666 -0.004677 0.999942
10011.966547 0.033982 0.013716 -0.002302 -0.003710 -0.015386 -0.004212 0.999866
10011.999880 0.040057 0.008498 -0.000139 -0.001750 -0.022603 -0.009324 0.999699
10012.033213 0.042035 0.013041 -0.007456 -0.001404 -0.019766 -0.013193 0.999717
10012.066546 0.035626 0.002923 -0.002146 -0.001624 -0.017822 -0.012813 0.999758
10012.099879 0.042068 0.000605 -0.003598 -0.001990 -0.016669 -0.014613 0.999752
10012.133212 0.030063 0.009476 0.001412 0.004574 -0.018318 -0.015462 0.999702
10012.166545 0.017281 0.018629 -0.000032 -0.001631 -0.019016 -0.021612 0.999584
10012.199878 0.023811 0.006383 -0.003135 -0.002789 -0.019280 -0.015390 0.999692
10012.233211 0.034226 0.005330 -0.007813 -0.001115 -0.015840 -0.006708 0.999851
10012.266544 0.047658 0.010203 -0.018662 -0.002635 -0.020787 -0.008491 0.999744
10012.299877 0.029152 -0.000331 -0.015314 -0.000869 -0.013050 -0.004369 0.999905
10012.333210 0.027226 0.005814 -0.020465 -0.001201 -0.008320 -0.005922 0.999947
10012.366543 0.025643 0.013564 -0.024898 -0.000931 -0.001361 -0.003900 0.999991
10012.399876 0.025387 0.004638 -0.023213 -0.007013 -0.002504 -0.005656 0.999956
10012.433209 0.031902 -0.003458 -0.030282 0.000831 -0.004658 -0.005359 0.999974
10012.466542 0.016195 0.019912 -0.033925 0.011160 -0.009239 -0.009420 0.999851
10012.499875 0.051303 0.023119 -0.052653 0.000860 -0.016379 -0.019103 0.999683
10012.533208 0.015807 -0.000239 -0.025336 0.004244 -0.002995 0.004438 0.999977
10012.566541 0.025483 0.029624 -0.034147 0.009386 -0.016415 -0.002531 0.999818
10012.599874 0.022702 0.016635 -0.029823 -0.007218 -0.014033 -0.003853 0.999868
10012.633207 0.034163 0.016394 -0.030100 -0.005397 -0.014786 -0.001941 0.999874
10012.666540 0.037049 -0.000901 -0.029393 -0.007498 -0.010059 0.000502 0.999921
10012.699873 0.034337 0.009333 -0.031375 -0.002623 -0.011033 0.000627 0.999935
10012.733206 0.051336 0.013505 -0.031034 0.001037 -0.010436 -0.003267 0.999940
10012.766539 0.044771 0.013076 -0.030146 -0.003517 -0.007821 -0.001543 0.999962
10012.799872 0.060108 0.014257 -0.028265 0.004975 -0.006720 -0.007118 0.999940
10012.833205 0.026380 0.024177 -0.031087 -0.000696 0.002460 -0.007763 0.999967
10012.866538 0.050214 0.025801 -0.043099 0.004770 -0.018981 -0.008720 0.999770
10012.899871 0.028860 0.019585 -0.028791 -0.001345 -0.011984 -0.006161 0.999908
10012.933204 0.034016 0.025044 -0.031924 -0.004856 -0.010521 -0.010672 0.999876
10012.966537 0.031852 0.011823 -0.029481 -0.006182 -0.009055 -0.007641 0.999911
10012.999870 0.028534 0.011419 -0.030887 -0.006454 -0.003729 -0.004676 0.999961
10013.033203 0.034956 0.012327 -0.034269 -0.001058 -0.004661 -0.002105 0.999986
10013.066536 0.034725 0.013639 -0.034072 -0.001158 -0.005687 -0.003768 0.999976
10013.099869 0.030551 0.015279 -0.037252 0.008111 -0.008930 -0.007694 0.999898
10013.133202 0.040925 0.028125 -0.032394 0.000142 -0.006384 -0.007789 0.999949
10013.166535 0.030041 0.007854 -0.022974 -0.003047 0.000938 0.003250 0.999990
10013.199868 0.037092 0.012193 -0.021819 -0.001841 -0.006788 0.006107 0.999957
10013.233201 0.041309 0.018347 -0.024840 -0.000871 -0.007693 0.000299 0.999970
10013.266534 0.041725 0.001675 -0.018569 -0.006402 -0.005410 0.003025 0.999960
10013.299867 0.036964 0.008987 -0.020247 0.000020 -0.008292 0.000592 0.999965
10013.333200 0.046193 0.000418 -0.019385 -0.002779 -0.012200 -0.002618 0.999918
10013.366533 0.044910 0.011528 -0.011707 0.002569 -0.008506 -0.004207 0.999952
10013.399866 0.048796 0.006552 -0.014374 0.004476 -0.009493 -0.002007 0.999943
10013.433199 0.065347 0.031494 -0.016642 -0.009185 -0.003783 -0.014332 0.999848
10013.466532 0.036621 0.001889 -0.011608 -0.007250 -0.004145 -0.000427 0.999965
10013.499865 0.036945 -0.001307 -0.019417 0.000822 -0.008033 0.003776 0.999960
10013.533198 0.032459 0.007799 -0.023465 0.000838 -0.006065 -0.001325 0.999980
10013.566531 0.031008 0.018740 -0.023997 -0.002597 -0.004556 -0.003822 0.999979
10013.599864 0.032428 0.006573 -0.030291 -0.008414 -0.003760 -0.003424 0.999952
10013.633197 0.039199 0.007838 -0.032189 -0.005853 -0.003791 -0.003612 0.999969
10013.666530 0.026194 0.010459 -0.039907 -0.002413 -0.001521 -0.005774 0.999979
10013.699863 0.035707 0.017507 -0.041974 -0.001605 -0.005993 -0.010287 0.999928
10013.733196 0.027130 0.007230 -0.037328 -0.001939 0.005602 -0.005293 0.999968
10013.766529 0.059723 0.020014 -0.062599 0.012289 -0.008631 0.001187 0.999887
10013.799862 0.035135 0.026621 -0.038660 0.009647 -0.001932 0.001539 0.999950
10013.833195 0.015386 0.020188 -0.026177 -0.003614 0.004228 0.004214 0.999976
10013.866528 0.027259 0.013896 -0.031971 -0.006841 0.000238 0.002636 0.999973
10013.899861 0.031299 0.015295 -0.034966 -0.003792 -0.000042 -0.001472 0.999992
10013.933194 0.038399 0.016232 -0.041263 -0.002590 0.000160 -0.002173 0.999994
10013.966527 0.033730 0.012194 -0.040610 -0.004945 0.001496 -0.001388 0.999986
10013.999860 0.053430 0.012023 -0.052276 -0.006646 -0.003792 -0.002639 0.999967
10014.033193 0.040821 0.026668 -0.043793 -0.000640 -0.001911 -0.005190 0.999985
10014.066526 0.059622 0.040636 -0.061600 -0.001894 0.003131 -0.004266 0.999984
10014.099859 0.038866 0.019827 -0.041546 -0.002364 0.003500 -0.001802 0.999989
10014.133192 0.025934 0.021266 -0.035442 -0.001260 0.004199 0.001733 0.999989
10014.166525 0.025121 0.005536 -0.045875 -0.007880 0.004734 0.007403 0.999930
10014.199858 0.039444 0.013367 -0.041532 -0.002476 -0.000498 0.004492 0.999987
10014.233191 0.020382 0.014133 -0.046553 -0.001943 0.006083 0.002848 0.999976
10014.266524 0.012152 0.019253 -0.045295 -0.003831 0.010368 0.002963 0.999935
10014.299857 0.007815 0.014124 -0.049048 -0.003656 0.008701 0.003747 0.999948
10014.333190 0.001391 -0.014980 -0.043771 -0.005536 0.008123 -0.003399 0.999946
10014.366523 0.015858 0.054226 -0.099979 -0.001295 0.012069 0.002301 0.999924
10014.399856 0.000705 0.003535 -0.034615 0.001447 0.013756 0.008140 0.999871
10014.433189 0.010968 0.011070 -0.043488 0.004368 0.004932 0.005728 0.999962
10014.466522 0.011301 0.013035 -0.040471 -0.000576 0.003615 0.005946 0.999976
10014.499855 0.022501 0.001744 -0.046655 -0.002792 -0.000474 0.005690 0.999980
10014.533188 -0.005047 0.012010 -0.038536 0.000644 -0.001335 0.006368 0.999979
10014.566521 0.009688 0.006913 -0.044339 0.004235 -0.004608 0.001408 0.999979
10014.599854 0.010480 0.011390 -0.045592 -0.000141 -0.005711 0.001385 0.999983
10014.633187 0.002175 0.015883 -0.037909 0.002949 -0.002060 0.000824 0.999993
10014.666520 0.053094 0.010728 -0.046761 0.006502 -0.007156 0.000210 0.999953
10014.699853 0.006254 0.001063 -0.036030 0.003816 0.002254 0.001795 0.999989
10014.733186 0.015323 0.012564 -0.038141 0.011883 -0.001891 0.001647 0.999926
10014.766519 -0.002607 0.007358 -0.032008 0.007444 0.006218 0.001782 0.999951
10014.799852 0.004366 0.008176 -0.027695 0.008458 0.005340 0.004302 0.999941
10014.833185 -0.009815 0.003885 -0.029071 0.014859 0.003882 0.010411 0.999828
10014.866518 0.006626 0.005966 -0.035139 0.010403 0.005560 0.010834 0.999872
10014.899851 -0.007148 -0.001029 -0.021596 0.000388 0.004752 0.007358 0.999962
10014.933184 -0.006971 0.008930 -0.021149 0.002496 0.011229 0.007606 0.999905
10014.966517 -0.009546 0.007070 -0.015292 0.006207 0.019048 0.010552 0.999744
10014.999850 -0.025439 0.030804 -0.014657 0.006967 0.015872 0.008155 0.999817
10015.033183 -0.005325 0.003479 -0.010453 -0.002843 0.011641 0.011001 0.999868
10015.066516 -0.007936 0.004139 -0.008864 -0.000870 0.013798 0.007331 0.999878
10015.099849 -0.024187 0.009195 -0.012435 0.008028 0.009332 0.000227 0.999924
10015.133182 -0.007935 0.007986 -0.015326 0.004038 0.004675 -0.003939 0.999973
10015.166515 -0.013865 0.006312 -0.015346 -0.000456 0.002437 -0.002667 0.999993
10015.199848 -0.012668 -0.002571 -0.013369 -0.001176 -0.000635 -0.001357 0.999998
10015.233181 -0.012144 0.006199 -0.017784 0.009045 -0.001559 -0.005759 0.999941
10015.266514 -0.009305 0.011139 -0.027035 0.006937 -0.001782 -0.004810 0.999963
10015.299847 -0.008152 0.001263 -0.019561 -0.004887 -0.002361 0.000924 0.999985
10015.333180 -0.010662 0.012656 -0.019824 -0.003385 0.001022 -0.000924 0.999993
10015.366513 -0.010670 0.012649 -0.024556 -0.001248 -0.003160 -0.001706 0.999993
10015.399846 -0.018120 0.011201 -0.028284 -0.006142 0.000223 0.001018 0.999981
10015.433179 -0.020278 0.014435 -0.032478 -0.004543 0.003981 0.003887 0.999974
10015.466512 -0.023105 0.012259 -0.040020 -0.008694 0.002998 0.003225 0.999953
10015.499845 -0.015022 0.007179 -0.052876 -0.007078 -0.008855 0.003310 0.999930
10015.533178 -0.021387 0.011699 -0.050457 0.010706 -0.011370 0.010034 0.999828
10015.566511 -0.016951 0.025199 -0.043392 0.019609 0.002221 0.000707 0.999805
10015.599844 -0.016679 0.018813 -0.026865 0.003494 0.005622 0.004362 0.999969
10015.633177 -0.003483 0.017121 -0.026031 0.014268 -0.006180 0.001986 0.999877
10015.666510 -0.007035 0.024412 -0.037675 0.013308 -0.008803 0.006494 0.999852
10015.699843 -0.003808 0.008758 -0.017505 0.003997 0.004144 0.010350 0.999930
10015.733176 -0.007603 0.011835 -0.014421 0.009013 0.009402 0.005341 0.999901
10015.766509 -0.008909 0.008503 -0.014291 0.007192 0.010250 0.001895 0.999920
10015.799842 -0.014003 0.004392 -0.012419 -0.007646 0.015042 0.001404 0.999857
10015.833175 -0.023685 0.004847 -0.009616 -0.004791 0.013486 0.005104 0.999885
10015.866508 -0.052721 0.002900 -0.019863 -0.014061 0.012517 0.006161 0.999804
10015.899841 -0.049172 0.001769 -0.016420 -0.011595 0.009425 0.004839 0.999877
10015.933174 -0.057922 -0.004874 -0.020065 -0.004125 0.001488 0.011442 0.999925
10015.966507 -0.062486 0.003685 -0.016751 0.008959 0.014181 0.010226 0.999807
10015.999840 -0.043213 -0.005037 -0.010659 0.004672 0.016166 0.019690 0.999665
10016.033173 -0.051264 -0.003472 0.018841 -0.008380 0.048320 0.039611 0.998011
10016.066506 -0.022346 -0.007517 0.027802 -0.015516 0.049081 0.023783 0.998391
10016.099839 -0.015954 -0.014114 0.029432 -0.014038 0.041192 0.026162 0.998710
10016.133172 -0.019066 -0.016835 0.027954 -0.014102 0.026573 0.018009 0.999385
10016.166505 -0.009450 -0.008629 0.025041 -0.007215 0.012937 0.007245 0.999864
10016.199838 -0.021828 -0.013977 0.025012 -0.004101 0.019324 0.003905 0.999797
10016.233171 -0.023356 -0.018595 0.024846 -0.002195 0.018410 0.005141 0.999815
10016.266504 -0.023740 -0.019640 0.024108 0.000864 0.015304 0.005958 0.999865
10016.299837 -0.026041 -0.024180 0.024015 -0.002465 0.010582 0.004999 0.999928
10016.333170 -0.026836 -0.012004 0.021652 -0.000240 0.005653 -0.001231 0.999983
10016.366503 -0.038837 -0.042121 0.034573 -0.009391 -0.001155 0.007041 0.999930
10016.399836 -0.025404 -0.027788 0.020027 0.001424 -0.003862 0.005845 0.999974
10016.433169 -0.022559 -0.003858 0.022043 0.014678 0.006341 0.009085 0.999831
10016.466502 -0.021857 -0.016136 0.026847 -0.000533 0.011105 0.013522 0.999847
10016.499835 -0.021952 0.008850 0.023555 0.009786 0.009269 0.003304 0.999904
10016.533168 -0.011512 -0.020709 0.018916 -0.000199 0.011415 0.008477 0.999899
10016.566501 -0.016799 -0.011667 0.018594 -0.000323 0.015856 0.006896 0.999850
10016.599834 -0.018059 -0.010503 0.017359 -0.000382 0.013991 0.007449 0.999874
10016.633167 -0.017521 -0.004628 0.018861 -0.002102 0.013676 0.005501 0.999889
10016.666500 -0.021588 -0.004585 0.016749 0.000453 0.015588 0.002644 0.999875
10016.699833 -0.027214 -0.020379 0.026351 -0.003848 0.023464 0.008154 0.999684
10016.733166 -0.022856 -0.009576 0.019424 -0.001594 0.019100 0.006239 0.999797
10016.766499 -0.021065 -0.010834 0.019213 -0.001147 0.015857 0.008743 0.999835
10016.799832 -0.020863 -0.006354 0.021831 -0.006773 0.010166 0.009659 0.999879
10016.833165 -0.010998 -0.014844 0.019679 -0.006686 0.006280 0.005341 0.999944
10016.866498 -0.014159 -0.007407 0.019061 -0.001717 0.009367 0.002895 0.999950
10016.899831 -0.014511 -0.005771 0.018627 -0.000969 0.009367 -0.000473 0.999956
10016.933164 -0.012040 0.001037 0.017509 -0.000550 0.010207 -0.001063 0.999947
10016.966497 -0.011263 -0.000342 0.015657 -0.003451 0.011782 -0.002123 0.999922
10016.999830 -0.002369 -0.009462 0.014807 -0.008485 0.007452 0.001006 0.999936
10017.033163 -0.005608 0.002207 0.012506 -0.003104 0.006567 -0.000397 0.999974
10017.066496 0.007162 0.000634 0.011363 -0.008792 0.010445 0.005084 0.999894
10017.099829 0.010812 0.000978 0.008442 -0.007516 0.010004 0.006382 0.999901
10017.133162 0.010411 0.001131 0.008065 -0.010110 0.012437 0.009143 0.999830
10017.166495 0.016251 -0.009115 0.007178 -0.008271 0.011437 0.007840 0.999870
10017.199828 0.003892 0.012094 0.003576 -0.004888 0.016714 0.005522 0.999833
10017.233161 0.012797 -0.003627 0.005760 -0.008100 0.008447 0.006879 0.999908
10017.266494 0.009966 0.005853 0.003430 -0.007961 0.009140 0.003967 0.999919
10017.299827 0.011299 0.001595 0.004908 -0.012511 0.005751 0.006524 0.999884
10017.333160 0.021515 -0.005655 0.005966 -0.015680 -0.002094 0.006328 0.999855
10017.366493 0.011002 0.009329 -0.003837 -0.008704 -0.005139 0.000959 0.999948
10017.399826 0.020956 0.014591 -0.004372 -0.013658 -0.001270 -0.001835 0.999904
10017.433159 0.022885 0.007012 -0.004326 -0.010458 0.000386 -0.002360 0.999942
10017.466492 0.015430 0.012375 -0.002287 -0.007742 0.003796 -0.000619 0.999963
10017.499825 0.025602 0.011528 -0.006888 -0.007762 0.003800 0.001014 0.999962
10017.533158 0.012860 0.003636 -0.004887 -0.008802 0.005239 -0.001012 0.999947
10017.566491 0.008729 0.011603 -0.010550 -0.006835 0.005555 -0.000992 0.999961
10017.599824 0.000777 0.008148 -0.006085 -0.008329 0.005460 -0.000096 0.999950
10017.633157 0.004680 0.012171 -0.012637 -0.004385 0.005314 0.002128 0.999974
10017.666490 0.015909 0.009882 -0.032694 -0.005187 0.002220 0.001123 0.999983
10017.699823 -0.004567 -0.009918 -0.023316 -0.005546 0.005546 -0.000307 0.999969
10017.733156 -0.001014 -0.001868 -0.015412 -0.005503 0.009175 0.001082 0.999942
10017.766489 -0.022747 0.014122 -0.041476 0.000017 0.026266 0.004486 0.999645
10017.799822 -0.023440 0.003602 -0.013164 -0.001232 0.023756 0.004657 0.999706
10017.833155 -0.003944 0.036564 -0.040932 0.008094 0.015466 0.005051 0.999835
10017.866488 -0.017588 0.002615 -0.012865 0.000340 0.015138 0.001355 0.999884
10017.899821 -0.017952 0.000083 -0.035314 -0.000377 0.016767 0.004034 0.999851
10017.933154 -0.002739 -0.008841 -0.013476 0.002530 0.011924 0.002391 0.999923
10017.966487 -0.022546 -0.020110 -0.030370 0.002170 0.015055 -0.001457 0.999883
10017.999820 0.005609 0.047331 -0.019078 0.011882 0.013884 0.005655 0.999817
10018.033153 -0.028479 -0.006989 -0.032301 0.004346 0.016623 0.003959 0.999845
10018.066486 -0.000590 -0.011592 -0.021516 0.003405 0.008812 0.004510 0.999945
10018.099819 -0.004946 -0.008226 -0.043945 0.007703 0.008563 0.009793 0.999886
10018.133152 -0.022386 0.001832 -0.037828 0.009242 0.014416 0.005765 0.999837
10018.166485 -0.009216 0.007335 -0.033292 0.008972 0.013407 0.011216 0.999807
10018.199818 -0.012871 -0.002771 -0.041472 0.011747 0.010597 0.009771 0.999827
10018.233151 -0.000791 0.014030 -0.033543 0.013555 0.014094 0.009238 0.999766
10018.266484 -0.009171 0.011614 -0.028831 0.008536 0.011198 0.012338 0.999825
10018.299817 -0.005567 0.012789 -0.029004 0.001887 0.013861 0.006203 0.999883
10018.333150 -0.001517 0.004932 -0.017388 -0.003547 0.015586 0.000973 0.999872
10018.366483 -0.008031 0.011527 -0.028892 0.000113 0.019484 0.004476 0.999800
10018.399816 -0.005783 0.000955 -0.021152 -0.000855 0.005135 0.003547 0.999980
10018.433149 -0.019583 0.011278 -0.025727 0.003759 0.007145 0.000818 0.999967
10018.466482 -0.012019 0.015459 -0.031857 0.002206 0.006886 0.000283 0.999974
10018.499815 0.000997 0.005902 -0.022057 -0.002040 0.007462 0.000585 0.999970
10018.533148 -0.011837 0.009531 -0.017155 -0.001027 0.007878 0.005107 0.999955
10018.566481 -0.015768 0.009678 -0.033052 0.004019 0.002227 0.004603 0.999979
10018.599814 0.001256 0.017395 -0.026156 0.000820 0.000316 0.007160 0.999974
10018.633147 -0.005576 -0.004044 -0.021256 0.001526 0.003223 0.002030 0.999992
10018.666480 -0.000447 0.018949 -0.037588 0.008169 -0.000108 -0.004120 0.999958
10018.699813 0.008047 0.028122 -0.043178 0.008796 -0.006144 -0.003685 0.999936
10018.733146 0.011070 0.021726 -0.029178 -0.005676 -0.007823 -0.000929 0.999953
10018.766479 0.024042 0.018362 -0.029498 -0.010184 -0.009856 -0.005812 0.999883
10018.799812 0.032477 0.004390 -0.025441 -0.011684 -0.009617 -0.003350 0.999880
10018.833145 0.045989 0.009621 -0.026976 -0.006178 -0.009499 -0.006744 0.999913
10018.866478 0.034065 0.007933 -0.029709 0.001460 -0.001384 -0.005354 0.999984
10018.899811 0.049134 0.020347 -0.037171 0.007339 -0.001997 0.001459 0.999970
10018.933144 0.036218 0.013144 -0.026760 0.005316 -0.002178 0.005315 0.999969
10018.966477 0.031740 0.005177 -0.028241 0.003116 0.004848 0.008128 0.999950
10018.999810 0.134348 0.022828 -0.028809 0.004251 -0.009009 0.001644 0.999949
10019.033143 0.024250 0.007014 -0.019996 0.001356 0.009123 0.003449 0.999952
10019.066476 0.019313 0.015634 -0.024597 0.004803 0.012754 0.001565 0.999906
10019.099809 0.018563 0.008440 -0.026061 -0.002409 0.011187 0.001771 0.999933
10019.133142 0.007183 0.006118 -0.026875 0.001904 0.006669 0.001335 0.999975
10019.166475 0.028919 0.021468 -0.038148 0.006874 -0.001540 0.000748 0.999975
10019.199808 0.013739 0.027687 -0.028003 -0.001624 -0.001424 0.001549 0.999996
10019.233141 0.020845 0.000387 -0.022458 -0.013667 0.001375 -0.000062 0.999906
10019.266474 0.030545 0.000930 -0.022924 0.001409 0.000001 0.009398 0.999955
10019.299807 0.018582 0.011217 -0.029952 0.006912 0.004911 0.016500 0.999828
10019.333140 0.028251 0.019661 -0.026246 0.003386 0.006517 0.002174 0.999971
10019.366473 0.027399 0.011656 -0.020861 0.000325 0.002824 -0.002899 0.999992
10019.399806 0.035558 0.018298 -0.028385 0.002029 -0.005579 -0.006521 0.999961
10019.433139 0.040048 0.007757 -0.018139 0.000870 -0.009086 -0.006149 0.999939
10019.466472 0.039676 0.021545 -0.023605 0.009302 -0.008507 -0.002841 0.999917
10019.499805 0.018296 0.026012 -0.012951 0.002531 -0.003434 -0.003151 0.999986
10019.533138 0.015584 0.005218 -0.011976 -0.002140 0.001682 -0.003913 0.999989
10019.566471 0.037065 0.024381 -0.020765 0.005323 0.001047 -0.004169 0.999977
10019.599804 0.021037 0.004964 -0.013306 0.000612 -0.001290 -0.003506 0.999993
10019.633137 0.019881 0.007802 -0.011871 0.002304 0.002682 -0.002339 0.999991
10019.666470 -0.000325 0.006804 -0.015294 0.003227 0.005632 -0.000964 0.999978
10019.699803 0.010895 0.008342 -0.016436 0.004909 0.002124 -0.003422 0.999980
10019.733136 0.013202 0.009596 -0.022566 0.003953 0.000089 -0.001271 0.999991
10019.766469 0.020959 0.009526 -0.020596 0.002162 -0.001814 0.000690 0.999996
10019.799802 0.009793 0.019186 -0.019637 0.000790 0.003136 0.000668 0.999995
10019.833135 0.053390 0.031452 -0.037642 0.000251 -0.003958 -0.004259 0.999983
10019.866468 0.008999 0.032480 -0.027230 -0.002757 -0.004599 -0.007443 0.999958
10019.899801 0.018714 0.012393 -0.010583 -0.014096 -0.004073 -0.012530 0.999814
10019.933134 0.010667 0.009397 -0.029667 -0.001873 -0.010606 -0.011432 0.999877
10019.966467 0.018392 0.018556 -0.021241 0.007698 -0.017303 -0.010055 0.999770
10019.999800 0.010853 -0.001353 -0.017834 0.002741 -0.009318 -0.010274 0.999900
10020.033133 0.024788 0.018875 -0.021476 0.006575 -0.013481 -0.004975 0.999875
10020.066466 0.029067 0.013392 -0.016754 -0.000182 -0.018443 -0.009601 0.999784
10020.099799 0.046467 0.011832 -0.010921 -0.006022 -0.023523 -0.019024 0.999524
10020.133132 0.045290 0.009025 -0.008081 -0.000763 -0.019166 -0.014680 0.999708
10020.166465 0.036322 -0.006829 0.010410 -0.003242 -0.020530 -0.018018 0.999622
10020.199798 0.040835 0.030802 -0.003852 0.003905 -0.014219 -0.009076 0.999850
10020.233131 0.047033 0.011314 0.002083 -0.001695 -0.011928 -0.002090 0.999925
10020.266464 0.050329 0.026133 0.000885 -0.005622 -0.013242 -0.000054 0.999897
10020.299797 0.035555 0.019127 0.007654 -0.019900 -0.008938 -0.002894 0.999758
10020.333130 0.040450 -0.004352 0.015246 -0.021568 -0.015926 -0.001110 0.999640
10020.366463 0.048464 0.008176 -0.013598 -0.023002 -0.025300 -0.004854 0.999403
10020.399796 0.026134 0.018251 -0.009683 -0.008877 -0.010990 -0.003883 0.999893
10020.433129 0.028189 0.012041 -0.008935 -0.011256 -0.010732 -0.002465 0.999876
10020.466462 0.025648 0.002295 -0.011414 -0.010552 -0.012061 -0.003605 0.999865
10020.499795 0.026777 0.019873 -0.007884 -0.008551 -0.008871 -0.010279 0.999871
10020.533128 0.026138 0.025439 -0.009814 -0.007570 -0.002901 -0.011052 0.999906
10020.566461 0.050941 -0.002308 -0.012583 -0.007206 -0.011216 -0.004938 0.999899
10020.599794 0.022999 0.011727 -0.003330 -0.002362 -0.005111 -0.004028 0.999976
10020.633127 0.029739 -0.014333 -0.004325 -0.002099 -0.008834 0.008824 0.999920
10020.666460 0.025708 0.006553 0.000724 0.005394 -0.011328 0.000678 0.999921
10020.699793 0.021400 0.001473 -0.005707 0.000876 -0.006804 0.000002 0.999976
10020.733126 0.037052 0.000499 0.007623 -0.001120 -0.005428 -0.000715 0.999984
10020.766459 0.021615 -0.005498 0.002118 -0.000634 -0.004402 -0.000689 0.999990
10020.799792 0.018592 0.006426 0.009864 0.004473 -0.001880 -0.000141 0.999988
10020.833125 0.031456 -0.009347 0.014335 0.005001 -0.000423 0.002316 0.999985
10020.866458 0.012869 -0.013289 0.008765 0.009062 0.000877 0.007760 0.999928
10020.899791 0.022538 -0.006358 0.005713 0.008480 -0.001038 0.005406 0.999949
10020.933124 0.011105 -0.012673 -0.001367 0.013131 0.007028 0.003822 0.999882
10020.966457 0.008931 -0.015141 -0.000845 0.010684 0.013066 0.002274 0.999855
10020.999790 0.003836 -0.037570 0.018397 0.012167 0.012163 0.006118 0.999833
10021.033123 -0.007438 -0.024390 -0.003083 0.015665 0.012239 0.003384 0.999797
10021.066456 -0.009170 -0.003334 0.003262 0.008652 0.005882 -0.000238 0.999945
10021.099789 -0.026473 -0.009354 0.003793 0.006099 0.011217 -0.000268 0.999918
10021.133122 -0.016752 0.004442 0.002256 0.005723 0.010255 -0.000234 0.999931
10021.166455 -0.046491 -0.004621 0.005577 0.003479 0.015930 0.005192 0.999854
10021.199788 -0.030768 -0.012568 0.005427 0.001426 0.011143 0.008029 0.999905
10021.233121 -0.028333 -0.001287 -0.001452 0.002835 0.011953 0.009739 0.999877
10021.266454 -0.043509 -0.012812 0.004936 -0.001520 0.019527 0.013565 0.999716
10021.299787 -0.027071 -0.015771 0.006711 -0.001240 0.009713 0.006126 0.999933
10021.333120 -0.055247 -0.000093 0.003405 0.009900 0.011973 0.005324 0.999865
10021.366453 -0.013334 -0.007271 -0.003702 0.003101 -0.000199 0.000852 0.999995
10021.399786 -0.020716 0.006658 -0.004622 0.008090 0.000363 -0.000156 0.999967
10021.433119 -0.015765 0.003825 -0.006601 -0.004708 0.000040 -0.003394 0.999983
10021.466452 -0.025618 -0.000994 -0.008587 0.000468 0.000137 -0.006523 0.999979
10021.499785 -0.028443 0.006188 -0.009908 0.004221 0.001423 -0.008057 0.999958
10021.533118 -0.025606 -0.008999 -0.008915 0.002555 0.002037 -0.000383 0.999995
10021.566451 -0.009724 0.014846 -0.014308 0.010744 0.002943 0.004985 0.999926
10021.599784 -0.017140 -0.001641 -0.009651 -0.005804 0.006272 0.009268 0.999921
10021.633117 -0.023481 0.009095 -0.008911 0.000165 0.008237 0.013991 0.999868
10021.666450 -0.033747 0.000924 -0.015528 -0.005839 0.001705 0.019891 0.999784
10021.699783 -0.022467 -0.000050 -0.015650 -0.003163 0.006467 0.018437 0.999804
10021.733116 -0.013616 -0.007162 -0.009722 -0.003385 0.010512 0.018069 0.999776
10021.766449 -0.035448 -0.000201 -0.013898 0.005976 0.012859 0.012082 0.999826
10021.799782 -0.020644 0.004919 -0.009536 0.003687 0.008501 -0.004020 0.999949
10021.833115 -0.038180 0.025686 -0.010002 0.003155 0.014239 -0.005965 0.999876
10021.866448 -0.024901 -0.004964 -0.008094 -0.003627 0.010806 -0.004060 0.999927
10021.899781 -0.023000 0.000934 -0.000291 -0.001297 0.013120 -0.003031 0.999908
10021.933114 -0.037684 0.000962 -0.001457 -0.002138 0.016714 -0.000152 0.999858
10021.966447 -0.028885 0.004184 -0.000125 -0.002102 0.015243 0.002926 0.999877
10021.999780 -0.043518 0.004325 0.009075 -0.004518 0.019051 0.008748 0.999770
10022.033113 -0.035059 -0.001398 0.006986 -0.005509 0.019695 0.008590 0.999754
10022.066446 -0.032737 -0.000481 0.007988 -0.006406 0.014522 0.010042 0.999824
10022.099779 -0.049292 -0.006560 0.017136 -0.011508 0.019051 0.014304 0.999650
10022.133112 -0.028055 0.001584 0.009017 -0.002705 0.012238 0.008982 0.999881
10022.166445 -0.024095 -0.015970 0.003360 -0.007818 0.007728 0.009766 0.999892
10022.199778 -0.021637 -0.008287 0.000307 0.008725 0.009566 0.004796 0.999905
10022.233111 -0.022675 0.011808 0.000749 0.009606 0.016727 0.002213 0.999811
10022.266444 -0.015126 -0.000125 0.001760 -0.006946 0.021267 0.005185 0.999736
10022.299777 -0.018625 0.004640 -0.004548 -0.003811 0.017421 0.006101 0.999822
10022.333110 -0.015915 0.004145 -0.007665 -0.007514 0.013991 0.005782 0.999857
10022.366443 -0.018727 0.010792 -0.014268 -0.008190 0.021035 0.009383 0.999701
10022.399776 -0.013914 0.006309 -0.013669 -0.008095 0.014603 0.008794 0.999822
10022.433109 -0.019376 -0.000199 -0.019955 -0.005291 0.009442 0.011810 0.999872
10022.466442 -0.013234 0.001150 -0.023553 0.005131 0.002687 0.010247 0.999931
10022.499775 -0.011728 0.016809 -0.015321 0.002701 0.009540 0.012368 0.999874
10022.533108 -0.020544 0.017794 -0.015908 -0.003160 0.006862 0.006339 0.999951
10022.566441 -0.017553 0.017181 -0.004657 -0.009200 0.015193 -0.002183 0.999840
10022.599774 -0.021066 0.033109 -0.007948 -0.014182 0.016477 -0.000974 0.999763
10022.633107 -0.019319 0.005245 -0.006678 -0.017268 0.012685 -0.002400 0.999768
10022.666440 -0.022507 0.004325 -0.010753 -0.014674 0.013742 -0.003834 0.999791
10022.699773 -0.028812 0.027111 -0.012541 -0.008540 0.025749 -0.001645 0.999631
10022.733106 -0.025549 0.005673 -0.007520 -0.009364 0.013732 -0.000234 0.999862
10022.766439 -0.011874 0.017324 -0.016605 -0.005006 0.007584 0.002887 0.999955
10022.799772 -0.018365 0.005829 -0.007689 -0.009531 0.012183 0.004227 0.999871
10022.833105 -0.027350 -0.011560 -0.013184 -0.009793 0.014947 0.002740 0.999837
10022.866438 -0.018662 0.022293 -0.013524 -0.006710 0.002224 0.003677 0.999968
10022.899771 -0.032235 0.014251 -0.022117 -0.009662 0.003566 -0.000079 0.999947
10022.933104 -0.014184 0.004371 -0.006281 -0.007305 0.003364 0.002891 0.999963
10022.966437 -0.009963 -0.000301 -0.006240 -0.004822 0.003203 0.002189 0.999981
10022.999770 -0.014127 0.000058 -0.004745 0.001548 0.006161 -0.000452 0.999980
10023.033103 -0.000625 -0.008423 -0.006491 0.004793 0.002804 -0.001457 0.999984
10023.066436 -0.009072 -0.000866 -0.002581 0.011368 0.001886 0.000361 0.999934
10023.099769 -0.001152 -0.001207 -0.006376 0.010515 -0.006200 0.002817 0.999922
10023.133102 0.007841 0.000811 -0.002562 0.013808 -0.007254 0.002886 0.999874
10023.166435 0.006122 -0.009667 0.004678 0.008061 -0.003499 -0.000824 0.999961
10023.199768 0.015829 -0.019083 0.007130 0.008564 -0.000456 -0.001435 0.999962
10023.233101 0.022916 -0.012767 0.013379 0.020668 -0.009834 -0.001401 0.999737
10023.266434 0.014018 -0.021810 0.013428 0.010919 -0.014026 -0.007971 0.999810
10023.299767 0.023562 -0.018062 0.018113 0.007050 -0.016546 -0.011575 0.999771
10023.333100 0.040500 -0.010339 0.025555 0.009764 -0.015372 -0.007826 0.999804
10023.366433 0.036322 -0.062987 0.033700 -0.004810 -0.007160 -0.006025 0.999945
10023.399766 0.046090 -0.038357 0.033633 0.003185 -0.007590 -0.002395 0.999963
10023.433099 0.067936 -0.046491 0.046957 0.026311 -0.022013 -0.003613 0.999405
10023.466432 0.028869 -0.008826 0.033496 0.013134 -0.003528 -0.007840 0.999877
10023.499765 0.026232 0.006705 0.032153 0.011760 -0.007885 -0.004437 0.999890
10023.533098 0.014813 -0.006659 0.024979 0.007356 -0.013330 -0.003738 0.999877
10023.566431 0.019312 -0.006956 0.019713 0.000564 -0.017185 -0.006002 0.999834
10023.599764 0.007492 -0.019228 0.022190 -0.002048 -0.009400 -0.005374 0.999939
10023.633097 0.018087 -0.029851 0.020285 -0.000038 -0.011222 -0.006219 0.999918
10023.666430 0.011825 -0.022591 0.017318 0.007589 -0.012154 -0.005398 0.999883
10023.699763 0.012128 -0.015745 0.021158 0.011733 -0.012939 -0.001280 0.999847
10023.733096 0.011996 -0.038958 0.032433 -0.001136 -0.010057 -0.004493 0.999939
10023.766429 0.015975 -0.012929 0.032249 0.005248 -0.006238 -0.005913 0.999949
10023.799762 0.012748 -0.026156 0.023460 0.001910 -0.004024 -0.004312 0.999981
10023.833095 0.010275 -0.002597 0.028611 0.004035 -0.005484 -0.006671 0.999955
10023.866428 0.003124 -0.004030 0.027465 0.002022 0.001578 -0.001710 0.999995
10023.899761 0.009728 0.001686 0.019677 -0.001893 -0.003045 0.001411 0.999993
10023.933094 0.005128 -0.004528 0.021345 -0.007795 -0.001116 0.003776 0.999962
10023.966427 0.005691 -0.002187 0.012383 -0.009436 -0.003368 -0.001184 0.999949
10023.999760 0.028566 -0.005757 0.017735 -0.002931 -0.004374 -0.003693 0.999979
10024.033093 -0.003778 -0.001684 0.005751 -0.001331 0.004732 0.000478 0.999988
10024.066426 0.022311 0.002487 0.006228 -0.001864 0.002364 0.007549 0.999967
10024.099759 0.028558 -0.004455 0.007136 -0.003338 0.007838 0.006549 0.999942
10024.133092 0.028896 0.003517 0.004411 -0.001473 0.013173 0.005911 0.999895
10024.166425 0.063679 0.004890 -0.001915 -0.006234 0.007375 0.008224 0.999920
10024.199758 0.005609 0.017623 0.001556 -0.002391 0.014395 0.009505 0.999848
10024.233091 0.031269 -0.004178 -0.004711 -0.006020 0.007944 0.007706 0.999921
10024.266424 0.016910 0.008372 -0.002530 -0.001037 0.011819 0.007282 0.999903
10024.299757 0.020718 0.000212 -0.005132 0.000166 0.010602 0.007815 0.999913
10024.333090 0.051284 -0.002372 -0.007422 -0.006120 0.003388 0.006827 0.999952
10024.366423 0.025226 0.008795 0.000141 -0.000957 0.008143 0.006702 0.999944
10024.399756 0.005253 0.000687 -0.002825 -0.005802 0.015042 0.006691 0.999848
10024.433089 0.009082 0.002068 -0.004701 -0.001930 0.013617 0.005473 0.999890
10024.466422 0.014096 0.006573 -0.003758 0.000636 0.013626 0.003606 0.999900
10024.499755 -0.003687 -0.004368 -0.003888 -0.004579 0.017785 0.003757 0.999824
10024.533088 0.017592 0.001035 -0.004706 -0.004510 0.017699 0.003441 0.999827
10024.566421 0.004577 -0.012233 -0.008677 -0.001049 0.017131 0.006798 0.999830
10024.599754 0.000573 0.001786 -0.012780 0.008075 0.013017 0.008263 0.999849
10024.633087 -0.001924 0.005299 -0.012760 0.012300 0.026424 0.008777 0.999537
10024.666420 -0.025449 0.010276 -0.005870 0.002302 0.030510 0.005996 0.999514
10024.699753 -0.007039 -0.012163 -0.004721 -0.006821 0.026114 0.009696 0.999589
10024.733086 -0.008927 -0.002177 -0.009454 -0.002735 0.018481 0.008283 0.999791
10024.766419 0.008754 0.013484 -0.007079 0.002905 0.019446 0.007240 0.999780
10024.799752 -0.005442 0.001674 -0.004904 -0.000760 0.026511 0.012973 0.999564
10024.833085 -0.014743 0.008030 -0.002138 0.004905 0.025273 0.014901 0.999557
10024.866418 0.006272 0.001103 -0.000293 0.004305 0.014147 0.012356 0.999814
10024.899751 0.011375 0.001312 -0.006386 0.004545 0.009418 0.007736 0.999915
10024.933084 -0.002987 -0.001879 -0.005404 -0.001242 0.015846 0.006729 0.999851
10024.966417 0.010125 0.000972 -0.002235 0.000324 0.010031 0.006519 0.999928
10024.999750 0.005180 0.000909 -0.013142 -0.000700 0.007617 0.004155 0.999962
10025.033083 0.012184 0.005469 -0.011415 0.001483 0.002282 0.005275 0.999982
10025.066416 0.012729 0.005037 -0.010716 0.000721 0.001572 0.006589 0.999977
10025.099749 0.006191 0.010286 -0.012994 -0.003271 0.004482 0.008242 0.999951
10025.133082 0.009435 -0.001131 -0.013106 -0.004142 0.002756 0.011501 0.999921
10025.166415 -0.011664 0.009446 -0.014764 -0.002391 0.014583 0.013770 0.999796
10025.199748 0.023515 0.006220 -0.012671 0.002368 0.011071 0.009514 0.999891
10025.233081 0.023673 0.005613 -0.012131 0.003539 0.007827 0.007448 0.999935
10025.266414 0.001554 0.004047 -0.008678 0.001266 0.006813 0.005584 0.999960
10025.299747 0.003969 -0.001116 -0.008698 0.001050 0.003310 0.002178 0.999992
10025.333080 -0.044504 -0.006220 -0.000872 0.005491 0.011803 0.004831 0.999904
10025.366413 -0.000393 0.006552 -0.007815 0.002366 -0.000087 -0.000835 0.999997
10025.399746 -0.001353 0.005550 -0.005636 0.001340 0.001412 -0.001314 0.999997
10025.433079 -0.008547 -0.000147 0.002764 -0.001305 0.008089 0.001779 0.999965
10025.466412 -0.004145 -0.000183 0.002799 0.000099 0.011069 0.002415 0.999936
10025.499745 -0.016893 -0.004434 0.005677 0.002107 0.019641 0.005132 0.999792
10025.533078 -0.009616 -0.002650 0.010118 0.001917 0.013808 0.004942 0.999891
10025.566411 -0.017876 -0.006448 0.010774 0.000560 0.010763 0.004162 0.999933
10025.599744 -0.027445 -0.011147 0.012933 -0.000013 0.012321 0.002155 0.999922
10025.633077 -0.023639 -0.002159 0.015080 0.000029 0.010264 0.001899 0.999946
10025.666410 -0.033629 -0.005543 0.012745 -0.003955 0.010459 0.003048 0.999933
10025.699743 -0.023295 -0.006205 0.013891 -0.001763 0.006112 0.003162 0.999975
10025.733076 -0.018876 -0.003075 0.012497 0.000889 0.003802 0.002395 0.999990
10025.766409 -0.023178 0.003059 0.006013 0.001649 -0.000585 0.000511 0.999998
10025.799742 -0.016775 0.000436 0.005413 -0.001850 -0.003726 -0.003687 0.999985
10025.833075 -0.018551 -0.004315 0.008398 -0.003263 -0.000995 -0.006200 0.999975
10025.866408 -0.013932 0.002088 -0.002042 -0.002022 -0.001405 -0.003480 0.999991
10025.899741 -0.011504 0.000558 -0.001078 -0.000345 0.000827 -0.001985 0.999998
10025.933074 -0.008897 -0.000148 -0.002312 0.002631 0.002210 -0.002897 0.999990
10025.966407 -0.012221 0.003594 -0.006904 0.000686 0.002145 0.000244 0.999997
10025.999740 -0.007474 0.005238 -0.014107 -0.000392 0.004141 0.007539 0.999963
10026.033073 -0.008799 0.004859 -0.010584 -0.000601 0.005584 0.008687 0.999946
10026.066406 -0.011074 0.001469 -0.014787 -0.003105 0.005767 0.008554 0.999942
10026.099739 -0.010784 0.009847 -0.013030 -0.001925 0.007802 0.009072 0.999927
10026.133072 -0.014723 0.002306 -0.012670 -0.004170 0.009401 0.012708 0.999866
10026.166405 -0.018028 0.012880 -0.022381 0.000594 0.012873 0.014253 0.999815
10026.199738 -0.015745 -0.003617 -0.012659 0.000121 0.013356 0.011356 0.999846
10026.233071 -0.013475 0.018899 -0.014239 0.001978 0.006471 0.008558 0.999940
10026.266404 -0.018181 0.010302 -0.006476 -0.001816 0.015393 0.001348 0.999879
10026.299737 -0.022997 0.016323 -0.005419 -0.000966 0.019008 0.000830 0.999819
10026.333070 -0.043117 0.012218 -0.011299 -0.004212 0.023078 0.003102 0.999720
10026.366403 -0.021261 0.013921 -0.005760 -0.000143 0.018421 0.007396 0.999803
10026.399736 -0.025870 0.011459 -0.003157 -0.000897 0.016230 0.010247 0.999815
10026.433069 -0.037016 0.003519 -0.003003 -0.001702 0.013995 0.010678 0.999844
10026.466402 -0.037147 0.008491 -0.001558 -0.002558 0.016222 0.009991 0.999815
10026.499735 -0.033717 -0.016988 0.015649 -0.013095 0.015947 0.006236 0.999768
10026.533068 -0.044056 0.011681 0.003253 -0.002982 0.016577 0.006849 0.999835
10026.566401 -0.042654 0.005831 0.004090 0.002221 0.011055 0.001892 0.999935
10026.599734 -0.031720 0.006265 0.002318 -0.000647 0.012357 0.004173 0.999915
10026.633067 -0.032386 0.001982 -0.000112 0.001117 0.013656 0.003759 0.999899
10026.666400 -0.016359 0.000586 -0.006310 -0.000126 0.013271 0.000795 0.999912
10026.699733 -0.009628 0.003075 -0.000541 -0.000530 0.019168 0.005286 0.999802
10026.733066 -0.022996 0.005130 -0.008826 -0.000238 0.020474 0.007593 0.999762
10026.766399 -0.024168 0.012241 -0.014453 0.000311 0.010256 0.009140 0.999906
10026.799732 -0.023053 0.007560 -0.026978 -0.005605 0.009736 0.009729 0.999890
10026.833065 -0.028215 0.007834 -0.026281 -0.005884 0.016301 0.013366 0.999760
10026.866398 -0.015404 -0.001872 -0.019216 -0.006937 0.015531 0.011665 0.999787
10026.899731 -0.013338 0.009241 -0.020406 0.003746 0.012982 0.007361 0.999882
10026.933064 -0.019104 0.012649 -0.021401 0.004990 0.024904 0.011041 0.999616
10026.966397 -0.019744 0.013715 -0.021888 0.001537 0.014049 0.012896 0.999817
10026.999730 -0.038025 0.024665 -0.030786 0.002508 0.020383 0.009429 0.999745
10027.033063 -0.030473 0.013989 -0.017745 0.000194 0.017171 0.005593 0.999837
10027.066396 -0.026765 0.009049 -0.015692 0.001113 0.010549 0.007164 0.999918
10027.099729 -0.032524 -0.002320 -0.016628 0.000047 0.016349 0.004812 0.999855
10027.133062 -0.051250 0.005013 -0.021762 0.008406 0.024661 0.012879 0.999578
10027.166395 -0.050825 0.000569 -0.018595 0.002658 0.020068 0.012098 0.999722
10027.199728 -0.028512 -0.005498 -0.011412 0.004516 0.012801 0.008185 0.999874
10027.233061 -0.045078 0.009566 -0.007654 0.009316 0.015437 0.010974 0.999777
10027.266394 -0.043026 0.008612 -0.008263 0.006136 0.006846 0.010737 0.999900
10027.299727 -0.032657 0.013036 -0.013328 0.001399 0.010085 0.007446 0.999920
10027.333060 -0.065723 0.007151 -0.007612 -0.001779 0.023219 0.006861 0.999705
10027.366393 -0.021717 0.023554 -0.009280 0.000739 0.008614 0.004963 0.999950
10027.399726 -0.031751 0.005139 -0.011853 -0.004690 0.010352 0.003887 0.999928
10027.433059 -0.060511 0.016398 -0.028401 -0.002698 0.006966 0.009400 0.999928
10027.466392 -0.020319 0.007584 -0.024102 -0.004243 -0.001257 0.004882 0.999978
10027.499725 -0.046110 -0.005365 -0.028893 -0.005961 0.005388 0.006414 0.999947
10027.533058 -0.027923 0.004716 -0.029287 -0.003451 0.000112 0.007393 0.999967
10027.566391 -0.029000 0.011229 -0.033437 0.007754 -0.001461 0.004910 0.999957
10027.599724 -0.034979 0.026250 -0.043070 0.006199 0.008514 0.011757 0.999875
10027.633057 -0.020176 0.006452 -0.019596 -0.001219 0.002399 0.002015 0.999994
10027.666390 -0.023088 0.015141 -0.018023 0.006102 0.010900 0.002780 0.999918
10027.699723 -0.028986 0.018060 -0.020811 0.000457 0.012993 0.003904 0.999908
10027.733056 -0.021098 0.011842 -0.015111 -0.005132 0.009429 0.002462 0.999939
10027.766389 -0.038251 0.007743 -0.014852 -0.007763 0.013792 0.004621 0.999864
10027.799722 -0.026040 0.002870 -0.014365 -0.005694 0.012005 0.005615 0.999896
10027.833055 -0.041556 -0.000282 -0.019573 -0.004929 0.014151 0.006818 0.999864
10027.866388 -0.041462 0.007749 -0.015960 0.005068 0.014390 0.004054 0.999875
10027.899721 -0.046023 0.001640 -0.013494 0.005757 0.018230 0.004263 0.999808
10027.933054 -0.049990 0.000731 -0.007391 0.004637 0.017089 0.007439 0.999816
10027.966387 -0.069557 0.016570 -0.013607 0.003088 0.016104 0.010019 0.999815
10027.999720 -0.049986 0.011154 -0.007191 -0.006893 0.018284 0.003384 0.999803
10028.033053 -0.049442 0.020187 -0.004548 -0.002362 0.011421 -0.001859 0.999930
10028.066386 -0.036731 0.015354 -0.016536 -0.004030 0.000870 -0.002797 0.999988
10028.099719 -0.039719 0.014190 -0.013091 -0.003960 0.000469 -0.000117 0.999992
10028.133052 -0.034654 0.010770 -0.016103 -0.007843 0.002817 -0.000968 0.999965
10028.166385 -0.032684 -0.001441 -0.014947 -0.012954 0.006216 -0.000076 0.999897
10028.199718 -0.024391 0.003192 -0.021161 -0.005629 0.011025 0.009562 0.999878
10028.233051 -0.026966 0.007641 -0.018258 -0.000958 0.014151 0.014121 0.999800
10028.266384 -0.022909 0.002721 -0.018184 -0.004528 0.009839 0.013068 0.999856
10028.299717 -0.030203 0.008100 -0.013972 0.001433 0.011212 0.011828 0.999866
10028.333050 -0.030082 0.005703 -0.015856 0.003249 0.008967 0.006521 0.999933
10028.366383 -0.029173 0.015425 -0.010602 0.000455 0.006176 0.001747 0.999979
10028.399716 -0.026331 0.006435 -0.008700 -0.003354 0.008473 0.000042 0.999958
10028.433049 -0.035481 0.010807 -0.010713 -0.001149 0.013868 0.003059 0.999898
10028.466382 -0.020941 0.010408 -0.004357 -0.002535 0.017662 0.000965 0.999840
10028.499715 -0.029196 0.001372 -0.003645 -0.003326 0.017326 -0.000947 0.999844
10028.533048 -0.021233 0.009689 -0.004372 -0.002426 0.015171 0.001046 0.999881
10028.566381 -0.027494 0.003888 0.001423 0.001624 0.014487 0.005758 0.999877
10028.599714 -0.028101 0.010205 -0.009727 -0.000866 0.008652 0.008615 0.999925
10028.633047 -0.024104 0.001665 -0.001754 0.000558 0.000852 0.003142 0.999995
10028.666380 -0.023322 0.003235 -0.009267 -0.000066 0.005291 -0.000151 0.999986
10028.699713 -0.028672 -0.000775 -0.006487 0.000512 0.003053 -0.005045 0.999982
10028.733046 -0.012221 0.005904 -0.018105 0.003239 -0.002988 -0.003105 0.999985
10028.766379 -0.007800 0.004683 -0.009585 -0.000216 0.001411 -0.002302 0.999996
10028.799712 -0.015252 0.020071 -0.017258 0.001362 0.009578 0.001271 0.999952
10028.833045 -0.001306 0.019403 -0.020068 -0.003407 0.001318 0.001204 0.999993
10028.866378 -0.007148 0.017065 -0.021433 -0.004087 -0.003230 -0.000207 0.999986
10028.899711 0.008085 0.027067 -0.024822 -0.007174 -0.005776 0.001241 0.999957
10028.933044 -0.002136 0.000752 -0.025742 -0.015721 -0.005857 -0.002205 0.999857
10028.966377 0.013339 0.014530 -0.023676 -0.007510 -0.010885 -0.000050 0.999913
10028.999710 0.011462 -0.003031 -0.024059 -0.002257 -0.002487 0.000286 0.999994
10029.033043 0.014752 0.007206 -0.030152 -0.001075 -0.002671 0.003023 0.999991
10029.066376 0.010706 0.013563 -0.025564 0.000045 0.001972 0.000978 0.999998
10029.099709 0.007246 0.008418 -0.025255 -0.002567 0.004726 0.001798 0.999984
10029.133042 0.007891 0.004517 -0.024157 -0.000248 0.004659 0.001700 0.999988
10029.166375 -0.000622 0.006512 -0.026174 0.001187 0.004009 0.003529 0.999985
10029.199708 0.000957 0.001925 -0.024446 0.002372 0.005929 0.002331 0.999977
10029.233041 -0.002068 -0.003385 -0.032739 -0.000725 0.015577 0.004515 0.999868
10029.266374 -0.002533 -0.005848 -0.022672 -0.000271 0.014340 0.006235 0.999878
10029.299707 -0.003989 0.006986 -0.025731 -0.001194 0.019215 0.009110 0.999773
10029.333040 -0.021752 0.022067 -0.029469 0.003468 0.025664 0.011530 0.999598
10029.366373 -0.014759 0.010343 -0.025855 -0.001046 0.021855 0.007785 0.999730
10029.399706 -0.022172 0.020766 -0.024678 -0.000364 0.017345 0.005806 0.999833
10029.433039 -0.024070 0.009304 -0.023872 -0.004875 0.014743 0.007005 0.999855
10029.466372 -0.021732 0.007863 -0.020803 -0.003344 0.011658 0.008930 0.999887
10029.499705 -0.017566 0.000763 -0.029683 -0.001292 0.008063 0.000472 0.999967
10029.533038 -0.007810 0.017952 -0.025704 0.004431 0.005791 0.001331 0.999973
10029.566371 -0.019583 0.005367 -0.023780 0.001044 0.007498 0.000049 0.999971
10029.599704 -0.017114 0.008884 -0.029501 -0.000277 0.000264 0.001908 0.999998
10029.633037 -0.005890 0.005510 -0.026332 0.001349 -0.000523 -0.000534 0.999999
10029.666370 -0.017101 0.003809 -0.029542 -0.000889 0.004976 -0.000889 0.999987
10029.699703 -0.008489 0.016785 -0.031781 0.001147 -0.000134 0.005628 0.999983
10029.733036 -0.003888 0.007620 -0.027941 -0.001921 -0.001359 0.006546 0.999976
10029.766369 -0.004691 0.009546 -0.022006 0.001817 0.007045 0.006121 0.999955
10029.799702 -0.008163 0.012713 -0.026417 -0.002931 0.004253 0.006699 0.999964
10029.833035 -0.010937 0.001599 -0.020462 -0.005065 0.005890 0.004789 0.999958
10029.866368 -0.009407 0.006810 -0.016375 0.000544 0.014206 0.001728 0.999897
10029.899701 -0.019820 0.003076 -0.014775 -0.002451 0.016947 0.001962 0.999851
10029.933034 -0.021392 -0.001963 -0.015292 -0.000532 0.015727 0.003370 0.999870
10029.966367 -0.030990 -0.008943 -0.010446 0.000085 0.018243 0.005918 0.999816
10029.999700 -0.031067 -0.003370 -0.018964 0.004962 0.018829 0.005715 0.999794
10030.033033 -0.030591 -0.001678 -0.009808 0.007905 0.018236 0.006522 0.999781
10030.066366 -0.039826 -0.003530 -0.003910 0.000061 0.023682 0.010079 0.999669
10030.099699 -0.050810 -0.003820 0.002197 0.001606 0.020821 0.009662 0.999735
10030.133032 -0.040866 0.004670 -0.006229 0.000718 0.011773 0.002539 0.999927
10030.166365 -0.053780 0.013719 -0.008878 -0.003679 0.014664 0.000812 0.999885
10030.199698 -0.036475 -0.001669 -0.003081 -0.001120 0.007180 -0.005920 0.999956
10030.233031 -0.032870 0.010060 -0.009719 0.002955 0.007676 -0.000964 0.999966
10030.266364 -0.028807 0.011708 -0.014668 0.000644 0.006760 -0.000273 0.999977
10030.299697 -0.025560 0.015127 -0.018044 -0.004960 0.000553 0.000929 0.999987
10030.333030 -0.027625 0.017160 -0.019179 -0.014639 -0.001059 0.000143 0.999892
10030.366363 -0.029697 0.009630 -0.012665 -0.016143 -0.001285 0.006240 0.999849
10030.399696 -0.025218 0.004191 -0.026259 -0.005522 0.002537 0.008274 0.999947
10030.433029 -0.017567 0.010874 -0.019912 -0.007276 0.001925 0.010128 0.999920
10030.466362 -0.024021 0.002398 -0.027305 -0.003218 0.000571 0.004885 0.999983
10030.499695 -0.005106 0.005576 -0.023752 -0.001623 0.004726 0.009477 0.999943
10030.533028 -0.013258 0.004290 -0.019939 -0.001037 0.004512 0.004757 0.999978
10030.566361 -0.034681 -0.004326 -0.034477 0.010490 0.018973 -0.004116 0.999756
10030.599694 -0.024718 -0.000833 -0.016280 0.008336 0.017085 0.000534 0.999819
10030.633027 -0.023926 -0.009228 -0.018886 0.005664 0.015491 0.002424 0.999861
10030.666360 -0.021756 -0.004121 -0.021527 0.010855 0.016035 0.000680 0.999812
10030.699693 -0.032699 0.000261 -0.022679 0.012252 0.019596 0.001952 0.999731
10030.733026 -0.033243 -0.002658 -0.018662 0.006514 0.017675 0.003583 0.999816
10030.766359 -0.038003 -0.001123 -0.018821 0.004044 0.014887 0.002717 0.999877
10030.799692 -0.039737 0.000851 -0.014019 0.002952 0.017524 0.001917 0.999840
10030.833025 -0.045456 0.000661 -0.018902 0.003564 0.013825 0.004263 0.999889
10030.866358 -0.036848 0.003329 -0.022936 0.005309 0.006066 0.006380 0.999947
10030.899691 -0.047868 0.008787 -0.024560 0.004614 0.016900 0.011201 0.999784
10030.933024 -0.027292 0.007728 -0.018102 0.003819 0.015048 0.002342 0.999877
10030.966357 -0.027769 0.002339 -0.018471 0.003136 0.017199 -0.000924 0.999847
10030.999690 -0.023664 0.007673 -0.027227 0.007214 0.008084 0.003336 0.999936
10031.033023 -0.021441 0.003039 -0.029233 0.004444 0.003189 0.006155 0.999966
10031.066356 -0.025498 0.003864 -0.032898 -0.000324 0.000514 0.003119 0.999995
10031.099689 -0.031000 0.012330 -0.036511 -0.000821 0.000884 0.002791 0.999995
10031.133022 -0.022962 0.004268 -0.040397 -0.003314 0.000612 0.005238 0.999981
10031.166355 -0.036096 0.050000 -0.062009 0.009962 -0.010105 0.005722 0.999883
10031.199688 -0.024537 0.020442 -0.041597 0.007921 0.001172 0.002620 0.999965
10031.233021 -0.022415 0.023636 -0.035919 -0.002658 -0.001695 -0.000857 0.999995
10031.266354 -0.026304 0.024501 -0.033787 -0.000690 0.003572 -0.002687 0.999990
10031.299687 -0.020140 0.022931 -0.030313 -0.004198 0.002102 0.000435 0.999989
10031.333020 -0.019995 0.027264 -0.029036 -0.001174 0.002448 0.003562 0.999990
10031.366353 -0.020148 0.018615 -0.033556 -0.002095 0.003839 0.000008 0.999990
10031.399686 -0.026110 0.012018 -0.033706 -0.000681 0.005433 0.001148 0.999984
10031.433019 -0.025615 0.028492 -0.038127 -0.000376 -0.003540 0.003035 0.999989
10031.466352 -0.029608 0.029683 -0.039159 -0.004148 -0.001797 -0.001084 0.999989
10031.499685 -0.022110 0.001125 -0.032502 -0.009973 -0.000318 -0.002133 0.999948
10031.533018 -0.014474 0.030220 -0.034540 0.000456 -0.002110 0.004232 0.999989
10031.566351 -0.020092 0.017241 -0.041339 -0.007203 0.017660 0.004887 0.999806
10031.599684 -0.011187 0.016511 -0.033167 0.005519 0.010752 0.000753 0.999927
10031.633017 -0.017250 0.010183 -0.037039 0.002090 0.004062 0.000959 0.999989
10031.666350 0.042148 0.032952 -0.047433 0.000400 -0.009545 0.000098 0.999954
10031.699683 -0.016244 0.018194 -0.036820 -0.003255 0.000111 0.002678 0.999991
10031.733016 0.001190 0.019336 -0.040574 -0.004677 -0.002092 0.003318 0.999981
10031.766349 -0.000281 0.015614 -0.045022 -0.002134 -0.002348 0.001634 0.999994
10031.799682 -0.001622 0.034023 -0.048815 -0.000829 -0.003344 0.006407 0.999974
10031.833015 0.026737 0.007159 -0.051455 -0.004659 -0.014726 0.003124 0.999876
10031.866348 -0.014956 0.019840 -0.046503 0.005478 -0.003914 0.000130 0.999977
10031.899681 0.001864 0.009329 -0.043958 -0.005492 -0.015715 -0.009310 0.999818
10031.933014 0.010159 0.019021 -0.060144 0.013396 -0.005979 -0.016837 0.999751
10031.966347 0.003554 0.001425 -0.033600 0.001434 0.005508 -0.004924 0.999972
10031.999680 0.026136 0.031139 -0.041765 0.007337 0.003433 0.006670 0.999945
10032.033013 0.000392 0.011839 -0.031228 0.002814 0.009747 0.001182 0.999948
10032.066346 0.001559 0.017168 -0.032964 0.000157 0.004632 0.004304 0.999980
10032.099679 -0.001507 0.009189 -0.030679 -0.001041 0.000924 0.002058 0.999997
10032.133012 -0.009485 0.024205 -0.034910 -0.001183 0.000372 0.003776 0.999992
10032.166345 -0.008359 0.004628 -0.039741 -0.004540 -0.004732 -0.001685 0.999977
10032.199678 -0.007090 0.019260 -0.038557 0.000251 -0.009787 -0.003692 0.999945
10032.233011 -0.007508 0.028347 -0.038157 -0.002443 -0.003506 -0.002282 0.999988
10032.266344 0.001919 0.021589 -0.043867 -0.000372 -0.009575 -0.005490 0.999939
10032.299677 0.000837 0.011430 -0.035651 0.004240 -0.009764 -0.008289 0.999909
10032.333010 -0.008890 0.010476 -0.022743 -0.000106 -0.002518 -0.009105 0.999955
10032.366343 0.005042 0.005305 -0.033049 -0.000677 -0.008142 -0.005723 0.999950
10032.399676 0.003356 0.012050 -0.034854 0.002045 -0.005790 -0.005115 0.999968
10032.433009 0.013038 0.015084 -0.032503 0.005041 -0.006885 -0.001618 0.999962
10032.466342 0.015591 -0.002495 -0.037742 0.002815 -0.002996 -0.000996 0.999991
10032.499675 0.021746 0.035190 -0.058076 0.007658 -0.010547 0.001117 0.999914
10032.533008 0.019841 0.021862 -0.033480 0.002190 -0.016016 -0.005798 0.999853
10032.566341 0.022391 0.019252 -0.038692 0.004588 -0.011740 -0.009221 0.999878
10032.599674 0.019968 0.021373 -0.030481 -0.000856 -0.011523 -0.007749 0.999903
10032.633007 0.018075 0.018420 -0.032968 0.003215 -0.009909 -0.007453 0.999918
10032.666340 0.018177 0.013054 -0.028281 0.002663 -0.007014 -0.005751 0.999955
10032.699673 0.014528 0.011327 -0.028226 0.003882 -0.006238 0.000266 0.999973
10032.733006 0.010833 0.008277 -0.030997 0.003178 -0.008467 0.000992 0.999959
10032.766339 0.010831 0.013226 -0.031943 0.005875 -0.005871 -0.001361 0.999965
10032.799672 0.017960 0.024355 -0.047308 -0.002021 -0.008809 -0.009119 0.999918
10032.833005 0.011399 0.021555 -0.034974 -0.002897 -0.009525 -0.004586 0.999940
10032.866338 0.014078 0.025242 -0.037838 -0.005832 -0.013925 -0.001320 0.999885
10032.899671 0.019587 0.019441 -0.038482 -0.004411 -0.015193 0.001170 0.999874
10032.933004 0.022025 0.019038 -0.033532 -0.003935 -0.006464 0.004331 0.999962
10032.966337 0.019985 0.012514 -0.033284 0.003349 -0.014342 0.003975 0.999884
10032.999670 0.017973 0.012394 -0.025868 -0.007351 -0.006182 -0.000528 0.999954
10033.033003 0.024433 0.014896 -0.040166 0.004408 -0.014993 0.004531 0.999868
10033.066336 0.021064 0.023947 -0.026406 -0.001821 -0.014920 -0.004949 0.999875
10033.099669 0.026652 0.013250 -0.024053 -0.008166 -0.013382 -0.008605 0.999840
10033.133002 0.026097 0.015954 -0.026493 -0.001089 -0.017558 -0.010921 0.999786
10033.166335 0.040077 0.011485 -0.017147 -0.015083 -0.023442 -0.018692 0.999437
10033.199668 0.068155 0.014942 -0.024708 0.006012 -0.038016 -0.032878 0.998718
10033.233001 0.058327 0.006365 -0.012360 0.010951 -0.035069 -0.017263 0.999176
10033.266334 0.064064 0.005934 -0.012174 0.024664 -0.042156 -0.017208 0.998658
10033.299667 0.028098 -0.012390 0.036712 0.015106 -0.024544 -0.023374 0.999311
10033.333000 0.047506 0.001651 0.013381 0.010521 -0.013921 -0.017594 0.999693
10033.366333 0.065366 0.000708 0.022516 0.007272 -0.024646 -0.018417 0.999500
10033.399666 0.042978 0.000901 0.023395 -0.009514 -0.015955 -0.008300 0.999793
10033.432999 0.041552 -0.012002 0.030457 -0.013198 -0.006732 -0.006071 0.999872
10033.466332 0.039064 -0.014708 0.034106 -0.007045 0.002195 -0.004660 0.999962
10033.499665 0.042714 -0.026383 0.036999 -0.004620 0.004820 -0.000770 0.999977
10033.532998 0.041610 -0.037264 0.034729 -0.002065 -0.000365 0.001717 0.999996
10033.566331 0.051659 -0.034607 0.051569 0.006272 -0.006709 -0.007028 0.999933
10033.599664 0.027473 -0.014836 0.032395 0.014501 -0.008488 -0.009867 0.999810
10033.632997 0.025866 -0.005606 0.030910 0.016966 -0.008328 -0.013853 0.999725
10033.666330 0.036572 -0.000877 0.031177 0.009800 -0.011933 -0.006691 0.999858
10033.699663 0.024060 -0.011334 0.033461 -0.005735 -0.008606 0.002281 0.999944
10033.732996 0.023381 -0.017452 0.034041 -0.009744 -0.012128 -0.000243 0.999879
10033.766329 0.033430 -0.029598 0.046702 -0.005096 -0.018092 -0.004055 0.999815
10033.799662 0.019146 -0.017742 0.032132 0.000321 -0.016573 -0.006912 0.999839
10033.832995 0.035778 -0.026459 0.028373 -0.008534 -0.021372 -0.010597 0.999679
10033.866328 0.011154 -0.014850 0.031506 -0.005327 -0.016859 -0.010735 0.999786
10033.899661 0.002902 -0.018089 0.031533 0.002499 -0.010804 -0.011087 0.999877
10033.932994 0.007583 -0.014327 0.036029 0.014975 -0.005676 -0.008673 0.999834
10033.966327 0.009524 -0.013025 0.050250 0.018989 -0.016541 -0.003381 0.999677
10033.999660 0.011373 -0.028892 0.030154 0.001750 -0.016407 -0.005424 0.999849
10034.032993 -0.019206 -0.036500 0.029713 -0.000142 -0.008293 -0.009118 0.999924
10034.066326 0.000057 -0.024131 0.031320 0.000958 -0.007830 -0.008369 0.999934
10034.099659 -0.017472 -0.025434 0.033509 0.007083 -0.004723 -0.008869 0.999924
10034.132992 -0.011958 -0.023152 0.031644 0.000471 -0.010733 -0.007407 0.999915
10034.166325 0.000209 -0.005148 0.042892 -0.001500 -0.007897 -0.003319 0.999962
10034.199658 -0.033080 -0.030560 0.037129 0.002315 -0.005828 -0.000771 0.999980
10034.232991 -0.001056 -0.020648 0.029354 0.008104 -0.012957 -0.005553 0.999868
10034.266324 -0.007812 -0.008316 0.032838 0.002520 -0.002858 -0.007378 0.999966
10034.299657 -0.015243 -0.018433 0.049771 -0.005368 -0.001262 -0.007697 0.999955
10034.332990 -0.017209 0.006771 0.030101 0.003331 -0.005158 -0.004176 0.999972
10034.366323 -0.011126 -0.021753 0.033199 -0.009757 -0.006263 -0.006736 0.999910
10034.399656 -0.006521 -0.005126 0.026968 -0.000110 -0.007025 -0.003028 0.999971
10034.432989 0.000876 -0.014933 0.022846 -0.007453 -0.003672 0.002292 0.999963
10034.466322 -0.003212 -0.019439 0.030063 -0.007716 -0.003007 0.001316 0.999965
10034.499655 0.019463 -0.011113 0.027627 -0.003463 -0.006456 -0.001965 0.999971
10034.532988 0.000712 -0.005693 0.024963 -0.000683 0.001251 0.000384 0.999999
10034.566321 0.006142 -0.008648 0.030179 -0.011260 0.003749 0.003351 0.999924
10034.599654 -0.010671 -0.018783 0.037940 -0.006514 0.004116 0.000707 0.999970
10034.632987 -0.001153 0.002972 0.018875 -0.002871 -0.002984 0.002114 0.999989
10034.666320 -0.014205 -0.003557 0.023878 -0.006193 -0.001437 -0.000202 0.999980
10034.699653 -0.011259 0.018838 0.013248 -0.003104 -0.001335 -0.006444 0.999974
10034.732986 -0.012516 -0.012011 0.018992 -0.016425 -0.002410 -0.003589 0.999856
10034.766319 -0.028621 0.006502 0.008323 -0.002807 0.004800 -0.001929 0.999983
10034.766319 -0.000000 0.000000 0.000000 -0.000000 0.000000 -0.000000 1.000000
10034.766319 -0.000000 0.000000 0.000000 -0.000000 0.000000 -0.000000 1.000000
