10000.000000000 0.000000 0.000000 0.000000 0.000000 0.000000 0.000000 1.000000
10000.033333000 0.010444 0.003559 -0.001946 0.002280 -0.004351 -0.001568 0.999987
10000.066666000 0.020712 0.007535 -0.002817 0.004214 -0.008841 -0.003736 0.999945
10000.099999000 0.031897 0.011168 -0.003362 0.005993 -0.013535 -0.005885 0.999873
10000.133332000 0.042222 0.014336 -0.003964 0.007376 -0.018053 -0.008493 0.999774
10000.166665000 0.052284 0.017228 -0.004198 0.008721 -0.022335 -0.010986 0.999652
10000.199998000 0.063100 0.020552 -0.004538 0.009992 -0.026975 -0.014181 0.999486
10000.233331000 0.073434 0.022896 -0.004103 0.010911 -0.031330 -0.017145 0.999302
10000.266664000 0.082612 0.026771 -0.003686 0.012152 -0.035383 -0.020529 0.999089
10000.299997000 0.091753 0.028778 -0.003371 0.012687 -0.039228 -0.023238 0.998879
10000.333330000 0.110899 0.033877 -0.002499 0.014234 -0.047604 -0.030192 0.998308
10000.366663000 0.119737 0.035763 -0.002294 0.014780 -0.051270 -0.032856 0.998035
10000.399996000 0.127344 0.039705 -0.002034 0.016070 -0.054604 -0.035785 0.997737
10000.433329000 0.136406 0.042204 -0.001402 0.017119 -0.058294 -0.038320 0.997417
10000.466662000 0.145203 0.043814 -0.001929 0.017926 -0.061890 -0.040860 0.997085
10000.499995000 0.154390 0.046783 -0.002171 0.019388 -0.065562 -0.042806 0.996741
10000.533328000 0.163100 0.050144 -0.002876 0.020925 -0.069073 -0.044611 0.996394
10000.566661000 0.171760 0.053117 -0.003503 0.022571 -0.072533 -0.045881 0.996054
10000.599994000 0.180494 0.056743 -0.004536 0.024508 -0.076085 -0.047125 0.995686
10000.633327000 0.189227 0.059802 -0.006429 0.026682 -0.079419 -0.047739 0.995340
10000.666660000 0.205573 0.067986 -0.009001 0.032347 -0.086134 -0.047268 0.994636
10000.699993000 0.213842 0.072049 -0.011790 0.035300 -0.089383 -0.046689 0.994276
10000.733326000 0.222053 0.075925 -0.014303 0.038775 -0.092666 -0.046053 0.993876
10000.766659000 0.230197 0.080151 -0.016199 0.042745 -0.095957 -0.045315 0.993434
10000.799992000 0.238727 0.084197 -0.019087 0.046592 -0.099275 -0.045026 0.992948
10000.833325000 0.247193 0.087636 -0.020211 0.050727 -0.102747 -0.045358 0.992377
10000.866658000 0.256409 0.090281 -0.020302 0.055291 -0.106388 -0.046185 0.991711
10000.899991000 0.264950 0.092342 -0.020937 0.059696 -0.109617 -0.048401 0.990998
10000.933324000 0.274692 0.093993 -0.019124 0.064594 -0.113351 -0.051637 0.990107
10000.966657000 0.284795 0.094700 -0.016830 0.069138 -0.117410 -0.056099 0.989084
10000.999990000 0.306672 0.093084 -0.007367 0.079413 -0.125204 -0.069812 0.986481
10001.033323000 0.316565 0.090136 -0.001718 0.084065 -0.128716 -0.078998 0.984949
10001.066656000 0.328920 0.086885 0.005273 0.088894 -0.133050 -0.088723 0.983119
10001.099989000 0.340798 0.083640 0.012720 0.093865 -0.137385 -0.099073 0.981070
10001.133322000 0.352988 0.078421 0.019807 0.097838 -0.141927 -0.109601 0.978914
10001.166655000 0.365321 0.073456 0.025841 0.101552 -0.146747 -0.120375 0.976556
10001.199988000 0.375220 0.068807 0.033224 0.105353 -0.151269 -0.130283 0.974189
10001.233321000 0.385839 0.062454 0.037456 0.107515 -0.156571 -0.139900 0.971779
10001.266654000 0.394084 0.057384 0.041203 0.109399 -0.161632 -0.148972 0.969389
10001.299987000 0.403207 0.051362 0.042268 0.110091 -0.167330 -0.157057 0.967064
10001.333320000 0.420617 0.040324 0.040020 0.108678 -0.181411 -0.171059 0.962298
10001.366653000 0.428878 0.036574 0.035235 0.106684 -0.189512 -0.176538 0.959968
10001.399986000 0.436492 0.033579 0.028354 0.103941 -0.197618 -0.181558 0.957695
10001.433319000 0.444747 0.029353 0.021036 0.100558 -0.206626 -0.186053 0.955290
10001.466652000 0.452579 0.028863 0.011855 0.097113 -0.215826 -0.189819 0.952868
10001.499985000 0.460925 0.028254 0.003217 0.093983 -0.225028 -0.193017 0.950407
10001.533318000 0.469300 0.027612 -0.006211 0.090698 -0.234443 -0.195968 0.947843
10001.566651000 0.478285 0.027022 -0.016588 0.087006 -0.243358 -0.198273 0.945460
10001.599984000 0.489715 0.027458 -0.026653 0.084249 -0.252789 -0.200450 0.942772
10001.633317000 0.502895 0.028233 -0.034830 0.082767 -0.262120 -0.201992 0.940022
10001.666650000 0.533327 0.032890 -0.049622 0.082489 -0.278750 -0.203753 0.934868
10001.699983000 0.550060 0.035422 -0.053425 0.084141 -0.285891 -0.204556 0.932386
10001.733316000 0.567893 0.041084 -0.058326 0.087548 -0.292235 -0.204511 0.930113
10001.766649000 0.586973 0.046170 -0.062419 0.090398 -0.298445 -0.204358 0.927899
10001.799982000 0.606617 0.051133 -0.065720 0.094234 -0.303764 -0.203881 0.925894
10001.833315000 0.626590 0.057425 -0.066608 0.098636 -0.309036 -0.203654 0.923738
10001.866648000 0.645374 0.064197 -0.067924 0.103678 -0.313198 -0.202786 0.921974
10001.899981000 0.664655 0.069902 -0.067494 0.108033 -0.317841 -0.202295 0.919990
10001.933314000 0.680384 0.074875 -0.067887 0.111972 -0.321132 -0.201445 0.918562
10001.966647000 0.696062 0.080156 -0.067487 0.115768 -0.324389 -0.200751 0.917098
10001.999980000 0.723345 0.091878 -0.066640 0.122895 -0.330132 -0.199506 0.914389
10002.033313000 0.734541 0.096885 -0.065577 0.125977 -0.333094 -0.198681 0.913074
10002.066646000 0.743167 0.100180 -0.065274 0.127735 -0.335559 -0.198210 0.912029
10002.099979000 0.751746 0.103953 -0.064021 0.129415 -0.338135 -0.197697 0.910951
10002.133312000 0.759326 0.106322 -0.064541 0.130752 -0.340089 -0.197308 0.910117
10002.166645000 0.765484 0.108170 -0.065644 0.131794 -0.342134 -0.196690 0.909334
10002.199978000 0.773271 0.110566 -0.066338 0.132795 -0.344274 -0.196536 0.908413
10002.233311000 0.780798 0.112374 -0.068088 0.133355 -0.346088 -0.196493 0.907651
10002.266644000 0.788677 0.113385 -0.070708 0.134105 -0.347692 -0.196365 0.906955
10002.299977000 0.797339 0.113191 -0.075096 0.134156 -0.349231 -0.196721 0.906279
10002.333310000 0.819250 0.114076 -0.087933 0.134448 -0.351238 -0.196943 0.905411
10002.366643000 0.831185 0.111976 -0.096017 0.133899 -0.351822 -0.197871 0.905063
10002.399976000 0.845087 0.110666 -0.104422 0.134064 -0.352780 -0.198511 0.904526
10002.433309000 0.857785 0.110457 -0.114639 0.133826 -0.352951 -0.198829 0.904424
10002.466642000 0.871186 0.109093 -0.124546 0.133407 -0.353243 -0.199823 0.904153
10002.499975000 0.883134 0.106195 -0.132975 0.132420 -0.353909 -0.200550 0.903877
10002.533308000 0.892925 0.103110 -0.140601 0.131141 -0.354698 -0.201443 0.903555
10002.566641000 0.903889 0.102230 -0.153262 0.129521 -0.355070 -0.202283 0.903455
10002.599974000 0.910729 0.100786 -0.162564 0.127771 -0.355338 -0.202640 0.903519
10002.633307000 0.914405 0.097153 -0.165529 0.125624 -0.356812 -0.203617 0.903019
10002.666640000 0.913129 0.092443 -0.172498 0.119943 -0.359833 -0.205359 0.902198
10002.699973000 0.909450 0.090536 -0.173626 0.116563 -0.361773 -0.206300 0.901651
10002.733306000 0.901950 0.089975 -0.175179 0.113118 -0.363119 -0.207247 0.901331
10002.766639000 0.893430 0.087458 -0.172894 0.109615 -0.364711 -0.208242 0.900891
10002.799972000 0.883763 0.085929 -0.170913 0.106838 -0.365240 -0.209224 0.900783
10002.833305000 0.872231 0.084692 -0.168689 0.104423 -0.364925 -0.209850 0.901048
10002.866638000 0.860607 0.082390 -0.165239 0.102877 -0.363122 -0.209889 0.901945
10002.899971000 0.848464 0.079624 -0.160685 0.102486 -0.360086 -0.210181 0.903138
10002.933304000 0.837488 0.075979 -0.155755 0.103221 -0.355538 -0.210151 0.904862
10002.966637000 0.828646 0.072347 -0.152267 0.105849 -0.348721 -0.209242 0.907418
10002.999970000 0.812881 0.062062 -0.145866 0.116196 -0.328388 -0.206710 0.914293
10003.033303000 0.807767 0.056098 -0.143083 0.123684 -0.315811 -0.205035 0.918110
10003.066636000 0.802862 0.049661 -0.140564 0.132243 -0.301582 -0.202991 0.922147
10003.099969000 0.800144 0.042799 -0.138736 0.141137 -0.287353 -0.201322 0.925731
10003.133302000 0.798218 0.035310 -0.137890 0.149895 -0.272951 -0.200077 0.928977
10003.166635000 0.795861 0.029248 -0.136383 0.158724 -0.259081 -0.198466 0.931824
10003.199968000 0.795173 0.022106 -0.135137 0.166667 -0.246230 -0.197735 0.934074
10003.233301000 0.794265 0.015948 -0.134238 0.173814 -0.234529 -0.197131 0.935908
10003.266634000 0.792574 0.010677 -0.133530 0.180183 -0.223715 -0.196387 0.937506
10003.299967000 0.790925 0.005060 -0.133961 0.185004 -0.214746 -0.196067 0.938731
10003.333300000 0.781566 -0.002860 -0.133076 0.191479 -0.201093 -0.195591 0.940554
10003.366633000 0.774979 -0.006101 -0.132857 0.192925 -0.196339 -0.195089 0.941367
10003.399966000 0.766521 -0.008225 -0.132965 0.193416 -0.192664 -0.194738 0.942098
10003.433299000 0.760419 -0.009658 -0.133390 0.193313 -0.190233 -0.194441 0.942674
10003.466632000 0.748338 -0.012638 -0.132017 0.192127 -0.188100 -0.193773 0.943482
10003.499965000 0.740187 -0.013504 -0.131687 0.190841 -0.187062 -0.193431 0.944019
10003.533298000 0.730387 -0.015113 -0.130460 0.188872 -0.186652 -0.193389 0.944505
10003.566631000 0.720547 -0.017909 -0.128446 0.186395 -0.186515 -0.193154 0.945072
10003.599964000 0.710750 -0.020584 -0.126599 0.183902 -0.186407 -0.192889 0.945635
10003.633297000 0.701241 -0.023924 -0.124321 0.181203 -0.186402 -0.192711 0.946194
10003.666630000 0.682751 -0.033632 -0.116490 0.175887 -0.186412 -0.192755 0.947185
10003.699963000 0.674111 -0.040412 -0.111745 0.173338 -0.186049 -0.192767 0.947724
10003.733296000 0.666483 -0.048090 -0.105167 0.170988 -0.185768 -0.192745 0.948210
10003.766629000 0.658956 -0.055555 -0.097848 0.169079 -0.185425 -0.193039 0.948560
10003.799962000 0.652671 -0.063944 -0.091087 0.166938 -0.185106 -0.193368 0.948934
10003.833295000 0.647775 -0.074540 -0.083617 0.164570 -0.184959 -0.193809 0.949287
10003.866628000 0.640277 -0.084684 -0.075155 0.162431 -0.184596 -0.194593 0.949565
10003.899961000 0.633876 -0.095069 -0.067437 0.160435 -0.183737 -0.194763 0.950036
10003.933294000 0.627845 -0.104988 -0.059375 0.158435 -0.183440 -0.195524 0.950273
10003.966627000 0.620095 -0.116025 -0.051079 0.156080 -0.182858 -0.196322 0.950610
10003.999960000 0.610186 -0.136481 -0.035095 0.151804 -0.182485 -0.197222 0.951188
10004.033293000 0.602528 -0.146571 -0.028930 0.149284 -0.181907 -0.198040 0.951528
10004.066626000 0.597890 -0.155872 -0.021852 0.146785 -0.182073 -0.198676 0.951752
10004.099959000 0.591353 -0.164531 -0.015676 0.144469 -0.181528 -0.198977 0.952147
10004.133292000 0.585705 -0.173460 -0.008715 0.142019 -0.181477 -0.199545 0.952407
10004.166625000 0.578734 -0.182695 -0.003197 0.139005 -0.181103 -0.200141 0.952797
10004.199958000 0.571947 -0.191946 0.002821 0.136011 -0.180817 -0.200788 0.953148
10004.233291000 0.564419 -0.200295 0.008518 0.133327 -0.179733 -0.200533 0.953785
10004.266624000 0.556792 -0.209444 0.015184 0.130266 -0.179257 -0.201066 0.954186
10004.299957000 0.548462 -0.217904 0.020238 0.127185 -0.178310 -0.201493 0.954688
10004.333290000 0.529769 -0.238473 0.033034 0.119800 -0.176331 -0.202497 0.955798
10004.366623000 0.519140 -0.247821 0.042029 0.116710 -0.174982 -0.202788 0.956367
10004.399956000 0.509577 -0.257051 0.049242 0.113303 -0.173591 -0.202898 0.957006
10004.433289000 0.499258 -0.266987 0.057901 0.109902 -0.172246 -0.203150 0.957592
10004.466622000 0.490066 -0.277047 0.065011 0.106388 -0.171194 -0.203600 0.958082
10004.499955000 0.481621 -0.286104 0.072457 0.103121 -0.170230 -0.203889 0.958549
10004.533288000 0.474130 -0.294695 0.079717 0.100042 -0.169440 -0.204375 0.958912
10004.566621000 0.468879 -0.304128 0.085280 0.096693 -0.169260 -0.205107 0.959131
10004.599954000 0.466723 -0.312999 0.092492 0.094154 -0.170004 -0.206077 0.959044
10004.633287000 0.464847 -0.321107 0.097606 0.091499 -0.170819 -0.207178 0.958919
10004.666620000 0.472765 -0.335473 0.105533 0.087592 -0.175723 -0.210428 0.957689
10004.699953000 0.480394 -0.342261 0.109676 0.086162 -0.179334 -0.212364 0.956722
10004.733286000 0.489454 -0.347229 0.112577 0.085421 -0.183261 -0.214398 0.955590
10004.766619000 0.501418 -0.352777 0.116325 0.084782 -0.188155 -0.216767 0.954160
10004.799952000 0.513892 -0.357058 0.118791 0.084457 -0.192840 -0.218846 0.952778
10004.833285000 0.528654 -0.359550 0.121493 0.084908 -0.198078 -0.221026 0.951159
10004.866618000 0.540549 -0.362863 0.127211 0.085362 -0.203076 -0.223075 0.949585
10004.899951000 0.552222 -0.365836 0.132282 0.085793 -0.207906 -0.224982 0.948050
10004.933284000 0.562542 -0.367510 0.138088 0.086722 -0.212457 -0.226830 0.946514
10004.966617000 0.572915 -0.368989 0.145865 0.087782 -0.217081 -0.228561 0.944950
10004.999950000 0.587690 -0.372874 0.164720 0.089299 -0.224961 -0.231423 0.942264
10005.033283000 0.591058 -0.374580 0.175080 0.089886 -0.227928 -0.232622 0.941199
10005.066616000 0.592207 -0.377314 0.185748 0.089961 -0.230443 -0.233588 0.940340
10005.099949000 0.593066 -0.379257 0.197990 0.090378 -0.233009 -0.234553 0.939427
10005.133282000 0.592238 -0.381558 0.210726 0.090602 -0.235205 -0.235488 0.938624
10005.166615000 0.590572 -0.384074 0.225360 0.090711 -0.237466 -0.236362 0.937824
10005.199948000 0.588280 -0.386372 0.238977 0.090805 -0.239366 -0.237186 0.937124
10005.233281000 0.585368 -0.388770 0.252922 0.090869 -0.241237 -0.237865 0.936466
10005.266614000 0.583590 -0.391217 0.266946 0.090991 -0.243415 -0.238712 0.935674
10005.299947000 0.579841 -0.394122 0.279884 0.090692 -0.244967 -0.239486 0.935100
10005.333280000 0.575850 -0.400167 0.304658 0.090175 -0.248990 -0.241396 0.933595
10005.366613000 0.574615 -0.403252 0.316020 0.089897 -0.251221 -0.242350 0.932777
10005.399946000 0.575046 -0.406919 0.326786 0.089535 -0.253925 -0.243550 0.931766
10005.433279000 0.575510 -0.410731 0.337145 0.089106 -0.256655 -0.244801 0.930731
10005.466612000 0.575171 -0.414192 0.348012 0.088816 -0.259312 -0.245929 0.929725
10005.499945000 0.576066 -0.418327 0.358721 0.088241 -0.262308 -0.247362 0.928558
10005.533278000 0.577644 -0.421673 0.369066 0.088130 -0.265540 -0.248661 0.927302
10005.566611000 0.578064 -0.425527 0.379079 0.087644 -0.268423 -0.249877 0.926191
10005.599944000 0.579951 -0.429133 0.389829 0.087467 -0.271856 -0.251165 0.924857
10005.633277000 0.581447 -0.432112 0.401365 0.087555 -0.275270 -0.252302 0.923528
10005.666610000 0.581382 -0.436744 0.424607 0.087997 -0.281370 -0.254534 0.921032
10005.699943000 0.581516 -0.439560 0.437806 0.088269 -0.284936 -0.255623 0.919607
10005.733276000 0.581846 -0.441252 0.451673 0.089063 -0.288551 -0.256447 0.918173
10005.766609000 0.580829 -0.443504 0.465690 0.089010 -0.292203 -0.257078 0.916845
10005.799942000 0.580334 -0.444830 0.479020 0.089802 -0.295614 -0.258099 0.915387
10005.833275000 0.580136 -0.447777 0.492189 0.090012 -0.299444 -0.259324 0.913774
10005.866608000 0.579766 -0.449948 0.505326 0.090532 -0.303144 -0.260235 0.912242
10005.899941000 0.580112 -0.452096 0.517592 0.090945 -0.306784 -0.261316 0.910674
10005.933274000 0.580205 -0.454592 0.529181 0.091163 -0.310345 -0.262453 0.909117
10005.966607000 0.581289 -0.458268 0.539825 0.091206 -0.313632 -0.263907 0.907562
10005.999940000 0.582778 -0.465510 0.556488 0.090044 -0.320126 -0.266709 0.904587
10006.033273000 0.584989 -0.469744 0.563391 0.089626 -0.323128 -0.268553 0.903014
10006.066606000 0.587464 -0.474947 0.568944 0.088384 -0.325953 -0.270190 0.901632
10006.099939000 0.589718 -0.480956 0.574060 0.086757 -0.329110 -0.272684 0.899891
10006.133272000 0.593816 -0.487833 0.578942 0.085045 -0.332466 -0.274595 0.898238
10006.166605000 0.597090 -0.494715 0.582056 0.082880 -0.335550 -0.277252 0.896476
10006.199938000 0.600369 -0.502330 0.584584 0.080247 -0.338561 -0.279674 0.894829
10006.233271000 0.604186 -0.510247 0.588592 0.077632 -0.342190 -0.282158 0.892898
10006.266604000 0.607779 -0.517729 0.590573 0.074575 -0.345578 -0.284343 0.891159
10006.299937000 0.610590 -0.523952 0.591442 0.071755 -0.348335 -0.286636 0.889581
10006.333270000 0.615025 -0.540433 0.597190 0.064561 -0.355388 -0.290922 0.885943
10006.366603000 0.617432 -0.547750 0.600788 0.061019 -0.359081 -0.292800 0.884084
10006.399936000 0.618779 -0.555903 0.604261 0.057166 -0.362806 -0.295112 0.882050
10006.433269000 0.620340 -0.562855 0.608737 0.054197 -0.366657 -0.297415 0.879869
10006.466602000 0.622992 -0.570435 0.612254 0.050714 -0.370533 -0.299211 0.877842
10006.499935000 0.625646 -0.576762 0.615851 0.048141 -0.373939 -0.301275 0.875834
10006.533268000 0.627821 -0.583485 0.621053 0.046259 -0.377423 -0.303537 0.873657
10006.566601000 0.630349 -0.590537 0.626286 0.044440 -0.380511 -0.305502 0.871725
10006.599934000 0.634959 -0.596379 0.631753 0.044113 -0.383716 -0.307851 0.869508
10006.633267000 0.639264 -0.602661 0.637470 0.044130 -0.386519 -0.310461 0.867335
10006.666600000 0.654111 -0.610221 0.647739 0.049503 -0.390669 -0.315766 0.863261
10006.699933000 0.662411 -0.613558 0.653167 0.053676 -0.392057 -0.318437 0.861399
10006.733266000 0.670841 -0.617269 0.658978 0.058250 -0.393219 -0.321726 0.859347
10006.766599000 0.681190 -0.620744 0.664844 0.064149 -0.394233 -0.324505 0.857416
10006.799932000 0.692572 -0.624183 0.668919 0.069496 -0.395087 -0.327905 0.855310
10006.833265000 0.704052 -0.627277 0.673067 0.075272 -0.395564 -0.330964 0.853420
10006.866598000 0.716028 -0.631266 0.676958 0.080883 -0.395990 -0.334498 0.851329
10006.899931000 0.728820 -0.634938 0.679958 0.086218 -0.396773 -0.337744 0.849157
10006.933264000 0.742591 -0.639623 0.681831 0.090836 -0.397807 -0.341410 0.846722
10006.966597000 0.755442 -0.645918 0.683664 0.093702 -0.399044 -0.344836 0.844436
10006.999930000 0.785620 -0.659596 0.681224 0.097903 -0.403389 -0.352359 0.838770
10007.033263000 0.800298 -0.668649 0.678564 0.098046 -0.406060 -0.356450 0.835731
10007.066596000 0.815152 -0.677148 0.674301 0.097740 -0.409110 -0.359693 0.832885
10007.099929000 0.829852 -0.687156 0.671020 0.096366 -0.412301 -0.362538 0.830233
10007.133262000 0.844427 -0.697071 0.667107 0.094716 -0.416087 -0.365130 0.827394
10007.166595000 0.859428 -0.707633 0.661344 0.092179 -0.419257 -0.367209 0.825157
10007.199928000 0.873382 -0.716375 0.656914 0.090304 -0.422861 -0.368769 0.822826
10007.233261000 0.886912 -0.725395 0.651826 0.087772 -0.426233 -0.369505 0.821028
10007.266594000 0.899453 -0.733145 0.646061 0.085917 -0.428799 -0.369334 0.819965
10007.299927000 0.911249 -0.740810 0.641117 0.083436 -0.431813 -0.368417 0.819051
10007.333260000 0.935226 -0.750782 0.632370 0.081011 -0.436283 -0.364227 0.818800
10007.366593000 0.944613 -0.753112 0.629710 0.080703 -0.437547 -0.360908 0.819625
10007.399926000 0.954479 -0.753830 0.626141 0.080524 -0.438695 -0.357580 0.820487
10007.433259000 0.964257 -0.754018 0.623826 0.080937 -0.439927 -0.353877 0.821392
10007.466592000 0.973703 -0.752380 0.622998 0.082372 -0.441154 -0.350613 0.821991
10007.499925000 0.981896 -0.749570 0.622168 0.083960 -0.442210 -0.347824 0.822447
10007.533258000 0.989532 -0.746301 0.622192 0.086242 -0.443052 -0.346587 0.822280
10007.566591000 0.997425 -0.741076 0.622979 0.089181 -0.444318 -0.346255 0.821423
10007.599924000 1.004581 -0.736278 0.625674 0.092956 -0.445771 -0.347704 0.819603
10007.633257000 1.011739 -0.730238 0.628091 0.097091 -0.447083 -0.351059 0.816975
10007.666590000 1.027860 -0.713446 0.639185 0.109292 -0.450580 -0.363850 0.807865
10007.699923000 1.035399 -0.706154 0.645391 0.115550 -0.452622 -0.373628 0.801363
10007.733256000 1.042700 -0.697756 0.653506 0.122970 -0.454908 -0.384621 0.793727
10007.766589000 1.050103 -0.688659 0.660404 0.130487 -0.456548 -0.396541 0.785680
10007.799922000 1.057384 -0.680230 0.670649 0.138224 -0.459023 -0.408761 0.776599
10007.833255000 1.063897 -0.672603 0.679623 0.145653 -0.460833 -0.421526 0.767290
10007.866588000 1.071776 -0.664347 0.688730 0.153614 -0.462590 -0.433369 0.758027
10007.899921000 1.077689 -0.657233 0.695009 0.160407 -0.463742 -0.444845 0.749217
10007.933254000 1.083510 -0.649874 0.701241 0.166948 -0.464307 -0.455118 0.741226
10007.966587000 1.090339 -0.644326 0.706361 0.172356 -0.465062 -0.463650 0.734193
10007.999920000 1.102383 -0.634388 0.713574 0.180395 -0.465722 -0.475730 0.724045
10008.033253000 1.108990 -0.631283 0.715932 0.183056 -0.466038 -0.478933 0.721057
10008.066586000 1.114208 -0.629073 0.716670 0.184480 -0.466084 -0.480716 0.719476
10008.099919000 1.121199 -0.627792 0.716565 0.185384 -0.466403 -0.481267 0.718668
10008.133252000 1.127851 -0.625685 0.715838 0.186133 -0.466689 -0.480162 0.719027
10008.166585000 1.135681 -0.623962 0.714203 0.186601 -0.466991 -0.478041 0.720123
10008.199918000 1.144951 -0.622075 0.711018 0.187225 -0.466984 -0.475485 0.721656
10008.233251000 1.154214 -0.619554 0.709546 0.188418 -0.467603 -0.471915 0.723286
10008.266584000 1.164306 -0.617548 0.706844 0.189425 -0.468368 -0.467921 0.725120
10008.299917000 1.176506 -0.613137 0.703714 0.191596 -0.469014 -0.463640 0.726880
10008.333250000 1.206318 -0.600952 0.698993 0.199054 -0.471437 -0.454357 0.729167
10008.366583000 1.223773 -0.592386 0.696128 0.203963 -0.472741 -0.449336 0.730077
10008.399916000 1.241739 -0.584875 0.695068 0.209604 -0.474479 -0.444989 0.730014
10008.433249000 1.259416 -0.576594 0.693629 0.215123 -0.476216 -0.440676 0.729894
10008.466582000 1.279608 -0.568147 0.691472 0.221218 -0.477788 -0.437146 0.729167
10008.499915000 1.300660 -0.559602 0.690963 0.227440 -0.479900 -0.433093 0.728284
10008.533248000 1.315482 -0.553811 0.688517 0.232426 -0.481441 -0.430313 0.727340
10008.566581000 1.334436 -0.547491 0.686693 0.238034 -0.482922 -0.427927 0.725950
10008.599914000 1.349375 -0.544743 0.686000 0.241688 -0.484783 -0.425862 0.724717
10008.633247000 1.365204 -0.543092 0.683949 0.245196 -0.486476 -0.424730 0.723066
10008.666580000 1.388835 -0.545745 0.680462 0.248731 -0.489095 -0.423480 0.720821
10008.699913000 1.397329 -0.552311 0.677377 0.248121 -0.490525 -0.424155 0.719662
10008.733246000 1.405136 -0.558383 0.674021 0.246956 -0.491402 -0.424813 0.719076
10008.766579000 1.412302 -0.567501 0.670447 0.244988 -0.492583 -0.425979 0.718251
10008.799912000 1.417403 -0.579176 0.667231 0.242216 -0.493803 -0.427836 0.717249
10008.833245000 1.420593 -0.592629 0.664888 0.238746 -0.495170 -0.429968 0.716194
10008.866578000 1.422170 -0.607944 0.661287 0.234195 -0.496291 -0.432432 0.715437
10008.899911000 1.425887 -0.623237 0.657759 0.230183 -0.497255 -0.435091 0.714457
10008.933244000 1.427063 -0.639104 0.654123 0.225977 -0.498409 -0.437844 0.713313
10008.966577000 1.429502 -0.656562 0.650596 0.221049 -0.499801 -0.440524 0.712232
10008.999910000 1.432545 -0.691789 0.644033 0.211876 -0.502409 -0.446328 0.709567
10009.033243000 1.436531 -0.709355 0.639967 0.207666 -0.503801 -0.449209 0.708005
10009.066576000 1.441159 -0.726545 0.635817 0.203205 -0.505254 -0.451286 0.706942
10009.099909000 1.446990 -0.743132 0.634080 0.199824 -0.507117 -0.453641 0.705062
10009.133242000 1.453221 -0.758098 0.632556 0.196925 -0.508821 -0.455620 0.703372
10009.166575000 1.460307 -0.773283 0.630845 0.194393 -0.510507 -0.458131 0.701220
10009.199908000 1.467755 -0.787702 0.630173 0.192111 -0.512554 -0.459734 0.699304
10009.233241000 1.474248 -0.801289 0.629971 0.189769 -0.514389 -0.461224 0.697613
10009.266574000 1.482706 -0.813009 0.632367 0.188412 -0.516780 -0.462091 0.695637
10009.299907000 1.490901 -0.824246 0.635211 0.187078 -0.519058 -0.463078 0.693642
10009.333240000 1.511694 -0.845375 0.643936 0.185319 -0.524529 -0.463563 0.689663
10009.366573000 1.521543 -0.852212 0.649786 0.185455 -0.527183 -0.463174 0.687862
10009.399906000 1.532281 -0.858671 0.657067 0.185593 -0.529987 -0.462567 0.686076
10009.433239000 1.543075 -0.864159 0.663022 0.185672 -0.532487 -0.461702 0.684701
10009.466572000 1.554427 -0.869234 0.669736 0.185909 -0.535119 -0.460648 0.683292
10009.499905000 1.566913 -0.873209 0.674363 0.186324 -0.537326 -0.459548 0.682188
10009.533238000 1.578099 -0.876172 0.679225 0.186956 -0.539234 -0.458568 0.681168
10009.566571000 1.592395 -0.879080 0.681470 0.187330 -0.541004 -0.457286 0.680523
10009.599904000 1.605081 -0.881658 0.680994 0.187659 -0.541955 -0.456583 0.680148
10009.633237000 1.617651 -0.883172 0.681384 0.188194 -0.542710 -0.455966 0.679811
10009.666570000 1.640163 -0.885028 0.674202 0.189146 -0.542517 -0.455587 0.679956
10009.699903000 1.650763 -0.885153 0.668153 0.189398 -0.541690 -0.455723 0.680454
10009.733236000 1.663181 -0.886978 0.658162 0.189275 -0.540565 -0.456078 0.681144
10009.766569000 1.673638 -0.887240 0.648125 0.189283 -0.538948 -0.456680 0.682019
10009.799902000 1.683656 -0.888394 0.637237 0.189190 -0.537380 -0.457328 0.682847
10009.833235000 1.694885 -0.890115 0.625976 0.189021 -0.535957 -0.457972 0.683581
10009.866568000 1.704610 -0.890790 0.616031 0.189012 -0.534539 -0.458444 0.684377
10009.899901000 1.713355 -0.893624 0.606253 0.188581 -0.533316 -0.459155 0.684973
10009.933234000 1.724476 -0.895639 0.596551 0.188360 -0.532256 -0.459557 0.685588
10009.966567000 1.734602 -0.897861 0.590770 0.188601 -0.531929 -0.459726 0.685662
10009.999900000 1.754726 -0.905789 0.584201 0.188476 -0.532690 -0.459596 0.685193
10010.033233000 1.766879 -0.910675 0.583992 0.188764 -0.533915 -0.459224 0.684409
10010.066566000 1.776720 -0.915559 0.587151 0.189063 -0.535606 -0.458571 0.683442
10010.099899000 1.788809 -0.919659 0.592168 0.189678 -0.537546 -0.457828 0.682246
10010.133232000 1.800278 -0.925032 0.597529 0.190189 -0.539716 -0.457202 0.680809
10010.166565000 1.812013 -0.930432 0.602689 0.190353 -0.541863 -0.456193 0.679734
10010.199898000 1.824080 -0.934723 0.605080 0.190275 -0.543568 -0.455210 0.679053
10010.233231000 1.837222 -0.938467 0.612420 0.190750 -0.545721 -0.454392 0.677739
10010.266564000 1.848411 -0.940347 0.618322 0.191285 -0.547305 -0.453626 0.676824
10010.299897000 1.860751 -0.941981 0.623139 0.191565 -0.548558 -0.452875 0.676233
10010.333230000 1.883768 -0.941195 0.627859 0.191971 -0.549535 -0.451995 0.675914
10010.366563000 1.894590 -0.938905 0.629554 0.192226 -0.549314 -0.451907 0.676080
10010.399896000 1.905140 -0.936248 0.629680 0.192199 -0.548768 -0.451957 0.676497
10010.433229000 1.915636 -0.933320 0.628523 0.192096 -0.547962 -0.452044 0.677121
10010.466562000 1.922790 -0.929117 0.628950 0.192101 -0.546837 -0.452526 0.677707
10010.499895000 1.938791 -0.926079 0.622907 0.191317 -0.545615 -0.452703 0.678795
10010.533228000 1.943887 -0.924384 0.622904 0.190878 -0.544458 -0.453488 0.679323
10010.566561000 1.956397 -0.921707 0.618236 0.190081 -0.543115 -0.454120 0.680198
10010.599894000 1.963890 -0.920766 0.615859 0.189210 -0.541990 -0.454970 0.680771
10010.633227000 1.969823 -0.920197 0.614481 0.188154 -0.540866 -0.455962 0.681294
10010.666560000 1.975794 -0.920094 0.616362 0.185875 -0.539529 -0.457670 0.681833
10010.699893000 1.978571 -0.923628 0.618036 0.184353 -0.539312 -0.458757 0.681688
10010.733226000 1.980170 -0.927563 0.621510 0.182752 -0.539386 -0.459723 0.681409
10010.766559000 1.981098 -0.933238 0.625448 0.180875 -0.539788 -0.460434 0.681112
10010.799892000 1.982349 -0.939579 0.630759 0.179050 -0.540322 -0.461630 0.680361
10010.833225000 1.982626 -0.945627 0.635571 0.177249 -0.540677 -0.462919 0.679674
10010.866558000 1.987188 -0.953801 0.640488 0.175163 -0.541704 -0.463767 0.678819
10010.899891000 1.990304 -0.962836 0.647510 0.173099 -0.542801 -0.464916 0.677685
10010.933224000 1.992448 -0.971686 0.654485 0.171142 -0.543771 -0.466148 0.676557
10010.966557000 1.998093 -0.982225 0.662023 0.169015 -0.544969 -0.467375 0.675280
10010.999890000 2.020178 -0.999006 0.668189 0.164473 -0.546744 -0.468609 0.674111
10011.033223000 2.029476 -1.006661 0.675055 0.162960 -0.547667 -0.469435 0.673154
10011.066556000 2.040524 -1.016541 0.683504 0.161294 -0.549015 -0.470195 0.671925
10011.099889000 2.053120 -1.022352 0.688991 0.160197 -0.549715 -0.470676 0.671278
10011.133222000 2.065599 -1.028425 0.694769 0.159097 -0.550463 -0.471196 0.670562
10011.166555000 2.078519 -1.033162 0.698570 0.158401 -0.550889 -0.471790 0.669959
10011.199888000 2.092440 -1.036337 0.702243 0.157883 -0.551251 -0.472054 0.669597
10011.233221000 2.105975 -1.038151 0.704397 0.157472 -0.551573 -0.471958 0.669497
10011.266554000 2.118352 -1.038410 0.705932 0.157532 -0.551605 -0.471913 0.669487
10011.299887000 2.130308 -1.036631 0.706059 0.157807 -0.551470 -0.471594 0.669758
10011.333220000 2.149977 -1.028832 0.702318 0.159146 -0.550692 -0.470548 0.670817
10011.366553000 2.158971 -1.021065 0.698976 0.160629 -0.549893 -0.469986 0.671512
10011.399886000 2.166572 -1.012243 0.694450 0.162122 -0.549145 -0.468999 0.672455
10011.433219000 2.170903 -1.004314 0.689862 0.163449 -0.548221 -0.468481 0.673248
10011.466552000 2.179796 -1.001299 0.688181 0.164566 -0.548091 -0.467714 0.673615
10011.499885000 2.187094 -0.995208 0.684514 0.165859 -0.547540 -0.466887 0.674320
10011.533218000 2.192280 -0.985806 0.677186 0.167087 -0.546244 -0.466077 0.675627
10011.566551000 2.199675 -0.979217 0.670627 0.168077 -0.545315 -0.465565 0.676484
10011.599884000 2.206112 -0.973420 0.657787 0.167786 -0.543754 -0.465182 0.678075
10011.633217000 2.223315 -0.984202 0.642486 0.165748 -0.542931 -0.465317 0.679142
10011.666550000 2.236891 -0.971734 0.630893 0.166955 -0.540153 -0.465665 0.680821
10011.699883000 2.248934 -0.968703 0.627081 0.166909 -0.539266 -0.465726 0.681493
10011.733216000 2.259824 -0.968086 0.624385 0.166406 -0.538518 -0.466240 0.681855
10011.766549000 2.271793 -0.966826 0.620539 0.165883 -0.537529 -0.466826 0.682362
10011.799882000 2.279519 -0.964909 0.618537 0.165236 -0.536707 -0.467139 0.682953
10011.833215000 2.293026 -0.965277 0.615357 0.164218 -0.536040 -0.467459 0.683502
10011.866548000 2.304835 -0.964442 0.614539 0.163816 -0.535418 -0.468099 0.683649
10011.899881000 2.314905 -0.964049 0.615738 0.163180 -0.535117 -0.468464 0.683785
10011.933214000 2.318699 -0.962997 0.622682 0.163432 -0.535232 -0.468728 0.683455
10011.966547000 2.327616 -0.960711 0.624262 0.163129 -0.535082 -0.468889 0.683534
10011.999880000 2.348385 -0.959663 0.631344 0.162439 -0.536376 -0.467544 0.683606
10012.033213000 2.353349 -0.952017 0.645114 0.165216 -0.537170 -0.467525 0.682329
10012.066546000 2.359858 -0.946969 0.653429 0.166385 -0.538124 -0.466707 0.681853
10012.099879000 2.366717 -0.940396 0.661283 0.168205 -0.538940 -0.465722 0.681435
10012.133212000 2.372144 -0.931414 0.670424 0.170130 -0.539910 -0.464150 0.681262
10012.166545000 2.383455 -0.926500 0.676527 0.171120 -0.541269 -0.462378 0.681141
10012.199878000 2.390344 -0.917316 0.684164 0.173215 -0.542238 -0.460591 0.681052
10012.233211000 2.398810 -0.908073 0.691022 0.175614 -0.543047 -0.459098 0.680800
10012.266544000 2.412623 -0.904165 0.692911 0.175725 -0.544367 -0.456581 0.681410
10012.299877000 2.419057 -0.889341 0.700176 0.180095 -0.544193 -0.456088 0.680738
10012.333210000 2.441422 -0.865593 0.702126 0.184845 -0.544118 -0.452550 0.681885
10012.366543000 2.456157 -0.855224 0.699270 0.187291 -0.543564 -0.451582 0.682301
10012.399876000 2.466657 -0.848354 0.692560 0.188284 -0.542882 -0.450389 0.683358
10012.433209000 2.483302 -0.839886 0.685920 0.190264 -0.541889 -0.450331 0.683636
10012.466542000 2.497447 -0.832779 0.676343 0.190916 -0.540996 -0.448961 0.685061
10012.499875000 2.516118 -0.821035 0.667191 0.192986 -0.539710 -0.448153 0.686024
10012.533208000 2.532691 -0.809520 0.657133 0.194954 -0.538071 -0.447690 0.687056
10012.566541000 2.550945 -0.797803 0.647739 0.196994 -0.536686 -0.446817 0.688125
10012.599874000 2.567921 -0.787751 0.639149 0.198840 -0.535357 -0.446435 0.688877
10012.633207000 2.581808 -0.776840 0.629826 0.200706 -0.533699 -0.446214 0.689764
10012.666540000 2.611235 -0.752621 0.612635 0.204348 -0.531060 -0.444266 0.691986
10012.699873000 2.625421 -0.743450 0.606221 0.205943 -0.530004 -0.443891 0.692564
10012.733206000 2.642362 -0.733765 0.595673 0.207231 -0.528767 -0.443377 0.693454
10012.766539000 2.654938 -0.724807 0.589853 0.208632 -0.527896 -0.442918 0.693990
10012.799872000 2.671372 -0.717627 0.580864 0.209643 -0.526903 -0.442518 0.694694
10012.833205000 2.679263 -0.709124 0.575894 0.211227 -0.525880 -0.442399 0.695066
10012.866538000 2.673902 -0.703306 0.569400 0.211518 -0.524632 -0.442025 0.696158
10012.899871000 2.677790 -0.695311 0.564355 0.212850 -0.523586 -0.442022 0.696541
10012.933204000 2.680246 -0.688033 0.558951 0.213921 -0.522397 -0.442065 0.697077
10012.966537000 2.680064 -0.681354 0.552279 0.215056 -0.520759 -0.442862 0.697448
10012.999870000 2.673881 -0.668944 0.540313 0.215807 -0.518197 -0.442920 0.699086
10013.033203000 2.667543 -0.663191 0.533996 0.216008 -0.516710 -0.443183 0.699957
10013.066536000 2.659475 -0.658997 0.527169 0.216027 -0.515188 -0.443764 0.700705
10013.099869000 2.649508 -0.653833 0.521056 0.215981 -0.513641 -0.444149 0.701610
10013.133202000 2.640029 -0.648789 0.510355 0.215564 -0.511671 -0.444653 0.702857
10013.166535000 2.625438 -0.645078 0.508463 0.215545 -0.510410 -0.445159 0.703460
10013.199868000 2.613428 -0.642282 0.503231 0.215176 -0.508954 -0.445966 0.704116
10013.233201000 2.599538 -0.638910 0.500987 0.214715 -0.507926 -0.446104 0.704911
10013.266534000 2.584561 -0.634373 0.498048 0.214560 -0.506564 -0.446493 0.705692
10013.299867000 2.567977 -0.631506 0.496991 0.214131 -0.505462 -0.446890 0.706360
10013.333200000 2.536133 -0.623783 0.500024 0.213958 -0.503838 -0.447321 0.707299
10013.366533000 2.521479 -0.620580 0.503716 0.214060 -0.503324 -0.447645 0.707430
10013.399866000 2.506319 -0.616697 0.509750 0.214235 -0.503127 -0.447650 0.707514
10013.433199000 2.492171 -0.613433 0.516729 0.214517 -0.503057 -0.447632 0.707490
10013.466532000 2.480154 -0.610518 0.524754 0.214701 -0.503368 -0.447377 0.707374
10013.499865000 2.468816 -0.607286 0.534546 0.215200 -0.503883 -0.447038 0.707070
10013.533198000 2.459618 -0.604994 0.545507 0.215939 -0.504602 -0.447022 0.706342
10013.566531000 2.452316 -0.603318 0.556668 0.216625 -0.505615 -0.446722 0.705596
10013.599864000 2.445282 -0.602550 0.568395 0.216968 -0.506845 -0.446137 0.704978
10013.633197000 2.440521 -0.601469 0.581618 0.217339 -0.508542 -0.444967 0.704381
10013.666530000 2.443389 -0.603014 0.603397 0.218606 -0.511829 -0.443777 0.702357
10013.699863000 2.448043 -0.603613 0.611030 0.218998 -0.513179 -0.443080 0.701689
10013.733196000 2.455509 -0.604399 0.623822 0.219855 -0.515383 -0.442026 0.700469
10013.766529000 2.464796 -0.605049 0.638299 0.221105 -0.517784 -0.441006 0.698946
10013.799862000 2.476208 -0.605733 0.651784 0.222234 -0.520219 -0.439790 0.697544
10013.833195000 2.489317 -0.605928 0.663848 0.223508 -0.522234 -0.438833 0.696233
10013.866528000 2.500796 -0.605937 0.669779 0.224347 -0.523682 -0.437873 0.695481
10013.899861000 2.516196 -0.605108 0.682838 0.225791 -0.526018 -0.436482 0.694123
10013.933194000 2.531121 -0.603731 0.692939 0.227387 -0.527749 -0.435575 0.692857
10013.966527000 2.544539 -0.600874 0.701832 0.228889 -0.529143 -0.434627 0.691893
10013.999860000 2.570109 -0.591975 0.714613 0.231953 -0.531137 -0.432428 0.690722
10014.033193000 2.580702 -0.584889 0.719450 0.233590 -0.531670 -0.431328 0.690448
10014.066526000 2.590269 -0.578391 0.721468 0.235153 -0.531740 -0.430784 0.690203
10014.099859000 2.598849 -0.571313 0.723530 0.236630 -0.531852 -0.430004 0.690099
10014.133192000 2.607661 -0.565409 0.723370 0.237968 -0.531601 -0.429599 0.690084
10014.166525000 2.617332 -0.561450 0.721833 0.238993 -0.531332 -0.429605 0.689933
10014.199858000 2.626976 -0.558768 0.718857 0.239662 -0.531024 -0.429531 0.689984
10014.233191000 2.635855 -0.557844 0.714845 0.239930 -0.530728 -0.429470 0.690157
10014.266524000 2.644116 -0.559118 0.710124 0.239856 -0.530510 -0.429619 0.690258
10014.299857000 2.653487 -0.564592 0.705159 0.239070 -0.530667 -0.429718 0.690348
10014.333190000 2.673980 -0.583753 0.693543 0.235269 -0.532349 -0.428871 0.690886
10014.366523000 2.682584 -0.599854 0.684964 0.232924 -0.532617 -0.430085 0.690718
10014.399856000 2.686913 -0.615413 0.676348 0.230522 -0.532793 -0.430995 0.690822
10014.433189000 2.700963 -0.638246 0.665348 0.226801 -0.533572 -0.432576 0.690463
10014.466522000 2.716233 -0.665852 0.659144 0.223126 -0.535110 -0.434660 0.689161
10014.499855000 2.723522 -0.687750 0.654881 0.220692 -0.535980 -0.436343 0.688205
10014.533188000 2.729950 -0.715745 0.649777 0.217033 -0.537296 -0.438457 0.686997
10014.566521000 2.740080 -0.750609 0.644334 0.212140 -0.539298 -0.440815 0.685446
10014.599854000 2.743373 -0.775335 0.640803 0.208965 -0.540446 -0.442734 0.684280
10014.633187000 2.757885 -0.809063 0.635960 0.203985 -0.542847 -0.444359 0.682827
10014.666520000 2.727895 -0.858309 0.649842 0.198069 -0.546132 -0.448509 0.679226
10014.699853000 2.718211 -0.873874 0.652877 0.195963 -0.547233 -0.450053 0.677929
10014.733186000 2.708642 -0.893733 0.660853 0.193140 -0.549298 -0.450850 0.676538
10014.766519000 2.691736 -0.911227 0.671864 0.190511 -0.551251 -0.451785 0.675069
10014.799852000 2.674470 -0.930326 0.684360 0.187832 -0.553563 -0.452901 0.673177
10014.833185000 2.657362 -0.945307 0.697069 0.185522 -0.555652 -0.453747 0.671525
10014.866518000 2.640646 -0.962328 0.713043 0.183217 -0.558194 -0.454802 0.669333
10014.899851000 2.624018 -0.978238 0.727483 0.180800 -0.560620 -0.455562 0.667443
10014.933184000 2.609067 -0.992923 0.743029 0.178697 -0.562960 -0.456367 0.665486
10014.966517000 2.596606 -1.009597 0.758960 0.176424 -0.565516 -0.457121 0.663405
10014.999850000 2.584184 -1.048345 0.789385 0.171318 -0.571249 -0.459203 0.658374
10015.033183000 2.578484 -1.067186 0.803903 0.168863 -0.573913 -0.460063 0.656087
10015.066516000 2.575175 -1.083244 0.818047 0.166968 -0.576337 -0.460507 0.654133
10015.099849000 2.574391 -1.102092 0.830939 0.164722 -0.578869 -0.461322 0.651889
10015.133182000 2.570159 -1.116031 0.840474 0.162780 -0.580781 -0.461583 0.650490
10015.166515000 2.566125 -1.132095 0.852861 0.161214 -0.582891 -0.462486 0.648348
10015.199848000 2.565915 -1.148568 0.864831 0.159475 -0.585134 -0.463067 0.646339
10015.233181000 2.564387 -1.164895 0.875023 0.157796 -0.587349 -0.463547 0.644396
10015.266514000 2.561740 -1.180150 0.883205 0.156215 -0.589270 -0.463997 0.642701
10015.299847000 2.557364 -1.194127 0.891647 0.154824 -0.591210 -0.464474 0.640908
10015.333180000 2.541041 -1.217775 0.905669 0.152676 -0.594827 -0.465086 0.637626
10015.366513000 2.528647 -1.227279 0.911094 0.151794 -0.596394 -0.465075 0.636379
10015.399846000 2.516261 -1.234818 0.914969 0.151025 -0.597820 -0.465075 0.635223
10015.433179000 2.500692 -1.241338 0.917596 0.150349 -0.599082 -0.465093 0.634180
10015.466512000 2.483643 -1.246860 0.919946 0.149772 -0.600279 -0.465015 0.633241
10015.499845000 2.464833 -1.252050 0.922032 0.149061 -0.601372 -0.465263 0.632189
10015.533178000 2.444760 -1.255107 0.923208 0.148707 -0.602239 -0.465407 0.631340
10015.566511000 2.422835 -1.258408 0.923628 0.147922 -0.603014 -0.465746 0.630534
10015.599844000 2.401269 -1.259840 0.924449 0.147381 -0.603602 -0.466011 0.629903
10015.633177000 2.378788 -1.259951 0.924390 0.146829 -0.603949 -0.466394 0.629415
10015.666510000 2.333407 -1.261237 0.924782 0.145069 -0.604405 -0.467728 0.628394
10015.699843000 2.310326 -1.261414 0.925522 0.143863 -0.604427 -0.468644 0.627968
10015.733176000 2.288759 -1.262327 0.924488 0.142464 -0.604124 -0.469817 0.627702
10015.766509000 2.267331 -1.259400 0.923981 0.141469 -0.603641 -0.470625 0.627787
10015.799842000 2.244814 -1.257532 0.922250 0.140183 -0.602862 -0.471841 0.627911
10015.833175000 2.224142 -1.256062 0.920232 0.138633 -0.601994 -0.473141 0.628110
10015.866508000 2.203007 -1.254366 0.918345 0.137298 -0.601056 -0.474545 0.628242
10015.899841000 2.183311 -1.249300 0.914249 0.136297 -0.599630 -0.475784 0.628885
10015.933174000 2.164204 -1.248077 0.910447 0.134716 -0.598399 -0.477253 0.629285
10015.966507000 2.146200 -1.245237 0.902688 0.133251 -0.596488 -0.478840 0.630205
10015.999840000 2.113470 -1.238322 0.885420 0.130695 -0.592362 -0.481732 0.632424
10016.033173000 2.097942 -1.235555 0.875341 0.129457 -0.590133 -0.483288 0.633574
10016.066506000 2.085064 -1.233402 0.863306 0.128148 -0.587693 -0.484873 0.634896
10016.099839000 2.071856 -1.231570 0.851524 0.126955 -0.585350 -0.486399 0.636132
10016.133172000 2.061261 -1.229342 0.838824 0.125958 -0.582882 -0.487855 0.637480
10016.166505000 2.050402 -1.229777 0.825938 0.124443 -0.580540 -0.489466 0.638678
10016.199838000 2.039965 -1.229522 0.811815 0.123292 -0.578038 -0.491122 0.639898
10016.233171000 2.032600 -1.230572 0.799550 0.122077 -0.575841 -0.492645 0.640941
10016.266504000 2.024275 -1.233895 0.786474 0.120574 -0.573693 -0.494276 0.641895
10016.299837000 2.016632 -1.240585 0.774650 0.118659 -0.571997 -0.496147 0.642322
10016.333170000 2.003432 -1.259453 0.753879 0.114173 -0.569161 -0.500166 0.642538
10016.366503000 1.997984 -1.272531 0.745186 0.111804 -0.568331 -0.502252 0.642061
10016.399836000 1.993272 -1.287307 0.738851 0.109162 -0.567912 -0.504359 0.641234
10016.433169000 1.987247 -1.301898 0.733455 0.106493 -0.567609 -0.506255 0.640457
10016.466502000 1.982895 -1.319845 0.729211 0.103556 -0.567708 -0.508514 0.639060
10016.499835000 1.980122 -1.335520 0.728009 0.101529 -0.568089 -0.510385 0.637553
10016.533168000 1.974157 -1.349609 0.725865 0.099265 -0.568255 -0.512168 0.636331
10016.566501000 1.970801 -1.365216 0.728367 0.097053 -0.569326 -0.513519 0.634623
10016.599834000 1.967993 -1.379394 0.730564 0.095038 -0.570176 -0.514904 0.633042
10016.633167000 1.962628 -1.391799 0.735785 0.093266 -0.571408 -0.515968 0.631324
10016.666500000 1.955312 -1.414149 0.754027 0.090381 -0.575174 -0.517234 0.627276
10016.699833000 1.951146 -1.422320 0.766026 0.089397 -0.577397 -0.517461 0.625184
10016.733166000 1.946500 -1.429601 0.780772 0.088498 -0.579839 -0.517597 0.622935
10016.766499000 1.941641 -1.435090 0.795536 0.087815 -0.582299 -0.517335 0.620952
10016.799832000 1.937907 -1.438224 0.809154 0.087529 -0.584524 -0.516993 0.619183
10016.833165000 1.931741 -1.441420 0.825880 0.087169 -0.587206 -0.516645 0.616984
10016.866498000 1.924783 -1.445524 0.841136 0.086460 -0.589639 -0.516516 0.614867
10016.899831000 1.918319 -1.446472 0.853396 0.085980 -0.591483 -0.516106 0.613506
10016.933164000 1.908736 -1.448558 0.867325 0.085238 -0.593580 -0.515942 0.611720
10016.966497000 1.898389 -1.452045 0.879562 0.084315 -0.595561 -0.516082 0.609801
10016.999830000 1.873403 -1.460603 0.899343 0.081494 -0.598522 -0.517375 0.606179
10017.033163000 1.858964 -1.464782 0.904069 0.079816 -0.599214 -0.518459 0.604791
10017.066496000 1.844023 -1.469529 0.907644 0.078007 -0.599680 -0.519711 0.603490
10017.099829000 1.827080 -1.475070 0.910140 0.075805 -0.599858 -0.521392 0.602141
10017.133162000 1.809034 -1.481481 0.911736 0.073422 -0.600017 -0.523254 0.600662
10017.166495000 1.791552 -1.487947 0.912796 0.070925 -0.599982 -0.525189 0.599307
10017.199828000 1.773856 -1.493508 0.913021 0.068551 -0.599737 -0.527267 0.598002
10017.233161000 1.754142 -1.499378 0.913061 0.065932 -0.599439 -0.529511 0.596611
10017.266494000 1.736149 -1.504947 0.912378 0.063394 -0.598913 -0.531735 0.595435
10017.299827000 1.718984 -1.508862 0.911854 0.061264 -0.598371 -0.533725 0.594421
10017.333160000 1.683864 -1.518620 0.912533 0.056217 -0.597460 -0.538030 0.591950
10017.366493000 1.667852 -1.521634 0.912238 0.054038 -0.596793 -0.539977 0.591052
10017.399826000 1.652004 -1.525311 0.912515 0.051765 -0.596217 -0.542020 0.589966
10017.433159000 1.637312 -1.528604 0.912693 0.049697 -0.595687 -0.543850 0.588995
10017.466492000 1.623670 -1.532293 0.913910 0.047698 -0.595501 -0.545478 0.587842
10017.499825000 1.609773 -1.535502 0.915944 0.045735 -0.595273 -0.547197 0.586629
10017.533158000 1.597697 -1.539378 0.917322 0.044026 -0.595274 -0.548600 0.585447
10017.566491000 1.585653 -1.543987 0.919767 0.042311 -0.595623 -0.549908 0.583990
10017.599824000 1.573899 -1.549250 0.922641 0.040721 -0.596198 -0.551078 0.582411
10017.633157000 1.563631 -1.554978 0.925624 0.039284 -0.597018 -0.552105 0.580695
10017.666490000 1.543199 -1.572688 0.933968 0.036147 -0.600202 -0.553869 0.575916
10017.699823000 1.532586 -1.582354 0.938132 0.034557 -0.602029 -0.554471 0.573523
10017.733156000 1.523010 -1.594533 0.942705 0.032872 -0.604240 -0.555206 0.570579
10017.766489000 1.513914 -1.605783 0.949693 0.031584 -0.607055 -0.555487 0.567380
10017.799822000 1.505106 -1.617741 0.954617 0.030201 -0.609674 -0.555834 0.564299
10017.833155000 1.496985 -1.630202 0.960607 0.028735 -0.612371 -0.556026 0.561259
10017.866488000 1.486914 -1.642813 0.967583 0.027267 -0.615392 -0.556353 0.557692
10017.899821000 1.478113 -1.654751 0.974296 0.025756 -0.618194 -0.556473 0.554536
10017.933154000 1.469501 -1.666400 0.980223 0.024335 -0.620728 -0.556766 0.551467
10017.966487000 1.461634 -1.678437 0.986701 0.022787 -0.623270 -0.557111 0.548309
10017.999820000 1.444319 -1.697881 1.001466 0.019889 -0.627959 -0.557857 0.542280
10018.033153000 1.436544 -1.706487 1.008541 0.018401 -0.629809 -0.558315 0.539710
10018.066486000 1.427311 -1.714701 1.016219 0.016807 -0.631594 -0.559055 0.536902
10018.099819000 1.419631 -1.722878 1.022300 0.015162 -0.632954 -0.559829 0.534538
10018.133152000 1.413139 -1.731130 1.027342 0.013404 -0.633866 -0.560799 0.532484
10018.166485000 1.406051 -1.740517 1.033477 0.011609 -0.634993 -0.561867 0.530051
10018.199818000 1.400823 -1.749725 1.040011 0.010065 -0.636211 -0.562610 0.527829
10018.233151000 1.396484 -1.760091 1.044693 0.008426 -0.636980 -0.563742 0.525718
10018.266484000 1.393460 -1.772250 1.049958 0.006776 -0.637953 -0.564766 0.523459
10018.299817000 1.391383 -1.786119 1.054554 0.004989 -0.638864 -0.565875 0.521166
10018.333150000 1.394769 -1.819617 1.060837 0.001741 -0.640550 -0.567779 0.517031
10018.366483000 1.397592 -1.839623 1.064630 0.000094 -0.641662 -0.568719 0.514614
10018.399816000 1.402805 -1.860241 1.068204 -0.001295 -0.642798 -0.569488 0.512340
10018.433149000 1.409253 -1.883284 1.070943 -0.002749 -0.643969 -0.570200 0.510066
10018.466482000 1.417533 -1.905520 1.073421 -0.003834 -0.645089 -0.570692 0.508090
10018.499815000 1.426539 -1.929296 1.077344 -0.005004 -0.646488 -0.571042 0.505904
10018.533148000 1.436548 -1.953446 1.080099 -0.005968 -0.647824 -0.571328 0.503857
10018.566481000 1.448610 -1.976650 1.084969 -0.006505 -0.649411 -0.571299 0.501837
10018.599814000 1.460139 -1.999731 1.089956 0.007137 0.651048 0.571082 -0.499951
10018.633147000 1.472811 -2.021754 1.095810 0.007523 0.652829 0.570658 -0.498103
10018.666480000 1.497167 -2.061791 1.109702 0.008151 0.656238 0.569588 -0.494829
10018.699813000 1.511074 -2.079078 1.117537 0.008004 0.658163 0.568551 -0.493464
10018.733146000 1.522084 -2.096251 1.127206 0.008205 0.660156 0.567669 -0.491812
10018.766479000 1.534883 -2.112045 1.135859 0.008106 0.661965 0.566702 -0.490495
10018.799812000 1.544957 -2.126594 1.144489 0.008155 0.663701 0.565848 -0.489132
10018.833145000 1.552643 -2.140081 1.155521 0.008517 0.665686 0.564917 -0.487502
10018.866478000 1.559139 -2.153988 1.165781 0.008879 0.667573 0.564252 -0.485682
10018.899811000 1.562893 -2.165772 1.176747 0.009305 0.669351 0.563755 -0.483801
10018.933144000 1.564726 -2.177525 1.186223 0.009937 0.670962 0.563356 -0.482018
10018.966477000 1.562788 -2.188764 1.196280 0.010833 0.672626 0.563296 -0.479745
10018.999810000 1.550535 -2.211360 1.211216 0.013725 0.674982 0.564193 -0.475286
10019.033143000 1.537052 -2.222658 1.218950 0.015936 0.676117 0.565347 -0.472223
10019.066476000 1.523495 -2.233575 1.224413 0.018068 0.676906 0.566582 -0.469528
10019.099809000 1.507621 -2.242320 1.229330 0.020288 0.677561 0.568094 -0.466657
10019.133142000 1.488918 -2.250718 1.234223 0.022624 0.678148 0.569772 -0.463641
10019.166475000 1.469587 -2.258059 1.236656 0.025110 0.678368 0.571758 -0.460738
10019.199808000 1.448377 -2.264893 1.236776 0.027859 0.678183 0.573999 -0.458058
10019.233141000 1.427750 -2.267645 1.237834 0.030116 0.678122 0.575907 -0.455604
10019.266474000 1.408101 -2.269715 1.236300 0.032213 0.677677 0.578070 -0.453378
10019.299807000 1.388809 -2.269018 1.233175 0.034248 0.676926 0.580156 -0.451682
10019.333140000 1.354741 -2.258458 1.222391 0.037263 0.674692 0.583833 -0.450045
10019.366473000 1.339891 -2.249595 1.215676 0.038240 0.673347 0.585420 -0.449917
10019.399806000 1.328443 -2.237142 1.207191 0.038547 0.671727 0.586739 -0.450594
10019.433139000 1.318566 -2.222282 1.199194 0.038441 0.670169 0.587794 -0.451546
10019.466472000 1.310542 -2.206908 1.188193 0.038351 0.668082 0.588855 -0.453261
10019.499805000 1.304300 -2.191019 1.176942 0.038123 0.665937 0.589695 -0.455340
10019.533138000 1.299931 -2.174467 1.165453 0.037652 0.663741 0.590333 -0.457752
10019.566471000 1.296526 -2.157054 1.154947 0.036959 0.661697 0.590740 -0.460237
10019.599804000 1.296974 -2.139870 1.142724 0.035876 0.659355 0.590909 -0.463456
10019.633137000 1.298703 -2.123431 1.130990 0.034767 0.657138 0.590926 -0.466654
10019.666470000 1.305334 -2.091702 1.111410 0.031883 0.653357 0.590276 -0.472950
10019.699803000 1.312348 -2.077452 1.102300 0.030153 0.651679 0.589530 -0.476297
10019.733136000 1.319588 -2.064506 1.095177 0.028365 0.650366 0.588672 -0.479254
10019.766469000 1.325877 -2.052613 1.088981 0.026840 0.649200 0.587825 -0.481955
10019.799802000 1.334560 -2.041483 1.082668 0.024962 0.648081 0.586857 -0.484734
10019.833135000 1.342441 -2.030884 1.077455 0.023208 0.647161 0.585878 -0.487229
10019.866468000 1.349680 -2.021482 1.072922 0.021728 0.646339 0.584948 -0.489500
10019.899801000 1.355500 -2.013056 1.068217 0.020367 0.645485 0.584269 -0.491492
10019.933134000 1.359681 -2.004969 1.063986 0.019194 0.644669 0.583722 -0.493256
10019.966467000 1.361938 -1.998354 1.060414 0.018451 0.643940 0.583381 -0.494638
10019.999800000 1.358047 -1.987465 1.053079 0.018123 0.642337 0.583851 -0.496179
10020.033133000 1.352864 -1.983109 1.049557 0.018401 0.641509 0.584462 -0.496520
10020.066466000 1.345537 -1.978143 1.046525 0.018800 0.640700 0.585256 -0.496614
10020.099799000 1.336908 -1.973972 1.042951 0.019322 0.639790 0.586306 -0.496529
10020.133132000 1.325425 -1.969505 1.040370 0.020162 0.638982 0.587537 -0.496081
10020.166465000 1.312550 -1.965557 1.037387 0.021229 0.638049 0.589027 -0.495470
10020.199798000 1.298465 -1.961846 1.034840 0.022493 0.637165 0.590601 -0.494677
10020.233131000 1.284974 -1.957565 1.031197 0.023624 0.636084 0.592276 -0.494011
10020.266464000 1.268764 -1.952885 1.027997 0.025125 0.634957 0.594137 -0.493152
10020.299797000 1.251714 -1.948768 1.024240 0.026870 0.633687 0.596203 -0.492201
10020.333130000 1.219852 -1.938840 1.016547 0.029820 0.631130 0.600159 -0.490504
10020.366463000 1.203538 -1.933572 1.011827 0.031451 0.629602 0.602218 -0.489843
10020.399796000 1.187993 -1.927110 1.006902 0.032831 0.628032 0.604167 -0.489368
10020.433129000 1.172744 -1.920591 1.002214 0.034113 0.626520 0.606085 -0.488846
10020.466462000 1.158995 -1.913289 0.997319 0.035220 0.624940 0.607790 -0.488673
10020.499795000 1.145027 -1.906003 0.992289 0.036372 0.623283 0.609528 -0.488539
10020.533128000 1.132189 -1.898468 0.987070 0.037313 0.621617 0.611197 -0.488507
10020.566461000 1.123454 -1.890430 0.982626 0.037436 0.620270 0.612385 -0.488721
10020.599794000 1.113894 -1.882740 0.977329 0.038013 0.618644 0.613631 -0.489174
10020.633127000 1.105055 -1.875061 0.971296 0.038664 0.616854 0.614846 -0.489857
10020.666460000 1.094385 -1.859413 0.960842 0.038841 0.613832 0.616191 -0.491945
10020.699793000 1.091124 -1.851738 0.955687 0.038744 0.612390 0.616678 -0.493139
10020.733126000 1.089799 -1.844476 0.949497 0.038529 0.610792 0.617002 -0.494730
10020.766459000 1.089306 -1.836766 0.943755 0.038270 0.609291 0.617032 -0.496560
10020.799792000 1.089411 -1.828664 0.937806 0.037921 0.607727 0.616934 -0.498620
10020.833125000 1.091295 -1.821342 0.933100 -0.037283 -0.606579 -0.616706 0.500346
10020.866458000 1.093468 -1.812385 0.926953 -0.036585 -0.604997 -0.616299 0.502808
10020.899791000 1.096976 -1.804057 0.921310 -0.035760 -0.603612 -0.615668 0.505299
10020.933124000 1.101022 -1.794842 0.915751 -0.034626 -0.602272 -0.615149 0.507605
10020.966457000 1.105120 -1.785377 0.909712 -0.033554 -0.600767 -0.614436 0.510316
10020.999790000 1.113562 -1.761126 0.899428 -0.030824 -0.597847 -0.612447 0.516272
10021.033123000 1.117139 -1.748466 0.893611 -0.029470 -0.596181 -0.611544 0.519340
10021.066456000 1.121241 -1.736997 0.885768 -0.028299 -0.594180 -0.610658 0.522730
10021.099789000 1.127403 -1.724973 0.878577 -0.026860 -0.592294 -0.609592 0.526178
10021.133122000 1.132070 -1.713251 0.871479 -0.025362 -0.590464 -0.608653 0.529387
10021.166455000 1.136290 -1.701858 0.865315 -0.024029 -0.588775 -0.607577 0.532556
10021.199788000 1.141501 -1.692129 0.858914 -0.022636 -0.587201 -0.606632 0.535426
10021.233121000 1.147829 -1.681396 0.852573 -0.021022 -0.585592 -0.605433 0.538602
10021.266454000 1.153238 -1.672649 0.846332 -0.019643 -0.584085 -0.604461 0.541373
10021.299787000 1.161055 -1.665498 0.839800 -0.018134 -0.582726 -0.603320 0.544157
10021.333120000 1.176289 -1.655082 0.829454 -0.015292 -0.580752 -0.601237 0.548642
10021.366453000 1.185530 -1.652762 0.823884 -0.013972 -0.579957 -0.600326 0.550512
10021.399786000 1.195100 -1.653226 0.819064 -0.012928 -0.579452 -0.599397 0.552079
10021.433119000 1.206848 -1.655440 0.814266 -0.011703 -0.579164 -0.598500 0.553381
10021.466452000 1.218787 -1.660198 0.809555 -0.010755 -0.579032 -0.597822 0.554270
10021.499785000 1.231368 -1.668563 0.805201 -0.010078 -0.579208 -0.597214 0.554754
10021.533118000 1.245235 -1.679919 0.801347 -0.009554 -0.579692 -0.596666 0.554848
10021.566451000 1.260677 -1.694413 0.797473 -0.009127 -0.580375 -0.596200 0.554641
10021.599784000 1.277734 -1.712723 0.794627 -0.008822 -0.581532 -0.595765 0.553901
