10000.000000000 0.000000 0.000000 0.000000 0.000000 0.000000 0.000000 1.000000
10000.033333000 0.010215 0.003184 -0.001630 0.002189 -0.004259 -0.001574 0.999987
10000.066666000 0.019998 0.006711 -0.002511 0.003970 -0.008560 -0.003774 0.999948
10000.099999000 0.030839 0.009868 -0.002884 0.005613 -0.013139 -0.005907 0.999880
10000.133332000 0.041479 0.013060 -0.003411 0.007008 -0.017707 -0.008527 0.999782
10000.166665000 0.050740 0.015846 -0.003297 0.008332 -0.021723 -0.010918 0.999670
10000.199998000 0.061706 0.019111 -0.003934 0.009548 -0.026363 -0.014180 0.999506
10000.233331000 0.071172 0.021050 -0.003476 0.010344 -0.030413 -0.017158 0.999337
10000.266664000 0.080555 0.025050 -0.003045 0.011600 -0.034502 -0.020524 0.999127
10000.299997000 0.089071 0.026701 -0.002853 0.012017 -0.038141 -0.023230 0.998930
10000.333330000 0.108388 0.031422 -0.002195 0.013407 -0.046484 -0.030224 0.998372
10000.366663000 0.116855 0.033040 -0.002029 0.013867 -0.050009 -0.032873 0.998111
10000.399996000 0.124396 0.036170 -0.001755 0.014910 -0.053323 -0.035812 0.997824
10000.433329000 0.132596 0.038422 -0.001537 0.015838 -0.056711 -0.038322 0.997529
10000.466662000 0.141056 0.040550 -0.002022 0.016788 -0.060175 -0.040863 0.997210
10000.499995000 0.149836 0.043185 -0.002503 0.018116 -0.063708 -0.042768 0.996887
10000.533328000 0.158285 0.045832 -0.003296 0.019443 -0.067148 -0.044627 0.996555
10000.566661000 0.166854 0.048803 -0.003854 0.021087 -0.070559 -0.045895 0.996228
10000.599994000 0.175609 0.052579 -0.005055 0.023032 -0.074085 -0.047155 0.995870
10000.633327000 0.183588 0.055212 -0.007080 0.025084 -0.077211 -0.047712 0.995557
10000.666660000 0.199865 0.063057 -0.009991 0.030592 -0.083837 -0.047243 0.994889
10000.699993000 0.208250 0.067020 -0.012929 0.033509 -0.087097 -0.046657 0.994542
10000.733326000 0.216680 0.070663 -0.015526 0.036917 -0.090402 -0.046055 0.994155
10000.766659000 0.224504 0.074833 -0.017552 0.040840 -0.093593 -0.045291 0.993741
10000.799992000 0.233244 0.078563 -0.020188 0.044629 -0.096976 -0.045072 0.993264
10000.833325000 0.241618 0.082043 -0.021434 0.048760 -0.100405 -0.045404 0.992713
10000.866658000 0.250935 0.084728 -0.021761 0.053296 -0.104023 -0.046194 0.992071
10000.899991000 0.259224 0.086805 -0.022300 0.057708 -0.107187 -0.048378 0.991383
10000.933324000 0.268676 0.088621 -0.021028 0.062581 -0.110769 -0.051570 0.990532
10000.966657000 0.278967 0.089691 -0.018768 0.067204 -0.114836 -0.056042 0.989523
10000.999990000 0.300672 0.088036 -0.009777 0.077367 -0.122501 -0.069705 0.986990
10001.033323000 0.310546 0.085380 -0.004243 0.082049 -0.125975 -0.078851 0.985485
10001.066656000 0.321643 0.082626 0.002850 0.086994 -0.129969 -0.088413 0.983729
10001.099989000 0.333468 0.079075 0.010312 0.091862 -0.134230 -0.098698 0.981734
10001.133322000 0.345175 0.074328 0.017405 0.095940 -0.138629 -0.109192 0.979620
10001.166655000 0.357617 0.069515 0.023619 0.099690 -0.143465 -0.119933 0.977290
10001.199988000 0.367428 0.065081 0.030941 0.103498 -0.147929 -0.129781 0.974968
10001.233321000 0.377190 0.059564 0.035648 0.105923 -0.153018 -0.139282 0.972608
10001.266654000 0.385664 0.053907 0.038815 0.107549 -0.158101 -0.148351 0.970273
10001.299987000 0.394434 0.048359 0.040277 0.108399 -0.163771 -0.156388 0.967973
10001.333320000 0.410690 0.038956 0.037739 0.107361 -0.177409 -0.170113 0.963359
10001.366653000 0.418620 0.035668 0.032791 0.105476 -0.185395 -0.175562 0.961083
10001.399986000 0.426582 0.032594 0.025618 0.102702 -0.193554 -0.180491 0.958860
10001.433319000 0.434532 0.029550 0.017648 0.099542 -0.202352 -0.184924 0.956529
10001.466652000 0.442525 0.029002 0.007658 0.096001 -0.211507 -0.188634 0.954183
10001.499985000 0.450829 0.028160 -0.001831 0.092717 -0.220633 -0.191788 0.951810
10001.533318000 0.460005 0.026924 -0.012059 0.089211 -0.230185 -0.194721 0.949284
10001.566651000 0.469062 0.026642 -0.022645 0.085603 -0.239117 -0.196961 0.946943
10001.599984000 0.480211 0.026825 -0.033009 0.082769 -0.248499 -0.199072 0.944335
10001.633317000 0.493268 0.028183 -0.042026 0.081376 -0.257697 -0.200590 0.941665
10001.666650000 0.523313 0.033306 -0.056261 0.081352 -0.274331 -0.202375 0.936573
10001.699983000 0.539356 0.036755 -0.061906 0.082991 -0.281088 -0.203036 0.934280
10001.733316000 0.557725 0.042196 -0.066785 0.086376 -0.287540 -0.203049 0.932004
10001.766649000 0.575929 0.047548 -0.071302 0.089255 -0.293536 -0.202874 0.929899
10001.799982000 0.595036 0.052436 -0.074336 0.093174 -0.298820 -0.202570 0.927896
10001.833315000 0.614234 0.058054 -0.075208 0.097420 -0.304010 -0.202324 0.925825
10001.866648000 0.633344 0.065123 -0.076251 0.102592 -0.308236 -0.201525 0.924042
10001.899981000 0.651586 0.070754 -0.076350 0.106865 -0.312717 -0.200959 0.922173
10001.933314000 0.667423 0.076836 -0.077372 0.110994 -0.315887 -0.200073 0.920797
10001.966647000 0.682761 0.082181 -0.076636 0.114873 -0.319103 -0.199432 0.919350
10001.999980000 0.709386 0.093365 -0.075636 0.121907 -0.324796 -0.198241 0.916704
10002.033313000 0.720347 0.098648 -0.075350 0.124960 -0.327626 -0.197391 0.915469
10002.066646000 0.729026 0.102343 -0.074845 0.126849 -0.330096 -0.196942 0.914418
10002.099979000 0.737500 0.106352 -0.073634 0.128586 -0.332641 -0.196400 0.913369
10002.133312000 0.744885 0.108566 -0.074270 0.129885 -0.334569 -0.195999 0.912567
10002.166645000 0.751090 0.111046 -0.074689 0.131185 -0.336642 -0.195479 0.911730
10002.199978000 0.758665 0.113152 -0.075892 0.132049 -0.338753 -0.195256 0.910870
10002.233311000 0.765863 0.114734 -0.077761 0.132553 -0.340549 -0.195221 0.910134
10002.266644000 0.773914 0.115510 -0.080933 0.133189 -0.342128 -0.195059 0.909484
10002.299977000 0.782298 0.115629 -0.085441 0.133315 -0.343569 -0.195425 0.908844
10002.333310000 0.804640 0.115740 -0.099115 0.133389 -0.345642 -0.195672 0.907993
10002.366643000 0.817025 0.113137 -0.108266 0.132623 -0.346223 -0.196573 0.907689
10002.399976000 0.831536 0.111773 -0.117407 0.132714 -0.347203 -0.197242 0.907156
10002.433309000 0.844377 0.110775 -0.128541 0.132220 -0.347364 -0.197528 0.907104
10002.466642000 0.858208 0.108778 -0.140507 0.131411 -0.347602 -0.198364 0.906949
10002.499975000 0.870663 0.105186 -0.150659 0.130103 -0.348206 -0.199132 0.906737
10002.533308000 0.881631 0.102381 -0.160932 0.128625 -0.348863 -0.200012 0.906502
10002.566641000 0.891803 0.101144 -0.171933 0.127157 -0.349335 -0.200946 0.906321
10002.599974000 0.899950 0.099756 -0.181024 0.125457 -0.349825 -0.201337 0.906282
10002.633307000 0.905772 0.097186 -0.189490 0.122953 -0.350900 -0.202162 0.906026
10002.666640000 0.905696 0.093242 -0.197826 0.117296 -0.353873 -0.203877 0.905235
10002.699973000 0.900980 0.091657 -0.200571 0.113808 -0.355481 -0.204729 0.904857
10002.733306000 0.893793 0.090681 -0.202400 0.110239 -0.356874 -0.205641 0.904544
10002.766639000 0.885275 0.089122 -0.201688 0.106764 -0.358219 -0.206533 0.904226
10002.799972000 0.875864 0.088010 -0.200348 0.103969 -0.358681 -0.207447 0.904160
10002.833305000 0.864677 0.086247 -0.198057 0.101439 -0.358450 -0.208060 0.904397
10002.866638000 0.852640 0.083753 -0.194487 0.099841 -0.356598 -0.208063 0.905306
10002.899971000 0.840492 0.081491 -0.191213 0.099376 -0.353339 -0.208257 0.906590
10002.933304000 0.829422 0.077568 -0.186376 0.100013 -0.348741 -0.208232 0.908304
10002.966637000 0.820747 0.074016 -0.183049 0.102616 -0.341886 -0.207358 0.910816
10002.999970000 0.804908 0.063644 -0.176730 0.112876 -0.321376 -0.204961 0.917588
10003.033303000 0.799941 0.057317 -0.173198 0.120352 -0.308855 -0.203421 0.921273
10003.066636000 0.795750 0.050357 -0.170285 0.128829 -0.294724 -0.201598 0.925148
10003.099969000 0.793731 0.043789 -0.168706 0.137746 -0.280479 -0.200052 0.928621
10003.133302000 0.792196 0.035622 -0.167420 0.146395 -0.266159 -0.198953 0.931743
10003.166635000 0.790730 0.029432 -0.166101 0.155169 -0.252322 -0.197499 0.934479
10003.199968000 0.789886 0.022382 -0.164872 0.163131 -0.239381 -0.196911 0.936649
10003.233301000 0.788829 0.016100 -0.164213 0.170222 -0.227600 -0.196368 0.938436
10003.266634000 0.787289 0.010441 -0.163142 0.176546 -0.216858 -0.195728 0.939944
10003.299967000 0.785682 0.004281 -0.163327 0.181262 -0.207915 -0.195490 0.941116
10003.333300000 0.776599 -0.003088 -0.161824 0.187924 -0.194263 -0.195094 0.942807
10003.366633000 0.770147 -0.006365 -0.161439 0.189381 -0.189528 -0.194629 0.943575
10003.399966000 0.761717 -0.008240 -0.161747 0.189891 -0.185810 -0.194268 0.944286
10003.433299000 0.755475 -0.009838 -0.161331 0.189835 -0.183441 -0.193998 0.944816
10003.466632000 0.744236 -0.012514 -0.160326 0.188663 -0.181364 -0.193275 0.945599
10003.499965000 0.735056 -0.014024 -0.160230 0.187204 -0.180180 -0.192911 0.946190
10003.533298000 0.725596 -0.015665 -0.158673 0.185254 -0.179850 -0.192866 0.946646
10003.566631000 0.715777 -0.018681 -0.155866 0.182803 -0.179765 -0.192637 0.947185
10003.599964000 0.706076 -0.021258 -0.154016 0.180320 -0.179651 -0.192352 0.947740
10003.633297000 0.696003 -0.024865 -0.151233 0.177603 -0.179578 -0.192158 0.948306
10003.666630000 0.677647 -0.034994 -0.143545 0.172154 -0.179574 -0.192206 0.949301
10003.699963000 0.669292 -0.042048 -0.138252 0.169615 -0.179290 -0.192287 0.949796
10003.733296000 0.661620 -0.050160 -0.131700 0.167160 -0.178970 -0.192322 0.950284
10003.766629000 0.654081 -0.057635 -0.124229 0.165252 -0.178594 -0.192631 0.950626
10003.799962000 0.647975 -0.066009 -0.117389 0.163126 -0.178272 -0.193017 0.950975
10003.833295000 0.642929 -0.076581 -0.109336 0.160828 -0.178109 -0.193434 0.951312
10003.866628000 0.636358 -0.086695 -0.100758 0.158694 -0.177830 -0.194244 0.951557
10003.899961000 0.630206 -0.097091 -0.092204 0.156788 -0.177066 -0.194385 0.951987
10003.933294000 0.624327 -0.106591 -0.083101 0.155018 -0.176797 -0.195150 0.952170
10003.966627000 0.616937 -0.117368 -0.075487 0.152627 -0.176120 -0.195890 0.952530
10003.999960000 0.607835 -0.137657 -0.058938 0.148485 -0.175818 -0.196861 0.953040
10004.033293000 0.600895 -0.147822 -0.052296 0.146001 -0.175349 -0.197724 0.953332
10004.066626000 0.595735 -0.156902 -0.044618 0.143604 -0.175439 -0.198261 0.953568
10004.099959000 0.589990 -0.165647 -0.037755 0.141371 -0.175074 -0.198622 0.953893
10004.133292000 0.584463 -0.174174 -0.030681 0.139047 -0.174955 -0.199150 0.954147
10004.166625000 0.577749 -0.182890 -0.023562 0.136381 -0.174746 -0.199686 0.954458
10004.199958000 0.571066 -0.191582 -0.016464 0.133680 -0.174536 -0.200218 0.954767
10004.233291000 0.563974 -0.199477 -0.009907 0.131218 -0.173551 -0.200006 0.955332
10004.266624000 0.556646 -0.208436 -0.002863 0.128248 -0.173126 -0.200466 0.955716
10004.299957000 0.548482 -0.216216 0.003817 0.125542 -0.172324 -0.200823 0.956145
10004.333290000 0.530889 -0.236266 0.018736 0.118611 -0.170692 -0.201833 0.957110
10004.366623000 0.520346 -0.245408 0.028231 0.115633 -0.169340 -0.202035 0.957672
10004.399956000 0.510410 -0.254940 0.036813 0.112378 -0.168040 -0.202255 0.958241
10004.433289000 0.500211 -0.264050 0.046773 0.109349 -0.166789 -0.202475 0.958764
10004.466622000 0.491516 -0.273095 0.054601 0.106219 -0.165786 -0.202849 0.959210
10004.499955000 0.483432 -0.282076 0.062354 0.103049 -0.164883 -0.203187 0.959640
10004.533288000 0.476080 -0.290595 0.070301 0.100087 -0.164159 -0.203621 0.959986
10004.566621000 0.470858 -0.299598 0.076364 0.096945 -0.163982 -0.204275 0.960200
10004.599954000 0.468782 -0.308417 0.083378 0.094420 -0.164660 -0.205256 0.960126
10004.633287000 0.467515 -0.316463 0.089194 0.091874 -0.165666 -0.206295 0.959977
10004.666620000 0.474926 -0.330663 0.096120 0.087927 -0.170295 -0.209438 0.958856
10004.699953000 0.481580 -0.336478 0.100539 0.086765 -0.173556 -0.211191 0.957992
10004.733286000 0.490247 -0.341118 0.103084 0.086069 -0.177292 -0.213157 0.956935
10004.766619000 0.501580 -0.346530 0.106244 0.085419 -0.181960 -0.215518 0.955587
10004.799952000 0.511994 -0.349217 0.108702 0.085474 -0.186051 -0.217240 0.954403
10004.833285000 0.526025 -0.352174 0.110444 0.085640 -0.191009 -0.219260 0.952946
10004.866618000 0.537576 -0.355132 0.115042 0.086095 -0.195708 -0.221375 0.951462
10004.899951000 0.548731 -0.357379 0.119957 0.086730 -0.200317 -0.223336 0.949985
10004.933284000 0.560066 -0.358944 0.125595 0.087657 -0.204950 -0.225189 0.948473
10004.966617000 0.570108 -0.360524 0.132513 0.088583 -0.209400 -0.226904 0.947006
10004.999950000 0.584703 -0.364199 0.150937 0.090110 -0.217051 -0.229744 0.944451
10005.033283000 0.588104 -0.366048 0.161336 0.090647 -0.219974 -0.230928 0.943434
10005.066616000 0.589489 -0.368181 0.172799 0.090983 -0.222468 -0.231942 0.942567
10005.099949000 0.590543 -0.370582 0.184923 0.091235 -0.224997 -0.232930 0.941698
10005.133282000 0.589791 -0.372697 0.198174 0.091576 -0.227214 -0.233846 0.940906
10005.166615000 0.587934 -0.376129 0.212773 0.091406 -0.229411 -0.234762 0.940161
10005.199948000 0.586501 -0.378672 0.226787 0.091525 -0.231563 -0.235633 0.939403
10005.233281000 0.584240 -0.380917 0.240954 0.091708 -0.233591 -0.236332 0.938707
10005.266614000 0.582550 -0.383791 0.255059 0.091708 -0.235763 -0.237200 0.937945
10005.299947000 0.579438 -0.386691 0.268800 0.091520 -0.237486 -0.237995 0.937328
10005.333280000 0.576578 -0.393434 0.294024 0.090908 -0.241845 -0.239962 0.935770
10005.366613000 0.575709 -0.396458 0.306116 0.090747 -0.244158 -0.240954 0.934929
10005.399946000 0.576066 -0.399924 0.317275 0.090490 -0.246794 -0.242119 0.933961
10005.433279000 0.576622 -0.403669 0.327936 0.090122 -0.249504 -0.243361 0.932953
10005.466612000 0.576543 -0.407133 0.338734 0.089801 -0.252081 -0.244470 0.932001
10005.499945000 0.577051 -0.411588 0.349317 0.089115 -0.254927 -0.245892 0.930918
10005.533278000 0.578969 -0.414426 0.360337 0.089198 -0.258084 -0.247129 0.929712
10005.566611000 0.579647 -0.418197 0.370801 0.088794 -0.260989 -0.248396 0.928601
10005.599944000 0.581123 -0.421465 0.381690 0.088721 -0.264185 -0.249646 0.927368
10005.633277000 0.582327 -0.423854 0.393140 0.088996 -0.267376 -0.250796 0.926116
10005.666610000 0.582749 -0.428921 0.417093 0.089369 -0.273503 -0.253071 0.923669
10005.699943000 0.582841 -0.431333 0.431054 0.089835 -0.276939 -0.254156 0.922301
10005.733276000 0.582802 -0.433592 0.444222 0.090356 -0.280334 -0.255058 0.920975
10005.766609000 0.581552 -0.435235 0.458460 0.090552 -0.283830 -0.255631 0.919725
10005.799942000 0.581579 -0.437038 0.471965 0.091219 -0.287353 -0.256706 0.918264
10005.833275000 0.581776 -0.439884 0.485632 0.091552 -0.291255 -0.257963 0.916648
10005.866608000 0.582228 -0.441845 0.499049 0.092224 -0.295090 -0.258973 0.915068
10005.899941000 0.582742 -0.444069 0.511644 0.092715 -0.298824 -0.260110 0.913483
10005.933274000 0.583560 -0.446791 0.523525 0.092940 -0.302585 -0.261282 0.911886
10005.966607000 0.584642 -0.449764 0.534347 0.093298 -0.305730 -0.262740 0.910380
10005.999940000 0.587497 -0.457225 0.551273 0.092169 -0.312429 -0.265770 0.907337
10006.033273000 0.589925 -0.460859 0.556680 0.091781 -0.315011 -0.267616 0.905939
10006.066606000 0.592159 -0.466230 0.562749 0.090601 -0.317880 -0.269222 0.904579
10006.099939000 0.594235 -0.471106 0.566810 0.089260 -0.320556 -0.271654 0.903040
10006.133272000 0.598305 -0.477947 0.571579 0.087553 -0.323859 -0.273416 0.901495
10006.166605000 0.601475 -0.485053 0.575005 0.085392 -0.326954 -0.276138 0.899754
10006.199938000 0.604793 -0.492731 0.577718 0.082762 -0.329995 -0.278413 0.898187
10006.233271000 0.608304 -0.500341 0.581456 0.080272 -0.333442 -0.280880 0.896370
10006.266604000 0.611886 -0.507857 0.583353 0.077220 -0.336811 -0.283007 0.894708
10006.299937000 0.614415 -0.515098 0.585588 0.074149 -0.339903 -0.285199 0.893101
10006.333270000 0.619462 -0.530763 0.590910 0.067303 -0.346820 -0.289344 0.889644
10006.366603000 0.620877 -0.538409 0.594405 0.063700 -0.350337 -0.291329 0.887882
10006.399936000 0.622165 -0.546787 0.598559 0.059837 -0.354167 -0.293434 0.885935
10006.433269000 0.624242 -0.553638 0.602967 0.056953 -0.358050 -0.295753 0.883791
10006.466602000 0.626667 -0.560951 0.606288 0.053592 -0.361816 -0.297609 0.881843
10006.499935000 0.629291 -0.567533 0.610030 0.050999 -0.365270 -0.299739 0.879849
10006.533268000 0.632344 -0.573590 0.614886 0.049325 -0.368681 -0.301821 0.877807
10006.566601000 0.635739 -0.580284 0.619185 0.047637 -0.371668 -0.303781 0.875963
10006.599934000 0.640533 -0.586129 0.624125 0.047327 -0.374768 -0.306197 0.873815
10006.633267000 0.644723 -0.592252 0.629236 0.047354 -0.377374 -0.308808 0.871770
10006.666600000 0.660461 -0.599842 0.639569 0.052790 -0.381604 -0.314162 0.867695
10006.699933000 0.669939 -0.602743 0.644597 0.057157 -0.383039 -0.316951 0.865769
10006.733266000 0.678742 -0.605958 0.650225 0.061879 -0.384033 -0.320264 0.863783
10006.766599000 0.689380 -0.608512 0.654695 0.067996 -0.384547 -0.323136 0.862023
10006.799932000 0.701279 -0.611456 0.658312 0.073448 -0.385286 -0.326555 0.859955
10006.833265000 0.713389 -0.614253 0.661999 0.079283 -0.385668 -0.329664 0.858077
10006.866598000 0.725849 -0.617618 0.664936 0.085017 -0.385827 -0.333319 0.856042
10006.899931000 0.739101 -0.620768 0.667222 0.090486 -0.386426 -0.336680 0.853893
10006.933264000 0.753237 -0.624833 0.667927 0.095177 -0.387131 -0.340332 0.851613
10006.966597000 0.766892 -0.630052 0.668443 0.098342 -0.388064 -0.343890 0.849397
10006.999930000 0.797220 -0.643673 0.665980 0.102526 -0.392501 -0.351710 0.843642
10007.033263000 0.812253 -0.652432 0.662975 0.102722 -0.395135 -0.355748 0.840690
10007.066596000 0.827076 -0.661158 0.658654 0.102274 -0.398251 -0.359008 0.837884
10007.099929000 0.841561 -0.670740 0.654653 0.100943 -0.401290 -0.361918 0.835340
10007.133262000 0.856141 -0.680808 0.650296 0.099168 -0.405058 -0.364524 0.832596
10007.166595000 0.870784 -0.690885 0.643953 0.096765 -0.408132 -0.366750 0.830397
10007.199928000 0.884748 -0.699833 0.639084 0.094784 -0.411759 -0.368323 0.828135
10007.233261000 0.897870 -0.709030 0.634332 0.092131 -0.415237 -0.368946 0.826419
10007.266594000 0.910734 -0.716401 0.627711 0.090410 -0.417744 -0.368844 0.825390
10007.299927000 0.922767 -0.723763 0.622409 0.088043 -0.420781 -0.367945 0.824505
10007.333260000 0.946572 -0.733526 0.613289 0.085662 -0.425303 -0.363715 0.824312
10007.366593000 0.956161 -0.735648 0.610118 0.085403 -0.426534 -0.360361 0.825176
10007.399926000 0.966397 -0.736132 0.606112 0.085268 -0.427673 -0.357041 0.826043
10007.433259000 0.976320 -0.736159 0.603156 0.085708 -0.428835 -0.353323 0.826993
10007.466592000 0.985863 -0.734459 0.601455 0.087119 -0.429948 -0.350098 0.827639
10007.499925000 0.994265 -0.731353 0.600473 0.088803 -0.431012 -0.347379 0.828052
10007.533258000 1.002105 -0.728077 0.599907 0.090998 -0.431781 -0.346156 0.827925
10007.566591000 1.010433 -0.722669 0.600033 0.093905 -0.432983 -0.345833 0.827108
10007.599924000 1.017957 -0.717654 0.602078 0.097696 -0.434323 -0.347393 0.825310
10007.633257000 1.025394 -0.711801 0.604025 0.101584 -0.435624 -0.350647 0.822775
10007.666590000 1.042049 -0.694601 0.614178 0.113578 -0.438918 -0.363648 0.813764
10007.699923000 1.050387 -0.686532 0.620573 0.119996 -0.440997 -0.373493 0.807233
10007.733256000 1.057075 -0.678626 0.627991 0.126953 -0.443032 -0.384752 0.799732
10007.766589000 1.064764 -0.669461 0.634723 0.134252 -0.444612 -0.396793 0.791740
10007.799922000 1.072750 -0.660791 0.643564 0.141720 -0.446835 -0.409129 0.782858
10007.833255000 1.078571 -0.653565 0.651090 0.148631 -0.448284 -0.422172 0.773771
10007.866588000 1.085744 -0.645963 0.659653 0.155995 -0.449889 -0.434157 0.764704
10007.899921000 1.091737 -0.638839 0.665633 0.162528 -0.450947 -0.445838 0.755950
10007.933254000 1.097492 -0.631914 0.671900 0.168700 -0.451562 -0.456275 0.747961
10007.966587000 1.103820 -0.626740 0.675825 0.173601 -0.452114 -0.464914 0.741155
10007.999920000 1.115275 -0.617496 0.681563 0.180925 -0.452561 -0.477277 0.731205
10008.033253000 1.121753 -0.614387 0.682823 0.183374 -0.452681 -0.480613 0.728330
10008.066586000 1.127147 -0.612070 0.682795 0.184678 -0.452635 -0.482385 0.726857
10008.099919000 1.134132 -0.610675 0.682247 0.185497 -0.452910 -0.482903 0.726133
10008.133252000 1.141040 -0.608740 0.681604 0.186182 -0.453312 -0.481745 0.726475
10008.166585000 1.148963 -0.606867 0.679600 0.186684 -0.453572 -0.479645 0.727573
10008.199918000 1.158326 -0.604806 0.676119 0.187323 -0.453565 -0.477041 0.729123
10008.233251000 1.168073 -0.602066 0.673519 0.188521 -0.454076 -0.473510 0.730796
10008.266584000 1.178683 -0.599675 0.670162 0.189612 -0.454796 -0.469481 0.732663
10008.299917000 1.190828 -0.595194 0.666307 0.191761 -0.455385 -0.465237 0.734443
10008.333250000 1.220276 -0.583026 0.660233 0.199110 -0.457698 -0.456142 0.736751
10008.366583000 1.237688 -0.574574 0.657563 0.204023 -0.459158 -0.451167 0.737561
10008.399916000 1.255786 -0.567046 0.655611 0.209568 -0.460883 -0.446888 0.737536
10008.433249000 1.273826 -0.558641 0.652725 0.214934 -0.462502 -0.442632 0.737545
10008.466582000 1.294659 -0.549982 0.649114 0.220923 -0.463992 -0.439255 0.736858
10008.499915000 1.315670 -0.541392 0.648389 0.227184 -0.466184 -0.435344 0.735891
10008.533248000 1.332032 -0.534800 0.644334 0.232192 -0.467622 -0.432526 0.735077
10008.566581000 1.351285 -0.528357 0.642277 0.237800 -0.469203 -0.430186 0.733648
10008.599914000 1.367127 -0.524990 0.639854 0.241485 -0.470895 -0.428224 0.732507
10008.633247000 1.383196 -0.523200 0.637144 0.244953 -0.472574 -0.427153 0.730898
10008.666580000 1.407143 -0.525688 0.632696 0.248473 -0.475190 -0.425999 0.728684
10008.699913000 1.416494 -0.531312 0.630280 0.248251 -0.476745 -0.426614 0.727383
10008.733246000 1.424294 -0.536936 0.627172 0.247267 -0.477625 -0.427301 0.726738
10008.766579000 1.431443 -0.545387 0.623445 0.245538 -0.478715 -0.428477 0.725913
10008.799912000 1.435994 -0.557165 0.620445 0.242756 -0.479973 -0.430339 0.724916
10008.833245000 1.439050 -0.569788 0.618499 0.239566 -0.481284 -0.432455 0.723849
10008.866578000 1.440901 -0.584704 0.614691 0.235176 -0.482380 -0.434835 0.723132
10008.899911000 1.443970 -0.599939 0.611721 0.231232 -0.483385 -0.437455 0.722152
10008.933244000 1.445551 -0.615467 0.608076 0.227149 -0.484553 -0.440161 0.721020
10008.966577000 1.447682 -0.633250 0.604646 0.222145 -0.486043 -0.442713 0.720014
10008.999910000 1.451618 -0.668003 0.597381 0.213171 -0.488597 -0.448508 0.717406
10009.033243000 1.455767 -0.685523 0.593588 0.209002 -0.490078 -0.451306 0.715867
10009.066576000 1.460177 -0.702227 0.589647 0.204760 -0.491519 -0.453415 0.714770
10009.099909000 1.465663 -0.718551 0.587612 0.201459 -0.493322 -0.455793 0.712952
10009.133242000 1.470765 -0.733247 0.587714 0.198772 -0.495176 -0.457814 0.711124
10009.166575000 1.477175 -0.748074 0.586797 0.196350 -0.496938 -0.460231 0.709004
10009.199908000 1.484735 -0.762476 0.584846 0.193935 -0.498859 -0.461808 0.707292
10009.233241000 1.491309 -0.775657 0.585381 0.191894 -0.500771 -0.463364 0.705478
10009.266574000 1.499819 -0.787488 0.587763 0.190583 -0.503211 -0.464300 0.703479
10009.299907000 1.508107 -0.799290 0.590407 0.189113 -0.505579 -0.465252 0.701546
10009.333240000 1.529506 -0.820394 0.598186 0.187406 -0.511018 -0.465867 0.697644
10009.366573000 1.540556 -0.827595 0.603437 0.187499 -0.513739 -0.465569 0.695817
10009.399906000 1.551862 -0.835381 0.609640 0.187340 -0.516596 -0.465083 0.694068
10009.433239000 1.563590 -0.840789 0.614436 0.187583 -0.518936 -0.464517 0.692634
10009.466572000 1.575939 -0.846288 0.620109 0.187867 -0.521517 -0.463762 0.691123
10009.499905000 1.588981 -0.850360 0.624278 0.188322 -0.523741 -0.462776 0.689978
10009.533238000 1.601094 -0.853118 0.627791 0.189064 -0.525462 -0.462048 0.688953
10009.566571000 1.614983 -0.855842 0.629759 0.189599 -0.527151 -0.461007 0.688212
10009.599904000 1.627364 -0.857682 0.629353 0.190209 -0.528007 -0.460458 0.687755
10009.633237000 1.640212 -0.859260 0.628680 0.190675 -0.528708 -0.459907 0.687456
10009.666570000 1.662203 -0.861190 0.620825 0.191527 -0.528517 -0.459547 0.687607
10009.699903000 1.672947 -0.861047 0.615033 0.191750 -0.527798 -0.459506 0.688125
10009.733236000 1.682946 -0.862075 0.606743 0.191831 -0.526750 -0.459860 0.688668
10009.766569000 1.693435 -0.861915 0.595184 0.191696 -0.524987 -0.460335 0.689734
10009.799902000 1.702796 -0.862826 0.584992 0.191560 -0.523572 -0.460790 0.690543
10009.833235000 1.713105 -0.864012 0.574029 0.191432 -0.522171 -0.461356 0.691262
10009.866568000 1.722045 -0.864294 0.563993 0.191393 -0.520739 -0.461719 0.692109
10009.899901000 1.730947 -0.866460 0.554408 0.191079 -0.519579 -0.462338 0.692654
10009.933234000 1.741900 -0.868278 0.544651 0.190870 -0.518554 -0.462722 0.693223
10009.966567000 1.752067 -0.870904 0.538625 0.190935 -0.518334 -0.462781 0.693331
10009.999900000 1.772475 -0.878811 0.531994 0.190898 -0.519186 -0.462790 0.692697
10010.033233000 1.784627 -0.883659 0.531382 0.191186 -0.520413 -0.462463 0.691915
10010.066566000 1.795433 -0.888764 0.533726 0.191503 -0.522072 -0.461945 0.690922
10010.099899000 1.808635 -0.893932 0.536640 0.191839 -0.523937 -0.461382 0.689793
10010.133232000 1.820108 -0.898932 0.541887 0.192439 -0.526099 -0.460698 0.688436
10010.166565000 1.832078 -0.904466 0.547576 0.192805 -0.528314 -0.459976 0.687119
10010.199898000 1.845093 -0.908659 0.551889 0.193060 -0.530300 -0.459158 0.686065
10010.233231000 1.857875 -0.913206 0.557240 0.193258 -0.532256 -0.458447 0.684968
10010.266564000 1.868996 -0.915255 0.558944 0.193404 -0.533471 -0.457687 0.684490
10010.299897000 1.882144 -0.917282 0.562936 0.193839 -0.534585 -0.457308 0.683751
10010.333230000 1.905222 -0.916426 0.568143 0.194484 -0.535583 -0.456582 0.683272
10010.366563000 1.916483 -0.913479 0.568448 0.194714 -0.535203 -0.456452 0.683590
10010.399896000 1.926731 -0.909994 0.567696 0.194645 -0.534554 -0.456283 0.684230
10010.433229000 1.938137 -0.907308 0.566004 0.194503 -0.533746 -0.456359 0.684851
10010.466562000 1.948644 -0.903158 0.564233 0.194262 -0.532613 -0.456547 0.685675
10010.499895000 1.960885 -0.899771 0.559971 0.193718 -0.531353 -0.456900 0.686571
10010.533228000 1.970096 -0.895810 0.556800 0.193399 -0.529906 -0.457384 0.687456
10010.566561000 1.977788 -0.894216 0.555306 0.192506 -0.528805 -0.458093 0.688083
10010.599894000 1.985298 -0.892774 0.552717 0.191666 -0.527644 -0.458862 0.688696
10010.633227000 1.991281 -0.891275 0.550972 0.190661 -0.526453 -0.459726 0.689310
10010.666560000 1.998541 -0.892284 0.552566 0.188275 -0.525196 -0.461526 0.689721
10010.699893000 2.001437 -0.896119 0.554140 0.186678 -0.525015 -0.462590 0.689580
10010.733226000 2.003162 -0.900304 0.557631 0.185077 -0.525098 -0.463590 0.689277
10010.766559000 2.004928 -0.905425 0.561497 0.183569 -0.525371 -0.464611 0.688785
10010.799892000 2.006098 -0.911945 0.566807 0.181752 -0.525892 -0.465873 0.688016
10010.833225000 2.007240 -0.918875 0.571404 0.179770 -0.526357 -0.467103 0.687347
10010.866558000 2.010296 -0.926707 0.577258 0.177850 -0.527376 -0.467991 0.686461
10010.899891000 2.013715 -0.935482 0.583266 0.175787 -0.528343 -0.469155 0.685453
10010.933224000 2.016537 -0.944583 0.590002 0.173839 -0.529307 -0.470404 0.684350
10010.966557000 2.022337 -0.955760 0.597227 0.171523 -0.530577 -0.471545 0.683164
10010.999890000 2.038246 -0.972571 0.610363 0.167922 -0.532667 -0.473401 0.681146
10011.033223000 2.049083 -0.980721 0.616374 0.166280 -0.533633 -0.474169 0.680258
10011.066556000 2.060851 -0.990380 0.623764 0.164559 -0.534930 -0.474846 0.679184
10011.099889000 2.073907 -0.996393 0.628944 0.163413 -0.535665 -0.475323 0.678547
10011.133222000 2.087476 -1.002465 0.633178 0.162136 -0.536353 -0.475709 0.678041
10011.166555000 2.100772 -1.007072 0.635870 0.161371 -0.536686 -0.476288 0.677552
10011.199888000 2.115386 -1.010955 0.639250 0.160719 -0.537146 -0.476511 0.677186
10011.233221000 2.129240 -1.012654 0.641199 0.160427 -0.537413 -0.476484 0.677062
10011.266554000 2.142014 -1.012776 0.642478 0.160517 -0.537466 -0.476423 0.677042
10011.299887000 2.154026 -1.011036 0.642936 0.160858 -0.537373 -0.476169 0.677213
10011.333220000 2.173594 -1.002467 0.638101 0.162211 -0.536467 -0.475108 0.678353
10011.366553000 2.182898 -0.996207 0.635299 0.163341 -0.535957 -0.474442 0.678951
10011.399886000 2.189320 -0.986127 0.630495 0.164972 -0.535027 -0.473397 0.680019
10011.433219000 2.193856 -0.977008 0.624680 0.166251 -0.533935 -0.472567 0.681142
10011.466552000 2.202400 -0.969482 0.617802 0.167500 -0.533026 -0.471620 0.682204
10011.499885000 2.208318 -0.960536 0.612203 0.168997 -0.532041 -0.470715 0.683227
10011.533218000 2.213465 -0.950902 0.604568 0.170227 -0.530713 -0.469921 0.684500
10011.566551000 2.220452 -0.942353 0.598490 0.171599 -0.529664 -0.469261 0.685422
10011.599884000 2.227141 -0.933210 0.590284 0.172966 -0.528097 -0.468961 0.686492
10011.633217000 2.233683 -0.925857 0.582806 0.173759 -0.526627 -0.468692 0.687604
10011.666550000 2.247573 -0.912845 0.570354 0.174771 -0.523825 -0.468813 0.689404
10011.699883000 2.255254 -0.905857 0.563906 0.175119 -0.522183 -0.468945 0.690470
10011.733216000 2.264564 -0.903278 0.559731 0.174792 -0.521082 -0.469505 0.691003
10011.766549000 2.276497 -0.903144 0.557644 0.174218 -0.520392 -0.470148 0.691232
10011.799882000 2.283038 -0.900045 0.555769 0.173848 -0.519408 -0.470483 0.691837
10011.833215000 2.297472 -0.900039 0.551485 0.172888 -0.518662 -0.470948 0.692320
10011.866548000 2.309832 -0.898773 0.550674 0.172439 -0.518107 -0.471365 0.692564
10011.899881000 2.324413 -0.895787 0.547965 0.172048 -0.517421 -0.471636 0.692990
10011.933214000 2.341165 -0.898899 0.546817 0.170446 -0.517945 -0.471018 0.693414
10011.966547000 2.349539 -0.896871 0.550015 0.170332 -0.517906 -0.471187 0.693357
10011.999880000 2.370573 -0.894921 0.557079 0.169669 -0.519267 -0.469697 0.693512
10012.033213000 2.379067 -0.891805 0.565321 0.170615 -0.520189 -0.469160 0.692953
10012.066546000 2.388416 -0.887154 0.567098 0.170906 -0.520754 -0.467906 0.693303
10012.099879000 2.396605 -0.880662 0.575193 0.172530 -0.521866 -0.466561 0.692972
10012.133212000 2.401019 -0.871425 0.584604 0.174575 -0.522748 -0.465024 0.692828
10012.166545000 2.410503 -0.865804 0.591522 0.176006 -0.523945 -0.463678 0.692464
10012.199878000 2.419234 -0.857610 0.599519 0.178276 -0.524982 -0.462261 0.692045
10012.233211000 2.432324 -0.853600 0.601891 0.178616 -0.526339 -0.460002 0.692431
10012.266544000 2.441554 -0.844620 0.607097 0.180870 -0.527023 -0.458692 0.692196
10012.299877000 2.451580 -0.832992 0.609799 0.183424 -0.527184 -0.457170 0.692407
10012.333210000 2.473339 -0.810184 0.609818 0.188398 -0.526731 -0.454799 0.692978
10012.366543000 2.486708 -0.797938 0.606382 0.190746 -0.526103 -0.453483 0.693674
10012.399876000 2.498442 -0.786144 0.603521 0.193301 -0.525333 -0.452422 0.694244
10012.433209000 2.521700 -0.775874 0.592358 0.194793 -0.524313 -0.451529 0.695179
10012.466542000 2.538629 -0.764424 0.584190 0.196768 -0.523177 -0.450664 0.696039
10012.499875000 2.557246 -0.752044 0.575540 0.198976 -0.521935 -0.449738 0.696942
10012.533208000 2.574340 -0.740351 0.565249 0.200936 -0.520336 -0.449414 0.697783
10012.566541000 2.591009 -0.727795 0.555642 0.203045 -0.518859 -0.448575 0.698812
10012.599874000 2.609003 -0.717316 0.546669 0.204923 -0.517545 -0.448255 0.699443
10012.633207000 2.620366 -0.704773 0.537979 0.207015 -0.515784 -0.448021 0.700278
10012.666540000 2.649407 -0.679460 0.519316 0.210460 -0.513099 -0.445952 0.702540
10012.699873000 2.664000 -0.669563 0.512211 0.212153 -0.511958 -0.445712 0.703015
10012.733206000 2.675846 -0.659692 0.504989 0.213970 -0.510689 -0.445690 0.703402
10012.766539000 2.692778 -0.650566 0.495283 0.214970 -0.509742 -0.444944 0.704255
10012.799872000 2.699053 -0.642032 0.492127 0.216691 -0.508725 -0.444997 0.704430
10012.833205000 2.706910 -0.633275 0.487011 0.218246 -0.507641 -0.444928 0.704775
10012.866538000 2.708768 -0.630867 0.482441 0.218607 -0.506904 -0.444806 0.705272
10012.899871000 2.715636 -0.621045 0.474050 0.219575 -0.505726 -0.444197 0.706199
10012.933204000 2.718919 -0.614347 0.468483 0.220714 -0.504472 -0.444593 0.706491
10012.966537000 2.718760 -0.607109 0.462297 0.221708 -0.502961 -0.445067 0.706959
10012.999870000 2.710591 -0.594385 0.449610 0.222664 -0.500031 -0.445570 0.708418
10013.033203000 2.703785 -0.588518 0.443752 0.222857 -0.498563 -0.445748 0.709280
10013.066536000 2.695077 -0.584064 0.436890 0.222840 -0.496934 -0.446295 0.710085
10013.099869000 2.686690 -0.579960 0.432003 0.222704 -0.495786 -0.446626 0.710721
10013.133202000 2.674758 -0.575951 0.425709 0.222363 -0.494202 -0.447031 0.711676
10013.166535000 2.651956 -0.575129 0.422365 0.221170 -0.492922 -0.447024 0.712938
10013.199868000 2.642184 -0.567801 0.419706 0.222109 -0.491135 -0.448235 0.713119
10013.233201000 2.627810 -0.564476 0.417885 0.221633 -0.490099 -0.448308 0.713934
10013.266534000 2.612717 -0.560610 0.414807 0.221435 -0.488640 -0.448848 0.714655
10013.299867000 2.596531 -0.558475 0.415026 0.220838 -0.487828 -0.448967 0.715320
10013.333200000 2.563082 -0.550448 0.419113 0.220677 -0.486071 -0.449155 0.716447
10013.366533000 2.547256 -0.547200 0.423279 0.220798 -0.485451 -0.449458 0.716640
10013.399866000 2.532294 -0.543625 0.429908 0.220965 -0.485265 -0.449428 0.716734
10013.433199000 2.518356 -0.541255 0.437395 0.221270 -0.485146 -0.449654 0.716578
10013.466532000 2.504155 -0.537957 0.446382 0.221508 -0.485387 -0.449309 0.716558
10013.499865000 2.493293 -0.535504 0.457007 0.222029 -0.485970 -0.449033 0.716174
10013.533198000 2.484792 -0.533558 0.468326 0.222693 -0.486763 -0.448868 0.715533
10013.566531000 2.477464 -0.531977 0.479244 0.223427 -0.487598 -0.448755 0.714806
10013.599864000 2.472382 -0.531219 0.491816 0.224092 -0.488852 -0.448385 0.713973
10013.633197000 2.470197 -0.530259 0.505847 0.224856 -0.490542 -0.447608 0.713061
10013.666530000 2.475685 -0.532671 0.524331 0.225495 -0.493804 -0.446019 0.711602
10013.699863000 2.481134 -0.533214 0.538994 0.226456 -0.496080 -0.445050 0.710319
10013.733196000 2.485009 -0.538403 0.549970 0.226543 -0.498344 -0.444121 0.709287
10013.766529000 2.496495 -0.539159 0.564495 0.227807 -0.500957 -0.443043 0.707713
10013.799862000 2.507579 -0.540403 0.576838 0.229144 -0.502910 -0.442549 0.706205
10013.833195000 2.520755 -0.540751 0.588867 0.230544 -0.504938 -0.441780 0.704782
10013.866528000 2.529557 -0.540926 0.593129 0.230828 -0.506296 -0.440350 0.704610
10013.899861000 2.545477 -0.540799 0.605884 0.232348 -0.508633 -0.439319 0.703069
10013.933194000 2.563113 -0.543104 0.615327 0.234433 -0.510056 -0.440191 0.700797
10013.966527000 2.575586 -0.541122 0.622901 0.236148 -0.511074 -0.440124 0.699521
10013.999860000 2.602624 -0.531691 0.636213 0.239446 -0.513171 -0.438106 0.698129
10014.033193000 2.607517 -0.527665 0.636518 0.240298 -0.513241 -0.437305 0.698287
10014.066526000 2.616032 -0.522947 0.636211 0.241151 -0.513367 -0.436436 0.698444
10014.099859000 2.622018 -0.517369 0.637606 0.242291 -0.513452 -0.435626 0.698493
10014.133192000 2.630817 -0.512409 0.637460 0.243335 -0.513379 -0.435150 0.698480
10014.166525000 2.640326 -0.507379 0.635656 0.244213 -0.513179 -0.434659 0.698626
10014.199858000 2.650548 -0.504144 0.632820 0.244768 -0.513021 -0.434295 0.698775
10014.233191000 2.658019 -0.502662 0.628152 0.245233 -0.512500 -0.434493 0.698871
10014.266524000 2.666685 -0.503742 0.622846 0.245173 -0.512265 -0.434615 0.698989
10014.299857000 2.679244 -0.507771 0.618876 0.244580 -0.512590 -0.434551 0.698998
10014.333190000 2.718029 -0.533098 0.618737 0.239420 -0.519784 -0.429412 0.698648
10014.366523000 2.727117 -0.549387 0.609564 0.237045 -0.520136 -0.430492 0.698531
10014.399856000 2.737458 -0.569312 0.601084 0.234180 -0.520904 -0.431733 0.698159
10014.433189000 2.741276 -0.583172 0.592908 0.230799 -0.521831 -0.430571 0.699308
10014.466522000 2.752445 -0.609088 0.582015 0.228769 -0.521202 -0.435646 0.697298
10014.499855000 2.759668 -0.630479 0.573920 0.225512 -0.522091 -0.436212 0.697341
10014.533188000 2.761754 -0.654086 0.567390 0.222433 -0.522850 -0.438226 0.696498
10014.566521000 2.766813 -0.682132 0.561928 0.218774 -0.524117 -0.440301 0.695395
10014.599854000 2.771426 -0.711190 0.559814 0.214935 -0.525899 -0.441880 0.694245
10014.633187000 2.771187 -0.737511 0.558883 0.211642 -0.527467 -0.443524 0.693017
10014.666520000 2.764322 -0.790030 0.564873 0.204862 -0.531301 -0.447404 0.689623
10014.699853000 2.753315 -0.811605 0.572304 0.201924 -0.533328 -0.448476 0.688227
10014.733186000 2.744074 -0.832846 0.582260 0.199268 -0.535636 -0.449368 0.686625
10014.766519000 2.728606 -0.851339 0.592942 0.196646 -0.537602 -0.450450 0.685135
10014.799852000 2.713696 -0.870944 0.605555 0.193928 -0.540045 -0.451344 0.683397
10014.833185000 2.698085 -0.887542 0.619505 0.191506 -0.542407 -0.451932 0.681819
10014.866518000 2.681463 -0.903692 0.634597 0.189350 -0.544710 -0.452833 0.679985
10014.899851000 2.667846 -0.922199 0.649994 0.186850 -0.547369 -0.453760 0.677921
10014.933184000 2.654420 -0.940125 0.668168 0.184801 -0.550101 -0.454952 0.675468
10014.966517000 2.642012 -0.957910 0.684730 0.182536 -0.552739 -0.455820 0.673341
10014.999850000 2.630954 -0.994456 0.712683 0.177641 -0.558145 -0.457636 0.668945
10015.033183000 2.623816 -1.013820 0.729061 0.175443 -0.560878 -0.458590 0.666582
10015.066516000 2.621308 -1.031771 0.743661 0.173364 -0.563532 -0.459296 0.664397
10015.099849000 2.621270 -1.051155 0.756498 0.171103 -0.566138 -0.460115 0.662197
10015.133182000 2.620723 -1.069670 0.769275 0.169102 -0.568662 -0.460759 0.660098
10015.166515000 2.621083 -1.086107 0.779625 0.167517 -0.570624 -0.461639 0.658191
10015.199848000 2.617843 -1.103293 0.793135 0.165857 -0.572943 -0.462457 0.656019
10015.233181000 2.617368 -1.120826 0.803962 0.164160 -0.575309 -0.462997 0.653991
10015.266514000 2.615101 -1.137729 0.813110 0.162530 -0.577423 -0.463591 0.652112
10015.299847000 2.609016 -1.151712 0.822211 0.161274 -0.579332 -0.464203 0.650293
10015.333180000 2.592643 -1.177114 0.837177 0.159053 -0.583159 -0.465040 0.646812
10015.366513000 2.580253 -1.186979 0.842941 0.158199 -0.584744 -0.465052 0.645581
10015.399846000 2.566356 -1.195460 0.847624 0.157349 -0.586257 -0.465091 0.644387
10015.433179000 2.549892 -1.202026 0.850681 0.156713 -0.587511 -0.465104 0.643390
10015.466512000 2.532084 -1.207020 0.853250 0.156304 -0.588626 -0.465107 0.642467
10015.499845000 2.512433 -1.212134 0.856586 0.155722 -0.589815 -0.465235 0.641425
10015.533178000 2.491824 -1.215614 0.858479 0.155379 -0.590743 -0.465394 0.640537
10015.566511000 2.469491 -1.218056 0.859686 0.154856 -0.591476 -0.465616 0.639826
10015.599844000 2.447167 -1.220862 0.861242 0.154175 -0.592151 -0.465992 0.639092
10015.633177000 2.425068 -1.221572 0.861660 0.153621 -0.592519 -0.466427 0.638567
10015.666510000 2.378868 -1.223864 0.863631 0.151794 -0.593132 -0.467597 0.637578
10015.699843000 2.355153 -1.222699 0.865041 0.150886 -0.593055 -0.468381 0.637290
10015.733176000 2.333435 -1.223547 0.864599 0.149578 -0.592757 -0.469479 0.637067
10015.766509000 2.310996 -1.221581 0.864252 0.148434 -0.592256 -0.470362 0.637150
10015.799842000 2.287943 -1.219962 0.863933 0.147235 -0.591620 -0.471550 0.637141
10015.833175000 2.266853 -1.218634 0.862068 0.145718 -0.590673 -0.472874 0.637387
10015.866508000 2.245355 -1.217418 0.860593 0.144347 -0.589740 -0.474242 0.637546
10015.899841000 2.224882 -1.212957 0.857516 0.143232 -0.588408 -0.475447 0.638130
10015.933174000 2.205335 -1.211520 0.854162 0.141737 -0.587162 -0.476866 0.638553
10015.966507000 2.186976 -1.209336 0.846929 0.140225 -0.585284 -0.478479 0.639404
10015.999840000 2.153333 -1.202120 0.829007 0.137699 -0.580912 -0.481382 0.641757
10016.033173000 2.137452 -1.199163 0.819406 0.136496 -0.578726 -0.482836 0.642896
10016.066506000 2.123808 -1.196802 0.808182 0.135238 -0.576351 -0.484368 0.644141
10016.099839000 2.110140 -1.194727 0.796211 0.134085 -0.573918 -0.485914 0.645388
10016.133172000 2.099095 -1.192532 0.783643 0.133097 -0.571444 -0.487332 0.646719
10016.166505000 2.087498 -1.191999 0.772078 0.131811 -0.569185 -0.488839 0.647835
10016.199838000 2.076788 -1.192440 0.758437 0.130472 -0.566792 -0.490371 0.649046
10016.233171000 2.068460 -1.193889 0.747132 0.129147 -0.564744 -0.491830 0.649991
10016.266504000 2.059779 -1.197185 0.734333 0.127666 -0.562622 -0.493516 0.650845
10016.299837000 2.051657 -1.203441 0.721935 0.125853 -0.560821 -0.495418 0.651308
10016.333170000 2.037395 -1.222987 0.701344 0.121110 -0.558078 -0.499417 0.651509
10016.366503000 2.031874 -1.236225 0.692336 0.118748 -0.557235 -0.501534 0.651039
10016.399836000 2.027382 -1.250934 0.686346 0.116151 -0.556904 -0.503568 0.650220
10016.433169000 2.021430 -1.266823 0.680040 0.113286 -0.556549 -0.505716 0.649362
10016.466502000 2.016413 -1.284109 0.676119 0.110370 -0.556685 -0.507772 0.648142
10016.499835000 2.014461 -1.300670 0.674418 0.108191 -0.557137 -0.509640 0.646653
10016.533168000 2.008913 -1.316671 0.672849 0.105670 -0.557532 -0.511488 0.645269
10016.566501000 2.005921 -1.333208 0.675211 0.103374 -0.558649 -0.512952 0.643510
10016.599834000 2.002623 -1.348135 0.677961 0.101226 -0.559637 -0.514407 0.641829
10016.633167000 1.998927 -1.362075 0.682756 0.099360 -0.560972 -0.515609 0.639988
10016.666500000 1.991575 -1.386203 0.703412 0.096459 -0.565187 -0.517007 0.635581
10016.699833000 1.989630 -1.392995 0.712436 0.095665 -0.566944 -0.517183 0.633991
10016.733166000 1.985616 -1.401277 0.727106 0.094658 -0.569392 -0.517391 0.631774
10016.766499000 1.981543 -1.407266 0.742306 0.094065 -0.571946 -0.517176 0.629728
10016.799832000 1.978314 -1.410762 0.755651 0.093760 -0.574112 -0.516901 0.628027
10016.833165000 1.972865 -1.413971 0.772226 0.093465 -0.576747 -0.516523 0.625963
10016.866498000 1.967031 -1.418086 0.786732 0.092830 -0.579046 -0.516387 0.624046
10016.899831000 1.962155 -1.419273 0.797762 0.092429 -0.580690 -0.516081 0.622829
10016.933164000 1.953887 -1.422284 0.810924 0.091650 -0.582664 -0.516052 0.621122
10016.966497000 1.944379 -1.426222 0.822380 0.090687 -0.584508 -0.516220 0.619390
10016.999830000 1.920622 -1.435081 0.840808 0.087952 -0.587191 -0.517573 0.616109
10017.033163000 1.906243 -1.439015 0.846069 0.086428 -0.587886 -0.518633 0.614768
10017.066496000 1.891417 -1.444664 0.849871 0.084560 -0.588412 -0.519960 0.613403
10017.099829000 1.875071 -1.450581 0.852448 0.082367 -0.588597 -0.521634 0.612101
10017.133162000 1.857158 -1.457101 0.854398 0.080033 -0.588787 -0.523422 0.610699
10017.166495000 1.839349 -1.464259 0.855447 0.077417 -0.588725 -0.525406 0.609392
10017.199828000 1.821730 -1.469910 0.856401 0.075094 -0.588571 -0.527413 0.608096
10017.233161000 1.801350 -1.476716 0.856889 0.072271 -0.588321 -0.529695 0.606695
10017.266494000 1.784193 -1.482076 0.856291 0.069812 -0.587786 -0.531799 0.605660
10017.299827000 1.766314 -1.487329 0.856254 0.067364 -0.587314 -0.533970 0.604483
10017.333160000 1.730577 -1.498242 0.857982 0.062093 -0.586534 -0.538288 0.601970
10017.366493000 1.714702 -1.501918 0.857922 0.059801 -0.585881 -0.540265 0.601067
10017.399826000 1.698863 -1.505947 0.858429 0.057478 -0.585321 -0.542301 0.600004
10017.433159000 1.683987 -1.509391 0.859303 0.055394 -0.584866 -0.544099 0.599016
10017.466492000 1.670215 -1.513119 0.860719 0.053412 -0.584671 -0.545640 0.597983
10017.499825000 1.656148 -1.516800 0.862756 0.051376 -0.584415 -0.547385 0.596816
10017.533158000 1.644242 -1.520975 0.864235 0.049665 -0.584429 -0.548783 0.595662
10017.566491000 1.632364 -1.525573 0.866970 0.048017 -0.584803 -0.550031 0.594278
10017.599824000 1.620656 -1.531032 0.869921 0.046465 -0.585375 -0.551190 0.592762
10017.633157000 1.610041 -1.537059 0.873485 0.045071 -0.586243 -0.552327 0.590950
10017.666490000 1.589824 -1.554883 0.881505 0.041947 -0.589345 -0.554030 0.586484
10017.699823000 1.580371 -1.564878 0.885089 0.040574 -0.591124 -0.554717 0.584136
10017.733156000 1.571113 -1.577700 0.889516 0.038830 -0.593345 -0.555495 0.581257
10017.766489000 1.563172 -1.589135 0.894967 0.037596 -0.595923 -0.555819 0.578384
10017.799822000 1.555419 -1.601402 0.898774 0.036272 -0.598398 -0.556183 0.575556
10017.833155000 1.547476 -1.614458 0.904824 0.034812 -0.601150 -0.556441 0.572521
10017.866488000 1.539131 -1.627006 0.910762 0.033463 -0.604036 -0.556748 0.569255
10017.899821000 1.530427 -1.639679 0.917070 0.031976 -0.606799 -0.556986 0.566162
10017.933154000 1.522329 -1.651470 0.922973 0.030596 -0.609342 -0.557177 0.563311
10017.966487000 1.515120 -1.662797 0.929066 0.029219 -0.611831 -0.557445 0.560414
10017.999820000 1.498569 -1.682190 0.943713 0.026515 -0.616517 -0.558029 0.554804
10018.033153000 1.491278 -1.690249 0.950710 0.025193 -0.618308 -0.558301 0.552595
10018.066486000 1.482192 -1.698322 0.958371 0.023703 -0.620049 -0.558932 0.550067
10018.099819000 1.474798 -1.705931 0.964952 0.022271 -0.621446 -0.559491 0.547977
10018.133152000 1.468594 -1.713812 0.969903 0.020678 -0.622319 -0.560356 0.546162
10018.166485000 1.462248 -1.722645 0.975716 0.019028 -0.623356 -0.561158 0.544211
10018.199818000 1.458157 -1.731292 0.981546 0.017689 -0.624440 -0.561700 0.542452
10018.233151000 1.454231 -1.741399 0.985979 0.016122 -0.625186 -0.562644 0.540661
10018.266484000 1.451878 -1.752879 0.991645 0.014677 -0.626219 -0.563432 0.538682
10018.299817000 1.451039 -1.766134 0.994924 0.013183 -0.626905 -0.564477 0.536826
10018.333150000 1.456740 -1.797700 1.000299 0.010553 -0.628539 -0.565968 0.533393
10018.366483000 1.461511 -1.816870 1.003389 0.009196 -0.629632 -0.566677 0.531372
10018.399816000 1.468898 -1.835969 1.006011 0.008286 -0.630681 -0.567139 0.529647
10018.433149000 1.476957 -1.857952 1.007875 0.007142 -0.631809 -0.567670 0.527747
10018.466482000 1.487239 -1.879640 1.009205 0.006314 -0.632856 -0.567988 0.526158
10018.499815000 1.498007 -1.902537 1.012292 0.005410 -0.634238 -0.568146 0.524332
10018.533148000 1.509898 -1.926236 1.014094 0.004646 -0.635577 -0.568378 0.522462
10018.566481000 1.523184 -1.949794 1.017681 0.004029 -0.637092 -0.568413 0.520581
10018.599814000 1.536350 -1.972839 1.021506 0.003445 -0.638714 -0.568242 0.518781
10018.633147000 1.550819 -1.995130 1.025699 0.003104 -0.640370 -0.567920 0.517091
10018.666480000 1.578045 -2.034894 1.038347 0.002660 -0.643885 -0.566914 0.513822
10018.699813000 1.592500 -2.052110 1.045781 0.002795 -0.645869 -0.565937 0.512407
10018.733146000 1.605444 -2.069183 1.053905 0.002666 -0.647725 -0.565096 0.510991
10018.766479000 1.618758 -2.085438 1.061635 0.002656 -0.649502 -0.564247 0.509671
10018.799812000 1.630004 -2.100435 1.068661 0.002556 -0.651054 -0.563543 0.508470
10018.833145000 1.639145 -2.113802 1.079954 0.002399 -0.653186 -0.562564 0.506818
10018.866478000 1.646888 -2.127865 1.089101 0.002077 -0.654974 -0.561956 0.505184
10018.899811000 1.651999 -2.140897 1.099073 0.001617 -0.656678 -0.561573 0.503395
10018.933144000 1.654467 -2.153001 1.108003 0.000957 -0.658269 -0.561243 0.501685
10018.966477000 1.653516 -2.165016 1.117405 0.000021 0.659888 0.561245 -0.499551
10018.999810000 1.641103 -2.189935 1.133496 0.003076 0.662552 0.562452 -0.494634
10019.033143000 1.628941 -2.202034 1.140654 0.005226 0.663649 0.563605 -0.491825
10019.066476000 1.617478 -2.212434 1.145782 0.007057 0.664408 0.564675 -0.489544
10019.099809000 1.601629 -2.222862 1.150648 0.009431 0.665083 0.566322 -0.486678
10019.133142000 1.583788 -2.232224 1.155710 0.011836 0.665729 0.568008 -0.483769
10019.166475000 1.564378 -2.240416 1.158713 0.014391 0.666039 0.570007 -0.480912
10019.199808000 1.543188 -2.248000 1.159593 0.017106 0.665977 0.572244 -0.478245
10019.233141000 1.523143 -2.251814 1.160699 0.019361 0.665916 0.574168 -0.475932
10019.266474000 1.503464 -2.254630 1.159868 0.021415 0.665573 0.576313 -0.473727
10019.299807000 1.483789 -2.253969 1.157583 0.023413 0.664913 0.578309 -0.472123
10019.333140000 1.449318 -2.243245 1.148935 0.026214 0.662903 0.581768 -0.470550
10019.366473000 1.433595 -2.234565 1.143260 0.027156 0.661667 0.583310 -0.470329
10019.399806000 1.421071 -2.221669 1.136398 0.027473 0.660206 0.584511 -0.470873
10019.433139000 1.410342 -2.207013 1.128871 0.027391 0.658624 0.585541 -0.471811
10019.466472000 1.401296 -2.191724 1.118321 0.027385 0.656507 0.586541 -0.473516
10019.499805000 1.394455 -2.175726 1.106912 0.027167 0.654241 0.587338 -0.475673
10019.533138000 1.388330 -2.158492 1.097300 0.026686 0.652236 0.587839 -0.477830
10019.566471000 1.384318 -2.140640 1.086840 0.025944 0.650091 0.588179 -0.480368
10019.599804000 1.383304 -2.122509 1.075926 0.024870 0.647876 0.588217 -0.483362
10019.633137000 1.383448 -2.105505 1.064803 0.023874 0.645632 0.588083 -0.486568
10019.666470000 1.388220 -2.072441 1.045382 0.021010 0.641685 0.587390 -0.492720
10019.699803000 1.394182 -2.057610 1.036608 0.019375 0.639971 0.586586 -0.495962
10019.733136000 1.401036 -2.043443 1.030015 0.017441 0.638686 0.585595 -0.498853
10019.766469000 1.406885 -2.030592 1.024424 -0.015826 -0.637548 -0.584645 0.501471
10019.799802000 1.414817 -2.018456 1.018694 -0.013916 -0.636467 -0.583588 0.504125
10019.833135000 1.422361 -2.007460 1.013351 -0.012149 -0.635481 -0.582607 0.506542
10019.866468000 1.429066 -1.996915 1.010043 -0.010557 -0.634826 -0.581482 0.508688
10019.899801000 1.434044 -1.987986 1.005901 -0.009277 -0.634004 -0.580781 0.510536
10019.933134000 1.437838 -1.979557 1.001229 -0.008212 -0.633052 -0.580234 0.512353
10019.966467000 1.439686 -1.973046 0.997970 -0.007545 -0.632374 -0.579882 0.513598
10019.999800000 1.434655 -1.962070 0.991389 -0.007258 -0.630841 -0.580327 0.514982
10020.033133000 1.429108 -1.957515 0.988641 -0.007503 -0.630101 -0.580867 0.515277
10020.066466000 1.421242 -1.952746 0.985798 -0.007946 -0.629291 -0.581659 0.515367
10020.099799000 1.411851 -1.948712 0.983237 -0.008579 -0.628502 -0.582667 0.515180
10020.133132000 1.400456 -1.944441 0.980902 -0.009367 -0.627702 -0.583882 0.514767
10020.166465000 1.386857 -1.941126 0.978364 -0.010586 -0.626804 -0.585407 0.514104
10020.199798000 1.371972 -1.937946 0.976491 -0.011935 -0.625978 -0.587000 0.513263
10020.233131000 1.358017 -1.933908 0.973618 -0.013043 -0.624990 -0.588612 0.512595
10020.266464000 1.341689 -1.929395 0.971018 -0.014483 -0.623919 -0.590380 0.511827
10020.299797000 1.323913 -1.925738 0.968328 -0.016244 -0.622806 -0.592433 0.510756
10020.333130000 1.291798 -1.916514 0.961847 -0.019023 -0.620410 -0.596280 0.509096
10020.366463000 1.275425 -1.911041 0.958459 -0.020434 -0.619085 -0.598133 0.508481
10020.399796000 1.259519 -1.904440 0.954610 -0.021682 -0.617654 -0.599982 0.507991
10020.433129000 1.243533 -1.898517 0.950240 -0.023064 -0.616133 -0.601943 0.507457
10020.466462000 1.229398 -1.891267 0.945864 -0.024121 -0.614599 -0.603571 0.507333
10020.499795000 1.214710 -1.884158 0.942029 -0.025253 -0.613106 -0.605249 0.507087
10020.533128000 1.201339 -1.876763 0.937466 -0.026237 -0.611501 -0.606858 0.507053
10020.566461000 1.191115 -1.869033 0.933505 -0.026637 -0.610147 -0.608066 0.507215
10020.599794000 1.180549 -1.861649 0.928544 -0.027393 -0.608495 -0.609303 0.507675
10020.633127000 1.171347 -1.853830 0.923437 -0.027893 -0.606854 -0.610440 0.508245
10020.666460000 1.159483 -1.838250 0.913468 -0.028200 -0.603799 -0.611744 0.510294
10020.699793000 1.155571 -1.830390 0.908574 -0.028141 -0.602362 -0.612169 0.511485
10020.733126000 1.153747 -1.822101 0.903227 -0.027782 -0.600885 -0.612306 0.513076
10020.766459000 1.152959 -1.813995 0.897800 -0.027419 -0.599410 -0.612256 0.514878
10020.799792000 1.153236 -1.805356 0.890945 -0.026966 -0.597630 -0.612113 0.517135
10020.833125000 1.154582 -1.797526 0.885582 -0.026396 -0.596258 -0.611818 0.519093
10020.866458000 1.156212 -1.788349 0.879518 -0.025706 -0.594673 -0.611363 0.521477
10020.899791000 1.159335 -1.779662 0.873697 -0.024874 -0.593215 -0.610706 0.523943
10020.933124000 1.162972 -1.769076 0.868184 -0.023635 -0.591748 -0.609934 0.526552
10020.966457000 1.166552 -1.759095 0.861549 -0.022604 -0.590059 -0.609144 0.529398
10020.999790000 1.174503 -1.735010 0.849592 -0.019820 -0.586767 -0.607142 0.535435
10021.033123000 1.176996 -1.722109 0.843506 -0.018626 -0.584952 -0.606233 0.538485
10021.066456000 1.180926 -1.709308 0.836531 -0.017194 -0.583047 -0.605180 0.541773
10021.099789000 1.185915 -1.696549 0.830272 -0.015655 -0.581312 -0.604006 0.544985
10021.133122000 1.189561 -1.684440 0.822772 -0.014300 -0.579300 -0.603039 0.548225
10021.166455000 1.193237 -1.672484 0.816938 -0.012910 -0.577618 -0.601901 0.551276
10021.199788000 1.198101 -1.662243 0.810516 -0.011500 -0.575993 -0.600919 0.554073
10021.233121000 1.203695 -1.650940 0.804643 -0.009870 -0.574425 -0.599643 0.557106
10021.266454000 1.209170 -1.641505 0.798288 -0.008459 -0.572854 -0.598543 0.559922
10021.299787000 1.216198 -1.633910 0.792105 -0.007002 -0.571511 -0.597375 0.562556
10021.333120000 1.230308 -1.622896 0.782111 -0.004217 -0.569560 -0.595299 0.566748
10021.366453000 1.239631 -1.620222 0.776475 -0.002905 -0.568795 -0.594419 0.568445
10021.399786000 1.249306 -1.620453 0.771565 -0.001922 -0.568336 -0.593423 0.569947
10021.433119000 1.261144 -1.622219 0.766506 -0.000694 -0.568038 -0.592535 0.571170
10021.466452000 1.273212 -1.626644 0.761372 0.000227 -0.567894 -0.591855 0.572017
10021.499785000 1.286342 -1.634617 0.756062 0.000899 -0.567972 -0.591273 0.572541
10021.533118000 1.300881 -1.645540 0.751536 0.001453 -0.568429 -0.590753 0.572624
10021.566451000 1.317202 -1.659561 0.746715 0.001906 -0.569061 -0.590309 0.572452
10021.599784000 1.335476 -1.677157 0.743006 0.002291 -0.570206 -0.589867 0.571766
