10000.000000000 0.000000 0.000000 0.000000 0.000000 0.000000 0.000000 1.000000
10000.033333000 0.011484 0.009524 -0.001859 0.001997 0.001190 0.001415 0.999996
10000.066666000 0.003315 0.004279 0.002167 0.000274 0.005119 0.000608 0.999987
10000.099999000 0.012324 0.007116 0.009010 0.000379 0.007638 0.001568 0.999970
10000.133332000 0.021641 0.003392 0.012522 -0.000541 0.012203 0.003647 0.999919
10000.166665000 0.032519 -0.008077 0.020100 -0.002560 0.017723 0.004437 0.999830
10000.199998000 0.058803 -0.003778 0.022702 -0.001691 0.020343 0.004506 0.999781
10000.233331000 0.059583 -0.016539 0.026584 -0.003354 0.027118 0.004735 0.999615
10000.266664000 0.069740 -0.022471 0.030978 -0.003164 0.034039 0.006540 0.999394
10000.299997000 0.058868 -0.019266 0.040429 0.001307 0.045842 0.009994 0.998898
10000.333330000 0.060673 -0.017289 0.046494 0.003252 0.057242 0.014272 0.998253
10000.366663000 0.087326 -0.003147 0.046723 0.005825 0.065520 0.015861 0.997708
10000.399996000 0.116903 0.008003 0.050186 0.006463 0.073745 0.018430 0.997086
10000.433329000 0.125260 -0.001983 0.056158 0.004239 0.084494 0.020202 0.996210
10000.466662000 0.144864 0.008626 0.058582 0.004981 0.092642 0.022893 0.995424
10000.499995000 0.120557 0.004028 0.084058 0.004889 0.107942 0.027984 0.993751
10000.533328000 0.149539 -0.005909 0.080667 0.003877 0.113754 0.031073 0.993015
10000.566661000 0.159104 -0.011409 0.079245 0.005668 0.120455 0.033618 0.992133
10000.599994000 0.163082 -0.023845 0.075448 0.011146 0.123720 0.034250 0.991663
10000.633327000 0.155723 -0.023274 0.077760 0.020656 0.124854 0.033687 0.991388
10000.666660000 0.127754 -0.028170 0.087481 0.030940 0.125861 0.034587 0.990962
10000.699993000 0.135775 -0.081173 0.068711 0.035961 0.117232 0.036324 0.991788
10000.733326000 0.120520 -0.061867 0.065524 0.049643 0.108247 0.035549 0.992247
10000.766659000 0.099429 -0.078201 0.060118 0.055521 0.098163 0.033711 0.993048
10000.799992000 0.100187 -0.074817 0.044229 0.064562 0.081227 0.029965 0.994151
10000.833325000 0.103349 -0.028641 0.029756 0.075845 0.059350 0.024420 0.995052
10000.866658000 0.074061 -0.043427 0.017942 0.077651 0.042576 0.023129 0.995803
10000.899991000 0.051140 -0.031654 0.007955 0.082438 0.025170 0.020758 0.996062
10000.933324000 0.037538 -0.021394 -0.003764 0.083905 0.005811 0.019520 0.996266
10000.966657000 0.015682 -0.017110 -0.015240 0.084298 -0.012367 0.018794 0.996187
10000.999990000 0.025338 -0.042020 -0.029379 0.079297 -0.034711 0.012816 0.996164
10001.033323000 0.001254 -0.029053 -0.035110 0.080513 -0.047747 0.011805 0.995539
10001.066656000 0.000882 -0.040180 -0.036601 0.079617 -0.061692 0.008762 0.994876
10001.099989000 -0.000822 -0.038831 -0.041825 0.080139 -0.074651 0.005599 0.993969
10001.133322000 0.004900 -0.033806 -0.045137 0.080508 -0.088552 0.002709 0.992809
10001.166655000 0.020233 -0.034713 -0.050648 0.079795 -0.105211 -0.006418 0.991223
10001.199988000 0.000034 -0.031127 -0.058902 0.080912 -0.120268 -0.012236 0.989363
10001.233321000 -0.000376 -0.021795 -0.062798 0.084439 -0.138971 -0.022750 0.986428
10001.266654000 0.013254 -0.008120 -0.071018 0.086425 -0.158194 -0.030414 0.983148
10001.299987000 0.011845 -0.009740 -0.074288 0.080914 -0.177518 -0.036640 0.980101
10001.333320000 0.088368 -0.054931 -0.033770 0.076349 -0.212574 -0.057283 0.972472
10001.366653000 0.092015 -0.032520 -0.040189 0.080438 -0.225604 -0.066053 0.968643
10001.399986000 0.101573 -0.032835 -0.039387 0.073844 -0.239318 -0.075491 0.965181
10001.433319000 0.092168 -0.028946 -0.042420 0.070907 -0.249077 -0.079778 0.962584
10001.466652000 0.091245 -0.040349 -0.029797 0.067428 -0.260380 -0.080785 0.959755
10001.499985000 0.097438 -0.046379 -0.006357 0.067662 -0.271841 -0.081735 0.956475
10001.533318000 0.111260 -0.035497 0.005836 0.067515 -0.282349 -0.075883 0.953919
10001.566651000 0.107581 -0.034113 0.022441 0.063182 -0.291602 -0.071005 0.951806
10001.599984000 0.112141 -0.040722 0.053505 0.056573 -0.301980 -0.071135 0.948972
10001.633317000 0.117955 -0.045592 0.090896 0.050907 -0.313147 -0.073961 0.945451
10001.666650000 0.119143 -0.085777 0.139922 0.043118 -0.327106 -0.085992 0.940079
10001.699983000 0.106604 -0.083727 0.165899 0.047377 -0.333270 -0.091984 0.937137
10001.733316000 0.096705 -0.088049 0.198448 0.043106 -0.342550 -0.100090 0.933158
10001.766649000 0.088610 -0.093445 0.240059 0.033051 -0.351381 -0.113415 0.928750
10001.799982000 0.075514 -0.103382 0.272110 0.026412 -0.354707 -0.125146 0.926188
10001.833315000 0.080066 -0.126769 0.309479 0.016681 -0.364796 -0.133273 0.921349
10001.866648000 0.079154 -0.117020 0.333304 0.011742 -0.373563 -0.136233 0.917471
10001.899981000 0.080814 -0.125765 0.360275 0.004788 -0.383249 -0.140025 0.912957
10001.933314000 0.081333 -0.132013 0.389977 -0.000937 -0.392924 -0.141135 0.908675
10001.966647000 0.087916 -0.138118 0.415273 -0.005430 -0.402604 -0.141624 0.904336
10001.999980000 0.102956 -0.145700 0.453102 -0.010459 -0.418684 -0.143409 0.896676
10002.033313000 0.121417 -0.136009 0.483006 -0.014733 -0.433149 -0.145910 0.889312
10002.066646000 0.142703 -0.133551 0.519038 -0.020578 -0.444799 -0.153657 0.882111
10002.099979000 0.149098 -0.154231 0.552994 -0.018205 -0.457658 -0.162471 0.873969
10002.133312000 0.174393 -0.127781 0.575033 -0.012351 -0.469397 -0.172376 0.865910
10002.166645000 0.187305 -0.142307 0.616181 -0.028413 -0.484178 -0.192480 0.853062
10002.199978000 0.191163 -0.162098 0.628825 -0.022066 -0.497853 -0.199226 0.843780
10002.233311000 0.212719 -0.152127 0.655451 -0.018060 -0.517225 -0.200269 0.831892
10002.266644000 0.220210 -0.167917 0.677107 -0.025960 -0.534098 -0.206092 0.819507
10002.299977000 0.214972 -0.181789 0.698074 -0.026014 -0.545648 -0.208721 0.811189
10002.333310000 0.222837 -0.164229 0.729703 -0.023170 -0.559884 -0.211315 0.800836
10002.366643000 0.217970 -0.166830 0.744621 -0.028853 -0.570920 -0.216512 0.791417
10002.399976000 0.210485 -0.168594 0.769901 -0.035369 -0.581425 -0.219901 0.782520
10002.433309000 0.198517 -0.172381 0.796317 -0.040252 -0.589303 -0.222576 0.775604
10002.466642000 0.183813 -0.174784 0.828147 -0.044421 -0.596894 -0.227028 0.768247
10002.499975000 0.169351 -0.165329 0.864397 -0.042546 -0.607131 -0.233736 0.758254
10002.533308000 0.157371 -0.144793 0.891361 -0.042534 -0.613017 -0.241172 0.751157
10002.566641000 0.128808 -0.160924 0.921124 -0.044007 -0.618577 -0.253170 0.742516
10002.599974000 0.109344 -0.159799 0.947079 -0.041469 -0.622317 -0.262938 0.736115
10002.633307000 0.089003 -0.162538 0.972383 -0.039019 -0.624742 -0.274022 0.730128
10002.666640000 0.069481 -0.177964 0.995427 -0.041939 -0.629578 -0.280071 0.723487
10002.699973000 0.049607 -0.196506 1.002317 -0.045682 -0.632394 -0.282182 0.719975
10002.733306000 0.036664 -0.205578 1.025107 -0.047309 -0.637865 -0.279179 0.716205
10002.766639000 0.028855 -0.216607 1.042650 -0.046923 -0.644726 -0.276321 0.711178
10002.799972000 0.020841 -0.226712 1.067359 -0.044756 -0.653576 -0.273256 0.704391
10002.833305000 0.023543 -0.227871 1.087692 -0.041894 -0.663304 -0.268508 0.697263
10002.866638000 0.019172 -0.244488 1.105427 -0.042036 -0.674099 -0.270580 0.686011
10002.899971000 0.020209 -0.251853 1.124428 -0.040766 -0.685276 -0.274666 0.673271
10002.933304000 0.028548 -0.255468 1.156131 -0.035757 -0.699553 -0.274913 0.658612
10002.966637000 0.037095 -0.264280 1.172304 -0.041145 -0.711264 -0.282900 0.642167
10002.999970000 0.036389 -0.283905 1.222049 -0.041446 -0.727326 -0.289333 0.620939
10003.033303000 0.046241 -0.292898 1.213901 -0.039393 -0.735212 -0.293553 0.609703
10003.066636000 0.052183 -0.301368 1.227618 -0.036552 -0.746639 -0.295265 0.594990
10003.099969000 0.054776 -0.309551 1.239148 -0.038746 -0.756529 -0.296948 0.581364
10003.133302000 0.052563 -0.319267 1.249094 -0.042488 -0.766628 -0.295945 0.568237
10003.166635000 0.051181 -0.324484 1.265237 -0.042134 -0.778218 -0.294471 0.553072
10003.199968000 0.056125 -0.320607 1.267477 -0.041671 -0.788293 -0.295975 0.537825
10003.233301000 0.047985 -0.332025 1.267801 -0.044360 -0.797441 -0.298840 0.522317
10003.266634000 0.040785 -0.330350 1.269910 -0.044728 -0.804755 -0.300455 0.509996
10003.299967000 0.031451 -0.328232 1.267734 -0.042478 -0.810161 -0.301815 0.500741
10003.333300000 0.012717 -0.326743 1.286473 0.043128 0.817158 0.304081 -0.487778
10003.366633000 -0.000626 -0.317436 1.283485 0.039850 0.821193 0.308704 -0.478285
10003.399966000 -0.023312 -0.311337 1.273877 0.034016 0.823282 0.313659 -0.471877
10003.433299000 -0.047202 -0.317570 1.258050 0.032761 0.828035 0.317917 -0.460666
10003.466632000 -0.061427 -0.312541 1.255730 0.022327 0.836279 0.314659 -0.448473
10003.499965000 -0.085304 -0.311878 1.255246 0.020668 0.841879 0.317315 -0.436032
10003.533298000 -0.106046 -0.319181 1.246186 0.016616 0.847113 0.315233 -0.427494
10003.566631000 -0.123726 -0.321377 1.237752 0.013362 0.850918 0.313503 -0.421279
10003.599964000 -0.138881 -0.318609 1.233613 0.011661 0.852929 0.312998 -0.417623
10003.633297000 -0.154609 -0.321494 1.232546 0.011990 0.856349 0.311739 -0.411510
10003.666630000 -0.166552 -0.315628 1.234899 0.011834 0.862345 0.307468 -0.402101
10003.699963000 -0.168180 -0.305356 1.230918 0.013465 0.867135 0.306263 -0.392555
10003.733296000 -0.183190 -0.306410 1.233779 0.014108 0.871957 0.307050 -0.381067
10003.766629000 -0.195294 -0.304958 1.231832 0.016069 0.875272 0.309114 -0.371604
10003.799962000 -0.206305 -0.307816 1.231517 0.020655 0.881995 0.310745 -0.353689
10003.833295000 -0.212699 -0.311652 1.241066 0.017554 0.889982 0.309807 -0.334130
10003.866628000 -0.197767 -0.284154 1.255563 0.012667 0.896276 0.307685 -0.319153
10003.899961000 -0.210940 -0.296110 1.258222 0.011299 0.900123 0.313654 -0.302112
10003.933294000 -0.221073 -0.306481 1.259382 0.010135 0.904308 0.315859 -0.286979
10003.966627000 -0.227125 -0.321136 1.261496 0.008680 0.909671 0.314431 -0.271213
10003.999960000 -0.239142 -0.323625 1.267944 0.007929 0.915540 0.313217 -0.252226
10004.033293000 -0.238208 -0.321327 1.270085 0.008410 0.921071 0.309802 -0.235755
10004.066626000 -0.242680 -0.324198 1.268987 0.010344 0.926624 0.303710 -0.221406
10004.099959000 -0.242276 -0.321272 1.260571 0.012042 0.930700 0.298928 -0.210464
10004.133292000 -0.251040 -0.320644 1.256267 0.014193 0.934040 0.297174 -0.197625
10004.166625000 -0.281760 -0.317654 1.254644 0.013679 0.938131 0.294136 -0.182228
10004.199958000 -0.289472 -0.308525 1.244696 0.010623 0.939736 0.293826 -0.174500
10004.233291000 -0.309426 -0.289248 1.231912 0.008775 0.941083 0.293072 -0.168508
10004.266624000 -0.325671 -0.285815 1.203305 0.004864 0.942044 0.291980 -0.165159
10004.299957000 -0.336083 -0.276562 1.180128 0.001023 0.946245 0.282028 -0.158362
10004.333290000 -0.372576 -0.267970 1.158891 -0.003687 0.949657 0.278467 -0.143510
10004.366623000 -0.366477 -0.245596 1.146610 -0.012890 0.950916 0.277369 -0.136597
10004.399956000 -0.380576 -0.242082 1.116644 -0.016896 0.951152 0.278792 -0.131529
10004.433289000 -0.397180 -0.245785 1.090468 -0.015057 0.953786 0.273684 -0.123139
10004.466622000 -0.413595 -0.243433 1.076229 -0.010512 0.956982 0.267483 -0.111928
10004.499955000 -0.455312 -0.261717 1.074586 -0.008141 0.957927 0.271215 -0.093552
10004.533288000 -0.468350 -0.257537 1.065161 -0.011927 0.958130 0.273824 -0.082852
10004.566621000 -0.479697 -0.269782 1.053827 -0.010518 0.958557 0.275821 -0.070577
10004.599954000 -0.491829 -0.263657 1.051820 -0.009593 0.960146 0.274808 -0.050083
10004.633287000 -0.521550 -0.267889 1.053289 -0.006844 0.959920 0.278062 -0.034484
10004.666620000 -0.544617 -0.267824 1.059218 -0.004177 0.959889 0.279658 -0.019670
10004.699953000 -0.559262 -0.265491 1.069654 -0.010082 0.959179 0.282604 -0.002898
10004.733286000 -0.579469 -0.275199 1.069828 -0.012562 0.955366 0.294675 0.016855
10004.766619000 -0.600656 -0.270091 1.083923 -0.018803 0.953940 0.297119 0.036948
10004.799952000 -0.620350 -0.275604 1.088776 -0.022390 0.952597 0.298467 0.054549
10004.833285000 -0.641874 -0.276745 1.098508 -0.024198 0.951774 0.297048 0.072819
10004.866618000 -0.651690 -0.262706 1.109737 -0.023160 0.951304 0.294680 0.087452
10004.899951000 -0.654083 -0.278172 1.109612 -0.019626 0.949585 0.295905 0.101701
10004.933284000 -0.656149 -0.283211 1.116968 -0.013582 0.948182 0.294559 0.118330
10004.966617000 -0.644488 -0.290974 1.122286 -0.009961 0.945945 0.293818 0.136965
10004.999950000 -0.645391 -0.289745 1.122534 -0.009651 0.942406 0.294152 0.158909
10005.033283000 -0.617148 -0.293031 1.141925 -0.010185 0.940383 0.292881 0.172616
10005.066616000 -0.607018 -0.283067 1.144359 -0.011955 0.938741 0.289615 0.186401
10005.099949000 -0.598678 -0.287915 1.135335 -0.013450 0.936252 0.290277 0.197458
10005.133282000 -0.594147 -0.276730 1.128931 -0.015555 0.934601 0.287860 0.208363
10005.166615000 -0.594183 -0.264307 1.119967 -0.019191 0.932870 0.284778 0.219742
10005.199948000 -0.573776 -0.270409 1.107267 -0.024780 0.928878 0.292188 0.226268
10005.233281000 -0.553301 -0.274527 1.089877 -0.027189 0.926505 0.292958 0.234573
10005.266614000 -0.530633 -0.279872 1.083463 -0.025978 0.925993 0.286173 0.244883
10005.299947000 -0.510912 -0.291047 1.073033 -0.023156 0.924580 0.278459 0.258993
10005.333280000 -0.580778 -0.257185 1.005698 -0.018607 0.918981 0.264426 0.291900
10005.366613000 -0.521762 -0.274412 1.034544 -0.017784 0.918496 0.264202 0.293676
10005.399946000 -0.505780 -0.271891 1.034177 -0.018505 0.914887 0.262612 0.306063
10005.433279000 -0.484286 -0.273160 1.034403 -0.020205 0.911757 0.260919 0.316562
10005.466612000 -0.493405 -0.259917 1.013724 -0.017966 0.907460 0.255733 0.332857
10005.499945000 -0.506661 -0.248317 0.997162 -0.016793 0.900830 0.257606 0.349087
10005.533278000 -0.492745 -0.250124 0.996088 -0.017825 0.894525 0.263248 0.360844
10005.566611000 -0.490130 -0.247665 0.992624 -0.016207 0.889093 0.263947 0.373609
10005.599944000 -0.490120 -0.241421 0.982499 -0.014933 0.882468 0.265261 0.388156
10005.633277000 -0.493940 -0.239520 0.978232 -0.016262 0.874874 0.267985 0.403132
10005.666610000 -0.508861 -0.225612 0.949754 -0.022468 0.863871 0.273379 0.422476
10005.699943000 -0.519530 -0.227863 0.954732 -0.031475 0.853655 0.281628 0.436999
10005.733276000 -0.518484 -0.224176 0.961995 -0.038812 0.846855 0.278605 0.451342
10005.766609000 -0.521446 -0.226834 0.951359 -0.048408 0.837978 0.275810 0.468379
10005.799942000 -0.522283 -0.222236 0.948662 -0.056647 0.830587 0.271774 0.482758
10005.833275000 -0.536814 -0.231993 0.915839 -0.064168 0.819180 0.271441 0.501145
10005.866608000 -0.532808 -0.237314 0.927729 -0.064144 0.812834 0.266263 0.514092
10005.899941000 -0.540996 -0.230686 0.926919 -0.062388 0.804216 0.259967 0.530813
10005.933274000 -0.534758 -0.236932 0.922028 -0.060695 0.796112 0.258100 0.543972
10005.966607000 -0.522354 -0.246259 0.913265 -0.055983 0.788016 0.257503 0.556408
10005.999940000 -0.525587 -0.242828 0.893695 -0.053611 0.778841 0.252705 0.571553
10006.033273000 -0.503941 -0.246906 0.897501 -0.054323 0.774243 0.247903 0.579777
10006.066606000 -0.485173 -0.247997 0.886934 -0.052465 0.770634 0.240905 0.587653
10006.099939000 -0.464736 -0.249451 0.879249 -0.044690 0.768683 0.234288 0.593497
10006.133272000 -0.440320 -0.250447 0.871441 -0.032513 0.765051 0.230520 0.600417
10006.166605000 -0.428475 -0.240760 0.840124 -0.022475 0.758442 0.225712 0.610995
10006.199938000 -0.395448 -0.251336 0.828992 -0.016981 0.758734 0.215765 0.614394
10006.233271000 -0.364319 -0.244861 0.829307 -0.014326 0.756728 0.210097 0.618884
10006.266604000 -0.335863 -0.232890 0.822355 -0.014164 0.752899 0.205667 0.625015
10006.299937000 -0.307986 -0.229653 0.823888 -0.019603 0.750890 0.202939 0.628168
10006.333270000 -0.283688 -0.222453 0.814211 -0.023752 0.745015 0.198382 0.636422
10006.366603000 -0.269716 -0.205342 0.827774 -0.029016 0.738141 0.195452 0.645062
10006.399936000 -0.241275 -0.211149 0.825615 -0.037522 0.729583 0.192840 0.655068
10006.433269000 -0.217766 -0.223021 0.817602 -0.041860 0.722053 0.186924 0.664791
10006.466602000 -0.202494 -0.224310 0.825851 -0.039411 0.711956 0.178312 0.678064
10006.499935000 -0.198132 -0.225288 0.803281 -0.035568 0.697031 0.174183 0.694653
10006.533268000 -0.176776 -0.249559 0.805072 -0.033422 0.683186 0.172008 0.708909
10006.566601000 -0.163751 -0.256350 0.795340 -0.024149 0.668526 0.166906 0.724315
10006.599934000 -0.149890 -0.254820 0.778125 -0.018469 0.655376 0.161894 0.737517
10006.633267000 -0.143679 -0.254352 0.789860 -0.019663 0.643915 0.155064 0.748960
10006.666600000 -0.133321 -0.233238 0.743990 -0.022158 0.622250 0.150684 0.767859
10006.699933000 -0.123112 -0.240782 0.737257 -0.022470 0.609015 0.144543 0.779553
10006.733266000 -0.116407 -0.243656 0.729039 -0.022032 0.596349 0.139289 0.790241
10006.766599000 -0.109672 -0.243865 0.721293 -0.022246 0.584860 0.133856 0.799704
10006.799932000 -0.096848 -0.246243 0.710023 -0.020506 0.574540 0.131539 0.807577
10006.833265000 -0.084746 -0.223113 0.701377 -0.010061 0.566640 0.129985 0.813586
10006.866598000 -0.085515 -0.232201 0.705956 -0.008082 0.562258 0.132025 0.816315
10006.899931000 -0.068276 -0.225656 0.696582 -0.007144 0.557426 0.130913 0.819809
10006.933264000 -0.054362 -0.224924 0.691846 -0.008688 0.555498 0.129785 0.821281
10006.966597000 -0.040715 -0.218416 0.697750 -0.008579 0.554256 0.128944 0.822253
10006.999930000 -0.006185 -0.211268 0.688418 -0.010385 0.549676 0.130121 0.825117
10007.033263000 0.015051 -0.206923 0.690507 -0.007520 0.543111 0.133801 0.828897
10007.066596000 0.041358 -0.213245 0.687577 0.000225 0.532746 0.129033 0.836380
10007.099929000 0.070399 -0.216533 0.687817 0.008708 0.529052 0.115123 0.840699
10007.133262000 0.093618 -0.216872 0.696137 0.018263 0.524881 0.105394 0.844428
10007.166595000 0.135826 -0.208472 0.684333 0.023279 0.509548 0.101042 0.854172
10007.199928000 0.150281 -0.212564 0.699144 0.025515 0.501850 0.094065 0.859446
10007.233261000 0.168823 -0.214681 0.707006 0.036162 0.493019 0.088720 0.864728
10007.266594000 0.184733 -0.216671 0.712827 0.047575 0.481137 0.088576 0.870860
10007.299927000 0.198995 -0.218942 0.712120 0.054526 0.467096 0.087167 0.878209
10007.333260000 0.231132 -0.211189 0.711850 0.062921 0.454647 0.083921 0.884474
10007.366593000 0.195570 -0.222414 0.737508 0.073749 0.450538 0.080388 0.886066
10007.399926000 0.202303 -0.224939 0.743912 0.085854 0.439930 0.071676 0.891040
10007.433259000 0.201300 -0.228790 0.745259 0.093302 0.429658 0.067499 0.895619
10007.466592000 0.202316 -0.233093 0.751612 0.100714 0.417450 0.063088 0.900895
10007.499925000 0.236863 -0.218590 0.740219 0.108348 0.399827 0.055669 0.908460
10007.533258000 0.238540 -0.226737 0.740752 0.113668 0.387488 0.052414 0.913338
10007.566591000 0.239196 -0.228263 0.744320 0.119914 0.372262 0.048357 0.919077
10007.599924000 0.234231 -0.232409 0.750293 0.122153 0.358111 0.044816 0.924568
10007.633257000 0.243308 -0.229663 0.750405 0.122786 0.344573 0.041426 0.929773
10007.666590000 0.271829 -0.225244 0.738429 0.113613 0.323331 0.035991 0.938751
10007.699923000 0.290713 -0.217345 0.736161 0.107816 0.305579 0.035044 0.945393
10007.733256000 0.300697 -0.216015 0.733943 0.102577 0.287383 0.037559 0.951566
10007.766589000 0.319437 -0.212471 0.721197 0.093513 0.266251 0.035997 0.958681
10007.799922000 0.328528 -0.202237 0.723589 0.084011 0.247502 0.035701 0.964578
10007.833255000 0.339449 -0.191716 0.713372 0.065922 0.224942 0.029337 0.971697
10007.866588000 0.365455 -0.184240 0.720506 0.053005 0.211770 0.031225 0.975381
10007.899921000 0.377338 -0.176547 0.716472 0.041736 0.201697 0.034723 0.977942
10007.933254000 0.379471 -0.176280 0.714205 0.032680 0.191102 0.039230 0.980241
10007.966587000 0.403689 -0.170919 0.713634 0.025414 0.179474 0.044745 0.982416
10007.999920000 0.416795 -0.171481 0.713159 0.015018 0.172207 0.051218 0.983614
10008.033253000 0.434124 -0.156931 0.713651 0.006940 0.165593 0.057646 0.984483
10008.066586000 0.442649 -0.143358 0.722157 -0.002570 0.160781 0.063892 0.984917
10008.099919000 0.456438 -0.136969 0.736388 -0.013956 0.157731 0.071048 0.984824
10008.133252000 0.469506 -0.126585 0.751921 -0.024869 0.153210 0.075866 0.984963
10008.166585000 0.483981 -0.123565 0.768595 -0.036288 0.146549 0.079205 0.985359
10008.199918000 0.498134 -0.100270 0.796410 -0.042892 0.139018 0.076470 0.986401
10008.233251000 0.508694 -0.094476 0.821746 -0.048339 0.133475 0.068167 0.987523
10008.266584000 0.522705 -0.090295 0.849554 -0.066214 0.125319 0.055711 0.988335
10008.299917000 0.539276 -0.099251 0.874332 -0.076926 0.117577 0.044401 0.989084
10008.333250000 0.548699 -0.109335 0.896644 -0.080380 0.107822 0.035009 0.990297
10008.366583000 0.551533 -0.089510 0.918466 -0.087833 0.097846 0.029847 0.990869
10008.399916000 0.558578 -0.091286 0.939939 -0.099957 0.085561 0.027205 0.990933
10008.433249000 0.572463 -0.098345 0.957219 -0.108222 0.075213 0.026671 0.990919
10008.466582000 0.576089 -0.103647 0.977639 -0.112593 0.062872 0.029048 0.991225
10008.499915000 0.614198 -0.121889 0.989230 -0.120025 0.041272 0.027510 0.991531
10008.533248000 0.622745 -0.114526 1.004832 -0.123246 0.028714 0.023194 0.991689
10008.566581000 0.634987 -0.116054 1.014119 -0.127002 0.012933 0.017867 0.991657
10008.599914000 0.657842 -0.124996 1.022627 -0.126168 -0.007864 0.010287 0.991924
10008.633247000 0.678495 -0.126156 1.027434 -0.129755 -0.024294 -0.002344 0.991246
10008.666580000 0.693433 -0.135209 1.026730 -0.130470 -0.038133 -0.016258 0.990585
10008.699913000 0.703365 -0.135598 1.028321 -0.128411 -0.058114 -0.024805 0.989706
10008.733246000 0.718918 -0.135332 1.025509 -0.123324 -0.074432 -0.034419 0.988972
10008.766579000 0.733635 -0.137975 1.028105 -0.126915 -0.086664 -0.042917 0.987188
10008.799912000 0.744914 -0.150127 1.034752 -0.131401 -0.102844 -0.046485 0.984884
10008.833245000 0.766294 -0.158764 1.052749 -0.128181 -0.117101 -0.046924 0.983695
10008.866578000 0.773727 -0.156159 1.065885 -0.128083 -0.128323 -0.049527 0.982179
10008.899911000 0.779160 -0.158030 1.074712 -0.130817 -0.139003 -0.051260 0.980274
10008.933244000 0.786215 -0.156833 1.094967 -0.130173 -0.146338 -0.054773 0.979102
10008.966577000 0.792365 -0.156464 1.120804 -0.129778 -0.151624 -0.059555 0.978070
10008.999910000 0.820583 -0.163803 1.160892 -0.128582 -0.163292 -0.068442 0.975765
10009.033243000 0.818214 -0.164266 1.187203 -0.125295 -0.166445 -0.078987 0.974863
10009.066576000 0.825973 -0.163683 1.221074 -0.127707 -0.173083 -0.087347 0.972679
10009.099909000 0.831640 -0.175449 1.252959 -0.132767 -0.187187 -0.095652 0.968599
10009.133242000 0.833160 -0.194445 1.283634 -0.134792 -0.198117 -0.105285 0.965140
10009.166575000 0.858316 -0.215524 1.327640 -0.128679 -0.213183 -0.117803 0.961310
10009.199908000 0.845455 -0.216034 1.341090 -0.125203 -0.220370 -0.119846 0.959895
10009.233241000 0.846620 -0.229944 1.366117 -0.127700 -0.237042 -0.123073 0.955174
10009.266574000 0.853862 -0.238392 1.390305 -0.127293 -0.249520 -0.126504 0.951595
10009.299907000 0.860897 -0.248109 1.412297 -0.126085 -0.261587 -0.130014 0.948036
10009.333240000 0.888828 -0.260121 1.455155 -0.126036 -0.276793 -0.126941 0.944133
10009.366573000 0.888073 -0.265723 1.468181 -0.124558 -0.287628 -0.125082 0.941334
10009.399906000 0.894919 -0.272197 1.489035 -0.125093 -0.304055 -0.126683 0.935870
10009.433239000 0.906406 -0.279374 1.512699 -0.125782 -0.322787 -0.132302 0.928700
10009.466572000 0.925930 -0.284382 1.542420 -0.117301 -0.343531 -0.136598 0.921720
10009.499905000 0.970028 -0.282484 1.576202 -0.121348 -0.369589 -0.143400 0.910008
10009.533238000 0.971905 -0.303955 1.591138 -0.123408 -0.389195 -0.152224 0.900070
10009.566571000 0.984757 -0.309907 1.611424 -0.114324 -0.401523 -0.155142 0.895344
10009.599904000 0.989788 -0.309646 1.620334 -0.116785 -0.417074 -0.157714 0.887433
10009.633237000 0.999109 -0.317656 1.638185 -0.120454 -0.435031 -0.161252 0.877631
10009.666570000 1.014507 -0.330352 1.678542 -0.120558 -0.451021 -0.162842 0.869211
10009.699903000 1.006671 -0.332383 1.682476 -0.120303 -0.460747 -0.166203 0.863491
10009.733236000 1.002836 -0.338483 1.703084 -0.119038 -0.473970 -0.169885 0.855758
10009.766569000 0.999636 -0.343556 1.733353 -0.115896 -0.484478 -0.175723 0.849100
10009.799902000 0.983838 -0.345389 1.758520 -0.111956 -0.493658 -0.184742 0.842400
10009.833235000 0.992022 -0.344214 1.819526 -0.105718 -0.511586 -0.196680 0.829711
10009.866568000 0.973207 -0.338453 1.841930 -0.105715 -0.519081 -0.207066 0.822498
10009.899901000 0.953587 -0.345154 1.869895 -0.110164 -0.531796 -0.220574 0.810187
10009.933234000 0.936183 -0.352709 1.895617 -0.115922 -0.542421 -0.235890 0.797933
10009.966567000 0.918373 -0.362582 1.923610 -0.114314 -0.553804 -0.245636 0.787335
10009.999900000 0.899501 -0.376269 1.967254 -0.114318 -0.567798 -0.252117 0.775225
10010.033233000 0.891180 -0.383827 1.995327 -0.113755 -0.575669 -0.254455 0.768712
10010.066566000 0.882001 -0.391052 2.013883 -0.111560 -0.582469 -0.255339 0.763601
10010.099899000 0.879001 -0.391132 2.033809 -0.108282 -0.591877 -0.261281 0.754777
10010.133232000 0.876987 -0.391491 2.051863 -0.111323 -0.600527 -0.270582 0.744151
10010.166565000 0.872732 -0.411137 2.085369 -0.115330 -0.617430 -0.276873 0.727201
10010.199898000 0.881105 -0.402914 2.098022 -0.114524 -0.630111 -0.281208 0.714679
10010.233231000 0.878337 -0.419703 2.117222 -0.120790 -0.646306 -0.293265 0.694041
10010.266564000 0.879387 -0.423851 2.132304 -0.117125 -0.658864 -0.300748 0.679508
10010.299897000 0.880244 -0.431416 2.139065 -0.116872 -0.668648 -0.310679 0.665379
10010.333230000 0.874615 -0.443527 2.162429 -0.116845 -0.679965 -0.317429 0.650564
10010.366563000 0.867438 -0.451133 2.175400 -0.115298 -0.691203 -0.320866 0.637173
10010.399896000 0.860442 -0.453082 2.188567 -0.114150 -0.701759 -0.324495 0.623865
10010.433229000 0.845625 -0.458520 2.205449 -0.114469 -0.711232 -0.328437 0.610881
10010.466562000 0.826054 -0.465830 2.226022 -0.112710 -0.719807 -0.328113 0.601262
10010.499895000 0.810865 -0.466204 2.253951 -0.108452 -0.726610 -0.330672 0.592395
10010.533228000 0.785473 -0.469112 2.277316 -0.100982 -0.732217 -0.333151 0.585381
10010.566561000 0.778444 -0.457133 2.289826 -0.103743 -0.736379 -0.340008 0.575654
10010.599894000 0.739264 -0.477646 2.306825 -0.104136 -0.743625 -0.354139 0.557462
10010.633227000 0.716142 -0.489115 2.304475 -0.096802 -0.747823 -0.358731 0.550184
10010.666560000 0.711726 -0.489298 2.309499 -0.083828 -0.760402 -0.358435 0.535057
10010.699893000 0.706831 -0.489079 2.309797 -0.075761 -0.767238 -0.365634 0.521457
10010.733226000 0.695836 -0.498435 2.314739 -0.068888 -0.774792 -0.369694 0.508210
10010.766559000 0.691157 -0.505108 2.311486 0.063820 0.782333 0.369698 -0.497198
10010.799892000 0.690078 -0.508867 2.318757 0.059846 0.792285 0.368131 -0.482890
10010.833225000 0.697569 -0.510849 2.326518 0.057148 0.800095 0.368396 -0.469964
10010.866558000 0.702875 -0.519485 2.331502 0.056712 0.809038 0.369110 -0.453871
10010.899891000 0.712498 -0.525041 2.339160 0.053936 0.817414 0.369963 -0.438238
10010.933224000 0.722290 -0.529804 2.351136 0.051339 0.826082 0.371492 -0.420651
10010.966557000 0.739700 -0.538111 2.361407 0.051166 0.834840 0.372984 -0.401632
10010.999890000 0.752034 -0.540625 2.380607 0.047351 0.843269 0.379523 -0.377647
10011.033223000 0.769191 -0.551602 2.382906 0.044618 0.847474 0.386066 -0.361593
10011.066556000 0.782276 -0.558977 2.396828 0.040152 0.853594 0.388114 -0.345156
10011.099889000 0.794244 -0.567178 2.407954 0.035017 0.857161 0.391945 -0.332307
10011.133222000 0.812326 -0.575235 2.418006 0.032943 0.860938 0.393506 -0.320706
10011.166555000 0.817703 -0.575975 2.445462 0.028210 0.866555 0.393673 -0.305466
10011.199888000 0.834325 -0.581514 2.452614 0.023210 0.868396 0.397738 -0.295218
10011.233221000 0.851535 -0.589458 2.455127 0.019874 0.870066 0.401356 -0.285488
10011.266554000 0.866117 -0.600970 2.456248 0.015885 0.872691 0.404760 -0.272629
10011.299887000 0.882215 -0.608037 2.465038 0.012346 0.877691 0.404243 -0.257087
10011.333220000 0.901054 -0.604208 2.483695 0.008419 0.883399 0.401100 -0.242186
10011.366553000 0.915000 -0.610726 2.489275 0.008876 0.887527 0.399940 -0.228614
10011.399886000 0.932289 -0.615549 2.491893 0.010655 0.891430 0.397794 -0.216790
10011.433219000 0.935465 -0.622273 2.493613 0.012145 0.894579 0.396286 -0.206248
10011.466552000 0.949723 -0.628142 2.497974 0.011623 0.897750 0.393634 -0.197389
10011.499885000 0.956943 -0.625828 2.502000 0.009382 0.900559 0.390820 -0.190171
10011.533218000 0.961170 -0.627344 2.504167 0.009750 0.903630 0.387459 -0.182299
10011.566551000 0.967104 -0.631145 2.504483 0.008688 0.906479 0.384827 -0.173575
10011.599884000 0.978172 -0.636140 2.502766 0.005739 0.908128 0.384216 -0.166277
10011.633217000 0.983184 -0.639832 2.504726 0.004247 0.911033 0.381331 -0.156804
10011.666550000 0.987358 -0.639255 2.508637 0.002588 0.914058 0.377824 -0.147448
10011.699883000 0.983445 -0.640867 2.511459 0.001139 0.917035 0.374389 -0.137399
10011.733216000 0.997254 -0.650751 2.501500 -0.000395 0.919522 0.370583 -0.130946
10011.766549000 1.001759 -0.652121 2.509018 0.000379 0.924136 0.362164 -0.121700
10011.799882000 0.995089 -0.659111 2.510580 -0.001193 0.927204 0.357308 -0.112351
10011.833215000 0.992203 -0.665783 2.508973 -0.004873 0.932115 0.345859 -0.107331
10011.866548000 0.992788 -0.667242 2.514473 -0.005514 0.936057 0.335617 -0.105487
10011.899881000 0.991195 -0.677598 2.512524 -0.006215 0.939656 0.326113 -0.103244
10011.933214000 0.990762 -0.684432 2.507773 -0.008643 0.942730 0.317743 -0.101113
10011.966547000 0.998367 -0.691284 2.503487 -0.010227 0.945993 0.308309 -0.099688
10011.999880000 0.987409 -0.694874 2.505199 -0.011613 0.949172 0.300332 -0.093476
10012.033213000 0.992757 -0.713120 2.492614 -0.015816 0.951575 0.293446 -0.090242
10012.066546000 0.995828 -0.721338 2.485849 -0.017975 0.955860 0.280539 -0.085472
10012.099879000 0.986805 -0.726870 2.485662 -0.020371 0.960047 0.266817 -0.081872
10012.133212000 0.988703 -0.731105 2.470789 -0.025479 0.963135 0.255167 -0.081315
10012.166545000 0.973504 -0.735340 2.457408 -0.027949 0.966955 0.239789 -0.081960
10012.199878000 0.978452 -0.776727 2.417342 -0.034043 0.967716 0.233489 -0.088596
10012.233211000 0.974656 -0.779516 2.402703 -0.037637 0.969288 0.224084 -0.094082
10012.266544000 0.956425 -0.790180 2.380457 -0.040740 0.971334 0.213300 -0.096710
10012.299877000 0.963510 -0.794204 2.361421 -0.045451 0.973154 0.200182 -0.104078
10012.333210000 0.956400 -0.714945 2.378416 -0.045885 0.976465 0.180077 -0.109471
10012.366543000 0.935784 -0.725500 2.366054 -0.049584 0.978220 0.169464 -0.109130
10012.399876000 0.938535 -0.734399 2.350560 -0.054830 0.979368 0.156916 -0.114928
10012.433209000 0.937767 -0.751121 2.324605 -0.059464 0.980060 0.146680 -0.120126
10012.466542000 0.921243 -0.770295 2.302630 -0.063718 0.980221 0.140774 -0.123649
10012.499875000 0.925056 -0.772304 2.279381 -0.070814 0.980243 0.133885 -0.127218
10012.533208000 0.909986 -0.784578 2.264245 -0.073064 0.979951 0.130778 -0.131354
10012.566541000 0.918216 -0.795228 2.242577 -0.076374 0.978600 0.131673 -0.138463
10012.599874000 0.910661 -0.787187 2.230208 -0.078366 0.977503 0.133605 -0.143168
10012.633207000 0.903772 -0.790696 2.218707 -0.078896 0.976789 0.136413 -0.145084
10012.666540000 0.892279 -0.792585 2.207132 -0.077866 0.976528 0.139484 -0.144481
10012.699873000 0.897054 -0.781163 2.197305 -0.074633 0.975823 0.145837 -0.144678
10012.733206000 0.880719 -0.771591 2.190081 -0.070311 0.975473 0.153238 -0.141514
10012.766539000 0.886440 -0.752559 2.180041 -0.064131 0.975168 0.162140 -0.136544
10012.799872000 0.876257 -0.737534 2.181239 -0.056095 0.975497 0.168945 -0.129294
10012.833205000 0.893249 -0.721151 2.168884 -0.052190 0.974982 0.174249 -0.127765
10012.866538000 0.892287 -0.685107 2.171454 -0.045546 0.975563 0.175728 -0.123780
10012.899871000 0.893017 -0.673154 2.161881 -0.039712 0.975703 0.182142 -0.115110
10012.933204000 0.909546 -0.667124 2.148057 -0.036759 0.974315 0.193961 -0.108340
10012.966537000 0.885799 -0.638571 2.147951 -0.033973 0.974024 0.201395 -0.097794
10012.999870000 0.889140 -0.644545 2.137572 -0.029797 0.973738 0.208551 -0.086328
10013.033203000 0.892819 -0.612834 2.155126 -0.023828 0.973643 0.214881 -0.072652
10013.066536000 0.902371 -0.604853 2.138015 -0.022834 0.971784 0.226046 -0.063392
10013.099869000 0.916881 -0.587014 2.135949 -0.021399 0.971581 0.230202 -0.050788
10013.133202000 0.907637 -0.602270 2.120644 -0.024350 0.969834 0.239681 -0.037187
10013.166535000 0.895087 -0.574044 2.128374 -0.022937 0.969941 0.241309 -0.021419
10013.199868000 0.896080 -0.566197 2.113787 -0.021907 0.968271 0.248828 -0.007449
10013.233201000 0.886947 -0.555693 2.099893 -0.018713 0.966486 0.256032 0.001251
10013.266534000 0.869932 -0.542790 2.075278 -0.010478 0.965094 0.261396 0.012472
10013.299867000 0.856385 -0.532150 2.062441 -0.001594 0.965107 0.260822 0.023195
10013.333200000 0.829594 -0.522142 2.041214 0.000395 0.964450 0.262055 0.034113
10013.366533000 0.821421 -0.497912 2.033671 0.010481 0.962452 0.267690 0.043807
10013.399866000 0.793003 -0.488990 2.019175 0.029186 0.958389 0.275880 0.067292
10013.433199000 0.767427 -0.486898 1.984900 0.034323 0.955433 0.280002 0.087000
10013.466532000 0.754845 -0.463586 1.976770 0.036016 0.956511 0.273659 0.094341
10013.499865000 0.741972 -0.476345 1.942564 0.029420 0.952082 0.282362 0.113778
10013.533198000 0.734402 -0.456390 1.932720 0.020949 0.949728 0.285511 0.126731
10013.566531000 0.717308 -0.444708 1.912401 0.014684 0.946275 0.291797 0.138571
10013.599864000 0.701218 -0.429744 1.887699 0.012321 0.944319 0.293659 0.147899
10013.633197000 0.684255 -0.413514 1.865643 0.008731 0.944377 0.292365 0.150329
10013.666530000 0.672225 -0.425665 1.825299 0.001572 0.944220 0.291993 0.152272
10013.699863000 0.652665 -0.398728 1.799308 -0.004633 0.946064 0.286703 0.150804
10013.733196000 0.638624 -0.385129 1.762913 -0.008623 0.945356 0.289933 0.148883
10013.766529000 0.630816 -0.371511 1.745321 -0.004789 0.941116 0.298660 0.158365
10013.799862000 0.621803 -0.371273 1.718826 -0.010697 0.939320 0.299137 0.167573
10013.833195000 0.597547 -0.353786 1.692366 -0.016591 0.933632 0.310877 0.177233
10013.866528000 0.600829 -0.353149 1.679048 -0.021610 0.929252 0.317230 0.188121
10013.899861000 0.598542 -0.344331 1.665876 -0.027866 0.929644 0.315740 0.187868
10013.933194000 0.575608 -0.337225 1.645232 -0.031176 0.931675 0.307543 0.190857
10013.966527000 0.546023 -0.333466 1.627260 -0.030898 0.932043 0.300721 0.199768
10013.999860000 0.518912 -0.334366 1.614602 -0.030214 0.931913 0.294237 0.209881
10014.033193000 0.512992 -0.342102 1.615668 -0.034970 0.932338 0.289088 0.214360
10014.066526000 0.494347 -0.343191 1.618012 -0.047627 0.928083 0.295449 0.221593
10014.099859000 0.474306 -0.356603 1.616457 -0.059457 0.924697 0.295680 0.232324
10014.133192000 0.444079 -0.365077 1.615156 -0.056347 0.920855 0.298224 0.244772
10014.166525000 0.391959 -0.378844 1.612840 -0.055943 0.913286 0.300001 0.269775
10014.199858000 0.364524 -0.397292 1.611829 -0.053010 0.911496 0.293119 0.283629
10014.233191000 0.339449 -0.412289 1.610349 -0.058160 0.911414 0.287555 0.288536
10014.266524000 0.314926 -0.424543 1.623085 -0.060706 0.911508 0.284618 0.290622
10014.299857000 0.293235 -0.436839 1.615842 -0.056188 0.910506 0.282697 0.296487
10014.333190000 0.243350 -0.429325 1.614659 -0.051456 0.909357 0.276296 0.306730
10014.366523000 0.230175 -0.460177 1.592224 -0.050550 0.907196 0.280453 0.309493
10014.399856000 0.207273 -0.473002 1.579895 -0.043834 0.907401 0.267996 0.320749
10014.433189000 0.174326 -0.471601 1.575443 -0.044612 0.906759 0.251449 0.335516
10014.466522000 0.146673 -0.466925 1.564904 -0.053925 0.905134 0.240296 0.346530
10014.499855000 0.119606 -0.438310 1.570059 -0.056460 0.906164 0.232325 0.348862
10014.533188000 0.105724 -0.440037 1.570297 -0.049504 0.902029 0.236877 0.357467
10014.566521000 0.081634 -0.428170 1.563469 -0.052104 0.901491 0.231734 0.361798
10014.599854000 0.057128 -0.425040 1.548712 -0.055944 0.900763 0.236088 0.360221
10014.633187000 0.043675 -0.423778 1.547328 -0.051790 0.900272 0.238697 0.360350
10014.666520000 0.024635 -0.437578 1.522488 -0.042869 0.895264 0.249992 0.366291
10014.699853000 -0.001957 -0.417988 1.526465 -0.040116 0.890811 0.250723 0.376808
10014.733186000 -0.017570 -0.408290 1.526575 -0.042722 0.886949 0.253255 0.383872
10014.766519000 -0.048627 -0.402664 1.513103 -0.047077 0.879504 0.256533 0.398055
10014.799852000 -0.077437 -0.391871 1.516673 -0.056819 0.873369 0.260715 0.407463
10014.833185000 -0.103000 -0.405763 1.497879 -0.066052 0.869489 0.264432 0.411948
10014.866518000 -0.125109 -0.380279 1.502435 -0.069720 0.867178 0.273834 0.410068
10014.899851000 -0.159583 -0.381617 1.480782 -0.069171 0.862528 0.280421 0.415480
10014.933184000 -0.180608 -0.380645 1.467706 -0.067486 0.858698 0.283899 0.421288
10014.966517000 -0.212467 -0.374727 1.456984 -0.064421 0.854095 0.289214 0.427466
10014.999850000 -0.225635 -0.399098 1.444505 -0.057024 0.846428 0.298945 0.436966
10015.033183000 -0.250394 -0.397194 1.426839 -0.047328 0.841501 0.296434 0.449181
10015.066516000 -0.263083 -0.397964 1.412765 -0.044082 0.839457 0.290939 0.456863
10015.099849000 -0.266443 -0.416187 1.390503 -0.039330 0.835705 0.287030 0.466545
10015.133182000 -0.279228 -0.400153 1.387574 -0.034495 0.835271 0.270693 0.477345
10015.166515000 -0.297354 -0.382676 1.362454 -0.039500 0.828564 0.261868 0.493301
10015.199848000 -0.288979 -0.378281 1.370182 -0.046249 0.822613 0.255565 0.505822
10015.233181000 -0.295892 -0.371743 1.362955 -0.049067 0.816037 0.247264 0.520131
10015.266514000 -0.304516 -0.387145 1.343556 -0.047541 0.798272 0.248579 0.546544
10015.299847000 -0.312505 -0.376898 1.343183 -0.053876 0.788505 0.239722 0.563818
10015.333180000 -0.323205 -0.383422 1.317000 -0.053110 0.778213 0.234856 0.580006
10015.366513000 -0.325978 -0.418389 1.304085 -0.046975 0.772120 0.232251 0.589647
10015.399846000 -0.338153 -0.431288 1.289414 -0.036158 0.766808 0.221958 0.601193
10015.433179000 -0.354287 -0.447325 1.281685 -0.030270 0.759629 0.211512 0.614256
10015.466512000 -0.375933 -0.460528 1.277033 -0.024087 0.750313 0.191023 0.632425
10015.499845000 -0.394145 -0.452176 1.274527 -0.014762 0.741922 0.177043 0.646521
10015.533178000 -0.418840 -0.487419 1.253105 -0.012970 0.728220 0.172396 0.663179
10015.566511000 -0.432040 -0.490141 1.269590 -0.011834 0.723485 0.159033 0.671668
10015.599844000 -0.445308 -0.487622 1.272251 -0.003762 0.720817 0.143787 0.678037
10015.633177000 -0.459884 -0.501011 1.258447 0.006489 0.717109 0.131827 0.684350
10015.666510000 -0.468109 -0.492174 1.263395 0.016063 0.718655 0.120183 0.684714
10015.699843000 -0.471983 -0.492329 1.258254 0.026850 0.719923 0.106727 0.685273
10015.733176000 -0.478555 -0.509707 1.245538 0.033138 0.720860 0.096547 0.685523
10015.766509000 -0.474894 -0.512468 1.237445 0.035531 0.724768 0.087870 0.682442
10015.799842000 -0.477818 -0.513271 1.233588 0.041990 0.725986 0.078659 0.681904
10015.833175000 -0.458936 -0.491162 1.252913 0.051085 0.730733 0.071251 0.677010
10015.866508000 -0.461341 -0.496554 1.250311 0.054425 0.732533 0.062970 0.675624
10015.899841000 -0.455574 -0.508747 1.242745 0.054793 0.735596 0.057618 0.672738
10015.933174000 -0.451002 -0.517226 1.240083 0.052668 0.742483 0.054487 0.665564
10015.966507000 -0.447354 -0.514770 1.237254 0.050943 0.746425 0.054028 0.661314
10015.999840000 -0.446860 -0.536889 1.229382 0.039963 0.752057 0.061173 0.655035
10016.033173000 -0.441417 -0.532041 1.227641 0.035856 0.755647 0.068300 0.650421
10016.066506000 -0.434870 -0.527946 1.221907 0.032126 0.757803 0.079267 0.646853
10016.099839000 -0.431367 -0.528035 1.211569 0.026095 0.758982 0.092752 0.643943
10016.133172000 -0.424629 -0.511641 1.222814 0.020595 0.760007 0.105033 0.641041
10016.166505000 -0.424998 -0.503906 1.221626 0.009503 0.760999 0.119371 0.637606
10016.199838000 -0.423648 -0.479599 1.227456 -0.003859 0.759065 0.132654 0.637345
10016.233171000 -0.415187 -0.472524 1.224971 -0.021491 0.757731 0.149224 0.634913
10016.266504000 -0.409073 -0.463080 1.229770 -0.033565 0.754237 0.163698 0.634983
10016.299837000 -0.410603 -0.443727 1.233720 -0.046458 0.751301 0.178540 0.633649
10016.333170000 -0.420927 -0.396164 1.241154 -0.057972 0.747862 0.187196 0.634270
10016.366503000 -0.422718 -0.372214 1.244596 -0.068276 0.741997 0.199025 0.636529
10016.399836000 -0.424645 -0.358383 1.251036 -0.084576 0.736814 0.215007 0.635393
10016.433169000 -0.418071 -0.362602 1.254669 -0.097390 0.730829 0.230324 0.635102
10016.466502000 -0.419800 -0.348464 1.267851 -0.105898 0.724185 0.240261 0.637664
10016.499835000 -0.424547 -0.348715 1.268100 -0.119513 0.715295 0.251656 0.640889
10016.533168000 -0.425358 -0.330494 1.288811 -0.129923 0.710506 0.258892 0.641309
10016.566501000 -0.430250 -0.327890 1.292818 -0.136770 0.702037 0.267921 0.645489
10016.599834000 -0.442571 -0.312158 1.303972 -0.145996 0.696084 0.275184 0.646858
10016.633167000 -0.439547 -0.312911 1.311415 -0.155727 0.690747 0.285564 0.645810
10016.666500000 -0.440783 -0.321749 1.299679 -0.157498 0.681984 0.295618 0.650156
10016.699833000 -0.446226 -0.321082 1.321083 -0.162754 0.676673 0.300485 0.652176
10016.733166000 -0.446139 -0.324398 1.331413 -0.167379 0.669103 0.304638 0.656872
10016.766499000 -0.449201 -0.327280 1.345244 -0.168141 0.660431 0.306381 0.664597
10016.799832000 -0.444839 -0.339777 1.361077 -0.169148 0.650925 0.307185 0.673293
10016.833165000 -0.450684 -0.348805 1.354883 -0.166738 0.639580 0.305710 0.685330
10016.866498000 -0.458652 -0.359241 1.375186 -0.162478 0.631146 0.300324 0.696463
10016.899831000 -0.455909 -0.372467 1.385608 -0.157385 0.621853 0.293174 0.708927
10016.933164000 -0.457087 -0.387638 1.405530 -0.151094 0.613781 0.283371 0.721210
10016.966497000 -0.461155 -0.398640 1.411027 -0.140940 0.603134 0.273947 0.735743
10016.999830000 -0.470140 -0.418495 1.415222 -0.133686 0.592979 0.267578 0.747600
10017.033163000 -0.468740 -0.438078 1.436784 -0.124220 0.585122 0.257769 0.758786
10017.066496000 -0.477516 -0.449507 1.445697 -0.110431 0.572541 0.247350 0.773834
10017.099829000 -0.479728 -0.453902 1.456398 -0.102190 0.566488 0.237051 0.782595
10017.133162000 -0.477563 -0.474326 1.476929 -0.094376 0.561871 0.228209 0.789503
10017.166495000 -0.475340 -0.475253 1.456722 -0.082083 0.553818 0.219275 0.799041
10017.199828000 -0.480722 -0.500112 1.482552 -0.073835 0.550268 0.207499 0.805417
10017.233161000 -0.480146 -0.516433 1.491780 -0.064531 0.545738 0.194893 0.812418
10017.266494000 -0.482420 -0.529462 1.507530 -0.055847 0.541180 0.181821 0.819113
10017.299827000 -0.484230 -0.538508 1.518109 -0.044885 0.534486 0.167472 0.827202
10017.333160000 -0.482420 -0.469099 1.469655 -0.016834 0.522482 0.156819 0.837936
10017.366493000 -0.483558 -0.495701 1.494169 -0.007913 0.519618 0.145355 0.841907
10017.399826000 -0.472442 -0.505706 1.493529 0.003178 0.512304 0.133019 0.848434
10017.433159000 -0.476220 -0.505144 1.503867 0.013234 0.505469 0.120563 0.854278
10017.466492000 -0.478606 -0.528359 1.518657 0.020437 0.497831 0.111100 0.859886
10017.499825000 -0.471704 -0.514861 1.521802 0.029842 0.486246 0.101893 0.867348
10017.533158000 -0.478378 -0.534381 1.542503 0.034829 0.477089 0.093783 0.873142
10017.566491000 -0.477730 -0.540379 1.551781 0.043628 0.468516 0.085235 0.878251
10017.599824000 -0.478868 -0.549387 1.554879 0.051244 0.458791 0.076261 0.883781
10017.633157000 -0.487119 -0.556819 1.558022 0.057183 0.448882 0.069928 0.889014
10017.666490000 -0.487327 -0.560790 1.545590 0.068705 0.432505 0.061674 0.896892
10017.699823000 -0.503113 -0.590002 1.555805 0.071970 0.422306 0.057462 0.901763
10017.733156000 -0.510489 -0.596472 1.562385 0.078595 0.408364 0.052656 0.907904
10017.766489000 -0.511789 -0.599318 1.554051 0.081229 0.391865 0.048356 0.915153
10017.799822000 -0.516359 -0.595535 1.551708 0.080034 0.376523 0.045063 0.921843
10017.833155000 -0.507848 -0.578792 1.527228 0.081416 0.356550 0.040047 0.929860
10017.866488000 -0.524655 -0.591698 1.534266 0.075142 0.340083 0.039453 0.936558
10017.899821000 -0.531322 -0.576878 1.525023 0.069501 0.326559 0.036585 0.941908
10017.933154000 -0.529038 -0.575303 1.524564 0.064655 0.314478 0.033317 0.946474
10017.966487000 -0.533656 -0.573894 1.524790 0.059010 0.307549 0.031758 0.949170
10017.999820000 -0.546195 -0.566253 1.522026 0.051535 0.300303 0.030250 0.951970
10018.033153000 -0.546601 -0.554253 1.522473 0.043737 0.292887 0.030855 0.954648
10018.066486000 -0.552112 -0.550076 1.528593 0.034486 0.287540 0.033372 0.956566
10018.099819000 -0.560916 -0.547644 1.535891 0.026283 0.278782 0.038026 0.959241
10018.133152000 -0.580110 -0.548127 1.544430 0.019082 0.271799 0.039627 0.961348
10018.166485000 -0.604772 -0.555937 1.565070 0.010478 0.267746 0.035976 0.962761
10018.199818000 -0.627824 -0.547455 1.581695 0.010403 0.258036 0.038890 0.965296
10018.233151000 -0.652532 -0.546372 1.600113 0.004700 0.251561 0.042722 0.966887
10018.266484000 -0.674530 -0.546713 1.621223 0.000524 0.247910 0.048684 0.967559
10018.299817000 -0.696398 -0.536331 1.640069 -0.009845 0.242379 0.054335 0.968609
10018.333150000 -0.719822 -0.548291 1.681630 -0.022593 0.233883 0.060133 0.970140
10018.366483000 -0.743091 -0.540878 1.709271 -0.026877 0.226184 0.068878 0.971275
10018.399816000 -0.774356 -0.529209 1.740409 -0.034224 0.211693 0.074228 0.973912
10018.433149000 -0.794650 -0.525922 1.763339 -0.039887 0.185706 0.077292 0.978748
10018.466482000 -0.820567 -0.523024 1.789070 -0.049594 0.167156 0.081403 0.981312
10018.499815000 -0.827665 -0.523332 1.813567 -0.056612 0.152281 0.080995 0.983385
10018.533148000 -0.844525 -0.514023 1.835454 -0.064363 0.145940 0.079840 0.983964
10018.566481000 -0.859048 -0.509636 1.860982 -0.074688 0.144014 0.076737 0.983765
10018.599814000 -0.869054 -0.513385 1.894249 -0.088387 0.143133 0.074260 0.982948
10018.633147000 -0.875894 -0.512230 1.922425 -0.100237 0.138691 0.073429 0.982510
10018.666480000 -0.872208 -0.515226 1.956517 -0.111522 0.132940 0.071204 0.982252
10018.699813000 -0.871898 -0.516327 1.988808 -0.120922 0.126237 0.071589 0.981996
10018.733146000 -0.870836 -0.520378 2.024783 -0.127797 0.116145 0.074980 0.982118
10018.766479000 -0.874131 -0.523709 2.059348 -0.132151 0.105448 0.077064 0.982587
10018.799812000 -0.869982 -0.531177 2.095311 -0.141897 0.091150 0.075846 0.982753
10018.833145000 -0.870546 -0.532980 2.123290 -0.142305 0.075903 0.072930 0.984210
10018.866478000 -0.880102 -0.529462 2.157803 -0.147342 0.059619 0.066871 0.985020
10018.899811000 -0.887375 -0.538773 2.193436 -0.155577 0.041174 0.061172 0.985068
10018.933144000 -0.895322 -0.544449 2.230094 -0.156164 0.032603 0.058361 0.985466
10018.966477000 -0.902912 -0.547760 2.268775 -0.162412 0.025060 0.052230 0.985021
10018.999810000 -0.919974 -0.555730 2.308619 -0.169883 0.021484 0.050044 0.983958
10019.033143000 -0.923292 -0.577441 2.359846 -0.172717 0.019618 0.053338 0.983331
10019.066476000 -0.937834 -0.585317 2.409925 -0.171308 0.023198 0.055220 0.983395
10019.099809000 -0.943998 -0.614777 2.467850 -0.169128 0.027640 0.062412 0.983228
10019.133142000 -0.954992 -0.622019 2.516929 -0.155475 0.040134 0.067334 0.984725
10019.166475000 -0.983268 -0.632607 2.567453 -0.157477 0.050660 0.069539 0.983768
10019.199808000 -0.995925 -0.665299 2.621661 -0.163284 0.056552 0.067838 0.982618
10019.233141000 -1.009203 -0.683601 2.666826 -0.163381 0.058840 0.067376 0.982499
10019.266474000 -1.025302 -0.696742 2.708821 -0.162034 0.059378 0.071725 0.982382
10019.299807000 -1.037539 -0.706905 2.744245 -0.165378 0.058284 0.073098 0.981789
10019.333140000 -1.049968 -0.713511 2.779730 -0.167340 0.059323 0.074159 0.981315
10019.366473000 -1.051113 -0.725906 2.815303 -0.169606 0.059829 0.072747 0.981001
10019.399806000 -1.055281 -0.734930 2.852394 -0.171722 0.063996 0.069277 0.980621
10019.433139000 -1.057675 -0.743367 2.889812 -0.173366 0.065079 0.067493 0.980384
10019.466472000 -1.052487 -0.749197 2.928563 -0.172284 0.068461 0.069704 0.980190
10019.499805000 -1.050190 -0.756631 2.972416 -0.175675 0.079955 0.074691 0.978349
10019.533138000 -1.042147 -0.768376 3.019334 -0.178943 0.091190 0.086170 0.975827
10019.566471000 -1.026412 -0.777321 3.062831 -0.179506 0.099290 0.100197 0.973591
10019.599804000 -1.011551 -0.786469 3.110872 -0.186143 0.111550 0.116110 0.969240
10019.633137000 -0.987266 -0.797688 3.155248 -0.184995 0.121326 0.131919 0.966258
10019.666470000 -0.972193 -0.797354 3.195022 -0.186626 0.138800 0.143684 0.961904
10019.699803000 -0.946325 -0.798255 3.234237 -0.194287 0.159860 0.149357 0.956237
10019.733136000 -0.920152 -0.802425 3.272990 -0.198123 0.184820 0.160587 0.949105
10019.766469000 -0.887620 -0.800188 3.305899 -0.202391 0.211301 0.170146 0.940978
10019.799802000 -0.865060 -0.800527 3.341914 -0.208487 0.241540 0.181445 0.930199
10019.833135000 -0.852187 -0.798891 3.373535 -0.210088 0.263983 0.195840 0.920773
10019.866468000 -0.835630 -0.800364 3.406588 -0.208161 0.282078 0.211056 0.912445
10019.899801000 -0.820277 -0.803859 3.439760 -0.207042 0.297512 0.223982 0.904684
10019.933134000 -0.809244 -0.808331 3.473815 -0.204179 0.313796 0.234330 0.897180
10019.966467000 -0.798140 -0.813401 3.509218 -0.198182 0.329820 0.244562 0.890018
10019.999800000 -0.791439 -0.818681 3.543850 -0.191215 0.345154 0.258060 0.881879
10020.033133000 -0.783251 -0.821462 3.577580 -0.190461 0.363112 0.266346 0.872316
10020.066466000 -0.774533 -0.826607 3.611397 -0.199761 0.380587 0.273000 0.860651
10020.099799000 -0.762917 -0.838583 3.641636 -0.204946 0.398200 0.281516 0.848636
10020.133132000 -0.753184 -0.850364 3.667331 -0.198874 0.417399 0.289279 0.838180
10020.166465000 -0.745570 -0.862452 3.688657 -0.196655 0.438915 0.296144 0.825215
10020.199798000 -0.737132 -0.872386 3.708410 -0.188657 0.456875 0.298241 0.816533
10020.233131000 -0.726461 -0.880877 3.724223 -0.181683 0.472624 0.299593 0.808617
10020.266464000 -0.715762 -0.891350 3.737045 -0.170506 0.484887 0.300621 0.803393
10020.299797000 -0.705237 -0.900895 3.744634 -0.159365 0.494460 0.299264 0.800345
10020.333130000 -0.694066 -0.916161 3.753158 -0.152281 0.504627 0.300054 0.795066
10020.366463000 -0.681541 -0.930047 3.758307 -0.143954 0.511930 0.299587 0.792119
10020.399796000 -0.671683 -0.940106 3.757570 -0.131897 0.517790 0.299161 0.790569
10020.433129000 -0.662906 -0.947035 3.754842 -0.120822 0.526062 0.299054 0.786910
10020.466462000 -0.654592 -0.953071 3.750269 -0.108841 0.535590 0.299637 0.781994
10020.499795000 -0.652517 -0.951500 3.743418 -0.096274 0.545776 0.301956 0.775682
10020.533128000 -0.643892 -0.952030 3.732344 -0.089594 0.555415 0.305708 0.768134
10020.566461000 -0.639470 -0.948558 3.723701 -0.083831 0.567122 0.308747 0.758960
10020.599794000 -0.633746 -0.943941 3.712845 -0.081199 0.578433 0.312830 0.748972
10020.633127000 -0.628835 -0.938150 3.697114 -0.079704 0.588976 0.318237 0.738566
10020.666460000 -0.631701 -0.936388 3.699610 -0.075922 0.602818 0.325270 0.724601
10020.699793000 -0.628619 -0.922629 3.680882 -0.075568 0.610539 0.329806 0.716073
10020.733126000 -0.624039 -0.911541 3.663379 -0.078973 0.621101 0.335057 0.704083
10020.766459000 -0.618286 -0.902529 3.647074 -0.079908 0.631964 0.341272 0.691209
10020.799792000 -0.615122 -0.891811 3.626137 -0.078700 0.641654 0.347539 0.679193
10020.833125000 -0.616396 -0.891828 3.631586 -0.078395 0.654892 0.354751 0.662663
10020.866458000 -0.616201 -0.885501 3.613659 -0.078370 0.664332 0.359106 0.650818
10020.899791000 -0.616146 -0.878299 3.599346 -0.079622 0.674698 0.363093 0.637657
10020.933124000 -0.616071 -0.872101 3.581712 -0.081735 0.683687 0.368677 0.624475
10020.966457000 -0.616586 -0.865314 3.563421 -0.079120 0.691598 0.374003 0.612825
10020.999790000 -0.622346 -0.856124 3.540446 -0.073882 0.695523 0.380545 0.604958
10021.033123000 -0.625003 -0.847825 3.516862 -0.070636 0.698830 0.386053 0.598005
10021.066456000 -0.628878 -0.837473 3.491238 -0.065522 0.701480 0.390358 0.592666
10021.099789000 -0.632928 -0.828369 3.464447 -0.060106 0.703398 0.394547 0.588176
10021.133122000 -0.639169 -0.816768 3.434763 -0.058247 0.707172 0.396186 0.582710
10021.166455000 -0.651322 -0.810228 3.419098 -0.061039 0.713975 0.395195 0.574747
10021.199788000 -0.655746 -0.799508 3.380771 -0.063307 0.718145 0.396997 0.568026
10021.233121000 -0.661506 -0.788555 3.345519 -0.065359 0.723532 0.399384 0.559215
10021.266454000 -0.667082 -0.775873 3.309033 -0.065533 0.727497 0.401066 0.552810
10021.299787000 -0.673532 -0.764399 3.275865 -0.064877 0.731501 0.401746 0.547081
10021.333120000 -0.682975 -0.759737 3.253088 -0.077927 0.724564 0.394722 0.559579
10021.366453000 -0.687055 -0.746438 3.220611 -0.077393 0.729432 0.395177 0.552969
10021.399786000 -0.689532 -0.734231 3.187057 -0.075404 0.733026 0.396052 0.547840
10021.433119000 -0.692424 -0.725029 3.156923 -0.072001 0.736744 0.396504 0.542963
10021.466452000 -0.693747 -0.711726 3.127500 -0.070643 0.741325 0.398218 0.535602
10021.499785000 -0.689358 -0.707923 3.103217 -0.074873 0.744399 0.402318 0.527640
10021.533118000 -0.687522 -0.696130 3.070658 -0.073126 0.747637 0.406675 0.519910
10021.566451000 -0.685839 -0.686082 3.045442 -0.071110 0.752557 0.409697 0.510636
10021.599784000 -0.683372 -0.675136 3.019294 -0.071074 0.756742 0.411697 0.502788
