10000.000000000 0.000000 0.000000 0.000000 0.000000 0.000000 0.000000 1.000000
10000.033333000 0.010398 0.003311 -0.001832 0.002246 -0.004436 -0.001604 0.999986
10000.066666000 0.020452 0.007383 -0.002817 0.004230 -0.008946 -0.003727 0.999944
10000.099999000 0.031124 0.010764 -0.003237 0.005978 -0.013587 -0.005885 0.999873
10000.133332000 0.042047 0.013843 -0.004061 0.007367 -0.018325 -0.008571 0.999768
10000.166665000 0.051690 0.016846 -0.004015 0.008806 -0.022605 -0.011047 0.999645
10000.199998000 0.062391 0.020249 -0.004414 0.010127 -0.027307 -0.014287 0.999474
10000.233331000 0.072371 0.022683 -0.004108 0.011091 -0.031611 -0.017290 0.999289
10000.266664000 0.081656 0.026248 -0.003687 0.012282 -0.035777 -0.020753 0.999069
10000.299997000 0.090186 0.028424 -0.003647 0.012864 -0.039493 -0.023398 0.998863
10000.333330000 0.109515 0.033173 -0.002784 0.014356 -0.048066 -0.030461 0.998276
10000.366663000 0.118452 0.034763 -0.002462 0.014847 -0.051840 -0.033149 0.997995
10000.399996000 0.126282 0.038313 -0.002162 0.016075 -0.055296 -0.036152 0.997686
10000.433329000 0.134912 0.041041 -0.001603 0.017214 -0.058921 -0.038678 0.997365
10000.466662000 0.143478 0.042876 -0.001978 0.018115 -0.062528 -0.041244 0.997026
10000.499995000 0.152103 0.045984 -0.002345 0.019627 -0.066110 -0.043143 0.996686
10000.533328000 0.160751 0.049079 -0.002842 0.021140 -0.069679 -0.044985 0.996330
10000.566661000 0.169155 0.051977 -0.003223 0.022820 -0.073153 -0.046298 0.995984
10000.599994000 0.177836 0.055539 -0.004126 0.024780 -0.076754 -0.047573 0.995606
10000.633327000 0.186299 0.058137 -0.005891 0.026866 -0.080106 -0.048213 0.995257
10000.666660000 0.202733 0.066285 -0.008063 0.032604 -0.086966 -0.047751 0.994532
10000.699993000 0.210690 0.070042 -0.010562 0.035551 -0.090223 -0.047225 0.994166
10000.733326000 0.218846 0.073734 -0.012871 0.039028 -0.093554 -0.046593 0.993757
10000.766659000 0.226736 0.077904 -0.014611 0.043020 -0.096843 -0.045849 0.993312
10000.799992000 0.235113 0.081461 -0.016829 0.046848 -0.100249 -0.045669 0.992809
10000.833325000 0.243265 0.084596 -0.017859 0.050937 -0.103722 -0.045987 0.992236
10000.866658000 0.252309 0.087081 -0.017858 0.055489 -0.107380 -0.046827 0.991563
10000.899991000 0.260718 0.088736 -0.018317 0.059821 -0.110660 -0.049071 0.990842
10000.933324000 0.270106 0.090103 -0.016254 0.064709 -0.114408 -0.052355 0.989941
10000.966657000 0.279755 0.091135 -0.014227 0.069314 -0.118388 -0.056765 0.988917
10000.999990000 0.300555 0.089193 -0.005202 0.079485 -0.126074 -0.070504 0.986315
10001.033323000 0.310608 0.086271 0.000647 0.084176 -0.129704 -0.079737 0.984750
10001.066656000 0.322417 0.083215 0.007371 0.089040 -0.134034 -0.089451 0.982907
10001.099989000 0.333777 0.079895 0.014542 0.093971 -0.138326 -0.099780 0.980856
10001.133322000 0.345156 0.074921 0.021402 0.097982 -0.142771 -0.110337 0.978694
10001.166655000 0.356865 0.070073 0.027371 0.101713 -0.147522 -0.121086 0.976335
10001.199988000 0.367082 0.065245 0.034419 0.105438 -0.152238 -0.131096 0.973920
10001.233321000 0.377850 0.059115 0.039058 0.107730 -0.157762 -0.140861 0.971423
10001.266654000 0.386743 0.054308 0.042869 0.109704 -0.163049 -0.150081 0.968946
10001.299987000 0.397031 0.048328 0.043475 0.110334 -0.169077 -0.158301 0.966530
10001.333320000 0.414042 0.036853 0.041206 0.108735 -0.183202 -0.172295 0.961732
10001.366653000 0.422354 0.032405 0.036526 0.106537 -0.191387 -0.177864 0.959367
10001.399986000 0.429894 0.029019 0.029936 0.103677 -0.199542 -0.182884 0.957073
10001.433319000 0.437789 0.025491 0.022548 0.100403 -0.208429 -0.187359 0.954659
10001.466652000 0.445703 0.023813 0.013637 0.096648 -0.217751 -0.191148 0.952211
10001.499985000 0.453661 0.022839 0.005097 0.093392 -0.226904 -0.194361 0.949745
10001.533318000 0.462171 0.021019 -0.004021 0.089802 -0.236468 -0.197308 0.947147
10001.566651000 0.471130 0.020371 -0.013990 0.086122 -0.245405 -0.199594 0.944734
10001.599984000 0.482044 0.020610 -0.023847 0.083299 -0.254775 -0.201764 0.942042
10001.633317000 0.494735 0.021533 -0.032624 0.081732 -0.263932 -0.203203 0.939345
10001.666650000 0.523781 0.025404 -0.046635 0.081351 -0.280560 -0.204933 0.934168
10001.699983000 0.539796 0.027727 -0.050493 0.082951 -0.287668 -0.205715 0.931691
10001.733316000 0.557246 0.033317 -0.055252 0.086390 -0.293985 -0.205665 0.929415
10001.766649000 0.575197 0.037503 -0.059065 0.089059 -0.300134 -0.205477 0.927236
10001.799982000 0.594078 0.041881 -0.062192 0.092816 -0.305477 -0.205040 0.925217
10001.833315000 0.613767 0.047719 -0.062740 0.097196 -0.310850 -0.204769 0.923036
10001.866648000 0.631386 0.053920 -0.063549 0.102212 -0.314971 -0.203898 0.921288
10001.899981000 0.649843 0.059318 -0.062980 0.106572 -0.319563 -0.203411 0.919318
10001.933314000 0.665947 0.064633 -0.063475 0.110631 -0.322969 -0.202592 0.917828
10001.966647000 0.681280 0.069169 -0.062624 0.114360 -0.326352 -0.201926 0.916320
10001.999980000 0.707622 0.080478 -0.061076 0.121568 -0.332145 -0.200715 0.913573
10002.033313000 0.718336 0.085088 -0.060089 0.124581 -0.335073 -0.199866 0.912282
10002.066646000 0.727167 0.088233 -0.059853 0.126301 -0.337592 -0.199374 0.911224
10002.099979000 0.734966 0.091708 -0.058717 0.127927 -0.340094 -0.198809 0.910190
10002.133312000 0.742368 0.093962 -0.059186 0.129263 -0.342046 -0.198427 0.909353
10002.166645000 0.748954 0.096275 -0.059154 0.130569 -0.344241 -0.197925 0.908447
10002.199978000 0.756339 0.098632 -0.059896 0.131572 -0.346325 -0.197735 0.907551
10002.233311000 0.763890 0.099998 -0.061364 0.132065 -0.348219 -0.197714 0.906759
10002.266644000 0.771769 0.100704 -0.064080 0.132732 -0.349841 -0.197608 0.906060
10002.299977000 0.779967 0.100475 -0.068180 0.132803 -0.351341 -0.197962 0.905392
10002.333310000 0.801227 0.100599 -0.080704 0.132964 -0.353355 -0.198185 0.904535
10002.366643000 0.812880 0.098429 -0.088441 0.132402 -0.353970 -0.199067 0.904183
10002.399976000 0.826321 0.097132 -0.096133 0.132616 -0.354963 -0.199656 0.903633
10002.433309000 0.838841 0.096401 -0.106104 0.132286 -0.355163 -0.199994 0.903528
10002.466642000 0.852278 0.096473 -0.118078 0.131888 -0.355156 -0.200825 0.903404
10002.499975000 0.864167 0.093820 -0.125964 0.130982 -0.355879 -0.201533 0.903094
10002.533308000 0.873768 0.090855 -0.134349 0.129635 -0.356573 -0.202391 0.902823
10002.566641000 0.883877 0.091002 -0.145853 0.128345 -0.356885 -0.203249 0.902691
10002.599974000 0.891192 0.089988 -0.155304 0.126648 -0.357180 -0.203556 0.902745
10002.633307000 0.894818 0.086978 -0.162493 0.124124 -0.358127 -0.204383 0.902533
10002.666640000 0.892859 0.082948 -0.171936 0.118288 -0.360726 -0.206015 0.901910
10002.699973000 0.888973 0.081566 -0.173285 0.114984 -0.362565 -0.206927 0.901391
10002.733306000 0.881450 0.080678 -0.175045 0.111436 -0.363903 -0.207843 0.901087
10002.766639000 0.873277 0.079566 -0.174220 0.108068 -0.365258 -0.208801 0.900727
10002.799972000 0.863288 0.077816 -0.173278 0.105110 -0.365624 -0.209685 0.900724
10002.833305000 0.852099 0.076711 -0.171141 0.102728 -0.365318 -0.210333 0.900972
10002.866638000 0.840802 0.074707 -0.167702 0.101234 -0.363500 -0.210387 0.901863
10002.899971000 0.828708 0.072752 -0.164737 0.100825 -0.360237 -0.210599 0.903168
10002.933304000 0.817176 0.068923 -0.160747 0.101399 -0.355512 -0.210487 0.905000
10002.966637000 0.808618 0.065862 -0.157523 0.104116 -0.348653 -0.209598 0.907562
10002.999970000 0.792842 0.055842 -0.151314 0.114463 -0.328265 -0.207108 0.914465
10003.033303000 0.787966 0.049573 -0.148561 0.121853 -0.315773 -0.205444 0.918277
10003.066636000 0.783374 0.042454 -0.145917 0.130262 -0.301685 -0.203500 0.922283
10003.099969000 0.781552 0.035730 -0.144827 0.139055 -0.287524 -0.201834 0.925882
10003.133302000 0.779655 0.028116 -0.144330 0.147718 -0.273088 -0.200698 0.929152
10003.166635000 0.777834 0.021831 -0.142764 0.156468 -0.259348 -0.199105 0.931994
10003.199968000 0.777573 0.014336 -0.141682 0.164287 -0.246611 -0.198437 0.934246
10003.233301000 0.776579 0.008346 -0.140890 0.171428 -0.234894 -0.197839 0.936107
10003.266634000 0.774726 0.003193 -0.140341 0.177790 -0.224042 -0.197113 0.937733
10003.299967000 0.773364 -0.002765 -0.140394 0.182544 -0.215195 -0.196843 0.938947
10003.333300000 0.764564 -0.010694 -0.139492 0.188984 -0.201632 -0.196391 0.940776
10003.366633000 0.757876 -0.013735 -0.139852 0.190385 -0.196760 -0.195868 0.941634
10003.399966000 0.749622 -0.015567 -0.139991 0.190930 -0.193077 -0.195515 0.942359
10003.433299000 0.744134 -0.016893 -0.140004 0.190860 -0.190702 -0.195249 0.942912
10003.466632000 0.732885 -0.019438 -0.138884 0.189726 -0.188668 -0.194517 0.943701
10003.499965000 0.725368 -0.020371 -0.137623 0.188544 -0.187770 -0.194253 0.944171
10003.533298000 0.715947 -0.021835 -0.136267 0.186612 -0.187393 -0.194214 0.944638
10003.566631000 0.705981 -0.024686 -0.134698 0.184043 -0.187144 -0.193966 0.945242
10003.599964000 0.696611 -0.027365 -0.132835 0.181538 -0.187101 -0.193721 0.945785
10003.633297000 0.687022 -0.030553 -0.130632 0.178839 -0.187002 -0.193540 0.946356
10003.666630000 0.668944 -0.040115 -0.123643 0.173397 -0.186922 -0.193577 0.947376
10003.699963000 0.660773 -0.046644 -0.118140 0.170978 -0.186716 -0.193604 0.947851
10003.733296000 0.653480 -0.054057 -0.112524 0.168530 -0.186359 -0.193619 0.948356
10003.766629000 0.646400 -0.061460 -0.105250 0.166589 -0.186079 -0.193895 0.948698
10003.799962000 0.640077 -0.070010 -0.098321 0.164400 -0.185804 -0.194244 0.949062
10003.833295000 0.634774 -0.080113 -0.090793 0.162094 -0.185569 -0.194621 0.949427
10003.866628000 0.628521 -0.089576 -0.082510 0.160063 -0.185363 -0.195530 0.949625
10003.899961000 0.621705 -0.099910 -0.075091 0.157968 -0.184428 -0.195636 0.950136
10003.933294000 0.616080 -0.109546 -0.066663 0.156051 -0.184244 -0.196462 0.950318
10003.966627000 0.608276 -0.120238 -0.058929 0.153641 -0.183627 -0.197224 0.950673
10003.999960000 0.598490 -0.140254 -0.045347 0.149013 -0.182952 -0.197992 0.951379
10004.033293000 0.591828 -0.150390 -0.039107 0.146447 -0.182578 -0.198886 0.951663
10004.066626000 0.586906 -0.159296 -0.032479 0.143914 -0.182633 -0.199478 0.951915
10004.099959000 0.581144 -0.167750 -0.026136 0.141632 -0.182234 -0.199817 0.952263
10004.133292000 0.575939 -0.176713 -0.019932 0.139024 -0.182176 -0.200420 0.952531
10004.166625000 0.568969 -0.185464 -0.014590 0.136056 -0.181751 -0.200933 0.952933
10004.199958000 0.562757 -0.194424 -0.009161 0.133007 -0.181479 -0.201633 0.953267
10004.233291000 0.555248 -0.202625 -0.003556 0.130285 -0.180368 -0.201370 0.953909
10004.266624000 0.547920 -0.211806 0.002788 0.127117 -0.179916 -0.201956 0.954299
10004.299957000 0.540195 -0.219754 0.008348 0.124180 -0.179102 -0.202398 0.954744
10004.333290000 0.522855 -0.240585 0.019865 0.116431 -0.177176 -0.203609 0.955822
10004.366623000 0.513697 -0.250351 0.027055 0.112941 -0.175906 -0.203935 0.956406
10004.399956000 0.504508 -0.260320 0.034282 0.109293 -0.174643 -0.204244 0.956995
10004.433289000 0.494280 -0.270310 0.042260 0.105712 -0.173255 -0.204557 0.957582
10004.466622000 0.485459 -0.279804 0.049097 0.102248 -0.172172 -0.205010 0.958057
10004.499955000 0.477665 -0.289309 0.055349 0.098654 -0.171200 -0.205460 0.958511
10004.533288000 0.470643 -0.297982 0.062471 0.095453 -0.170488 -0.205952 0.958857
10004.566621000 0.465492 -0.307573 0.067107 0.091859 -0.170196 -0.206722 0.959094
10004.599954000 0.463549 -0.316619 0.073433 0.089090 -0.170887 -0.207738 0.959013
10004.633287000 0.462288 -0.324938 0.078408 0.086287 -0.171861 -0.208876 0.958848
10004.666620000 0.470049 -0.339259 0.085942 0.082244 -0.176739 -0.212154 0.957596
10004.699953000 0.477512 -0.345608 0.090261 0.080930 -0.180406 -0.214107 0.956589
10004.733286000 0.486507 -0.350658 0.092964 0.080107 -0.184364 -0.216143 0.955445
10004.766619000 0.497910 -0.356495 0.096555 0.079358 -0.189321 -0.218543 0.953991
10004.799952000 0.510465 -0.361283 0.099000 0.078878 -0.194154 -0.220739 0.952553
10004.833285000 0.522628 -0.364178 0.103229 0.079421 -0.199364 -0.222953 0.950914
10004.866618000 0.535322 -0.371348 0.108069 0.078713 -0.205051 -0.225164 0.949242
10004.899951000 0.546399 -0.375261 0.112472 0.078794 -0.209861 -0.227053 0.947732
10004.933284000 0.557498 -0.377279 0.118775 0.079689 -0.214791 -0.228916 0.946104
10004.966617000 0.567984 -0.379076 0.126055 0.080643 -0.219611 -0.230645 0.944495
10004.999950000 0.581054 -0.383975 0.142008 0.081543 -0.227246 -0.233413 0.941928
10005.033283000 0.584288 -0.385669 0.151966 0.082075 -0.230250 -0.234628 0.940850
10005.066616000 0.585582 -0.388261 0.162714 0.082162 -0.232867 -0.235542 0.939969
10005.099949000 0.586658 -0.389888 0.175064 0.082643 -0.235531 -0.236534 0.939014
10005.133282000 0.586402 -0.391879 0.187928 0.082946 -0.237932 -0.237460 0.938148
10005.166615000 0.584108 -0.394235 0.201568 0.082930 -0.239993 -0.238303 0.937410
10005.199948000 0.581677 -0.396330 0.214482 0.082963 -0.241842 -0.239089 0.936732
10005.233281000 0.579355 -0.397918 0.228422 0.083260 -0.243857 -0.239809 0.935999
10005.266614000 0.577348 -0.400102 0.241388 0.083310 -0.245928 -0.240641 0.935238
10005.299947000 0.573548 -0.402808 0.253956 0.082961 -0.247436 -0.241393 0.934678
10005.333280000 0.570216 -0.409317 0.277660 0.082109 -0.251760 -0.243315 0.933098
10005.366613000 0.569188 -0.412123 0.288917 0.081860 -0.254066 -0.244271 0.932245
10005.399946000 0.569700 -0.415531 0.299383 0.081502 -0.256821 -0.245474 0.931205
10005.433279000 0.570563 -0.419149 0.309570 0.081083 -0.259723 -0.246745 0.930100
10005.466612000 0.570148 -0.422667 0.319548 0.080639 -0.262351 -0.247893 0.929095
10005.499945000 0.570908 -0.427160 0.329273 0.079786 -0.265352 -0.249310 0.927937
10005.533278000 0.573664 -0.430659 0.339514 0.079539 -0.268867 -0.250622 0.926592
10005.566611000 0.574336 -0.434430 0.349654 0.079035 -0.271894 -0.251921 0.925399
10005.599944000 0.576117 -0.437721 0.359990 0.078864 -0.275299 -0.253225 0.924050
10005.633277000 0.576898 -0.441282 0.369958 0.078534 -0.278584 -0.254383 0.922774
10005.666610000 0.578431 -0.446160 0.393279 0.078864 -0.285396 -0.256636 0.920037
10005.699943000 0.579199 -0.448914 0.405957 0.079068 -0.289178 -0.257786 0.918516
10005.733276000 0.579000 -0.450176 0.418807 0.079816 -0.292563 -0.258585 0.917153
10005.766609000 0.577769 -0.452264 0.431794 0.079717 -0.296251 -0.259379 0.915753
10005.799942000 0.576834 -0.454150 0.444026 0.080123 -0.299606 -0.260264 0.914374
10005.833275000 0.576660 -0.456937 0.456548 0.080227 -0.303445 -0.261472 0.912752
10005.866608000 0.576737 -0.458644 0.469276 0.080824 -0.307273 -0.262415 0.911147
10005.899941000 0.577483 -0.461253 0.481810 0.081053 -0.311285 -0.263482 0.909455
10005.933274000 0.577377 -0.463982 0.493056 0.081057 -0.314884 -0.264619 0.907885
10005.966607000 0.578454 -0.468076 0.503616 0.080866 -0.318358 -0.266061 0.906267
10005.999940000 0.580827 -0.476798 0.521353 0.079088 -0.325647 -0.268846 0.903007
10006.033273000 0.583151 -0.481850 0.528245 0.078283 -0.328922 -0.270703 0.901334
10006.066606000 0.585814 -0.487665 0.534600 0.076819 -0.332177 -0.272273 0.899792
10006.099939000 0.588224 -0.494555 0.540833 0.074864 -0.335851 -0.274674 0.897861
10006.133272000 0.591907 -0.501324 0.545822 0.073077 -0.339233 -0.276489 0.896178
10006.166605000 0.594646 -0.508466 0.549612 0.070807 -0.342440 -0.279187 0.894302
10006.199938000 0.597743 -0.516270 0.553116 0.068058 -0.345685 -0.281463 0.892551
10006.233271000 0.601233 -0.524665 0.558101 0.065225 -0.349585 -0.283836 0.890491
10006.266604000 0.604204 -0.532355 0.560800 0.062022 -0.353082 -0.285906 0.888676
10006.299937000 0.606397 -0.540004 0.563558 0.058758 -0.356326 -0.288187 0.886864
10006.333270000 0.610115 -0.556619 0.570683 0.051335 -0.363571 -0.292320 0.883023
10006.366603000 0.612418 -0.564594 0.575173 0.047492 -0.367580 -0.294196 0.880953
10006.399936000 0.613469 -0.573088 0.579601 0.043424 -0.371549 -0.296399 0.878757
10006.433269000 0.614598 -0.580172 0.584968 0.040323 -0.375612 -0.298654 0.876410
10006.466602000 0.616881 -0.587448 0.588825 0.036878 -0.379543 -0.300513 0.874230
10006.499935000 0.618521 -0.594119 0.593060 0.034075 -0.382998 -0.302439 0.872171
10006.533268000 0.621167 -0.600994 0.599799 0.032077 -0.386979 -0.304479 0.869776
10006.566601000 0.623448 -0.607986 0.605221 0.030159 -0.390144 -0.306387 0.867759
10006.599934000 0.626797 -0.614331 0.611557 0.029570 -0.393461 -0.308668 0.865470
10006.633267000 0.630817 -0.620265 0.617561 0.029637 -0.396393 -0.311194 0.863222
10006.666600000 0.642636 -0.629847 0.631632 0.034252 -0.401302 -0.316299 0.858917
10006.699933000 0.650895 -0.633125 0.637260 0.038479 -0.402905 -0.319043 0.856970
10006.733266000 0.658035 -0.637995 0.646407 0.042677 -0.404842 -0.322037 0.854736
10006.766599000 0.668234 -0.641423 0.652875 0.048648 -0.406125 -0.324746 0.852781
10006.799932000 0.678726 -0.645042 0.657681 0.053943 -0.407186 -0.328063 0.850685
10006.833265000 0.689872 -0.648365 0.662151 0.059640 -0.407863 -0.330975 0.848850
10006.866598000 0.701075 -0.652481 0.666141 0.065182 -0.408350 -0.334428 0.846852
10006.899931000 0.713247 -0.656220 0.669769 0.070551 -0.409324 -0.337613 0.844685
10006.933264000 0.726363 -0.660856 0.671809 0.075213 -0.410383 -0.341189 0.842329
10006.966597000 0.738788 -0.667175 0.674630 0.078211 -0.411924 -0.344636 0.839897
10006.999930000 0.765979 -0.681845 0.674859 0.082251 -0.416685 -0.352015 0.834083
10007.033263000 0.780877 -0.690962 0.672939 0.082491 -0.419537 -0.355945 0.830956
10007.066596000 0.794693 -0.700194 0.670251 0.081992 -0.422830 -0.359048 0.827996
10007.099929000 0.807949 -0.710422 0.668082 0.080552 -0.426062 -0.361839 0.825261
10007.133262000 0.821530 -0.720513 0.665119 0.078859 -0.429882 -0.364328 0.822343
10007.166595000 0.834924 -0.730900 0.660403 0.076513 -0.432987 -0.366607 0.819919
10007.199928000 0.848531 -0.739871 0.656869 0.074635 -0.436657 -0.368049 0.817496
10007.233261000 0.861192 -0.749248 0.652791 0.072030 -0.440062 -0.368778 0.815573
10007.266594000 0.873291 -0.756997 0.647881 0.070282 -0.442650 -0.368592 0.814409
10007.299927000 0.884542 -0.764566 0.643611 0.067842 -0.445586 -0.367609 0.813458
10007.333260000 0.907275 -0.774950 0.635792 0.065308 -0.449894 -0.363345 0.813210
10007.366593000 0.916292 -0.777313 0.633430 0.064968 -0.451076 -0.359964 0.814086
10007.399926000 0.925958 -0.778224 0.630041 0.064741 -0.452146 -0.356609 0.814986
10007.433259000 0.935364 -0.778669 0.628096 0.065093 -0.453347 -0.352888 0.815910
10007.466592000 0.944369 -0.777356 0.627764 0.066456 -0.454611 -0.349594 0.816515
10007.499925000 0.952177 -0.774702 0.626908 0.068039 -0.455552 -0.346852 0.817029
10007.533258000 0.959920 -0.771619 0.626514 0.070300 -0.456297 -0.345591 0.816956
10007.566591000 0.968019 -0.766541 0.627149 0.073314 -0.457611 -0.345198 0.816122
10007.599924000 0.975328 -0.761905 0.629400 0.077115 -0.459058 -0.346583 0.814370
10007.633257000 0.982161 -0.756177 0.632003 0.081243 -0.460529 -0.349666 0.811817
10007.666590000 0.998339 -0.739776 0.641558 0.093648 -0.464156 -0.362287 0.802831
10007.699923000 1.006653 -0.731688 0.647727 0.100528 -0.466461 -0.371912 0.796235
10007.733256000 1.013452 -0.723491 0.655374 0.108078 -0.468877 -0.382761 0.788649
10007.766589000 1.021007 -0.714344 0.662220 0.115965 -0.470805 -0.394532 0.780538
10007.799922000 1.028634 -0.705346 0.670613 0.124170 -0.473203 -0.406676 0.771541
10007.833255000 1.035639 -0.697126 0.678147 0.132042 -0.474994 -0.419306 0.762318
10007.866588000 1.043035 -0.688775 0.686777 0.140302 -0.476868 -0.431015 0.753086
10007.899921000 1.049777 -0.681350 0.692741 0.147527 -0.478246 -0.442377 0.744190
10007.933254000 1.056283 -0.673826 0.698693 0.154408 -0.479045 -0.452463 0.736174
10007.966587000 1.063388 -0.668586 0.703699 0.159943 -0.480032 -0.460875 0.729097
10007.999920000 1.075162 -0.658636 0.710832 0.168366 -0.480873 -0.472793 0.718944
10008.033253000 1.081708 -0.655657 0.712879 0.171123 -0.481196 -0.476002 0.715953
10008.066586000 1.086749 -0.653538 0.713544 0.172581 -0.481252 -0.477742 0.714405
10008.099919000 1.093368 -0.652430 0.713481 0.173484 -0.481542 -0.478310 0.713611
10008.133252000 1.099830 -0.650638 0.712870 0.174162 -0.481856 -0.477174 0.713994
10008.166585000 1.107309 -0.648994 0.711779 0.174723 -0.482156 -0.475110 0.715030
10008.199918000 1.116026 -0.647485 0.709267 0.175316 -0.482180 -0.472545 0.716567
10008.233251000 1.125289 -0.645305 0.707747 0.176419 -0.482777 -0.468987 0.718230
10008.266584000 1.135358 -0.643419 0.705275 0.177425 -0.483494 -0.464987 0.720098
10008.299917000 1.147312 -0.639401 0.702137 0.179527 -0.484056 -0.460719 0.721940
10008.333250000 1.176639 -0.628302 0.697894 0.186862 -0.486473 -0.451382 0.724349
10008.366583000 1.193725 -0.620415 0.695316 0.191719 -0.487780 -0.446315 0.725339
10008.399916000 1.211485 -0.613282 0.694188 0.197352 -0.489444 -0.441920 0.725399
10008.433249000 1.229045 -0.605345 0.692396 0.202882 -0.491051 -0.437559 0.725431
10008.466582000 1.248408 -0.597547 0.690472 0.208980 -0.492595 -0.434027 0.724774
10008.499915000 1.268507 -0.590024 0.690098 0.215060 -0.494699 -0.429965 0.723984
10008.533248000 1.284782 -0.583704 0.686640 0.220251 -0.496049 -0.427088 0.723202
10008.566581000 1.303077 -0.578315 0.685329 0.225756 -0.497618 -0.424618 0.721880
10008.599914000 1.318341 -0.575381 0.684198 0.229530 -0.499346 -0.422513 0.720730
10008.633247000 1.333647 -0.574167 0.682509 0.233030 -0.501047 -0.421325 0.719120
10008.666580000 1.356762 -0.577135 0.679437 0.236560 -0.503637 -0.419954 0.716957
10008.699913000 1.365587 -0.582933 0.677101 0.236259 -0.505068 -0.420536 0.715708
10008.733246000 1.372499 -0.589244 0.674409 0.235107 -0.505921 -0.421265 0.715055
10008.766579000 1.379074 -0.598483 0.671447 0.233134 -0.507108 -0.422424 0.714176
10008.799912000 1.382939 -0.610230 0.669405 0.230323 -0.508395 -0.424248 0.713092
10008.833245000 1.385614 -0.623252 0.667780 0.226917 -0.509737 -0.426348 0.711972
10008.866578000 1.387244 -0.638061 0.665062 0.222488 -0.510930 -0.428703 0.711100
10008.899911000 1.390605 -0.652795 0.661889 0.218514 -0.511813 -0.431338 0.710103
10008.933244000 1.391073 -0.668592 0.659699 0.214354 -0.513085 -0.434118 0.708758
10008.966577000 1.392539 -0.685792 0.657072 0.209415 -0.514488 -0.436727 0.707614
10008.999910000 1.395091 -0.720287 0.651916 0.200389 -0.517076 -0.442579 0.704699
10009.033243000 1.398360 -0.737817 0.649114 0.196141 -0.518564 -0.445387 0.703029
10009.066576000 1.402384 -0.754364 0.645660 0.191796 -0.519947 -0.447483 0.701875
10009.099909000 1.407552 -0.770254 0.644493 0.188537 -0.521733 -0.449810 0.699942
10009.133242000 1.413307 -0.786093 0.642777 0.185421 -0.523394 -0.452091 0.698063
10009.166575000 1.419450 -0.800874 0.642162 0.182930 -0.525117 -0.454484 0.695869
10009.199908000 1.426108 -0.815144 0.641685 0.180525 -0.527097 -0.456002 0.694004
10009.233241000 1.432156 -0.828631 0.642492 0.178225 -0.529030 -0.457473 0.692157
10009.266574000 1.440232 -0.840162 0.645570 0.176903 -0.531452 -0.458284 0.690102
10009.299907000 1.447780 -0.851305 0.648871 0.175541 -0.533734 -0.459215 0.688067
10009.333240000 1.467308 -0.871140 0.657833 0.173967 -0.538968 -0.459645 0.684088
10009.366573000 1.476753 -0.877959 0.663776 0.173993 -0.541622 -0.459146 0.682317
10009.399906000 1.487040 -0.884198 0.670745 0.174110 -0.544316 -0.458503 0.680574
10009.433239000 1.497253 -0.889420 0.676587 0.174202 -0.546710 -0.457649 0.679205
10009.466572000 1.507816 -0.893653 0.683184 0.174563 -0.549166 -0.456545 0.677872
10009.499905000 1.520543 -0.898157 0.688025 0.174897 -0.551415 -0.455420 0.676717
10009.533238000 1.531206 -0.900989 0.692856 0.175543 -0.553255 -0.454436 0.675708
10009.566571000 1.544826 -0.903862 0.695683 0.175994 -0.555009 -0.453170 0.675002
10009.599904000 1.557256 -0.906511 0.695856 0.176337 -0.556011 -0.452391 0.674611
10009.633237000 1.569169 -0.908214 0.696471 0.176880 -0.556728 -0.451849 0.674240
10009.666570000 1.591131 -0.910983 0.690124 0.177784 -0.556609 -0.451477 0.674350
10009.699903000 1.601873 -0.911748 0.683676 0.177911 -0.555729 -0.451655 0.674923
10009.733236000 1.612475 -0.913108 0.674747 0.177970 -0.554498 -0.452048 0.675657
10009.766569000 1.622370 -0.913730 0.665978 0.178114 -0.552994 -0.452692 0.676419
10009.799902000 1.632615 -0.915275 0.655313 0.177984 -0.551424 -0.453309 0.677321
10009.833235000 1.643266 -0.917219 0.645093 0.177894 -0.550044 -0.453967 0.678026
10009.866568000 1.653067 -0.918332 0.635944 0.177941 -0.548715 -0.454448 0.678767
10009.899901000 1.662329 -0.921358 0.626650 0.177633 -0.547520 -0.455207 0.679304
10009.933234000 1.673396 -0.923922 0.617694 0.177418 -0.546522 -0.455637 0.679876
10009.966567000 1.683695 -0.926338 0.611626 0.177600 -0.546146 -0.455731 0.680068
10009.999900000 1.703122 -0.934917 0.606514 0.177558 -0.546979 -0.455753 0.679394
10010.033233000 1.714495 -0.939726 0.606681 0.177894 -0.548154 -0.455390 0.678602
10010.066566000 1.724675 -0.944876 0.608860 0.178049 -0.549713 -0.454730 0.677743
10010.099899000 1.736349 -0.949686 0.613778 0.178524 -0.551669 -0.454090 0.676456
10010.133232000 1.746032 -0.954648 0.619631 0.178926 -0.553795 -0.453177 0.675224
10010.166565000 1.756984 -0.959640 0.626148 0.179341 -0.555977 -0.452317 0.673896
10010.199898000 1.769430 -0.963863 0.630082 0.179450 -0.557823 -0.451331 0.673001
10010.233231000 1.781564 -0.968103 0.637421 0.179800 -0.559941 -0.450489 0.671713
10010.266564000 1.792369 -0.970438 0.643079 0.180291 -0.561461 -0.449822 0.670758
10010.299897000 1.804576 -0.972207 0.648027 0.180619 -0.562670 -0.449161 0.670100
10010.333230000 1.826583 -0.971495 0.654113 0.181267 -0.563677 -0.448305 0.669651
10010.366563000 1.837485 -0.969131 0.655233 0.181523 -0.563369 -0.448178 0.669926
10010.399896000 1.848191 -0.967494 0.655946 0.181446 -0.562956 -0.448333 0.670191
10010.433229000 1.858270 -0.964276 0.654229 0.181432 -0.562003 -0.448566 0.670838
10010.466562000 1.868359 -0.960509 0.652546 0.181242 -0.560828 -0.448934 0.671626
10010.499895000 1.879122 -0.957358 0.649821 0.180788 -0.559629 -0.449343 0.672474
10010.533228000 1.887958 -0.954056 0.647021 0.180512 -0.558186 -0.449991 0.673314
10010.566561000 1.895619 -0.952564 0.645509 0.179710 -0.557048 -0.450835 0.673907
10010.599894000 1.902177 -0.950989 0.643488 0.178933 -0.555869 -0.451630 0.674554
10010.633227000 1.908577 -0.949965 0.641587 0.177916 -0.554674 -0.452581 0.675169
10010.666560000 1.915414 -0.951140 0.643574 0.175490 -0.553500 -0.454363 0.675570
10010.699893000 1.917924 -0.954687 0.645381 0.173951 -0.553280 -0.455457 0.675412
10010.733226000 1.919420 -0.958384 0.648848 0.172392 -0.553336 -0.456428 0.675110
10010.766559000 1.920865 -0.963224 0.652800 0.170846 -0.553623 -0.457395 0.674613
10010.799892000 1.922642 -0.969758 0.658191 0.169019 -0.554202 -0.458631 0.673758
10010.833225000 1.924614 -0.974920 0.659255 0.166801 -0.554229 -0.459535 0.673673
10010.866558000 1.926937 -0.982834 0.666548 0.164997 -0.555351 -0.460546 0.672502
10010.899891000 1.928227 -0.990235 0.673669 0.163225 -0.556241 -0.461801 0.671337
10010.933224000 1.930909 -0.998683 0.680580 0.161319 -0.557207 -0.463015 0.670160
10010.966557000 1.935642 -1.007825 0.687699 0.159314 -0.558214 -0.464186 0.668990
10010.999890000 1.944869 -1.022401 0.704373 0.156299 -0.560129 -0.466267 0.666649
10011.033223000 1.954016 -1.029420 0.711162 0.154887 -0.560970 -0.467036 0.665733
10011.066556000 1.965433 -1.037813 0.718569 0.153437 -0.562056 -0.467761 0.664642
10011.099889000 1.977681 -1.043563 0.724344 0.152393 -0.562742 -0.468274 0.663941
10011.133222000 1.989928 -1.049493 0.730300 0.151371 -0.563443 -0.468841 0.663180
10011.166555000 2.002527 -1.054049 0.733735 0.150640 -0.563761 -0.469399 0.662681
10011.199888000 2.016100 -1.057286 0.737223 0.150024 -0.564123 -0.469576 0.662387
10011.233221000 2.028793 -1.059228 0.740123 0.149680 -0.564450 -0.469522 0.662224
10011.266554000 2.040757 -1.059832 0.741772 0.149697 -0.564477 -0.469514 0.662203
10011.299887000 2.051956 -1.058156 0.742781 0.150129 -0.564368 -0.469332 0.662327
10011.333220000 2.070799 -1.051076 0.739340 0.151387 -0.563594 -0.468317 0.663417
10011.366553000 2.078856 -1.044491 0.736481 0.152664 -0.562909 -0.467740 0.664114
10011.399886000 2.085845 -1.036616 0.732585 0.154075 -0.562261 -0.466784 0.665008
10011.433219000 2.090697 -1.028812 0.727257 0.155323 -0.561307 -0.466136 0.665978
10011.466552000 2.095763 -1.018294 0.720105 0.157009 -0.559955 -0.465152 0.667407
10011.499885000 2.100302 -1.010007 0.715155 0.158532 -0.558961 -0.464388 0.668412
10011.533218000 2.105348 -1.000029 0.708016 0.159935 -0.557648 -0.463512 0.669781
10011.566551000 2.110948 -0.993375 0.703184 0.161049 -0.556802 -0.462913 0.670631
10011.599884000 2.115701 -0.983983 0.694314 0.162280 -0.555064 -0.462515 0.672049
10011.633217000 2.120897 -0.972563 0.686360 0.163821 -0.553093 -0.461947 0.673688
10011.666550000 2.133932 -0.958933 0.673744 0.164845 -0.550153 -0.461606 0.676075
10011.699883000 2.143087 -0.954362 0.668507 0.164939 -0.548853 -0.461825 0.676959
10011.733216000 2.151650 -0.952542 0.665404 0.164672 -0.547799 -0.462477 0.677432
10011.766549000 2.161746 -0.951550 0.662621 0.164125 -0.546867 -0.463090 0.677899
10011.799882000 2.170716 -0.948664 0.660190 0.163849 -0.545877 -0.463514 0.678474
10011.833215000 2.180568 -0.948897 0.659112 0.163057 -0.545208 -0.464092 0.678807
10011.866548000 2.190662 -0.947472 0.658796 0.162734 -0.544537 -0.464678 0.679022
10011.899881000 2.200496 -0.946549 0.660813 0.162125 -0.544326 -0.464868 0.679208
10011.933214000 2.210363 -0.945394 0.663482 0.161998 -0.544271 -0.464957 0.679221
10011.966547000 2.218409 -0.944103 0.667006 0.161798 -0.544320 -0.465192 0.679068
10011.999880000 2.240096 -0.938438 0.676630 0.162625 -0.545390 -0.464261 0.678650
10012.033213000 2.241115 -0.933577 0.686243 0.163832 -0.546023 -0.463785 0.678175
10012.066546000 2.247603 -0.929007 0.694323 0.165001 -0.546955 -0.463040 0.677649
10012.099879000 2.255355 -0.923669 0.703084 0.166614 -0.548163 -0.461961 0.677015
10012.133212000 2.261091 -0.916137 0.712022 0.168387 -0.549217 -0.460568 0.676671
10012.166545000 2.267339 -0.907424 0.719952 0.170424 -0.550113 -0.459034 0.676476
10012.199878000 2.274150 -0.900617 0.728357 0.172070 -0.551413 -0.457212 0.676234
10012.233211000 2.286196 -0.893775 0.731406 0.173578 -0.552241 -0.455738 0.676168
10012.266544000 2.295530 -0.886089 0.736790 0.175451 -0.553087 -0.454142 0.676067
10012.299877000 2.304911 -0.875284 0.739546 0.177905 -0.553261 -0.452618 0.676305
10012.333210000 2.327614 -0.853265 0.741095 0.182676 -0.553122 -0.449448 0.677261
10012.366543000 2.340767 -0.841774 0.738244 0.184984 -0.552541 -0.448000 0.678067
10012.399876000 2.356032 -0.830840 0.734227 0.187338 -0.551810 -0.446763 0.678832
10012.433209000 2.370662 -0.819895 0.727364 0.189376 -0.550636 -0.445905 0.679784
10012.466542000 2.382495 -0.811478 0.717990 0.190042 -0.549632 -0.444246 0.681494
10012.499875000 2.396439 -0.800062 0.711098 0.192290 -0.548318 -0.443493 0.682412
10012.533208000 2.411222 -0.787656 0.701270 0.194191 -0.546658 -0.442620 0.683771
10012.566541000 2.427390 -0.775907 0.691895 0.196206 -0.545164 -0.441731 0.684962
10012.599874000 2.442711 -0.765084 0.682718 0.197998 -0.543678 -0.441140 0.686008
10012.633207000 2.449958 -0.751963 0.675425 0.200123 -0.541887 -0.440603 0.687152
10012.666540000 2.477566 -0.727921 0.659025 0.203738 -0.539253 -0.438562 0.689463
10012.699873000 2.490598 -0.718698 0.652949 0.205344 -0.538179 -0.438194 0.690061
10012.733206000 2.501052 -0.708327 0.646146 0.207042 -0.536941 -0.437660 0.690856
10012.766539000 2.506288 -0.701969 0.636986 0.207353 -0.535851 -0.436825 0.692136
10012.799872000 2.509508 -0.693429 0.633667 0.209122 -0.534678 -0.437019 0.692389
10012.833205000 2.514759 -0.683730 0.628093 0.210585 -0.533486 -0.436637 0.693106
10012.866538000 2.519585 -0.674665 0.622010 0.211703 -0.532302 -0.436163 0.693973
10012.899871000 2.522164 -0.665950 0.616943 0.212939 -0.531249 -0.435790 0.694636
10012.933204000 2.524883 -0.659374 0.611754 0.214007 -0.530093 -0.435927 0.695104
10012.966537000 2.524757 -0.651701 0.606066 0.214720 -0.528839 -0.435730 0.695962
10012.999870000 2.517304 -0.638908 0.593628 0.215447 -0.526160 -0.435634 0.697826
10013.033203000 2.510856 -0.633113 0.587473 0.215629 -0.524730 -0.435734 0.698783
10013.066536000 2.502587 -0.628769 0.580652 0.215542 -0.523213 -0.436134 0.699698
10013.099869000 2.493533 -0.624495 0.574723 0.215588 -0.521704 -0.436746 0.700428
10013.133202000 2.486773 -0.620807 0.565076 0.214946 -0.520108 -0.437045 0.701625
10013.166535000 2.465032 -0.619287 0.561068 0.213862 -0.518874 -0.436994 0.702900
10013.199868000 2.451752 -0.615782 0.555555 0.213456 -0.517362 -0.437599 0.703762
10013.233201000 2.438014 -0.612588 0.552996 0.213095 -0.516263 -0.437896 0.704493
10013.266534000 2.423695 -0.608650 0.549683 0.212871 -0.514913 -0.438327 0.705280
10013.299867000 2.408091 -0.606243 0.548648 0.212405 -0.513953 -0.438726 0.705873
10013.333200000 2.377872 -0.599025 0.551112 0.212163 -0.512434 -0.439091 0.706823
10013.366533000 2.363558 -0.595556 0.554399 0.212181 -0.511983 -0.439165 0.707098
10013.399866000 2.349268 -0.591796 0.559967 0.212310 -0.511858 -0.439067 0.707210
10013.433199000 2.336389 -0.588948 0.566435 0.212503 -0.511911 -0.438938 0.707194
10013.466532000 2.323712 -0.585800 0.573903 0.212650 -0.512180 -0.438674 0.707118
10013.499865000 2.313080 -0.582869 0.582888 0.213112 -0.512689 -0.438377 0.706795
10013.533198000 2.299153 -0.579668 0.596234 0.214087 -0.513482 -0.438208 0.706029
10013.566531000 2.297783 -0.578846 0.603482 0.214274 -0.514468 -0.437839 0.705483
10013.599864000 2.292404 -0.577686 0.615260 0.214970 -0.515692 -0.437502 0.704587
10013.633197000 2.290237 -0.576378 0.627581 0.215720 -0.517253 -0.436841 0.703622
10013.666530000 2.293983 -0.575460 0.654139 0.217663 -0.521024 -0.435323 0.701178
10013.699863000 2.299988 -0.576233 0.667791 0.218521 -0.523286 -0.434349 0.699830
10013.733196000 2.307909 -0.576916 0.681697 0.219498 -0.525660 -0.433214 0.698446
10013.766529000 2.317532 -0.577228 0.695376 0.220655 -0.528006 -0.432114 0.696993
10013.799862000 2.328208 -0.577635 0.708097 0.221824 -0.530245 -0.431012 0.695603
10013.833195000 2.341003 -0.577768 0.720554 0.223173 -0.532451 -0.429949 0.694142
10013.866528000 2.353801 -0.577013 0.732800 0.224310 -0.534675 -0.428523 0.692947
10013.899861000 2.367284 -0.575852 0.744808 0.225676 -0.536808 -0.427170 0.691689
10013.933194000 2.381034 -0.573860 0.754309 0.227300 -0.538371 -0.426199 0.690541
10013.966527000 2.393138 -0.569965 0.763087 0.228644 -0.539830 -0.424741 0.689855
10013.999860000 2.416902 -0.559902 0.775746 0.231800 -0.541652 -0.422466 0.688770
10014.033193000 2.421224 -0.553438 0.780904 0.233326 -0.542012 -0.421358 0.688651
10014.066526000 2.435122 -0.547873 0.781967 0.234357 -0.542382 -0.420435 0.688573
10014.099859000 2.433657 -0.543391 0.783769 0.235408 -0.542276 -0.419685 0.688756
10014.133192000 2.447782 -0.538277 0.781075 0.236051 -0.542208 -0.418867 0.689087
10014.166525000 2.455660 -0.533117 0.779287 0.237001 -0.541846 -0.418399 0.689330
10014.199858000 2.463775 -0.529891 0.776372 0.237652 -0.541484 -0.418174 0.689526
10014.233191000 2.471460 -0.528713 0.772594 0.238013 -0.541111 -0.418174 0.689695
10014.266524000 2.479693 -0.530191 0.768212 0.238010 -0.540865 -0.418434 0.689732
10014.299857000 2.488325 -0.535341 0.763470 0.237239 -0.540914 -0.418616 0.689849
10014.333190000 2.507662 -0.557086 0.750139 0.234283 -0.541245 -0.420622 0.689378
10014.366523000 2.517245 -0.573916 0.742808 0.231944 -0.541691 -0.422033 0.688957
10014.399856000 2.530218 -0.592645 0.732983 0.229257 -0.542122 -0.423592 0.688560
10014.433189000 2.541444 -0.616815 0.726358 0.225953 -0.543137 -0.425804 0.687487
10014.466522000 2.547948 -0.644505 0.723616 0.222693 -0.544534 -0.428551 0.685736
10014.499855000 2.554334 -0.667567 0.716667 0.218974 -0.545593 -0.429258 0.685650
10014.533188000 2.560959 -0.694671 0.712437 0.215400 -0.546940 -0.431227 0.684472
10014.566521000 2.567339 -0.725569 0.709781 0.211425 -0.548671 -0.433691 0.682768
10014.599854000 2.572941 -0.751578 0.705980 0.207977 -0.549962 -0.435683 0.681518
10014.633187000 2.573164 -0.778937 0.706001 0.204505 -0.551652 -0.437634 0.679952
10014.666520000 2.565827 -0.832496 0.713893 0.197586 -0.555579 -0.442002 0.675963
10014.699853000 2.561331 -0.853015 0.718272 0.194525 -0.557476 -0.443068 0.674590
10014.733186000 2.553359 -0.872213 0.725897 0.191810 -0.559537 -0.443959 0.673074
10014.766519000 2.539508 -0.890273 0.736728 0.189181 -0.561603 -0.445044 0.671378
10014.799852000 2.524540 -0.909437 0.749188 0.186565 -0.563992 -0.446213 0.669329
10014.833185000 2.509882 -0.926104 0.762410 0.184127 -0.566312 -0.447194 0.667387
10014.866518000 2.494731 -0.942791 0.777600 0.181849 -0.568803 -0.448244 0.665185
10014.899851000 2.479555 -0.958551 0.791834 0.179504 -0.571238 -0.449019 0.663209
10014.933184000 2.465916 -0.973823 0.807450 0.177380 -0.573710 -0.449971 0.660999
10014.966517000 2.454654 -0.990788 0.823513 0.175123 -0.576358 -0.450844 0.658698
10014.999850000 2.437343 -1.025844 0.854063 0.170412 -0.581793 -0.452877 0.653743
10015.033183000 2.431347 -1.043940 0.868196 0.168095 -0.584319 -0.453851 0.651409
10015.066516000 2.427572 -1.060099 0.882303 0.166085 -0.586810 -0.454496 0.649232
10015.099849000 2.426114 -1.078438 0.895257 0.163915 -0.589286 -0.455437 0.646878
10015.133182000 2.425285 -1.096387 0.908290 0.161961 -0.591776 -0.456126 0.644608
10015.166515000 2.424195 -1.112218 0.918525 0.160081 -0.593814 -0.456721 0.642779
10015.199848000 2.423346 -1.128291 0.929947 0.158256 -0.595991 -0.457362 0.640757
10015.233181000 2.419856 -1.144791 0.941639 0.156622 -0.598327 -0.458006 0.638517
10015.266514000 2.413704 -1.158703 0.951979 0.155450 -0.600274 -0.458643 0.636516
10015.299847000 2.409126 -1.171663 0.959933 0.154109 -0.602114 -0.459062 0.634800
10015.333180000 2.393897 -1.195374 0.973056 0.151818 -0.605707 -0.459702 0.631462
10015.366513000 2.381539 -1.204164 0.978237 0.151041 -0.607230 -0.459788 0.630121
10015.399846000 2.368880 -1.211656 0.981961 0.150239 -0.608666 -0.459838 0.628891
10015.433179000 2.353816 -1.218251 0.984800 0.149630 -0.609960 -0.459901 0.627735
10015.466512000 2.334665 -1.223335 0.987931 0.149133 -0.611219 -0.459901 0.626628
10015.499845000 2.314352 -1.227920 0.990154 0.148453 -0.612288 -0.460112 0.625589
10015.533178000 2.295336 -1.230988 0.991024 0.148103 -0.613199 -0.460180 0.624730
10015.566511000 2.273691 -1.234190 0.990982 0.147306 -0.613954 -0.460572 0.623887
10015.599844000 2.252579 -1.235888 0.991308 0.146673 -0.614586 -0.460806 0.623241
10015.633177000 2.230844 -1.236564 0.990815 0.145990 -0.615002 -0.461172 0.622720
10015.666510000 2.186720 -1.237923 0.989453 0.144126 -0.615350 -0.462556 0.621783
10015.699843000 2.164336 -1.237124 0.989490 0.143084 -0.615311 -0.463401 0.621433
10015.733176000 2.143328 -1.237646 0.988485 0.141764 -0.615067 -0.464500 0.621156
10015.766509000 2.121781 -1.235213 0.987415 0.140707 -0.614594 -0.465434 0.621166
10015.799842000 2.099804 -1.233074 0.985650 0.139361 -0.613949 -0.466492 0.621314
10015.833175000 2.079943 -1.231501 0.982515 0.137873 -0.612923 -0.467924 0.621582
10015.866508000 2.059929 -1.229418 0.979766 0.136606 -0.611917 -0.469261 0.621845
10015.899841000 2.040455 -1.225520 0.975231 0.135449 -0.610541 -0.470654 0.622398
10015.933174000 2.022338 -1.223353 0.970728 0.134034 -0.609231 -0.472046 0.622932
10015.966507000 2.005011 -1.220816 0.963490 0.132634 -0.607475 -0.473656 0.623724
10015.999840000 1.973749 -1.213786 0.946146 0.130242 -0.603448 -0.476558 0.625924
10016.033173000 1.959157 -1.211413 0.935539 0.129001 -0.601204 -0.478189 0.627094
10016.066506000 1.946539 -1.209560 0.924029 0.127712 -0.598880 -0.479801 0.628350
10016.099839000 1.934076 -1.207619 0.912762 0.126661 -0.596630 -0.481316 0.629544
10016.133172000 1.924035 -1.205988 0.899557 0.125596 -0.594126 -0.482836 0.630958
10016.166505000 1.913402 -1.206055 0.887588 0.124229 -0.591919 -0.484413 0.632094
10016.199838000 1.903681 -1.206244 0.873709 0.123039 -0.589496 -0.486044 0.633338
10016.233171000 1.896513 -1.207636 0.860655 0.121788 -0.587200 -0.487694 0.634443
10016.266504000 1.888836 -1.211526 0.848238 0.120204 -0.585207 -0.489309 0.635343
10016.299837000 1.881270 -1.216869 0.836320 0.118597 -0.583376 -0.491136 0.635919
10016.333170000 1.867889 -1.235889 0.816282 0.114034 -0.580614 -0.495207 0.636124
10016.366503000 1.862661 -1.248461 0.807735 0.111726 -0.579759 -0.497296 0.635683
10016.399836000 1.857705 -1.263149 0.801699 0.109045 -0.579356 -0.499428 0.634844
10016.433169000 1.852287 -1.277614 0.796563 0.106422 -0.579082 -0.501383 0.633998
10016.466502000 1.848407 -1.293683 0.792509 0.103815 -0.579071 -0.503415 0.632829
10016.499835000 1.844985 -1.309747 0.791145 0.101449 -0.579495 -0.505335 0.631292
10016.533168000 1.839829 -1.325062 0.789684 0.098993 -0.579838 -0.507189 0.629879
10016.566501000 1.836741 -1.340596 0.792321 0.096813 -0.580899 -0.508571 0.628123
10016.599834000 1.832969 -1.355084 0.795680 0.094633 -0.581917 -0.510047 0.626314
10016.633167000 1.829250 -1.367924 0.799945 0.092804 -0.583107 -0.511180 0.624555
10016.666500000 1.821337 -1.390158 0.818934 0.089948 -0.587006 -0.512553 0.620180
10016.699833000 1.817512 -1.397468 0.830902 0.089118 -0.589221 -0.512689 0.618083
10016.733166000 1.812722 -1.404362 0.844880 0.088210 -0.591581 -0.512855 0.615818
10016.766499000 1.807888 -1.409726 0.859462 0.087563 -0.594059 -0.512656 0.613686
10016.799832000 1.803180 -1.413057 0.872809 0.087146 -0.596256 -0.512417 0.611812
10016.833165000 1.797224 -1.415501 0.888515 0.086812 -0.598789 -0.512006 0.609726
10016.866498000 1.790161 -1.419154 0.903213 0.086161 -0.601179 -0.511859 0.607586
10016.899831000 1.783155 -1.420036 0.915769 0.085708 -0.603123 -0.511459 0.606058
10016.933164000 1.773918 -1.421756 0.928718 0.084986 -0.605108 -0.511278 0.604332
10016.966497000 1.763376 -1.424430 0.940495 0.084150 -0.607019 -0.511340 0.602476
10016.999830000 1.738694 -1.432255 0.958385 0.081333 -0.609781 -0.512686 0.598920
10017.033163000 1.724428 -1.435950 0.963043 0.079728 -0.610494 -0.513740 0.597504
10017.066496000 1.709252 -1.440709 0.967052 0.077890 -0.611084 -0.514995 0.596062
10017.099829000 1.692264 -1.446541 0.969648 0.075599 -0.611354 -0.516760 0.594550
10017.133162000 1.674921 -1.452440 0.970416 0.073274 -0.611415 -0.518619 0.593158
10017.166495000 1.657576 -1.458626 0.971366 0.070768 -0.611405 -0.520571 0.591761
10017.199828000 1.639753 -1.464476 0.971483 0.068273 -0.611216 -0.522689 0.590381
10017.233161000 1.620914 -1.470129 0.970867 0.065691 -0.610870 -0.524949 0.589026
10017.266494000 1.603274 -1.475544 0.969701 0.063126 -0.610310 -0.527222 0.587855
10017.299827000 1.586535 -1.479926 0.968524 0.060864 -0.609742 -0.529379 0.586744
10017.333160000 1.552029 -1.489630 0.968658 0.055806 -0.608860 -0.533801 0.584151
10017.366493000 1.536662 -1.492553 0.967922 0.053636 -0.608163 -0.535807 0.583242
10017.399826000 1.521177 -1.496344 0.967927 0.051334 -0.607603 -0.537900 0.582105
10017.433159000 1.507310 -1.498932 0.967829 0.049454 -0.607064 -0.539672 0.581190
10017.466492000 1.493941 -1.502390 0.968805 0.047472 -0.606882 -0.541270 0.580057
10017.499825000 1.480320 -1.505083 0.970738 0.045607 -0.606686 -0.542889 0.578898
10017.533158000 1.468552 -1.508748 0.971915 0.043921 -0.606689 -0.544306 0.577694
10017.566491000 1.456848 -1.513012 0.974318 0.042280 -0.607069 -0.545605 0.576190
10017.599824000 1.445505 -1.517937 0.976922 0.040769 -0.607645 -0.546757 0.574598
10017.633157000 1.435007 -1.523405 0.979908 0.039310 -0.608469 -0.547790 0.572841
10017.666490000 1.414532 -1.539764 0.988477 0.036320 -0.611666 -0.549423 0.568050
10017.699823000 1.404239 -1.549377 0.993085 0.034776 -0.613625 -0.550088 0.565384
10017.733156000 1.394170 -1.561051 0.998255 0.033083 -0.615924 -0.550787 0.562296
10017.766489000 1.384972 -1.571767 1.004783 0.031790 -0.618638 -0.551066 0.559109
10017.799822000 1.375953 -1.583018 1.010399 0.030519 -0.621364 -0.551334 0.555882
10017.833155000 1.367350 -1.595560 1.017431 0.028968 -0.624273 -0.551611 0.552422
10017.866488000 1.357331 -1.607386 1.024345 0.027554 -0.627250 -0.551874 0.548847
10017.899821000 1.348733 -1.618747 1.031133 0.026172 -0.630083 -0.551967 0.545566
10017.933154000 1.339837 -1.630151 1.037932 0.024737 -0.632782 -0.552297 0.542165
10017.966487000 1.331020 -1.641110 1.045034 0.023233 -0.635406 -0.552607 0.538836
10017.999820000 1.313073 -1.659933 1.059979 0.020313 -0.640156 -0.553378 0.532504
10018.033153000 1.305152 -1.668502 1.067092 0.018766 -0.642045 -0.553936 0.529699
10018.066486000 1.295785 -1.676287 1.074218 0.017141 -0.643747 -0.554678 0.526904
10018.099819000 1.288312 -1.683578 1.080711 0.015693 -0.645194 -0.555363 0.524453
10018.133152000 1.281185 -1.691572 1.086074 0.013940 -0.646152 -0.556394 0.522225
10018.166485000 1.274067 -1.700228 1.092245 0.012190 -0.647277 -0.557397 0.519800
10018.199818000 1.269252 -1.708985 1.098874 0.010779 -0.648526 -0.558196 0.517412
10018.233151000 1.264728 -1.718695 1.103952 0.009148 -0.649365 -0.559199 0.515304
10018.266484000 1.261255 -1.730408 1.109281 0.007514 -0.650303 -0.560253 0.512998
10018.299817000 1.258562 -1.743660 1.114103 0.005720 -0.651209 -0.561369 0.510645
10018.333150000 1.260997 -1.775935 1.122141 0.002559 -0.653066 -0.563221 0.506241
10018.366483000 1.263678 -1.795164 1.126499 0.000971 -0.654195 -0.564129 0.503773
10018.399816000 1.268464 -1.815211 1.130513 -0.000419 -0.655299 -0.564869 0.501504
10018.433149000 1.274291 -1.837452 1.134209 0.001860 0.656519 0.565551 -0.499130
10018.466482000 1.282332 -1.859147 1.137255 0.002906 0.657616 0.566034 -0.497130
10018.499815000 1.290626 -1.882187 1.142065 0.004066 0.659026 0.566361 -0.494878
10018.533148000 1.299582 -1.905258 1.146511 0.004982 0.660513 0.566570 -0.492641
10018.566481000 1.310662 -1.927960 1.151940 0.005630 0.662027 0.566533 -0.490641
10018.599814000 1.321452 -1.950263 1.158045 0.006249 0.663738 0.566289 -0.488599
10018.633147000 1.333328 -1.971820 1.164675 0.006610 0.665494 0.565863 -0.486695
10018.666480000 1.356330 -2.010653 1.180026 0.007194 0.668899 0.564740 -0.483314
10018.699813000 1.368418 -2.027314 1.189627 0.007111 0.670989 0.563663 -0.481671
10018.733146000 1.378930 -2.043803 1.200074 0.007181 0.673014 0.562747 -0.479914
10018.766479000 1.390150 -2.058888 1.210176 0.007110 0.674941 0.561718 -0.478411
10018.799812000 1.399480 -2.072402 1.220228 0.007074 0.676798 0.560785 -0.476880
10018.833145000 1.407163 -2.085537 1.231408 0.007251 0.678781 0.559829 -0.475179
10018.866478000 1.412896 -2.098749 1.242072 0.007612 0.680655 0.559131 -0.473312
10018.899811000 1.415906 -2.110017 1.253292 0.008045 0.682413 0.558629 -0.471361
10018.933144000 1.416595 -2.121332 1.263776 0.008715 0.684148 0.558240 -0.469291
10018.966477000 1.414526 -2.131816 1.273444 0.009586 0.685712 0.558145 -0.467099
10018.999810000 1.399611 -2.154258 1.290532 0.012612 0.688403 0.559255 -0.461710
10019.033143000 1.386932 -2.164300 1.297616 0.014564 0.689456 0.560284 -0.458826
10019.066476000 1.372912 -2.174523 1.303566 0.016714 0.690327 0.561555 -0.455879
10019.099809000 1.356975 -2.182637 1.308704 0.018870 0.691040 0.563052 -0.452858
10019.133142000 1.337903 -2.192352 1.312096 0.021471 0.691468 0.565016 -0.449632
10019.166475000 1.318631 -2.199297 1.313904 0.023929 0.691630 0.567020 -0.446725
10019.199808000 1.298041 -2.205345 1.314162 0.026543 0.691522 0.569229 -0.443927
10019.233141000 1.278051 -2.208457 1.314106 0.028785 0.691359 0.571277 -0.441403
10019.266474000 1.258411 -2.210181 1.312216 0.030904 0.690905 0.573451 -0.439146
10019.299807000 1.239910 -2.209027 1.308574 0.032836 0.690155 0.575509 -0.437490
10019.333140000 1.206916 -2.198821 1.296929 0.035795 0.687959 0.579260 -0.435762
10019.366473000 1.193493 -2.190955 1.288873 0.036816 0.686485 0.580926 -0.435784
10019.399806000 1.182377 -2.179035 1.279720 0.037249 0.684824 0.582314 -0.436507
10019.433139000 1.172858 -2.164870 1.270746 0.037274 0.683183 0.583449 -0.437560
10019.466472000 1.165684 -2.150407 1.258917 0.037235 0.681042 0.584572 -0.439398
10019.499805000 1.160071 -2.134984 1.247584 0.036962 0.678970 0.585419 -0.441496
10019.533138000 1.156751 -2.119461 1.235248 0.036535 0.676715 0.586127 -0.444046
10019.566471000 1.153587 -2.102664 1.224483 0.035902 0.674705 0.586595 -0.446532
10019.599804000 1.154497 -2.086679 1.211863 0.034951 0.672373 0.586849 -0.449779
10019.633137000 1.156685 -2.071031 1.200097 0.033895 0.670196 0.586907 -0.453022
10019.666470000 1.164419 -2.040653 1.179726 0.031096 0.666386 0.586331 -0.459541
10019.699803000 1.171364 -2.026990 1.171148 0.029403 0.664816 0.585582 -0.462870
10019.733136000 1.178953 -2.014696 1.163717 0.027675 0.663473 0.584750 -0.465946
10019.766469000 1.185495 -2.003694 1.157292 0.026248 0.662291 0.583964 -0.468687
10019.799802000 1.194288 -1.993245 1.150742 0.024485 0.661125 0.583029 -0.471584
10019.833135000 1.202364 -1.983735 1.145125 0.022845 0.660148 0.582158 -0.474104
10019.866468000 1.209320 -1.975331 1.140408 0.021455 0.659305 0.581342 -0.476338
10019.899801000 1.214571 -1.967515 1.135850 0.020316 0.658466 0.580727 -0.478295
10019.933134000 1.218707 -1.960200 1.131214 0.019318 0.657587 0.580264 -0.480105
10019.966467000 1.221172 -1.954134 1.127410 0.018604 0.656838 0.579968 -0.481514
10019.999800000 1.217572 -1.943717 1.119184 0.018422 0.655108 0.580441 -0.483303
10020.033133000 1.212798 -1.939258 1.115847 0.018613 0.654346 0.581009 -0.483647
10020.066466000 1.206101 -1.934673 1.111978 0.018977 0.653457 0.581857 -0.483814
10020.099799000 1.197680 -1.930609 1.108326 0.019561 0.652570 0.582898 -0.483734
10020.133132000 1.187281 -1.926181 1.104796 0.020303 0.651663 0.584168 -0.483395
10020.166465000 1.174702 -1.922461 1.101384 0.021405 0.650717 0.585719 -0.482744
10020.199798000 1.160996 -1.918976 1.098261 0.022724 0.649794 0.587343 -0.481954
10020.233131000 1.147736 -1.914772 1.094125 0.023901 0.648674 0.589058 -0.481313
10020.266464000 1.132400 -1.910309 1.089753 0.025411 0.647411 0.591006 -0.480547
10020.299797000 1.115698 -1.906227 1.085423 0.027182 0.646105 0.593110 -0.479615
10020.333130000 1.083988 -1.897361 1.074768 0.030653 0.643070 0.597350 -0.478220
10020.366463000 1.068118 -1.892365 1.069123 0.032368 0.641431 0.599499 -0.477619
10020.399796000 1.052954 -1.886263 1.063213 0.033886 0.639730 0.601539 -0.477230
10020.433129000 1.037774 -1.880277 1.057149 0.035430 0.637974 0.603629 -0.476829
10020.466462000 1.024603 -1.873465 1.051145 0.036639 0.636241 0.605436 -0.476763
10020.499795000 1.011378 -1.866453 1.045263 0.037833 0.634485 0.607230 -0.476727
10020.533128000 0.998865 -1.859396 1.039106 0.038899 0.632691 0.608997 -0.476773
10020.566461000 0.989300 -1.852143 1.033534 0.039573 0.631080 0.610363 -0.477106
10020.599794000 0.980295 -1.844600 1.027813 0.040108 0.629432 0.611646 -0.477595
10020.633127000 0.971860 -1.837150 1.021384 0.040780 0.627606 0.612902 -0.478329
10020.666460000 0.961860 -1.822299 1.010181 0.041044 0.624503 0.614357 -0.480496
10020.699793000 0.958869 -1.814733 1.004596 0.040959 0.622986 0.614850 -0.481840
10020.733126000 0.957618 -1.808164 0.998438 0.040836 0.621417 0.615211 -0.483414
10020.766459000 0.957338 -1.800924 0.992810 0.040602 0.619969 0.615282 -0.485198
10020.799792000 0.957945 -1.792843 0.986894 0.040074 0.618432 0.615197 -0.487307
10020.833125000 0.959792 -1.785785 0.981553 0.039570 0.617113 0.614991 -0.489277
10020.866458000 0.962110 -1.777523 0.975458 0.038920 0.615589 0.614630 -0.491696
10020.899791000 0.965860 -1.769562 0.969888 0.038036 0.614245 0.614046 -0.494170
10020.933124000 0.970320 -1.760221 0.964053 0.036771 0.612823 0.613402 -0.496823
10020.966457000 0.974277 -1.751475 0.957629 0.035878 0.611241 0.612757 -0.499627
10020.999790000 0.983057 -1.730140 0.945068 -0.033494 -0.607984 -0.611056 0.505811
10021.033123000 0.986431 -1.718763 0.938359 -0.032334 -0.606174 -0.610313 0.508946
10021.066456000 0.990874 -1.707548 0.931514 -0.030993 -0.604410 -0.609368 0.512249
10021.099789000 0.996367 -1.696129 0.925872 -0.029347 -0.602907 -0.608324 0.515348
10021.133122000 1.000862 -1.685354 0.918103 -0.028069 -0.600939 -0.607511 0.518666
10021.166455000 1.005656 -1.674446 0.912190 -0.026651 -0.599354 -0.606450 0.521806
10021.199788000 1.011006 -1.665037 0.905903 -0.025250 -0.597800 -0.605479 0.524779
10021.233121000 1.017076 -1.655250 0.899502 -0.023758 -0.596192 -0.604379 0.527937
10021.266454000 1.022880 -1.646859 0.893199 -0.022346 -0.594684 -0.603410 0.530799
10021.299787000 1.030599 -1.640300 0.887170 -0.020864 -0.593418 -0.602279 0.533554
10021.333120000 1.045221 -1.631129 0.876805 -0.018224 -0.591396 -0.600355 0.538046
10021.366453000 1.054271 -1.628992 0.871468 -0.016931 -0.590588 -0.599404 0.540032
10021.399786000 1.063616 -1.629891 0.866764 -0.015948 -0.590063 -0.598562 0.541567
10021.433119000 1.074625 -1.632470 0.862437 -0.014831 -0.589790 -0.597667 0.542883
10021.466452000 1.085522 -1.637443 0.858443 -0.013985 -0.589692 -0.596988 0.543758
10021.499785000 1.097581 -1.645802 0.854798 -0.013312 -0.589909 -0.596377 0.544210
10021.533118000 1.110837 -1.657020 0.851726 -0.012795 -0.590428 -0.595804 0.544288
10021.566451000 1.125382 -1.671495 0.848702 -0.012437 -0.591142 -0.595337 0.544032
10021.599784000 1.141260 -1.689471 0.847198 -0.012156 -0.592388 -0.594869 0.543194
