10005.333280 0.000000000 0.000000000 0.000000000 0.000000000 0.000000000 0.000000000 1.000000000
10005.366613 -0.026527412 -0.007440736 0.010402335 0.005748869 0.006715591 0.002313670 0.999958217
10005.399946 -0.048736081 -0.015764000 0.019413281 0.007370130 0.016046375 0.003451624 0.999838114
10005.433279 -0.072322883 -0.029766480 0.038358252 0.012210895 0.039938524 0.010349067 0.999073923
10005.466612 -0.084996969 -0.039913967 0.051978998 0.015641814 0.052168306 0.017041052 0.998370349
10005.499945 -0.111320078 -0.040761162 0.067942001 0.020280646 0.062989309 0.022198116 0.997561157
10005.533278 -0.123931400 -0.048165448 0.082176119 0.019830603 0.066474438 0.022407314 0.997339368
10005.566611 -0.147608772 -0.051102821 0.096752003 0.020859553 0.071485043 0.022148494 0.996977568
10005.599944 -0.166058391 -0.051093102 0.118956566 0.017560039 0.069325641 0.022910932 0.997176349
10005.633277 -0.189516962 -0.060391352 0.144727752 0.013963670 0.076754622 0.026644235 0.996596098
10005.666610 -0.212164626 -0.074270412 0.169761360 0.018107761 0.087579854 0.033093605 0.995442986
10005.699943 -0.231110007 -0.096085392 0.197648451 0.025228124 0.096693575 0.043992434 0.994021416
10005.733276 -0.264613152 -0.118147939 0.241900802 0.035342824 0.103913009 0.060406704 0.992120981
10005.766609 -0.282732427 -0.132871151 0.270482302 0.028475884 0.112993151 0.068642013 0.990812778
10005.799942 -0.302662790 -0.158688650 0.297693819 0.025889786 0.119821779 0.077128455 0.989456236
10005.833275 -0.326934785 -0.172611624 0.325664103 0.028188771 0.128525823 0.080683090 0.988016605
10005.866608 -0.344030201 -0.184536606 0.348830521 0.025659582 0.138114408 0.080488704 0.986806750
10005.899941 -0.361011356 -0.206377119 0.371917546 0.026077110 0.152870074 0.083449848 0.984371305
10005.933274 -0.400435388 -0.232768461 0.399052411 0.039205018 0.177443758 0.094335519 0.978814304
10005.966607 -0.421895504 -0.240446165 0.414110541 0.045414783 0.192001283 0.101788096 0.975044668
10005.999940 -0.456614137 -0.256257981 0.431902051 0.046978775 0.210934073 0.110768408 0.970067084
10006.033273 -0.495114446 -0.266405195 0.452207148 0.050928898 0.226949006 0.123247452 0.964733362
10006.066606 -0.533790708 -0.274886668 0.467105865 0.053911515 0.241037354 0.137357101 0.959232807
10006.099939 -0.575107217 -0.292132109 0.480546743 0.057137780 0.252248853 0.148963794 0.954418957
10006.133272 -0.627152920 -0.308855802 0.495827764 0.067642771 0.266359270 0.156741872 0.948635399
10006.166605 -0.684044063 -0.326814741 0.525649786 0.067412242 0.287867546 0.161342204 0.941571355
10006.199938 -0.713162720 -0.343267351 0.554455221 0.065036640 0.301516384 0.166756213 0.936509728
10006.233271 -0.734417677 -0.353500903 0.578017712 0.065899566 0.312967837 0.170411766 0.932023764
10006.266604 -0.759139240 -0.373685449 0.601609170 0.064216286 0.328386724 0.173677653 0.926215112
10006.299937 -0.773963571 -0.396212608 0.629812419 0.064486116 0.341630310 0.174117088 0.921310782
10006.333270 -0.781837583 -0.415684253 0.650603294 0.070092373 0.350433499 0.172124878 0.917963207
10006.366603 -0.797249436 -0.435070425 0.685501873 0.078798793 0.361631542 0.171270847 0.913060606
10006.399936 -0.805827022 -0.456310511 0.714168608 0.085129403 0.370504200 0.177256778 0.907777309
10006.433269 -0.808377147 -0.476850063 0.746226668 0.089045018 0.376927108 0.187439501 0.902697802
10006.466602 -0.809518099 -0.496777654 0.782845557 0.086296536 0.382694691 0.199133709 0.898021936
10006.499935 -0.809090018 -0.521077991 0.810367763 0.086874031 0.393501937 0.211703315 0.890388012
10006.533268 -0.805691063 -0.545816660 0.828801036 0.085705370 0.409610510 0.213292748 0.882825017
10006.566601 -0.807507932 -0.570933580 0.862067223 0.087613314 0.432749182 0.219329283 0.870026886
10006.599934 -0.807544172 -0.576913893 0.886886418 0.084826022 0.441251248 0.228274360 0.863708675
10006.633267 -0.808257759 -0.585345566 0.914862752 0.073085710 0.445255578 0.238723770 0.859893560
10006.666600 -0.808505058 -0.606117606 0.955124021 0.056640815 0.456333190 0.247224241 0.852896214
10006.699933 -0.810068011 -0.621606350 0.984702647 0.048744917 0.465567529 0.253010035 0.846673906
10006.733266 -0.805492878 -0.642127752 1.016194701 0.052607447 0.473354042 0.260043472 0.839967787
10006.766599 -0.807547569 -0.667153060 1.044991612 0.062851548 0.484836817 0.263426006 0.831618726
10006.799932 -0.813158572 -0.697729647 1.082310796 0.064862058 0.497978151 0.266131073 0.822790921
10006.833265 -0.820091486 -0.729698241 1.113963485 0.065962568 0.503907442 0.264107019 0.819740057
10006.866598 -0.824964643 -0.753828943 1.149259448 0.061868422 0.510137439 0.264848143 0.815958083
10006.899931 -0.820517719 -0.773981929 1.187195897 0.053974926 0.514923155 0.266482174 0.812974870
10006.933264 -0.817074656 -0.795255482 1.225836039 0.048351172 0.513371289 0.269306779 0.813379347
10006.966597 -0.813951254 -0.813107371 1.256946564 0.047878817 0.511182070 0.269112378 0.814849079
10006.999930 -0.808800817 -0.828237116 1.287096977 0.045256484 0.508396208 0.269218206 0.816704750
10007.033263 -0.794286847 -0.854798317 1.334349751 0.049865879 0.515109181 0.272691369 0.811058164
10007.066596 -0.791050911 -0.875840247 1.374387980 0.059673447 0.524550140 0.275919497 0.803215206
10007.099929 -0.787287414 -0.899200380 1.408519626 0.065011606 0.525286794 0.287481964 0.798248947
10007.133262 -0.777866244 -0.910917759 1.438260913 0.059181623 0.526412904 0.296607792 0.794613600
10007.166595 -0.762549400 -0.927775860 1.453691840 0.054177970 0.536594689 0.304327786 0.785184979
10007.199928 -0.760573268 -0.951817572 1.472858667 0.046664957 0.552546084 0.310227484 0.772187889
10007.233261 -0.755762696 -0.976373971 1.494928598 0.052221872 0.568454742 0.314334601 0.758502424
10007.266594 -0.757566929 -0.991543889 1.516113162 0.060760796 0.583379149 0.320771813 0.743695021
10007.299927 -0.763371348 -1.003276944 1.547954798 0.062944405 0.596976638 0.331005722 0.728074253
10007.333260 -0.773486316 -1.023593426 1.571760416 0.059192348 0.610747457 0.344104171 0.710687041
10007.366593 -0.780950546 -1.044775486 1.602445364 0.056414653 0.626886547 0.357956409 0.689708531
10007.399926 -0.803957999 -1.054893255 1.635835052 0.053370796 0.645853341 0.371410996 0.664890110
10007.433259 -0.822441280 -1.067070961 1.656501770 0.044615224 0.664940715 0.391547501 0.634471297
10007.466592 -0.841435075 -1.086912632 1.679650187 0.028179223 0.677195668 0.418560684 0.604498863
10007.499925 -0.844952464 -1.107838869 1.692901134 0.017000614 0.690415800 0.434291273 0.578297615
10007.533258 -0.874900520 -1.114557981 1.708414793 0.014961734 0.702768385 0.440696269 0.558282614
10007.566591 -0.895531893 -1.130325675 1.717826605 0.013246418 0.709736884 0.461270511 0.532285154
10007.599924 -0.912585855 -1.142457724 1.724862814 0.021957014 0.711346567 0.468588233 0.523382187
10007.633257 -0.932429075 -1.139439106 1.735030413 0.022230214 0.712759912 0.469490588 0.520632029
10007.666590 -0.953707099 -1.140471935 1.747893572 0.019622341 0.712327242 0.469817281 0.521034181
10007.699923 -0.958481193 -1.145182133 1.760937572 0.014133311 0.705782712 0.476864159 0.523709536
10007.733256 -0.968721986 -1.154380322 1.763401985 0.013609830 0.700630605 0.478213787 0.529379904
10007.766589 -0.983973563 -1.160075188 1.768646717 0.019035971 0.699796379 0.474831432 0.533345878
10007.799922 -1.013680458 -1.154230475 1.784273744 0.023049405 0.696715713 0.475372672 0.536727846
10007.833255 -1.025707483 -1.164729118 1.787685156 0.019972576 0.687987447 0.480007946 0.543936372
10007.866588 -1.036162138 -1.169293404 1.804967880 0.022511020 0.684172750 0.476719797 0.551488101
10007.899921 -1.037913084 -1.179770708 1.817712069 0.022176946 0.677879274 0.474963605 0.560711563
10007.933254 -1.038051367 -1.195857286 1.831339121 0.023648657 0.673083425 0.469839185 0.570658088
10007.966587 -1.032850742 -1.208813190 1.847182631 0.023844687 0.671535075 0.463533401 0.577588975
10007.999920 -1.029514074 -1.217896700 1.861834407 0.022928718 0.669960201 0.456817865 0.584760666
10008.033253 -1.015327692 -1.235972285 1.876067996 0.021201687 0.666870475 0.453338772 0.591031432
10008.066586 -1.006788969 -1.251276255 1.895570636 0.021749241 0.664093077 0.447645098 0.598432302
10008.099919 -0.997590244 -1.265345931 1.916702747 0.021784948 0.660911858 0.442196339 0.605956495
10008.133252 -0.981879830 -1.278897524 1.932476044 0.019511396 0.656796217 0.438555688 0.613112569
10008.166585 -0.961988330 -1.308931828 1.956428766 0.018815383 0.656079650 0.434480608 0.616791785
10008.199918 -0.942505360 -1.328785300 1.978148937 0.023613015 0.656034052 0.428837776 0.620612502
10008.233251 -0.924138904 -1.344220638 1.994669914 0.032915886 0.657139063 0.424774170 0.621813238
10008.266584 -0.898067594 -1.363310575 2.015830517 0.039266106 0.652545393 0.426071525 0.625384450
10008.299917 -0.867119968 -1.379993439 2.025416851 0.041641850 0.654900968 0.428624868 0.621008396
10008.333250 -0.844148159 -1.388616681 2.032738209 0.046157867 0.658004761 0.428323895 0.617606461
10008.366583 -0.815300107 -1.401325941 2.031755686 0.048690192 0.660872459 0.427115828 0.615181983
10008.399916 -0.788686752 -1.406825304 2.035742760 0.050676048 0.664495528 0.426044583 0.611852705
10008.433249 -0.763646007 -1.403545260 2.038218021 0.053284463 0.667457223 0.422558099 0.610824287
10008.466582 -0.731216669 -1.410293221 2.035502911 0.054479785 0.669660032 0.420319408 0.609851539
10008.499915 -0.704351425 -1.405199051 2.038858891 0.058538724 0.671332896 0.413010687 0.612623394
10008.533248 -0.670827985 -1.414165735 2.035962820 0.059387378 0.667793334 0.412122905 0.616992652
10008.566581 -0.638588905 -1.417346716 2.036710262 0.062090378 0.664126277 0.406112313 0.624622941
10008.599914 -0.599435091 -1.420364141 2.035187244 0.064430825 0.659392178 0.403359234 0.631151259
10008.633247 -0.554511130 -1.446491599 2.039385557 0.069733091 0.655869246 0.391051590 0.641912341
10008.666580 -0.524494171 -1.462181807 2.049113989 0.071546510 0.647008777 0.382486671 0.655716956
10008.699913 -0.502893925 -1.476241708 2.062752485 0.073640734 0.637326241 0.372238249 0.670694411
10008.733246 -0.479728222 -1.499635100 2.073798180 0.075386643 0.625832200 0.369993478 0.682463050
10008.766579 -0.456910163 -1.512865543 2.091173649 0.076992035 0.614121437 0.365014315 0.695479393
10008.799912 -0.433168590 -1.528668046 2.107504845 0.077216558 0.606591463 0.360280275 0.704473197
10008.833245 -0.411480963 -1.533453226 2.134196281 0.078542091 0.602669239 0.355484962 0.710106492
10008.866578 -0.383204192 -1.550656438 2.158594608 0.077197611 0.601478636 0.355924606 0.711042583
10008.899911 -0.352119446 -1.564361811 2.177719116 0.077094652 0.605934083 0.356338382 0.707052529
10008.933244 -0.328243375 -1.579367995 2.196842909 0.070617735 0.605191350 0.359853357 0.706584752
10008.966577 -0.290715992 -1.595933795 2.214020967 0.067092098 0.608484387 0.365145624 0.701365888
10008.999910 -0.260736138 -1.607138634 2.232308149 0.066850662 0.614018559 0.367478758 0.695321202
10009.033243 -0.236888528 -1.616502047 2.240789413 0.067765921 0.614555359 0.371983439 0.692356706
10009.066576 -0.211684793 -1.614970922 2.246335983 0.065353483 0.618851066 0.373826921 0.687754095
10009.099909 -0.176628858 -1.629595280 2.256268263 0.063396923 0.624837041 0.382194936 0.677854300
10009.133242 -0.132685632 -1.634271026 2.264715672 0.067051850 0.633818686 0.384836853 0.667591631
10009.166575 -0.097784460 -1.636882305 2.265321732 0.068166845 0.643135369 0.387169003 0.657137990
10009.199908 -0.054484844 -1.637475371 2.265908241 0.069347069 0.653788269 0.388685405 0.645504117
10009.233241 -0.014989972 -1.640931726 2.263688326 0.073257759 0.663430870 0.388884157 0.635029018
10009.266574 0.025213391 -1.638897300 2.273147345 0.074669041 0.668297708 0.388702929 0.629851341
10009.299907 0.065686405 -1.646372437 2.281381369 0.069392510 0.671027005 0.396185607 0.622851849
10009.333240 0.109988958 -1.655445814 2.285242796 0.063577153 0.670739770 0.407061070 0.616739273
10009.366573 0.143565744 -1.657717347 2.297130108 0.064003818 0.671913266 0.407465190 0.615148902
10009.399906 0.176965714 -1.665444136 2.312697411 0.056379925 0.671099126 0.411383271 0.614175081
10009.433239 0.214184850 -1.675807714 2.328249216 0.052574210 0.672306716 0.414956689 0.610778630
10009.466572 0.266661137 -1.696933866 2.357951880 0.058295663 0.678915441 0.417476565 0.601156175
10009.499905 0.289695770 -1.711105227 2.373599768 0.066751003 0.684304237 0.415309399 0.595642567
10009.533238 0.324112892 -1.732678413 2.403794289 0.076033689 0.694069088 0.411676586 0.585669935
10009.566571 0.356530756 -1.762078404 2.439837694 0.077651888 0.704162657 0.410682142 0.573990703
10009.599904 0.392024398 -1.782991409 2.470885277 0.072275087 0.711152256 0.413837522 0.563717365
10009.633237 0.429002404 -1.812917233 2.488830090 0.069841191 0.717564642 0.422450542 0.549325645
10009.666570 0.462215364 -1.840249300 2.503424168 0.074058756 0.727529883 0.422962815 0.535087049
10009.699903 0.495781004 -1.862851381 2.528906107 0.074051112 0.737356722 0.422716796 0.521662831
10009.733236 0.545781910 -1.880456090 2.543911457 0.068156451 0.747368157 0.426854372 0.504570067
10009.766569 0.590573907 -1.894759655 2.568379402 0.066236623 0.760227680 0.425911099 0.486072332
10009.799902 0.635993242 -1.903252840 2.583481073 0.063723907 0.767570376 0.427447766 0.473353297
10009.833235 0.706389427 -1.913472891 2.604844093 0.067538954 0.775394142 0.428642541 0.458767861
10009.866568 0.755583167 -1.916667700 2.612887144 0.072420172 0.780537009 0.429117203 0.448749095
10009.899901 0.816992640 -1.924097300 2.628822088 0.064658307 0.783945084 0.439232618 0.433963329
10009.933234 0.875196755 -1.942001343 2.627901316 0.064645723 0.784428537 0.448344678 0.423650652
10009.966567 0.920641601 -1.954939008 2.637504816 0.058808621 0.785258710 0.446712673 0.424685985
10009.999900 0.971661150 -1.974703074 2.641446352 0.050158542 0.791018128 0.443986595 0.417911887
10010.033233 1.005033731 -1.985645652 2.638933659 0.048211236 0.797387660 0.439208269 0.411028922
10010.066566 1.073948979 -1.995257974 2.651463985 0.047584463 0.805847704 0.439225554 0.394241244
10010.099899 1.124245524 -1.999885321 2.663966417 0.043616794 0.809060454 0.445228815 0.381169319
10010.133232 1.169470072 -2.004861832 2.678037882 0.043821499 0.811910868 0.450734049 0.368400902
10010.166565 1.214782119 -2.014245033 2.697650671 0.041773386 0.814252496 0.456611007 0.356025577
10010.199898 1.258792639 -2.016698360 2.699443102 0.043460581 0.819182575 0.457195252 0.343545616
10010.233231 1.307026386 -2.011030197 2.709561825 0.037628237 0.822306812 0.462004095 0.330072522
10010.266564 1.349482298 -2.013242245 2.698568344 0.031288747 0.823362350 0.470539004 0.315734863
10010.299897 1.391963243 -2.015645027 2.696965933 0.030086044 0.826628268 0.472980112 0.303430885
