1341839113.777000 0.000000 0.000000 0.000000 0.000000 -0.000000 -0.000000 1.000000
1341839113.796900 -0.000561 0.000240 -0.000088 0.000056 -0.000544 -0.000933 0.999999
1341839113.826900 -0.000786 -0.000067 0.000168 0.001609 -0.002482 -0.004275 0.999986
1341839113.857800 -0.001563 0.000339 0.000207 0.001047 -0.002465 -0.004598 0.999986
1341839113.897600 -0.002630 0.000981 0.000468 -0.000894 -0.000681 -0.000588 0.999999
1341839113.927700 -0.002998 0.000863 0.000786 -0.000773 -0.001060 0.001043 0.999999
1341839113.957000 -0.003650 0.001030 0.001195 -0.001039 -0.001609 0.000672 0.999998
1341839113.997000 -0.004371 0.001409 0.001602 -0.002167 -0.001899 -0.002376 0.999993
1341839114.027200 -0.004948 0.001411 0.001879 -0.001249 -0.003084 -0.002113 0.999992
1341839114.056900 -0.005323 0.001528 0.002432 -0.002615 -0.002828 -0.001487 0.999991
1341839114.097000 -0.006194 0.002142 0.003069 -0.006714 -0.002447 -0.001021 0.999974
1341839114.129000 -0.006914 0.002334 0.003408 -0.007152 -0.003318 -0.001761 0.999967
1341839114.157000 -0.007839 0.002786 0.003607 -0.005640 -0.003833 -0.004242 0.999968
1341839114.197100 -0.009602 0.003623 0.003609 -0.008331 -0.004577 -0.007194 0.999929
1341839114.227000 -0.011001 0.004058 0.003255 -0.008539 -0.005031 -0.006266 0.999931
1341839114.257000 -0.011760 0.004419 0.002827 -0.007494 -0.004102 -0.005803 0.999947
1341839114.297000 -0.014088 0.005166 0.002772 -0.009303 -0.002653 -0.004462 0.999943
1341839114.327900 -0.015969 0.006101 0.002202 -0.009524 -0.004695 -0.007506 0.999915
1341839114.356900 -0.018572 0.006615 0.001901 -0.008206 -0.005267 -0.005616 0.999937
1341839114.396900 -0.021087 0.008284 0.001344 -0.008034 -0.004393 -0.007112 0.999933
1341839114.426900 -0.022621 0.009663 0.001024 -0.011080 -0.004581 -0.006991 0.999904
1341839114.457800 -0.024169 0.010334 0.000900 -0.012121 -0.004307 -0.004416 0.999908
1341839114.498900 -0.026071 0.011596 0.000898 -0.011432 -0.004279 -0.005056 0.999913
1341839114.527000 -0.027334 0.012783 0.000822 -0.010004 -0.003829 -0.007558 0.999914
1341839114.566900 -0.030458 0.014579 -0.000393 -0.012793 -0.004461 -0.005052 0.999895
1341839114.597000 -0.031653 0.015035 -0.000505 -0.014074 -0.003288 -0.002662 0.999892
1341839114.626900 -0.032821 0.015731 -0.001281 -0.014424 -0.001685 -0.002460 0.999892
1341839114.666900 -0.034813 0.016531 -0.002657 -0.014288 -0.001141 -0.004654 0.999886
1341839114.697000 -0.036939 0.017191 -0.004239 -0.014321 -0.000664 -0.006465 0.999876
1341839114.727000 -0.039185 0.018138 -0.006324 -0.013725 0.000767 -0.006343 0.999885
1341839114.766900 -0.042113 0.018999 -0.009071 -0.015625 0.001170 -0.006948 0.999853
1341839114.796900 -0.045139 0.020021 -0.011088 -0.016113 0.003604 -0.004538 0.999853
1341839114.826900 -0.048697 0.021241 -0.013958 -0.014623 0.004217 -0.004249 0.999875
1341839114.866900 -0.053427 0.023109 -0.017471 -0.014991 0.005438 -0.004661 0.999862
1341839114.896900 -0.057467 0.024734 -0.020592 -0.015053 0.006788 -0.004293 0.999854
1341839114.936900 -0.063550 0.027232 -0.025590 -0.013483 0.008247 -0.003507 0.999869
1341839114.969400 -0.067719 0.028860 -0.029015 -0.014386 0.008256 -0.002335 0.999860
1341839115.001000 -0.072235 0.030750 -0.032587 -0.015357 0.008301 -0.001572 0.999846
1341839115.036900 -0.076501 0.032857 -0.037048 -0.015127 0.012691 -0.003130 0.999800
1341839115.069100 -0.081214 0.034774 -0.040994 -0.015143 0.015650 0.002174 0.999760
1341839115.097000 -0.085102 0.036494 -0.044375 -0.014940 0.013541 0.001025 0.999796
1341839115.136900 -0.091614 0.039748 -0.049119 -0.014302 0.015490 0.000946 0.999777
1341839115.166900 -0.095238 0.040898 -0.052092 -0.013117 0.016526 -0.001408 0.999776
1341839115.198100 -0.099967 0.043284 -0.055569 -0.013772 0.016583 0.001915 0.999766
1341839115.236900 -0.105732 0.046176 -0.059584 -0.016900 0.015990 0.001936 0.999727
1341839115.270400 -0.110172 0.048608 -0.063183 -0.017215 0.017598 0.000433 0.999697
1341839115.298700 -0.115387 0.051163 -0.066845 -0.016296 0.017733 0.001567 0.999709
1341839115.336900 -0.121301 0.053395 -0.070804 -0.022688 0.016481 0.000512 0.999607
1341839115.367700 -0.125998 0.055139 -0.073383 -0.022010 0.017640 0.002031 0.999600
1341839115.396900 -0.129437 0.056166 -0.075715 -0.020932 0.017753 -0.000928 0.999623
1341839115.436900 -0.135250 0.058343 -0.078636 -0.024761 0.018008 0.000978 0.999531
1341839115.466900 -0.139091 0.059059 -0.079819 -0.025097 0.019799 -0.000107 0.999489
1341839115.496900 -0.143460 0.059784 -0.081924 -0.024433 0.021709 0.002249 0.999463
1341839115.536900 -0.149880 0.061112 -0.083974 -0.026273 0.022529 0.005507 0.999386
1341839115.566900 -0.154061 0.062138 -0.085435 -0.029451 0.022394 0.001979 0.999313
1341839115.597100 -0.158671 0.063025 -0.086815 -0.026340 0.024490 0.003087 0.999348
1341839115.636900 -0.164427 0.063588 -0.087908 -0.026106 0.026788 0.006497 0.999279
1341839115.668500 -0.168539 0.063990 -0.087636 -0.027307 0.027239 0.007310 0.999229
1341839115.696900 -0.172802 0.064015 -0.087206 -0.029846 0.028442 0.006651 0.999128
1341839115.736900 -0.179443 0.064672 -0.087400 -0.025168 0.030990 0.007502 0.999175
1341839115.767000 -0.184845 0.065128 -0.086712 -0.026169 0.030519 0.007921 0.999160
1341839115.806900 -0.191340 0.066221 -0.085163 -0.027701 0.032191 0.006682 0.999075
1341839115.837000 -0.197165 0.066585 -0.084525 -0.025724 0.033951 0.008882 0.999053
1341839115.867000 -0.203967 0.067569 -0.084157 -0.024056 0.035963 0.012009 0.998991
1341839115.906900 -0.213354 0.069118 -0.084522 -0.026930 0.038301 0.014005 0.998805
1341839115.937000 -0.220314 0.068864 -0.085735 -0.028033 0.042105 0.016008 0.998592
1341839115.976900 -0.230322 0.068841 -0.086768 -0.023528 0.045168 0.021038 0.998481
1341839116.006900 -0.238126 0.068924 -0.088046 -0.026497 0.047529 0.024168 0.998226
1341839116.037000 -0.246378 0.069099 -0.088708 -0.029120 0.048838 0.025459 0.998057
1341839116.076900 -0.256541 0.067663 -0.089656 -0.022652 0.051611 0.025874 0.998075
1341839116.107000 -0.264651 0.066943 -0.090484 -0.022689 0.053664 0.026232 0.997957
1341839116.136900 -0.272778 0.066079 -0.090913 -0.027571 0.055296 0.027693 0.997705
1341839116.177000 -0.282831 0.064872 -0.091021 -0.022401 0.056357 0.028260 0.997759
1341839116.207000 -0.290731 0.064739 -0.091704 -0.022158 0.059520 0.029247 0.997553
1341839116.236900 -0.298261 0.064442 -0.092806 -0.022143 0.061906 0.029532 0.997399
1341839116.277000 -0.308885 0.064591 -0.094330 -0.021761 0.063708 0.032621 0.997198
1341839116.307000 -0.316687 0.065898 -0.095467 -0.024946 0.066590 0.032928 0.996925
1341839116.338300 -0.323934 0.066305 -0.096454 -0.022257 0.070319 0.034146 0.996691
1341839116.377900 -0.334010 0.067107 -0.097418 -0.021936 0.072298 0.039678 0.996352
1341839116.406900 -0.341570 0.067559 -0.097650 -0.022382 0.073568 0.042073 0.996151
1341839116.437200 -0.348751 0.068223 -0.098467 -0.021542 0.075555 0.043598 0.995955
1341839116.477000 -0.358385 0.068978 -0.099880 -0.020297 0.075764 0.045595 0.995876
1341839116.507000 -0.364644 0.069567 -0.100760 -0.020216 0.076482 0.045522 0.995826
1341839116.536900 -0.370697 0.069705 -0.101568 -0.020664 0.077938 0.047404 0.995616
1341839116.576900 -0.378336 0.069790 -0.103440 -0.022543 0.078228 0.047965 0.995526
1341839116.607700 -0.383725 0.069858 -0.104922 -0.021029 0.078336 0.045114 0.995684
1341839116.646900 -0.390449 0.069207 -0.106796 -0.020212 0.080092 0.043192 0.995646
1341839116.676900 -0.395435 0.068798 -0.107831 -0.021995 0.079810 0.044486 0.995574
1341839116.708600 -0.400059 0.068364 -0.109085 -0.024389 0.079319 0.043268 0.995611
1341839116.736900 -0.404482 0.068328 -0.109963 -0.024608 0.080522 0.039151 0.995680
1341839116.776900 -0.410318 0.067406 -0.111068 -0.024360 0.080979 0.036198 0.995760
1341839116.806900 -0.415237 0.066973 -0.112034 -0.026889 0.079682 0.036260 0.995798
1341839116.836900 -0.420081 0.066469 -0.113098 -0.027257 0.080217 0.034476 0.995808
1341839116.879200 -0.426790 0.066243 -0.115268 -0.024584 0.082933 0.032532 0.995721
1341839116.907000 -0.431975 0.066144 -0.116576 -0.023931 0.083574 0.033477 0.995652
1341839116.936900 -0.437512 0.066965 -0.117793 -0.026889 0.084680 0.033882 0.995469
1341839116.976900 -0.444986 0.067947 -0.120087 -0.027553 0.086268 0.031523 0.995392
1341839117.006900 -0.450867 0.068749 -0.121551 -0.024612 0.086467 0.030254 0.995491
1341839117.047000 -0.459034 0.070350 -0.124102 -0.030185 0.088294 0.028151 0.995239
1341839117.076900 -0.465205 0.071388 -0.125343 -0.029081 0.090133 0.028896 0.995086
1341839117.106900 -0.471645 0.072147 -0.126996 -0.027600 0.092552 0.029980 0.994874
1341839117.146900 -0.481020 0.073403 -0.129498 -0.027503 0.094965 0.028819 0.994683
1341839117.176900 -0.488658 0.074194 -0.131265 -0.027678 0.096506 0.027841 0.994558
1341839117.207000 -0.497202 0.074499 -0.133472 -0.027661 0.096843 0.029409 0.994481
1341839117.246900 -0.508317 0.075087 -0.136814 -0.024559 0.100496 0.030336 0.994172
1341839117.277800 -0.517603 0.075992 -0.139815 -0.026300 0.103485 0.031230 0.993793
1341839117.316900 -0.530815 0.076786 -0.143773 -0.025351 0.104452 0.035430 0.993575
1341839117.347000 -0.540934 0.077934 -0.147172 -0.024785 0.106510 0.036689 0.993325
1341839117.376900 -0.551039 0.079790 -0.150766 -0.028252 0.106459 0.036340 0.993251
1341839117.417100 -0.564722 0.082498 -0.155032 -0.027314 0.107222 0.036265 0.993198
1341839117.447000 -0.574781 0.084844 -0.157921 -0.027996 0.107581 0.038000 0.993075
1341839117.476800 -0.584763 0.087356 -0.160973 -0.032259 0.109531 0.039482 0.992675
1341839117.516800 -0.598656 0.090278 -0.165246 -0.031618 0.111370 0.041439 0.992411
1341839117.546800 -0.609057 0.092229 -0.168518 -0.031284 0.112634 0.042444 0.992237
1341839117.576900 -0.619740 0.094181 -0.171801 -0.033175 0.113035 0.041451 0.992172
1341839117.618400 -0.633577 0.096276 -0.175843 -0.032343 0.113830 0.042832 0.992049
1341839117.646800 -0.643987 0.097754 -0.178985 -0.033062 0.115048 0.044396 0.991816
1341839117.676800 -0.653993 0.098849 -0.181646 -0.033540 0.114663 0.044899 0.991822
1341839117.716800 -0.667191 0.100870 -0.185763 -0.035913 0.115861 0.042430 0.991709
1341839117.746800 -0.676712 0.102078 -0.188137 -0.033868 0.116647 0.042689 0.991677
1341839117.776800 -0.685602 0.103352 -0.190385 -0.033685 0.117663 0.043819 0.991514
1341839117.816900 -0.697815 0.105425 -0.192561 -0.036091 0.118819 0.046677 0.991161
1341839117.846900 -0.707203 0.106867 -0.194695 -0.036705 0.118503 0.046428 0.991188
1341839117.877900 -0.716028 0.108493 -0.196739 -0.034866 0.117993 0.043132 0.991464
1341839117.917000 -0.727903 0.110632 -0.198500 -0.036067 0.117185 0.041832 0.991573
1341839117.946800 -0.736049 0.112013 -0.199851 -0.039613 0.117341 0.041168 0.991447
1341839117.976800 -0.743997 0.113273 -0.200861 -0.038655 0.117492 0.043106 0.991385
1341839118.016900 -0.753976 0.114997 -0.202316 -0.042094 0.117140 0.041386 0.991359
1341839118.047100 -0.760673 0.115775 -0.202846 -0.041148 0.118506 0.038041 0.991371
1341839118.076800 -0.766627 0.115153 -0.202720 -0.039833 0.118861 0.036880 0.991426
1341839118.116800 -0.776264 0.115072 -0.202404 -0.043058 0.118437 0.041209 0.991171
1341839118.146800 -0.782660 0.114403 -0.201862 -0.042291 0.119182 0.040657 0.991138
1341839118.177100 -0.788700 0.113850 -0.201339 -0.039852 0.118795 0.039055 0.991350
1341839118.216900 -0.795714 0.112423 -0.199592 -0.040841 0.120253 0.036850 0.991218
1341839118.246900 -0.802284 0.111467 -0.198259 -0.041140 0.121725 0.040300 0.990892
1341839118.286900 -0.810086 0.109362 -0.196414 -0.038928 0.122201 0.041589 0.990869
1341839118.316800 -0.815823 0.107974 -0.194750 -0.038664 0.123419 0.040822 0.990760
1341839118.347000 -0.821763 0.106566 -0.193327 -0.037301 0.124354 0.040883 0.990693
1341839118.388100 -0.829015 0.104925 -0.190991 -0.035663 0.125094 0.040641 0.990671
1341839118.416900 -0.836155 0.104632 -0.189442 -0.036273 0.126371 0.044779 0.990308
1341839118.446900 -0.842114 0.104163 -0.187381 -0.035936 0.126581 0.045441 0.990263
1341839118.486900 -0.850295 0.104339 -0.184503 -0.034079 0.127637 0.043378 0.990286
1341839118.522200 -0.856266 0.104575 -0.182038 -0.032603 0.128250 0.044374 0.990212
1341839118.556800 -0.864546 0.105007 -0.178396 -0.035210 0.128934 0.045168 0.989998
1341839118.586900 -0.871025 0.105126 -0.175617 -0.037023 0.127695 0.045720 0.990067
1341839118.616900 -0.877079 0.105054 -0.172890 -0.033581 0.129278 0.044054 0.990060
1341839118.656900 -0.885839 0.105515 -0.169634 -0.033527 0.129625 0.043758 0.990029
1341839118.688600 -0.893125 0.105693 -0.167922 -0.037873 0.130036 0.046487 0.989695
1341839118.717100 -0.900456 0.105381 -0.166915 -0.037344 0.131952 0.046375 0.989466
1341839118.756900 -0.910281 0.105105 -0.165473 -0.034953 0.134365 0.045901 0.989251
1341839118.786900 -0.917972 0.105148 -0.164279 -0.038378 0.135425 0.048697 0.988846
1341839118.818100 -0.925455 0.104741 -0.163011 -0.040528 0.135365 0.051203 0.988641
1341839118.856900 -0.935938 0.104490 -0.161062 -0.040872 0.136778 0.048958 0.988547
1341839118.887700 -0.942799 0.103865 -0.159472 -0.039254 0.138871 0.046990 0.988416
1341839118.916900 -0.950597 0.102890 -0.157520 -0.037972 0.138267 0.048138 0.988495
1341839118.956900 -0.960266 0.101640 -0.154844 -0.040670 0.140312 0.050650 0.987974
1341839118.986900 -0.968027 0.101283 -0.153721 -0.038803 0.142709 0.051677 0.987653
1341839119.016900 -0.975726 0.100947 -0.152362 -0.035922 0.143890 0.051897 0.987579
1341839119.057000 -0.986465 0.100420 -0.151125 -0.038718 0.146152 0.054805 0.986984
1341839119.086900 -0.994369 0.100346 -0.149906 -0.038954 0.148573 0.057514 0.986459
1341839119.116900 -1.002840 0.100464 -0.148642 -0.040065 0.149384 0.058995 0.986204
1341839119.156900 -1.013703 0.100788 -0.147706 -0.040481 0.150762 0.057807 0.986048
1341839119.186900 -1.021465 0.101325 -0.146410 -0.039641 0.152228 0.057504 0.985874
1341839119.216900 -1.029352 0.101395 -0.145590 -0.043654 0.152613 0.059924 0.985501
1341839119.257000 -1.038770 0.101679 -0.143629 -0.044414 0.155935 0.061080 0.984876
1341839119.287000 -1.045624 0.101714 -0.142101 -0.043912 0.156571 0.060393 0.984840
1341839119.316900 -1.052767 0.101703 -0.140451 -0.044497 0.157599 0.062302 0.984531
1341839119.357000 -1.061759 0.100997 -0.138678 -0.042289 0.158098 0.066357 0.984283
1341839119.386900 -1.068412 0.101240 -0.136840 -0.041813 0.158923 0.066251 0.984178
1341839119.416900 -1.075462 0.101821 -0.135650 -0.043536 0.158450 0.065323 0.984241
1341839119.462400 -1.084554 0.101969 -0.134778 -0.043250 0.156255 0.064803 0.984639
1341839119.487000 -1.090457 0.102780 -0.133907 -0.043797 0.157715 0.065305 0.984349
1341839119.530300 -1.097219 0.103500 -0.132805 -0.043353 0.159732 0.067301 0.983909
1341839119.556900 -1.102545 0.104309 -0.132212 -0.046044 0.158810 0.067758 0.983905
1341839119.586900 -1.107792 0.105283 -0.131781 -0.048288 0.159073 0.065571 0.983903
1341839119.626900 -1.114159 0.105655 -0.131766 -0.044776 0.159498 0.062387 0.984207
1341839119.656900 -1.118487 0.105328 -0.131540 -0.043904 0.160233 0.062984 0.984089
1341839119.690300 -1.123025 0.105121 -0.131355 -0.048734 0.159681 0.062968 0.983952
1341839119.727000 -1.128998 0.104637 -0.130729 -0.047033 0.160684 0.060519 0.984025
1341839119.757200 -1.133253 0.104428 -0.130533 -0.047061 0.161155 0.058546 0.984066
1341839119.797000 -1.139451 0.104438 -0.129512 -0.051994 0.159501 0.058282 0.984103
1341839119.826900 -1.144585 0.103571 -0.128688 -0.050189 0.160567 0.058569 0.984007
1341839119.857400 -1.149478 0.103153 -0.128519 -0.047243 0.162214 0.058513 0.983886
1341839119.899800 -1.156922 0.103082 -0.128182 -0.049302 0.163455 0.061078 0.983423
1341839119.926900 -1.162613 0.103491 -0.127373 -0.051952 0.163806 0.061559 0.983198
1341839119.956800 -1.168579 0.102867 -0.126947 -0.051132 0.165470 0.061453 0.982969
1341839119.997200 -1.177181 0.102469 -0.126025 -0.046857 0.166143 0.061547 0.983063
1341839120.027900 -1.183517 0.102104 -0.125145 -0.046437 0.166828 0.061003 0.983001
1341839120.057200 -1.189786 0.101809 -0.124163 -0.047392 0.168194 0.062024 0.982658
1341839120.096900 -1.198632 0.101337 -0.122450 -0.048262 0.169800 0.066197 0.982068
1341839120.126900 -1.205138 0.100734 -0.120912 -0.045602 0.171909 0.067841 0.981715
1341839120.156900 -1.212846 0.100820 -0.119250 -0.046233 0.173146 0.067796 0.981472
1341839120.198700 -1.222888 0.099910 -0.117821 -0.041634 0.175289 0.068481 0.981250
1341839120.226900 -1.230444 0.099292 -0.116558 -0.040431 0.178009 0.071267 0.980612
1341839120.256900 -1.238347 0.099123 -0.115373 -0.040539 0.181116 0.075274 0.979739
1341839120.296900 -1.249861 0.098626 -0.114234 -0.039566 0.182368 0.078942 0.979257
1341839120.326900 -1.258516 0.098678 -0.113678 -0.038444 0.184199 0.078911 0.978962
1341839120.357100 -1.267796 0.099232 -0.113344 -0.041912 0.185387 0.078162 0.978655
1341839120.397000 -1.280062 0.099049 -0.112800 -0.044345 0.185358 0.081748 0.978260
1341839120.426900 -1.288795 0.098842 -0.112116 -0.044199 0.187124 0.082078 0.977903
1341839120.456900 -1.297881 0.098143 -0.111548 -0.045019 0.188236 0.081701 0.977684
1341839120.496800 -1.309384 0.097929 -0.110607 -0.046341 0.187662 0.081311 0.977765
1341839120.528300 -1.317627 0.097883 -0.109768 -0.046562 0.189094 0.081891 0.977430
1341839120.556900 -1.326275 0.097702 -0.109447 -0.047375 0.190025 0.084627 0.976977
1341839120.596900 -1.336482 0.098189 -0.108950 -0.043789 0.192569 0.084245 0.976679
1341839120.626800 -1.344968 0.098387 -0.109087 -0.046853 0.190820 0.085959 0.976731
1341839120.666800 -1.355016 0.098923 -0.109018 -0.048740 0.193474 0.085319 0.976172
1341839120.696900 -1.362374 0.099583 -0.108940 -0.051081 0.194913 0.085685 0.975734
1341839120.726900 -1.370020 0.100103 -0.108775 -0.051656 0.195044 0.086633 0.975594
1341839120.767300 -1.379932 0.100497 -0.108601 -0.054318 0.196908 0.085131 0.975207
1341839120.796900 -1.387096 0.100706 -0.108151 -0.053234 0.198957 0.082602 0.975069
1341839120.826800 -1.394111 0.100585 -0.107965 -0.052663 0.200572 0.083396 0.974701
1341839120.866900 -1.403992 0.099630 -0.106997 -0.052954 0.202800 0.086619 0.973943
1341839120.899800 -1.410959 0.098917 -0.106345 -0.052971 0.205554 0.087221 0.973311
1341839120.926800 -1.418319 0.098553 -0.104605 -0.051743 0.205178 0.086582 0.973513
1341839120.967600 -1.428730 0.097007 -0.102895 -0.050633 0.204927 0.086064 0.973671
1341839120.997000 -1.435889 0.095958 -0.101018 -0.049822 0.205577 0.085366 0.973637
1341839121.036900 -1.445291 0.094468 -0.097966 -0.048812 0.205081 0.088635 0.973500
1341839121.070200 -1.452210 0.093551 -0.094978 -0.047373 0.206104 0.089218 0.973302
1341839121.097000 -1.459482 0.092237 -0.092073 -0.046353 0.205275 0.089507 0.973500
1341839121.136900 -1.469357 0.090836 -0.087805 -0.046738 0.203493 0.089158 0.973888
1341839121.166900 -1.476624 0.089570 -0.085033 -0.045867 0.202095 0.089741 0.974167
1341839121.197000 -1.483126 0.088084 -0.081932 -0.042406 0.201939 0.088385 0.974480
1341839121.237900 -1.491729 0.086581 -0.077647 -0.043181 0.200574 0.089604 0.974616
1341839121.266900 -1.498233 0.085284 -0.074478 -0.043984 0.198671 0.090535 0.974884
1341839121.297000 -1.504442 0.083986 -0.071597 -0.043818 0.198291 0.089979 0.975020
1341839121.336900 -1.512376 0.083261 -0.067981 -0.042963 0.198629 0.087266 0.975236
1341839121.366900 -1.517931 0.082221 -0.065507 -0.042361 0.198444 0.086083 0.975405
1341839121.396900 -1.523695 0.080499 -0.063212 -0.041548 0.197980 0.089109 0.975263
1341839121.437200 -1.530292 0.078610 -0.059583 -0.039311 0.198442 0.089298 0.975244
1341839121.466900 -1.534939 0.077680 -0.056805 -0.043640 0.200161 0.086632 0.974949
1341839121.496800 -1.539968 0.075594 -0.053482 -0.037289 0.198251 0.085890 0.975669
1341839121.537900 -1.545642 0.071840 -0.050261 -0.031976 0.201418 0.083150 0.975446
1341839121.566900 -1.550796 0.069192 -0.047446 -0.033947 0.200506 0.084956 0.975411
1341839121.596800 -1.554901 0.066654 -0.044323 -0.031646 0.201367 0.083285 0.975455
1341839121.637000 -1.560479 0.062609 -0.039999 -0.030030 0.202926 0.083121 0.975198
1341839121.676900 -1.566301 0.058490 -0.034885 -0.029700 0.203357 0.082631 0.975160
1341839121.696800 -1.569684 0.056278 -0.032064 -0.028797 0.203291 0.082542 0.975208
1341839121.736800 -1.575942 0.052160 -0.026667 -0.025397 0.201924 0.081014 0.975714
1341839121.767000 -1.580954 0.049618 -0.022078 -0.025240 0.201407 0.077675 0.976097
1341839121.796900 -1.585847 0.046790 -0.016986 -0.022332 0.202158 0.076181 0.976130
1341839121.836900 -1.592488 0.043023 -0.010801 -0.024028 0.201838 0.076949 0.976096
1341839121.866800 -1.597476 0.039979 -0.005114 -0.020903 0.201302 0.075385 0.976400
1341839121.896800 -1.603064 0.037251 -0.000315 -0.019740 0.201394 0.074571 0.976468
1341839121.937000 -1.611252 0.034155 0.005745 -0.019431 0.200951 0.074383 0.976580
1341839121.966900 -1.617301 0.032118 0.009795 -0.018331 0.201717 0.075325 0.976371
1341839122.007300 -1.626333 0.029770 0.014058 -0.019616 0.203405 0.077061 0.975860
1341839122.036900 -1.633273 0.028473 0.017509 -0.020432 0.202059 0.076678 0.976153
1341839122.066900 -1.639847 0.027388 0.020677 -0.022339 0.203022 0.074532 0.976078
1341839122.106900 -1.647776 0.025593 0.025788 -0.019944 0.203800 0.072971 0.976086
1341839122.136900 -1.653517 0.024170 0.029320 -0.019579 0.203951 0.073395 0.976030
1341839122.172300 -1.659168 0.023009 0.032424 -0.022084 0.204675 0.074479 0.975742
1341839122.206800 -1.666853 0.021194 0.036710 -0.024228 0.207050 0.073839 0.975239
1341839122.236800 -1.672778 0.019612 0.039500 -0.023077 0.208178 0.074651 0.974965
1341839122.276800 -1.680799 0.017637 0.043339 -0.024319 0.209428 0.076629 0.974514
1341839122.306900 -1.686058 0.016703 0.047293 -0.025416 0.211673 0.076267 0.974029
1341839122.341900 -1.691850 0.014849 0.052022 -0.021152 0.209944 0.079386 0.974256
1341839122.376900 -1.699582 0.012933 0.057474 -0.020240 0.210684 0.077957 0.974231
1341839122.412700 -1.705565 0.011248 0.061728 -0.019485 0.212493 0.078004 0.973849
1341839122.436900 -1.711623 0.008833 0.065943 -0.015551 0.212733 0.079067 0.973782
1341839122.476800 -1.719535 0.006488 0.072285 -0.016799 0.212922 0.081313 0.973535
1341839122.506900 -1.725808 0.004050 0.076558 -0.017641 0.213848 0.082704 0.973200
1341839122.536900 -1.731676 0.001843 0.081381 -0.014424 0.214536 0.082434 0.973124
1341839122.606900 -1.745222 -0.002921 0.091955 -0.012562 0.214809 0.083543 0.972995
1341839122.636800 -1.750812 -0.005272 0.096889 -0.011762 0.214714 0.085926 0.972819
1341839122.676900 -1.758067 -0.007642 0.102723 -0.009989 0.213943 0.085065 0.973084
1341839122.706900 -1.763550 -0.008976 0.106900 -0.009251 0.213161 0.082870 0.973452
1341839122.747000 -1.770388 -0.009809 0.111427 -0.007734 0.212399 0.081892 0.973715
1341839122.776900 -1.775395 -0.010196 0.114461 -0.009901 0.212714 0.083918 0.973454
1341839122.806900 -1.779820 -0.010255 0.117186 -0.013446 0.212320 0.084958 0.973407
1341839122.837900 -1.783888 -0.010574 0.119758 -0.015060 0.212529 0.083503 0.973464
1341839122.877000 -1.788357 -0.011299 0.123445 -0.014547 0.212714 0.079271 0.973785
1341839122.906900 -1.791652 -0.012166 0.126077 -0.014615 0.213443 0.080170 0.973551
1341839122.936900 -1.795084 -0.012890 0.128605 -0.017414 0.213001 0.082483 0.973408
1341839122.976900 -1.798832 -0.013806 0.131953 -0.016549 0.213910 0.080124 0.973421
1341839123.006800 -1.801829 -0.014437 0.134231 -0.014305 0.214119 0.078857 0.973514
1341839123.036900 -1.804399 -0.014647 0.136530 -0.013538 0.214511 0.079432 0.973392
1341839123.077000 -1.808679 -0.014471 0.139196 -0.019118 0.215627 0.082794 0.972772
1341839123.106900 -1.811703 -0.014130 0.140545 -0.020699 0.216333 0.081676 0.972677
1341839123.146900 -1.816063 -0.013425 0.141743 -0.017218 0.217893 0.078946 0.972622
1341839123.176800 -1.819827 -0.012567 0.144000 -0.017008 0.218306 0.081639 0.972311
1341839123.206900 -1.822694 -0.011894 0.145024 -0.022202 0.220651 0.084390 0.971441
1341839123.247000 -1.826808 -0.011103 0.147167 -0.021888 0.221346 0.088279 0.970945
1341839123.276900 -1.829542 -0.010810 0.148360 -0.022102 0.222450 0.086041 0.970888
1341839123.306900 -1.832281 -0.010753 0.149619 -0.020837 0.224140 0.084788 0.970638
1341839123.346900 -1.835944 -0.011232 0.150871 -0.021055 0.225666 0.089493 0.969857
1341839123.376900 -1.838589 -0.011384 0.151532 -0.021004 0.228206 0.091113 0.969113
1341839123.410400 -1.841586 -0.011415 0.152147 -0.019394 0.229175 0.090588 0.968967
1341839123.446800 -1.845333 -0.012014 0.153728 -0.020408 0.230679 0.088616 0.968771
1341839123.476900 -1.848222 -0.012428 0.155112 -0.018411 0.231193 0.087706 0.968772
1341839123.517300 -1.851270 -0.012797 0.156956 -0.018683 0.234960 0.086663 0.967954
1341839123.546900 -1.854463 -0.013589 0.158793 -0.022731 0.237309 0.087942 0.967179
1341839123.577600 -1.858010 -0.014497 0.160647 -0.023030 0.237571 0.088259 0.967078
1341839123.606900 -1.862546 -0.015586 0.162395 -0.021642 0.238882 0.085814 0.967007
1341839123.646900 -1.868817 -0.016905 0.165039 -0.021872 0.241219 0.083881 0.966591
1341839123.677000 -1.874360 -0.017849 0.167248 -0.021528 0.242188 0.084384 0.966313
1341839123.716900 -1.881777 -0.019493 0.170178 -0.019577 0.244563 0.084917 0.965710
1341839123.746800 -1.887896 -0.020717 0.172562 -0.018557 0.246397 0.083508 0.965386
1341839123.776900 -1.894093 -0.022107 0.175109 -0.017747 0.247551 0.082125 0.965225
1341839123.816800 -1.903237 -0.023509 0.178806 -0.017785 0.248306 0.084151 0.964856
1341839123.846800 -1.910704 -0.024372 0.181339 -0.020601 0.248014 0.084113 0.964878
1341839123.876900 -1.918678 -0.025445 0.184150 -0.022612 0.248564 0.083024 0.964786
1341839123.916800 -1.929354 -0.026739 0.187220 -0.023097 0.250296 0.081257 0.964477
1341839123.946900 -1.938045 -0.027998 0.190235 -0.024824 0.248912 0.080788 0.964832
1341839123.976800 -1.947521 -0.029511 0.193351 -0.027983 0.246894 0.080021 0.965327
1341839124.016900 -1.959876 -0.031861 0.197548 -0.026776 0.245698 0.078665 0.965778
1341839124.047500 -1.969346 -0.033421 0.200497 -0.027928 0.245712 0.079494 0.965674
1341839124.076800 -1.978621 -0.035432 0.203818 -0.027666 0.243771 0.081205 0.966031
1341839124.116800 -1.990570 -0.037741 0.208499 -0.029823 0.242811 0.080699 0.966251
1341839124.147700 -1.999197 -0.039354 0.211614 -0.028690 0.243149 0.079609 0.966291
1341839124.177000 -2.007672 -0.040873 0.214470 -0.027873 0.242846 0.079194 0.966425
1341839124.216800 -2.019357 -0.042633 0.217930 -0.030292 0.242804 0.079469 0.966340
1341839124.256900 -2.031024 -0.044438 0.220923 -0.029788 0.242628 0.079574 0.966391
1341839124.286800 -2.039670 -0.045408 0.222841 -0.027595 0.243359 0.079976 0.966239
1341839124.316900 -2.049157 -0.046417 0.224559 -0.030023 0.243047 0.082547 0.966029
1341839124.348300 -2.056999 -0.046564 0.225980 -0.029141 0.245013 0.082938 0.965526
1341839124.379100 -2.064753 -0.046261 0.227040 -0.030002 0.244465 0.083946 0.965552
1341839124.416800 -2.074794 -0.046464 0.228573 -0.029244 0.246715 0.084164 0.964983
1341839124.446900 -2.082048 -0.046517 0.229451 -0.028683 0.247496 0.083690 0.964842
1341839124.486800 -2.091572 -0.046038 0.230576 -0.027909 0.248463 0.084621 0.964534
1341839124.516900 -2.097962 -0.045858 0.231123 -0.028374 0.250177 0.085549 0.963996
1341839124.547000 -2.104372 -0.045647 0.230401 -0.030044 0.253763 0.086310 0.962939
1341839124.586900 -2.112815 -0.045289 0.231001 -0.029366 0.254535 0.086439 0.962745
1341839124.616800 -2.119080 -0.045255 0.231952 -0.029199 0.254290 0.086228 0.962834
1341839124.656800 -2.126678 -0.045327 0.232583 -0.026864 0.256180 0.086594 0.962368
1341839124.686900 -2.131801 -0.045204 0.233313 -0.025624 0.256460 0.087672 0.962229
1341839124.716900 -2.137294 -0.045010 0.234430 -0.028862 0.256637 0.086999 0.962151
1341839124.756900 -2.144218 -0.045469 0.235853 -0.027016 0.258268 0.086157 0.961844
1341839124.787000 -2.149786 -0.045817 0.236996 -0.029065 0.259062 0.087936 0.961410
1341839124.817400 -2.154659 -0.046172 0.238468 -0.029897 0.260593 0.088655 0.960905
1341839124.856800 -2.161641 -0.046922 0.241287 -0.026593 0.263919 0.086910 0.960253
1341839124.887000 -2.167445 -0.047578 0.242987 -0.024390 0.263320 0.088622 0.960320
1341839124.917800 -2.173253 -0.048565 0.244718 -0.028012 0.261756 0.089241 0.960591
1341839124.956800 -2.180008 -0.049385 0.247146 -0.027345 0.265839 0.085059 0.959868
1341839124.989300 -2.185107 -0.049858 0.248941 -0.024539 0.267803 0.085413 0.959366
1341839125.017000 -2.190146 -0.050922 0.250902 -0.020261 0.266460 0.089239 0.959492
1341839125.056800 -2.196570 -0.051535 0.253945 -0.023364 0.266385 0.089993 0.959372
1341839125.086900 -2.201319 -0.051941 0.255855 -0.024838 0.268341 0.086581 0.959104
1341839125.116900 -2.206333 -0.052388 0.257287 -0.021021 0.267933 0.084777 0.959470
1341839125.156900 -2.212316 -0.052861 0.259948 -0.022863 0.265126 0.084842 0.960202
1341839125.188500 -2.215580 -0.053159 0.261884 -0.027670 0.267570 0.081710 0.959669
1341839125.216900 -2.218400 -0.054492 0.263165 -0.026043 0.269664 0.079289 0.959331
1341839125.257200 -2.220955 -0.056583 0.264785 -0.025463 0.273227 0.077493 0.958485
1341839125.287700 -2.223075 -0.057875 0.266261 -0.031671 0.272659 0.077802 0.958437
1341839125.316800 -2.225217 -0.058652 0.268373 -0.029067 0.272154 0.076558 0.958763
1341839125.356900 -2.226596 -0.060556 0.268907 -0.026716 0.275927 0.072429 0.958073
1341839125.386800 -2.227618 -0.060931 0.269631 -0.027152 0.278821 0.072495 0.957218
1341839125.416800 -2.228298 -0.061804 0.270566 -0.029879 0.282546 0.073460 0.955970
1341839125.457900 -2.229414 -0.062677 0.271784 -0.030689 0.284673 0.073767 0.955289
1341839125.486800 -2.230179 -0.063576 0.273083 -0.027462 0.287809 0.072888 0.954515
1341839125.516800 -2.231371 -0.064095 0.274500 -0.028166 0.289283 0.074683 0.953910
1341839125.556800 -2.233471 -0.064712 0.277348 -0.030790 0.288473 0.075897 0.953979
1341839125.597000 -2.235288 -0.065237 0.280242 -0.029831 0.292162 0.073973 0.953037
1341839125.627000 -2.236878 -0.065832 0.282743 -0.028870 0.293277 0.075175 0.952630
1341839125.656800 -2.238854 -0.066311 0.286098 -0.030228 0.293639 0.079544 0.952122
1341839125.686800 -2.240917 -0.066816 0.289816 -0.033210 0.294276 0.080956 0.951706
1341839125.726800 -2.243908 -0.067610 0.295496 -0.032422 0.295158 0.076990 0.951790
1341839125.757000 -2.246383 -0.068616 0.300596 -0.029001 0.292931 0.076472 0.952629
1341839125.786800 -2.248773 -0.069408 0.305400 -0.032683 0.293865 0.078902 0.952024
1341839125.826800 -2.251759 -0.070754 0.312612 -0.035409 0.296163 0.083764 0.950798
1341839125.858100 -2.254333 -0.072305 0.318338 -0.034219 0.296116 0.084757 0.950768
1341839125.894400 -2.257765 -0.074041 0.324262 -0.034054 0.295146 0.083523 0.951185
1341839125.926800 -2.261944 -0.077319 0.332683 -0.032819 0.295655 0.080466 0.951334
1341839125.956800 -2.264972 -0.079719 0.338986 -0.032507 0.295043 0.083396 0.951282
1341839125.996800 -2.269596 -0.082574 0.347992 -0.034544 0.293857 0.087630 0.951197
1341839126.026800 -2.272904 -0.084360 0.354355 -0.036346 0.294975 0.086112 0.950922
1341839126.056800 -2.276300 -0.086690 0.361045 -0.033349 0.293965 0.085182 0.951429
1341839126.096800 -2.280855 -0.089757 0.370052 -0.034990 0.292897 0.085819 0.951642
1341839126.126900 -2.283974 -0.092137 0.376886 -0.035930 0.294147 0.085502 0.951250
1341839126.158900 -2.287001 -0.094538 0.383189 -0.032176 0.295643 0.085794 0.950894
1341839126.196800 -2.291749 -0.097436 0.391723 -0.031601 0.295955 0.088002 0.950614
1341839126.226800 -2.294620 -0.099411 0.397735 -0.032343 0.298474 0.089045 0.949704
1341839126.266900 -2.298642 -0.102358 0.405830 -0.031482 0.301058 0.092941 0.948544
1341839126.296900 -2.301873 -0.104685 0.411926 -0.030020 0.301087 0.093899 0.948487
1341839126.326800 -2.305658 -0.106819 0.417767 -0.031488 0.300300 0.093101 0.948768
1341839126.359200 -2.309164 -0.108672 0.423721 -0.031217 0.300271 0.089745 0.949110
1341839126.396900 -2.312987 -0.110528 0.430563 -0.031250 0.301810 0.087985 0.948785
1341839126.426800 -2.315390 -0.112029 0.435562 -0.032339 0.304252 0.089258 0.947849
1341839126.456800 -2.318023 -0.113884 0.440951 -0.032836 0.303903 0.093237 0.947561
1341839126.496900 -2.321414 -0.116166 0.447507 -0.032772 0.304590 0.091423 0.947519
1341839126.526900 -2.323799 -0.117617 0.452074 -0.032167 0.306513 0.087580 0.947283
1341839126.556800 -2.326321 -0.119019 0.456502 -0.029759 0.307191 0.087510 0.947148
1341839126.596900 -2.329310 -0.120896 0.461943 -0.030613 0.308099 0.093167 0.946286
1341839126.626900 -2.331714 -0.122503 0.465173 -0.030824 0.309003 0.094197 0.945883
1341839126.659100 -2.334308 -0.123517 0.467933 -0.029238 0.312744 0.091866 0.944932
1341839126.696800 -2.337451 -0.125595 0.471865 -0.027230 0.314183 0.092715 0.944432
1341839126.726800 -2.339327 -0.127225 0.474282 -0.030651 0.317128 0.094415 0.943173
1341839126.757400 -2.341062 -0.128949 0.476672 -0.028446 0.319861 0.093806 0.942380
1341839126.796900 -2.343452 -0.130837 0.479501 -0.026641 0.322113 0.091981 0.941845
1341839126.826900 -2.345179 -0.131995 0.481793 -0.028347 0.325533 0.091523 0.940664
1341839126.866900 -2.347719 -0.133459 0.484919 -0.028102 0.328849 0.092619 0.939410
1341839126.897400 -2.349396 -0.134692 0.487714 -0.026395 0.330906 0.093559 0.938643
1341839126.926800 -2.351640 -0.135638 0.490588 -0.023689 0.333464 0.093215 0.937844
1341839126.966900 -2.354318 -0.136570 0.495480 -0.023460 0.334236 0.093783 0.937518
1341839126.996900 -2.355971 -0.138211 0.499407 -0.026521 0.333733 0.094782 0.937515
1341839127.026800 -2.357672 -0.141048 0.502525 -0.022919 0.334973 0.092598 0.937386
1341839127.066800 -2.360329 -0.144708 0.506434 -0.019794 0.335322 0.088037 0.937772
1341839127.096900 -2.362425 -0.147303 0.508870 -0.018899 0.337333 0.086793 0.937185
1341839127.136800 -2.365036 -0.150768 0.511647 -0.018565 0.340823 0.089231 0.935699
1341839127.166800 -2.367027 -0.153570 0.513186 -0.018866 0.341190 0.093836 0.935109
1341839127.196800 -2.369622 -0.155903 0.515771 -0.017277 0.344200 0.092853 0.934134
1341839127.236800 -2.373536 -0.159223 0.519298 -0.015298 0.348074 0.089622 0.933048
1341839127.266900 -2.376556 -0.161553 0.521865 -0.013886 0.350133 0.089805 0.932282
1341839127.296800 -2.379305 -0.163792 0.524778 -0.014374 0.353833 0.091452 0.930716
1341839127.336800 -2.383362 -0.166029 0.528539 -0.016166 0.357485 0.090780 0.929356
1341839127.376800 -2.388086 -0.168525 0.533007 -0.015863 0.360873 0.087904 0.928327
1341839127.406900 -2.392282 -0.170336 0.536765 -0.013525 0.362597 0.088656 0.927621
1341839127.436900 -2.396830 -0.171838 0.540544 -0.014380 0.365198 0.090391 0.926420
1341839127.466800 -2.402005 -0.173453 0.544031 -0.014538 0.368883 0.092116 0.924786
1341839127.496900 -2.407389 -0.174948 0.547477 -0.012682 0.369881 0.093763 0.924249
1341839127.538700 -2.413562 -0.176639 0.552926 -0.015811 0.373921 0.093707 0.922579
1341839127.566900 -2.417927 -0.178689 0.557343 -0.019530 0.378423 0.096708 0.920360
1341839127.598400 -2.422544 -0.181473 0.562613 -0.017926 0.379509 0.100568 0.919531
1341839127.637300 -2.428801 -0.185485 0.569779 -0.015895 0.379840 0.101292 0.919352
1341839127.666900 -2.433438 -0.187848 0.575652 -0.015728 0.380598 0.099550 0.919232
1341839127.696800 -2.437664 -0.190217 0.581841 -0.014272 0.380363 0.099821 0.919324
1341839127.736800 -2.443664 -0.193151 0.589857 -0.014806 0.381180 0.103549 0.918564
1341839127.768200 -2.447791 -0.194880 0.595454 -0.015539 0.381358 0.102075 0.918643
1341839127.798400 -2.451716 -0.196494 0.601326 -0.015013 0.382455 0.100405 0.918380
1341839127.836900 -2.456463 -0.198886 0.608161 -0.012667 0.383730 0.100438 0.917880
1341839127.866800 -2.458942 -0.200128 0.613326 -0.011871 0.386249 0.103297 0.916515
1341839127.896900 -2.461700 -0.201744 0.618344 -0.012983 0.387141 0.106392 0.915770
1341839127.936800 -2.464717 -0.203861 0.624449 -0.010866 0.388819 0.106408 0.915084
1341839127.967000 -2.466540 -0.205834 0.629002 -0.010204 0.391357 0.105808 0.914079
1341839127.996900 -2.468436 -0.207830 0.633618 -0.008894 0.391144 0.106894 0.914057
1341839128.036900 -2.471791 -0.210013 0.639309 -0.007391 0.390343 0.107711 0.914317
1341839128.066800 -2.473631 -0.210635 0.642768 -0.007087 0.391237 0.105020 0.914251
1341839128.106900 -2.475012 -0.211054 0.647148 -0.010813 0.396057 0.109137 0.911653
1341839128.137600 -2.476141 -0.212340 0.650398 -0.012989 0.397856 0.118277 0.909699
1341839128.166800 -2.478115 -0.213196 0.653616 -0.015070 0.395842 0.122952 0.909926
1341839128.206800 -2.480691 -0.213865 0.657780 -0.013368 0.397688 0.115862 0.910078
1341839128.236800 -2.482783 -0.214623 0.660427 -0.011518 0.398621 0.113551 0.909986
1341839128.266900 -2.484405 -0.215693 0.663659 -0.011185 0.398235 0.117418 0.909669
1341839128.306800 -2.486342 -0.217331 0.667575 -0.014207 0.399592 0.121905 0.908440
1341839128.336800 -2.487441 -0.218566 0.670093 -0.013319 0.400661 0.121496 0.908037
1341839128.376800 -2.489172 -0.220465 0.674149 -0.013176 0.400832 0.120170 0.908141
1341839128.406800 -2.489571 -0.221658 0.676862 -0.014168 0.401879 0.120429 0.907628
1341839128.438400 -2.489771 -0.223255 0.679813 -0.014308 0.404726 0.122231 0.906119
1341839128.476800 -2.490034 -0.225803 0.684224 -0.012871 0.406024 0.123693 0.905361
1341839128.506800 -2.490533 -0.227541 0.687563 -0.013829 0.406989 0.123388 0.904955
1341839128.536800 -2.491744 -0.228522 0.691145 -0.016031 0.408348 0.121836 0.904517
1341839128.576800 -2.492659 -0.230197 0.696070 -0.014923 0.411692 0.122631 0.902911
1341839128.606800 -2.493074 -0.231427 0.700950 -0.013192 0.413281 0.125798 0.901776
1341839128.636800 -2.494068 -0.232373 0.706209 -0.016378 0.413431 0.128935 0.901211
1341839128.676800 -2.495439 -0.234319 0.713648 -0.014115 0.416952 0.128228 0.899727
1341839128.706800 -2.496120 -0.235909 0.719817 -0.012276 0.418156 0.130005 0.898940
1341839128.736800 -2.497469 -0.237664 0.726725 -0.013471 0.417837 0.134087 0.898472
1341839128.776800 -2.500046 -0.239851 0.735983 -0.013832 0.417195 0.134191 0.898749
1341839128.811000 -2.502092 -0.241317 0.742665 -0.012652 0.418532 0.131981 0.898472
1341839128.836800 -2.503910 -0.242759 0.748989 -0.013276 0.421816 0.133592 0.896687
1341839128.876900 -2.507042 -0.245552 0.757855 -0.013546 0.423800 0.143722 0.894178
1341839128.906800 -2.510000 -0.247364 0.764298 -0.016868 0.422527 0.145795 0.894388
1341839128.937200 -2.513184 -0.249295 0.771065 -0.017725 0.424262 0.140707 0.894365
1341839128.976900 -2.517727 -0.252361 0.779773 -0.015301 0.426239 0.135465 0.894279
1341839129.006800 -2.521537 -0.254404 0.786247 -0.019150 0.424504 0.141558 0.894087
1341839129.036800 -2.524841 -0.256848 0.792373 -0.022044 0.426094 0.144343 0.892817
1341839129.076800 -2.528851 -0.259794 0.800168 -0.018810 0.430520 0.142360 0.891085
1341839129.106800 -2.531611 -0.261728 0.806952 -0.019422 0.429881 0.144878 0.890975
1341839129.136800 -2.534654 -0.263754 0.813691 -0.022892 0.428560 0.148938 0.890859
1341839129.176800 -2.536700 -0.266432 0.821967 -0.022342 0.432496 0.147327 0.889237
1341839129.206800 -2.538176 -0.268373 0.828501 -0.021417 0.435338 0.148975 0.887597
1341839129.236800 -2.539532 -0.270694 0.835506 -0.022664 0.434625 0.154147 0.887032
1341839129.276800 -2.540902 -0.274135 0.844438 -0.022065 0.437924 0.156787 0.884960
1341839129.306800 -2.541465 -0.276624 0.851039 -0.020371 0.440479 0.154924 0.884060
1341839129.349700 -2.542706 -0.279174 0.860449 -0.021091 0.439265 0.155681 0.884514
1341839129.376800 -2.542588 -0.281483 0.867746 -0.022551 0.438951 0.157437 0.884323
1341839129.407300 -2.542533 -0.283532 0.874908 -0.021753 0.441906 0.156832 0.882978
1341839129.446800 -2.541796 -0.285294 0.884535 -0.019531 0.443756 0.157413 0.881998
1341839129.476900 -2.541693 -0.286428 0.892405 -0.020647 0.442530 0.160634 0.882008
1341839129.506900 -2.541633 -0.287534 0.899607 -0.022577 0.443866 0.161017 0.881219
1341839129.546800 -2.542318 -0.288453 0.907747 -0.022421 0.445787 0.161271 0.880206
1341839129.576800 -2.542909 -0.289781 0.913487 -0.025637 0.445928 0.165910 0.879184
1341839129.616800 -2.543312 -0.292915 0.921292 -0.023298 0.449044 0.166347 0.877579
1341839129.647000 -2.543812 -0.294264 0.926501 -0.025432 0.448972 0.162694 0.878242
1341839129.676900 -2.544104 -0.296158 0.931749 -0.027780 0.450016 0.162121 0.877742
1341839129.716900 -2.543358 -0.300238 0.938960 -0.024549 0.450714 0.163772 0.877173
1341839129.746900 -2.542943 -0.303031 0.944064 -0.023779 0.450921 0.164795 0.876896
1341839129.776800 -2.543128 -0.305413 0.948313 -0.025192 0.454194 0.162981 0.875505
1341839129.816800 -2.543081 -0.309124 0.953597 -0.020450 0.456786 0.163177 0.874244
1341839129.846900 -2.543348 -0.312002 0.958039 -0.021493 0.454843 0.166972 0.874515
1341839129.876800 -2.543609 -0.314832 0.962349 -0.023605 0.454919 0.165265 0.874745
1341839129.916800 -2.543699 -0.318305 0.967562 -0.018252 0.459716 0.158584 0.873601
1341839129.947700 -2.544510 -0.320800 0.971518 -0.017831 0.459917 0.161515 0.872967
1341839129.976800 -2.545057 -0.323252 0.975952 -0.020795 0.460018 0.163794 0.872423
1341839130.016900 -2.545801 -0.326370 0.981641 -0.020797 0.462374 0.159539 0.871966
1341839130.047400 -2.546920 -0.328678 0.986253 -0.019382 0.463104 0.158664 0.871771
1341839130.076800 -2.547580 -0.330689 0.991819 -0.019337 0.462123 0.160613 0.871936
1341839130.116800 -2.548862 -0.332987 0.998760 -0.021313 0.463678 0.162546 0.870705
1341839130.146900 -2.550578 -0.335154 1.004150 -0.016623 0.464927 0.161719 0.870295
1341839130.176800 -2.552150 -0.336805 1.009582 -0.014947 0.465984 0.162130 0.869683
1341839130.216900 -2.554944 -0.338225 1.017301 -0.018531 0.467128 0.165325 0.868399
1341839130.250300 -2.557148 -0.339235 1.022712 -0.017410 0.468723 0.166880 0.867264
1341839130.276800 -2.559135 -0.340504 1.027963 -0.013363 0.471938 0.167633 0.865445
1341839130.316800 -2.562278 -0.342087 1.035534 -0.015690 0.473849 0.170283 0.863843
1341839130.346900 -2.565268 -0.344670 1.040871 -0.014527 0.474040 0.173622 0.863093
1341839130.386800 -2.569108 -0.347471 1.047973 -0.009563 0.477696 0.172898 0.861291
1341839130.416900 -2.572439 -0.348943 1.053169 -0.011293 0.480369 0.173267 0.859707
1341839130.446800 -2.575711 -0.350818 1.058599 -0.011763 0.481338 0.176850 0.858429
1341839130.486900 -2.579710 -0.353668 1.066128 -0.013086 0.481809 0.179941 0.857502
1341839130.516800 -2.582710 -0.355734 1.071801 -0.012558 0.485508 0.178452 0.855733
1341839130.546900 -2.585244 -0.358350 1.078123 -0.011141 0.486063 0.180719 0.854961
1341839130.586800 -2.589639 -0.362263 1.086531 -0.013880 0.482676 0.183688 0.856207
1341839130.616800 -2.592796 -0.364661 1.092529 -0.012856 0.485012 0.178609 0.855977
1341839130.647100 -2.596424 -0.366557 1.098011 -0.014426 0.487574 0.176969 0.854837
1341839130.686700 -2.601562 -0.370672 1.105488 -0.013030 0.487566 0.182122 0.853781
1341839130.716800 -2.605411 -0.373346 1.111056 -0.013912 0.487413 0.182817 0.853705
1341839130.746900 -2.609189 -0.375713 1.116663 -0.015551 0.489479 0.179044 0.853295
1341839130.787800 -2.614520 -0.379471 1.123734 -0.014608 0.492236 0.178235 0.851894
1341839130.816800 -2.617658 -0.382713 1.129127 -0.013675 0.492791 0.182672 0.850648
1341839130.857600 -2.622745 -0.386996 1.137072 -0.017954 0.492244 0.186064 0.850149
1341839130.887100 -2.626263 -0.390358 1.143083 -0.015668 0.494239 0.181317 0.850063
1341839130.916900 -2.629911 -0.393529 1.148857 -0.012768 0.495661 0.178778 0.849821
1341839130.956800 -2.634212 -0.396945 1.156771 -0.012940 0.496204 0.182725 0.848661
1341839130.987000 -2.637511 -0.400048 1.162659 -0.014852 0.496428 0.185899 0.847809
1341839131.019300 -2.640882 -0.403269 1.168577 -0.011254 0.497960 0.184829 0.847200
1341839131.056800 -2.645398 -0.406707 1.176550 -0.010775 0.497091 0.181258 0.848487
1341839131.087600 -2.648699 -0.408822 1.182644 -0.011971 0.496713 0.180165 0.848925
1341839131.116800 -2.651625 -0.410865 1.188253 -0.012560 0.496697 0.182215 0.848488
1341839131.156900 -2.655688 -0.412653 1.195786 -0.012115 0.496235 0.184290 0.848317
1341839131.186800 -2.658656 -0.413350 1.200901 -0.015227 0.495885 0.184578 0.848409
1341839131.216800 -2.661124 -0.414496 1.205800 -0.016528 0.497578 0.184385 0.847434
1341839131.256900 -2.664085 -0.415838 1.212413 -0.015794 0.497149 0.187481 0.847021
1341839131.287500 -2.666645 -0.416869 1.217876 -0.017987 0.495386 0.189703 0.847515
1341839131.316800 -2.669048 -0.417663 1.222980 -0.020464 0.495834 0.188454 0.847475
1341839131.356800 -2.671374 -0.419410 1.229548 -0.017223 0.497871 0.187799 0.846498
1341839131.386800 -2.672930 -0.420728 1.234649 -0.018899 0.497360 0.191807 0.845864
1341839131.416800 -2.674495 -0.422518 1.239880 -0.020324 0.496967 0.192998 0.845791
1341839131.456700 -2.676333 -0.425329 1.246462 -0.018582 0.497850 0.188157 0.846402
1341839131.486800 -2.677244 -0.427662 1.251149 -0.017460 0.498557 0.186425 0.846394
1341839131.516800 -2.678108 -0.430212 1.256437 -0.017703 0.498522 0.189408 0.845746
1341839131.556800 -2.679120 -0.434209 1.263379 -0.018083 0.497931 0.192049 0.845491
1341839131.586800 -2.680333 -0.436920 1.268518 -0.016849 0.498113 0.189296 0.846030
1341839131.626900 -2.682356 -0.440395 1.276056 -0.015446 0.498001 0.187351 0.846556
1341839131.656800 -2.683595 -0.442922 1.281863 -0.014418 0.497680 0.189168 0.846358
1341839131.686800 -2.684692 -0.445544 1.287642 -0.013395 0.498170 0.190287 0.845836
1341839131.716800 -2.685939 -0.447837 1.293683 -0.011865 0.498164 0.188896 0.846174
1341839131.758300 -2.687974 -0.450419 1.301693 -0.011379 0.497876 0.189370 0.846244
1341839131.786800 -2.689341 -0.452331 1.307265 -0.011017 0.498579 0.190714 0.845533
1341839131.826800 -2.692173 -0.454476 1.314045 -0.012972 0.499283 0.192624 0.844656
1341839131.856800 -2.694713 -0.456540 1.318835 -0.012570 0.499977 0.193043 0.844156
1341839131.887100 -2.697396 -0.458415 1.323688 -0.013633 0.500170 0.192457 0.844159
1341839131.926800 -2.700495 -0.461121 1.329953 -0.012563 0.502501 0.191382 0.843035
1341839131.966800 -2.703666 -0.463945 1.336248 -0.013403 0.503144 0.195377 0.841721
1341839131.986800 -2.705432 -0.465439 1.339472 -0.015292 0.503024 0.196034 0.841608
1341839132.026800 -2.708684 -0.468946 1.345893 -0.012113 0.505343 0.192056 0.841187
1341839132.056800 -2.711359 -0.471056 1.350511 -0.011075 0.506041 0.191802 0.840840
1341839132.096800 -2.714723 -0.473710 1.356332 -0.012512 0.507572 0.195175 0.839119
1341839132.126800 -2.717314 -0.475606 1.360654 -0.011778 0.510358 0.198195 0.836729
1341839132.156800 -2.719566 -0.477530 1.365357 -0.010641 0.512355 0.200262 0.835030
1341839132.196800 -2.722908 -0.480499 1.372345 -0.011750 0.512153 0.201576 0.834823
1341839132.226800 -2.725420 -0.483124 1.376332 -0.011844 0.515323 0.200888 0.833034
1341839132.256800 -2.728326 -0.485399 1.381407 -0.010697 0.515694 0.204351 0.831977
1341839132.296800 -2.731931 -0.487798 1.387988 -0.011728 0.515043 0.206859 0.831747
1341839132.326900 -2.734105 -0.489556 1.392528 -0.009773 0.517977 0.205195 0.830361
1341839132.356800 -2.735993 -0.490987 1.397048 -0.009817 0.519809 0.207423 0.828660
1341839132.399500 -2.738308 -0.492637 1.403351 -0.010098 0.520451 0.211840 0.827135
1341839132.426800 -2.739839 -0.494140 1.407784 -0.009158 0.521781 0.212395 0.826166
1341839132.457800 -2.741587 -0.495383 1.412377 -0.008752 0.524676 0.211480 0.824570
1341839132.496800 -2.743854 -0.496826 1.419284 -0.010204 0.524015 0.213075 0.824562
1341839132.526700 -2.745695 -0.497954 1.424441 -0.012840 0.523236 0.213878 0.824813
1341839132.558200 -2.747034 -0.499626 1.429349 -0.011010 0.525563 0.212346 0.823755
1341839132.596800 -2.749089 -0.502177 1.436090 -0.009034 0.525804 0.215207 0.822882
1341839132.630300 -2.750890 -0.504276 1.441877 -0.010975 0.523180 0.218613 0.823633
1341839132.656800 -2.751977 -0.506613 1.447458 -0.012938 0.523253 0.216007 0.824245
1341839132.697000 -2.754474 -0.510012 1.454477 -0.010787 0.523417 0.210440 0.825610
1341839132.726800 -2.756679 -0.512434 1.459679 -0.009980 0.521294 0.210401 0.826973
1341839132.756700 -2.758653 -0.514596 1.464458 -0.012290 0.518933 0.211307 0.828195
1341839132.796800 -2.760942 -0.517326 1.469921 -0.011088 0.517922 0.209706 0.829251
1341839132.826800 -2.762576 -0.519105 1.473348 -0.007274 0.517445 0.212734 0.828819
1341839132.856800 -2.764278 -0.520953 1.476672 -0.006496 0.515346 0.219229 0.828441
1341839132.896800 -2.766558 -0.522705 1.480307 -0.005759 0.514902 0.223225 0.827655
1341839132.926800 -2.768502 -0.524310 1.482655 -0.004345 0.515429 0.223018 0.827392
1341839132.956700 -2.770420 -0.526194 1.484302 -0.002730 0.515109 0.223911 0.827357
1341839132.997100 -2.772758 -0.528733 1.485695 0.000631 0.514747 0.225410 0.827179
1341839133.026800 -2.774572 -0.530636 1.486512 -0.001747 0.515234 0.225584 0.826827
1341839133.066800 -2.776957 -0.533383 1.487301 -0.000988 0.515137 0.222600 0.827697
1341839133.096800 -2.778824 -0.535023 1.487684 -0.000465 0.515489 0.221004 0.827906
1341839133.126800 -2.780771 -0.536547 1.488331 -0.003226 0.515986 0.221001 0.827591
1341839133.166800 -2.783305 -0.538258 1.489488 -0.003924 0.516810 0.217524 0.827994
1341839133.196700 -2.785489 -0.539195 1.490863 -0.005613 0.517194 0.215487 0.828278
1341839133.226800 -2.788121 -0.540133 1.492820 -0.007549 0.516540 0.214011 0.829053
1341839133.266800 -2.791477 -0.541116 1.495183 -0.006358 0.517627 0.212940 0.828661
1341839133.296800 -2.794390 -0.541534 1.497166 -0.005747 0.519753 0.214420 0.826951
1341839133.336800 -2.798862 -0.541788 1.501023 -0.005463 0.519091 0.217118 0.826665
1341839133.366800 -2.802603 -0.541431 1.504378 -0.005216 0.519776 0.218820 0.825786
1341839133.397200 -2.807544 -0.540666 1.507756 -0.008661 0.519569 0.220594 0.825416
1341839133.436700 -2.814238 -0.539568 1.512533 -0.007886 0.521611 0.217878 0.824857
1341839133.466800 -2.819414 -0.538593 1.516502 -0.009500 0.520829 0.218024 0.825295
1341839133.496700 -2.824723 -0.537851 1.520231 -0.012870 0.521608 0.220853 0.824004
1341839133.536900 -2.831488 -0.537153 1.524937 -0.012780 0.523565 0.223254 0.822116
1341839133.566800 -2.836076 -0.536790 1.528259 -0.012607 0.525351 0.224852 0.820542
1341839133.596800 -2.841038 -0.536499 1.532066 -0.016490 0.526503 0.227388 0.819034
1341839133.636800 -2.847255 -0.537362 1.536984 -0.015514 0.529268 0.228535 0.816949
1341839133.676900 -2.853083 -0.538326 1.542784 -0.015723 0.529194 0.230901 0.816328
1341839133.706800 -2.856820 -0.539039 1.547634 -0.018849 0.529969 0.230798 0.815788
1341839133.736700 -2.860553 -0.540223 1.552316 -0.017934 0.531177 0.232040 0.814670
1341839133.776800 -2.865733 -0.542190 1.559437 -0.017455 0.529142 0.234277 0.815364
1341839133.806700 -2.868720 -0.543549 1.564914 -0.018410 0.530611 0.233059 0.814737
1341839133.846800 -2.872855 -0.545549 1.572443 -0.016194 0.531369 0.232313 0.814503
1341839133.876900 -2.875858 -0.547239 1.578252 -0.014403 0.529733 0.235217 0.814769
1341839133.906800 -2.878664 -0.548863 1.584468 -0.015461 0.528456 0.235726 0.815432
1341839133.936800 -2.881519 -0.549800 1.590254 -0.016826 0.529480 0.233762 0.815305
1341839133.977100 -2.885739 -0.551919 1.598113 -0.017362 0.529128 0.233442 0.815615
1341839134.006800 -2.888692 -0.553590 1.604457 -0.017471 0.527522 0.233332 0.816683
1341839134.036800 -2.891864 -0.555519 1.610924 -0.019648 0.526847 0.231087 0.817707
1341839134.077000 -2.895833 -0.558116 1.619524 -0.019732 0.525889 0.226835 0.819510
1341839134.107000 -2.898596 -0.560568 1.626271 -0.020040 0.525458 0.226367 0.819909
1341839134.146800 -2.901957 -0.563810 1.635492 -0.023323 0.523275 0.226010 0.821315
1341839134.177400 -2.904090 -0.566620 1.642363 -0.023393 0.523571 0.223079 0.821926
1341839134.206800 -2.906415 -0.569968 1.648655 -0.021306 0.525701 0.222177 0.820867
1341839134.248700 -2.909877 -0.575262 1.658260 -0.013792 0.525545 0.227576 0.819647
1341839134.276800 -2.912991 -0.578806 1.666555 -0.015271 0.521403 0.229652 0.821685
1341839134.346800 -2.922270 -0.585980 1.685090 -0.011145 0.521035 0.224291 0.823464
1341839134.366800 -2.925338 -0.588022 1.690694 -0.011465 0.517694 0.226985 0.824827
1341839134.406800 -2.931335 -0.591637 1.702076 -0.014153 0.515993 0.227154 0.825804
1341839134.436900 -2.936136 -0.594791 1.710139 -0.011703 0.517787 0.223932 0.825599
1341839134.476800 -2.942129 -0.599065 1.721283 -0.009034 0.515454 0.225720 0.826605
1341839134.506800 -2.946654 -0.602175 1.729524 -0.011846 0.512819 0.227162 0.827813
1341839134.536800 -2.951022 -0.605660 1.737336 -0.011244 0.514719 0.223535 0.827629
1341839134.576800 -2.956757 -0.610847 1.747184 -0.007808 0.513940 0.220089 0.829075
1341839134.606900 -2.961035 -0.614965 1.754395 -0.004760 0.514640 0.221683 0.828239
1341839134.636800 -2.964749 -0.618994 1.761662 -0.005052 0.514880 0.222738 0.827805
1341839134.676800 -2.969486 -0.624716 1.769479 -0.000002 0.519024 0.219615 0.826065
1341839134.708500 -2.973094 -0.629046 1.775814 0.006166 0.520810 0.218062 0.825329
1341839134.737300 -2.976487 -0.632552 1.782230 0.003051 0.518504 0.221590 0.825859
1341839134.776800 -2.980776 -0.637567 1.789568 0.002686 0.520746 0.222010 0.824335
1341839134.809300 -2.983750 -0.641514 1.794263 0.009085 0.524271 0.220317 0.822507
1341839134.836800 -2.986161 -0.645182 1.799082 0.011713 0.525589 0.221720 0.821255
1341839134.876800 -2.989724 -0.649540 1.806087 0.010226 0.524216 0.223774 0.821595
1341839134.909700 -2.991836 -0.652171 1.810691 0.009922 0.526064 0.219898 0.821464
1341839134.936700 -2.993948 -0.654803 1.815294 0.010271 0.527790 0.217737 0.820928
1341839134.976700 -2.996533 -0.658051 1.821010 0.011744 0.530690 0.219135 0.818664
1341839135.006700 -2.998442 -0.659861 1.825994 0.011190 0.529030 0.221387 0.819140
1341839135.046700 -3.001113 -0.661533 1.832349 0.007633 0.531821 0.220263 0.817675
1341839135.076800 -3.002410 -0.662445 1.836329 0.007255 0.535964 0.217770 0.815638
1341839135.106800 -3.003468 -0.663931 1.841315 0.005613 0.536063 0.219856 0.815026
1341839135.136700 -3.003965 -0.665657 1.846389 0.005191 0.534590 0.221334 0.815597
1341839135.176700 -3.004641 -0.667905 1.852320 0.004965 0.539601 0.217170 0.813415
1341839135.206700 -3.004830 -0.669817 1.856738 0.005702 0.542576 0.216827 0.811520
1341839135.236800 -3.005110 -0.671803 1.861652 0.008659 0.540636 0.221068 0.811644
1341839135.276800 -3.005240 -0.673822 1.868140 0.004465 0.540307 0.222316 0.811556
1341839135.308800 -3.004981 -0.674933 1.872114 0.003378 0.545370 0.217315 0.809527
1341839135.336700 -3.004376 -0.676401 1.876199 0.008732 0.548354 0.216642 0.807649
1341839135.376800 -3.003162 -0.678217 1.882742 0.005268 0.545349 0.222301 0.808176
1341839135.406700 -3.001712 -0.679220 1.887030 0.001791 0.548520 0.219802 0.806728
1341839135.436700 -3.000511 -0.680734 1.890372 0.006181 0.554345 0.215513 0.803876
1341839135.476700 -2.999461 -0.683036 1.895604 0.006681 0.553633 0.220203 0.803092
1341839135.506800 -2.999057 -0.684618 1.899414 0.001356 0.553283 0.223276 0.802511
1341839135.546700 -2.998950 -0.686718 1.903475 0.001930 0.559770 0.218067 0.799438
1341839135.577200 -2.998293 -0.688649 1.906192 0.005672 0.564381 0.218257 0.796119
1341839135.607500 -2.997107 -0.690589 1.909831 0.004526 0.564159 0.224012 0.794684
1341839135.646700 -2.994787 -0.694219 1.914939 0.000619 0.566459 0.225513 0.792634
1341839135.677400 -2.993676 -0.697501 1.918466 0.004177 0.569766 0.220271 0.791726
1341839135.716700 -2.992695 -0.701992 1.923283 0.009314 0.570855 0.219717 0.791051
1341839135.746800 -2.991734 -0.704945 1.927073 0.006815 0.571801 0.222336 0.789661
1341839135.776700 -2.990836 -0.707637 1.930729 0.006291 0.574178 0.222017 0.788029
1341839135.816700 -2.990621 -0.711627 1.935317 0.009014 0.579003 0.222132 0.784431
1341839135.846800 -2.989607 -0.714136 1.939646 0.009528 0.579282 0.224581 0.783521
1341839135.878200 -2.989227 -0.716616 1.943883 0.006187 0.580234 0.225385 0.782618
1341839135.916800 -2.988360 -0.719678 1.950038 0.010085 0.581471 0.220297 0.783109
1341839135.946800 -2.988185 -0.721802 1.954169 0.009507 0.583877 0.220058 0.781391
1341839135.977600 -2.987666 -0.724002 1.958513 0.008084 0.584897 0.223499 0.779666
1341839136.016700 -2.987725 -0.727317 1.964763 0.008995 0.585054 0.227543 0.778367
1341839136.056800 -2.987218 -0.729835 1.971173 0.013343 0.586024 0.224764 0.778382
1341839136.116900 -2.987888 -0.733235 1.980300 0.011531 0.587078 0.224671 0.777644
1341839136.146900 -2.988182 -0.734434 1.983917 0.009840 0.586974 0.224617 0.777761
1341839136.176800 -2.987737 -0.735668 1.988531 0.009491 0.588684 0.223511 0.776791
1341839136.216800 -2.987606 -0.738365 1.993658 0.012558 0.590346 0.226154 0.774718
1341839136.246700 -2.988225 -0.741028 1.998088 0.014428 0.587402 0.229575 0.775916
1341839136.276800 -2.988911 -0.742961 2.002552 0.012236 0.585843 0.228641 0.777407
1341839136.316900 -2.989822 -0.745200 2.007273 0.014582 0.589028 0.222819 0.776650
1341839136.346700 -2.990179 -0.746939 2.010618 0.018153 0.589303 0.223781 0.776089
1341839136.386700 -2.990454 -0.748783 2.015433 0.015847 0.586666 0.229799 0.776379
1341839136.416800 -2.990745 -0.749558 2.019053 0.014048 0.587975 0.228512 0.775803
1341839136.446800 -2.990893 -0.750522 2.022611 0.014671 0.588849 0.225381 0.776044
1341839136.476800 -2.991344 -0.752052 2.026554 0.015323 0.587388 0.226299 0.776872
1341839136.516700 -2.991836 -0.753636 2.031529 0.013973 0.586120 0.228427 0.777232
1341839136.546700 -2.992610 -0.754712 2.034794 0.012809 0.587694 0.227407 0.776362
1341839136.576800 -2.992844 -0.755701 2.038715 0.017408 0.586516 0.226461 0.777439
1341839136.616800 -2.994246 -0.757207 2.043454 0.015360 0.585338 0.228714 0.777710
1341839136.646800 -2.995040 -0.758051 2.047254 0.013224 0.586155 0.228348 0.777242
1341839136.686800 -2.995545 -0.759448 2.052596 0.017049 0.586352 0.225778 0.777769
1341839136.716700 -2.997044 -0.760475 2.056300 0.015274 0.585929 0.227376 0.777659
1341839136.748700 -2.998790 -0.761200 2.060930 0.013649 0.584989 0.227622 0.778325
1341839136.786800 -3.001224 -0.762658 2.066696 0.012878 0.585258 0.225811 0.778663
1341839136.816700 -3.002462 -0.763972 2.070909 0.015530 0.585532 0.224986 0.778648
1341839136.846800 -3.004698 -0.765753 2.075212 0.013109 0.585368 0.228676 0.777740
1341839136.896800 -3.007987 -0.769077 2.082601 0.012631 0.586042 0.229096 0.777116
1341839136.916800 -3.009248 -0.770691 2.085577 0.015206 0.587297 0.227828 0.776496
1341839136.956800 -3.012061 -0.773775 2.091718 0.017549 0.587916 0.229349 0.775529
1341839136.986800 -3.014398 -0.775912 2.096716 0.015982 0.587698 0.230509 0.775384
1341839137.016700 -3.016735 -0.778050 2.101714 0.017451 0.588172 0.228721 0.775523
1341839137.056800 -3.020617 -0.781011 2.108080 0.018281 0.591978 0.227987 0.772820
1341839137.086800 -3.023533 -0.782958 2.113423 0.017788 0.592456 0.230848 0.771614
1341839137.116700 -3.026118 -0.785406 2.119277 0.019889 0.592081 0.233144 0.771160
1341839137.156700 -3.030662 -0.788578 2.126216 0.020800 0.595458 0.231961 0.768890
1341839137.188100 -3.034002 -0.791135 2.131472 0.022179 0.599406 0.231504 0.765915
1341839137.226700 -3.038922 -0.794803 2.138893 0.024879 0.599371 0.235855 0.764531
1341839137.257200 -3.043256 -0.797589 2.144175 0.022524 0.600554 0.238597 0.762823
1341839137.289000 -3.047645 -0.800443 2.149053 0.022790 0.605016 0.237295 0.759689
1341839137.316700 -3.052085 -0.803129 2.153464 0.026503 0.607287 0.237036 0.757835
1341839137.356700 -3.057829 -0.806788 2.160252 0.025802 0.608622 0.241609 0.755340
1341839137.388100 -3.061999 -0.809477 2.164973 0.024272 0.611454 0.242573 0.752790
1341839137.416700 -3.066371 -0.812094 2.169487 0.025545 0.615945 0.240295 0.749811
1341839137.456800 -3.071712 -0.815724 2.175024 0.025845 0.616804 0.242406 0.748414
1341839137.487800 -3.075107 -0.818442 2.179843 0.025156 0.618156 0.242819 0.747187
1341839137.516700 -3.078643 -0.821160 2.184656 0.024281 0.620765 0.240252 0.745882
1341839137.556700 -3.083666 -0.823798 2.189511 0.021431 0.622899 0.238916 0.744619
1341839137.596700 -3.088305 -0.825973 2.195451 0.020056 0.625131 0.237882 0.743116
1341839137.626700 -3.092251 -0.827462 2.200089 0.017123 0.626648 0.238375 0.741752
1341839137.656700 -3.096218 -0.828529 2.205329 0.016812 0.627356 0.239530 0.740788
1341839137.696700 -3.101274 -0.829747 2.213026 0.016267 0.628556 0.241248 0.739224
1341839137.726800 -3.104849 -0.830493 2.219151 0.014575 0.628266 0.241868 0.739304
1341839137.756800 -3.108557 -0.831566 2.225001 0.012030 0.628291 0.243535 0.738780
1341839137.796800 -3.113087 -0.833123 2.233652 0.014093 0.629063 0.242881 0.738302
1341839137.826700 -3.116663 -0.833868 2.239777 0.011127 0.628497 0.244063 0.738445
1341839137.858900 -3.119756 -0.834925 2.246186 0.010414 0.628301 0.243947 0.738660
1341839137.896700 -3.124078 -0.837214 2.254807 0.011360 0.630247 0.243793 0.737037
1341839137.926700 -3.126673 -0.838345 2.261135 0.011142 0.628104 0.245668 0.738247
1341839137.966700 -3.130080 -0.840569 2.269893 0.007642 0.627907 0.246449 0.738198
1341839137.996700 -3.132528 -0.842359 2.275990 0.010303 0.628848 0.243778 0.738252
1341839138.026800 -3.135080 -0.844225 2.282883 0.011035 0.627696 0.243266 0.739390
1341839138.067000 -3.137512 -0.846176 2.292081 0.008883 0.627260 0.244362 0.739427
1341839138.096800 -3.139492 -0.848185 2.298796 0.010243 0.628350 0.244920 0.738299
1341839138.136700 -3.142103 -0.850564 2.308886 0.011402 0.627051 0.247044 0.738678
1341839138.166700 -3.143626 -0.851994 2.316656 0.010527 0.625687 0.247125 0.739820
1341839138.196700 -3.145417 -0.853608 2.324048 0.011913 0.626879 0.246830 0.738888
1341839138.236700 -3.146623 -0.856057 2.332592 0.016009 0.627601 0.249013 0.737464
1341839138.266700 -3.147055 -0.857937 2.339569 0.016332 0.626402 0.251688 0.737568
1341839138.296700 -3.147950 -0.859737 2.345728 0.014826 0.626251 0.251446 0.737811
1341839138.336800 -3.148756 -0.861594 2.353224 0.013671 0.626620 0.248524 0.738510
1341839138.366700 -3.149190 -0.862780 2.358571 0.010275 0.626989 0.245072 0.739404
1341839138.396700 -3.149515 -0.863748 2.363022 0.008452 0.626848 0.242615 0.740357
1341839138.436800 -3.149528 -0.864466 2.368555 0.009391 0.627563 0.243452 0.739465
1341839138.466700 -3.149047 -0.864988 2.372374 0.009194 0.628236 0.246425 0.737909
1341839138.496700 -3.148499 -0.865347 2.376331 0.008786 0.629492 0.247836 0.736369
1341839138.537300 -3.147408 -0.865995 2.380807 0.008853 0.630855 0.247959 0.735159
1341839138.567500 -3.146416 -0.866682 2.384212 0.008955 0.632042 0.247093 0.734430
1341839138.596800 -3.145775 -0.868050 2.387432 0.007006 0.632119 0.248960 0.733754
1341839138.636700 -3.143998 -0.869177 2.392367 0.007491 0.633190 0.246711 0.733586
1341839138.667300 -3.142491 -0.869700 2.395326 0.006910 0.634844 0.245410 0.732598
1341839138.696700 -3.140705 -0.869943 2.398398 0.006628 0.636454 0.244623 0.731466
1341839138.736800 -3.138388 -0.870290 2.402358 0.005598 0.638093 0.247374 0.729118
1341839138.766700 -3.136886 -0.870248 2.405521 0.003826 0.637943 0.249689 0.728471
1341839138.796700 -3.135326 -0.869715 2.409089 0.002176 0.639402 0.249304 0.727329
1341839138.836800 -3.132391 -0.868915 2.413715 0.000027 0.641005 0.248643 0.726147
1341839138.867800 -3.129630 -0.868790 2.417262 -0.000132 0.642962 0.248008 0.724632
1341839138.896800 -3.126951 -0.869066 2.421036 0.000520 0.644499 0.246754 0.723694
1341839138.936800 -3.124024 -0.869633 2.425620 -0.002057 0.646470 0.248907 0.721192
1341839138.966700 -3.122519 -0.869968 2.428647 -0.002521 0.647652 0.250426 0.719602
1341839139.006700 -3.121276 -0.870427 2.432897 -0.005751 0.650138 0.253305 0.716327
1341839139.036800 -3.119649 -0.870625 2.436431 -0.006065 0.651680 0.252572 0.715181
1341839139.066700 -3.118864 -0.870769 2.439797 -0.009668 0.653589 0.254091 0.712858
1341839139.106700 -3.117152 -0.871447 2.444665 -0.012894 0.654864 0.257940 0.710249
1341839139.136800 -3.115270 -0.872686 2.448736 -0.012524 0.655761 0.259224 0.708960
1341839139.168000 -3.113504 -0.874110 2.452134 -0.010799 0.658377 0.257356 0.707242
1341839139.206800 -3.111604 -0.875994 2.457403 -0.011957 0.659575 0.256164 0.706540
1341839139.238400 -3.110860 -0.877886 2.461491 -0.011926 0.660593 0.256687 0.705398
1341839139.266800 -3.109719 -0.879610 2.464528 -0.012136 0.661267 0.259168 0.703854
1341839139.306800 -3.107924 -0.881393 2.468926 -0.014493 0.665128 0.258442 0.700431
1341839139.336700 -3.106537 -0.883030 2.472908 -0.014156 0.665068 0.258254 0.700563
1341839139.407000 -3.103704 -0.887413 2.481001 -0.014516 0.668305 0.256806 0.698003
1341839139.436900 -3.102440 -0.889093 2.484511 -0.012849 0.671192 0.254979 0.695933
1341839139.476700 -3.101024 -0.891090 2.489493 -0.013575 0.670081 0.258490 0.695694
1341839139.507800 -3.100195 -0.892957 2.493218 -0.014787 0.672320 0.258274 0.693586
1341839139.576900 -3.098344 -0.895165 2.501452 -0.016855 0.676245 0.257544 0.689986
1341839139.598000 -3.097743 -0.895469 2.504076 -0.018277 0.676294 0.257868 0.689780
1341839139.636800 -3.096323 -0.896429 2.509131 -0.019822 0.677905 0.259039 0.687714
1341839139.670200 -3.095016 -0.897148 2.513516 -0.018982 0.681919 0.258116 0.684107
1341839139.696800 -3.094073 -0.897655 2.518187 -0.019137 0.682737 0.258413 0.683174
1341839139.736800 -3.092305 -0.898359 2.523424 -0.020944 0.683007 0.261611 0.681632
1341839139.768000 -3.091553 -0.898885 2.527555 -0.021604 0.683977 0.262859 0.680157
1341839139.796700 -3.090621 -0.899582 2.532458 -0.021493 0.684455 0.263928 0.679266
1341839139.836700 -3.089744 -0.900946 2.538623 -0.022773 0.682765 0.265091 0.680471
1341839139.866900 -3.089700 -0.901985 2.542689 -0.024877 0.685398 0.264184 0.678098
1341839139.896700 -3.089530 -0.903546 2.547023 -0.023817 0.686275 0.265781 0.676624
1341839139.936900 -3.089496 -0.905374 2.552985 -0.023506 0.682564 0.268421 0.679341
1341839139.966700 -3.088875 -0.906510 2.556739 -0.024658 0.682947 0.265344 0.680123
1341839139.996700 -3.088576 -0.907473 2.559715 -0.025451 0.685783 0.263219 0.678063
1341839140.036700 -3.087256 -0.909180 2.563593 -0.021193 0.687260 0.266470 0.675439
1341839140.066700 -3.087104 -0.910002 2.566764 -0.021465 0.685557 0.268583 0.676324
1341839140.096700 -3.087229 -0.910868 2.569756 -0.024865 0.687244 0.267170 0.675054
1341839140.136700 -3.088508 -0.911825 2.573269 -0.026116 0.690441 0.263706 0.673104
1341839140.166700 -3.088216 -0.912554 2.576479 -0.025015 0.689056 0.266612 0.673420
1341839140.196900 -3.087657 -0.913617 2.580031 -0.029452 0.686762 0.272826 0.673095
1341839140.236700 -3.086941 -0.914949 2.584922 -0.030447 0.690626 0.268113 0.670988
1341839140.266800 -3.086972 -0.916718 2.588947 -0.028484 0.690950 0.266826 0.671253
1341839140.296700 -3.087243 -0.918325 2.593697 -0.029794 0.690402 0.268270 0.671184
1341839140.338300 -3.088003 -0.920787 2.599924 -0.031013 0.692190 0.268107 0.669350
1341839140.366700 -3.088979 -0.922484 2.604612 -0.030779 0.692646 0.268483 0.668739
1341839140.406700 -3.090695 -0.925157 2.611700 -0.031283 0.692588 0.271003 0.667757
1341839140.436700 -3.091708 -0.927565 2.617183 -0.031175 0.694300 0.271497 0.665781
1341839140.466700 -3.092931 -0.929948 2.622591 -0.029880 0.696019 0.271223 0.664156
1341839140.506700 -3.094830 -0.933380 2.630601 -0.030097 0.694612 0.273182 0.664816
1341839140.536700 -3.096494 -0.935810 2.636425 -0.030518 0.696823 0.271062 0.663349
1341839140.566700 -3.098066 -0.938261 2.641719 -0.029716 0.700000 0.270324 0.660334
1341839140.606700 -3.100549 -0.941550 2.650207 -0.028696 0.699732 0.274996 0.658733
1341839140.637000 -3.102395 -0.944033 2.657057 -0.031717 0.699502 0.277535 0.657773
1341839140.676700 -3.104910 -0.947186 2.666346 -0.032757 0.701596 0.274792 0.656642
1341839140.706700 -3.107245 -0.949311 2.673079 -0.033281 0.703048 0.273955 0.655412
1341839140.736700 -3.108699 -0.951565 2.680780 -0.033038 0.702866 0.277811 0.653994
1341839140.776700 -3.110649 -0.955429 2.689987 -0.033907 0.704710 0.281802 0.650248
1341839140.806700 -3.112523 -0.958150 2.697502 -0.033157 0.705024 0.281656 0.650009
1341839140.836700 -3.113834 -0.961489 2.704969 -0.033709 0.704425 0.281176 0.650837
1341839140.876700 -3.114998 -0.965285 2.714007 -0.034600 0.706544 0.279059 0.649404
1341839140.906800 -3.115993 -0.968244 2.720722 -0.034497 0.707309 0.280360 0.648014
1341839140.946700 -3.117025 -0.972514 2.729896 -0.034351 0.707890 0.283742 0.645912
1341839140.977600 -3.117389 -0.975925 2.736700 -0.035055 0.708936 0.282414 0.645308
1341839141.006800 -3.118143 -0.979032 2.744424 -0.038483 0.708420 0.282589 0.645603
1341839141.036700 -3.117593 -0.983180 2.751227 -0.037178 0.709199 0.279743 0.646064
1341839141.076800 -3.117884 -0.988379 2.761226 -0.036449 0.708184 0.282387 0.646068
1341839141.106700 -3.117757 -0.991911 2.768082 -0.035781 0.709202 0.281171 0.645519
1341839141.136700 -3.117320 -0.995724 2.774248 -0.034388 0.710379 0.278966 0.645258
1341839141.176700 -3.117059 -1.000329 2.782905 -0.031458 0.711555 0.276704 0.645085
1341839141.206700 -3.118216 -1.003054 2.790148 -0.033899 0.710365 0.279254 0.645174
1341839141.236700 -3.118045 -1.005921 2.796042 -0.034609 0.711733 0.277105 0.644555
1341839141.276700 -3.119441 -1.009378 2.803839 -0.031058 0.714964 0.275119 0.642006
1341839141.308100 -3.120946 -1.011464 2.811072 -0.032107 0.713662 0.278828 0.641803
1341839141.336800 -3.121671 -1.013532 2.818270 -0.033814 0.712757 0.279438 0.642455
1341839141.376800 -3.123601 -1.016027 2.827219 -0.035406 0.713577 0.276673 0.642655
1341839141.406800 -3.124718 -1.017615 2.833670 -0.033288 0.716997 0.273442 0.640341
1341839141.436700 -3.125126 -1.019585 2.840014 -0.033383 0.716498 0.276183 0.639718
1341839141.476800 -3.126275 -1.022155 2.848893 -0.033814 0.716154 0.279534 0.638624
1341839141.506800 -3.127019 -1.024473 2.854721 -0.034501 0.718074 0.277955 0.637118
1341839141.536700 -3.127357 -1.026656 2.861067 -0.032856 0.719115 0.275590 0.637059
1341839141.577800 -3.127817 -1.029576 2.868570 -0.032395 0.720386 0.275469 0.635697
1341839141.606700 -3.127561 -1.031710 2.874206 -0.031220 0.721383 0.278131 0.633463
1341839141.646700 -3.127444 -1.035338 2.881328 -0.030234 0.721786 0.279483 0.632455
1341839141.676700 -3.126907 -1.037287 2.887042 -0.030685 0.721599 0.275523 0.634382
1341839141.706800 -3.127434 -1.039677 2.892778 -0.035416 0.720095 0.273885 0.636550
1341839141.746700 -3.126804 -1.043140 2.899454 -0.031625 0.722200 0.272013 0.635166
1341839141.776700 -3.125865 -1.045484 2.903915 -0.031208 0.721488 0.275495 0.634494
1341839141.806700 -3.125099 -1.047597 2.909204 -0.033595 0.721003 0.276557 0.634462
1341839141.846700 -3.123755 -1.051111 2.915741 -0.030408 0.723424 0.271033 0.634251
1341839141.876700 -3.122608 -1.052680 2.920415 -0.028366 0.723299 0.270940 0.634527
1341839141.916700 -3.121423 -1.054736 2.927622 -0.033577 0.722074 0.273056 0.634762
1341839141.948500 -3.120159 -1.056122 2.932969 -0.034430 0.724029 0.269636 0.633951
1341839141.978200 -3.119044 -1.057472 2.936741 -0.033708 0.725262 0.267782 0.633366
1341839142.016700 -3.116735 -1.058985 2.942462 -0.037139 0.725836 0.268909 0.632037
1341839142.046800 -3.115299 -1.059707 2.947152 -0.039613 0.726986 0.269566 0.630282
1341839142.116700 -3.109470 -1.062162 2.956744 -0.037580 0.731676 0.268732 0.625316
1341839142.146700 -3.106195 -1.063085 2.961440 -0.040058 0.732176 0.270018 0.624022
1341839142.176700 -3.102134 -1.064129 2.965899 -0.038811 0.734686 0.269398 0.621413
1341839142.216700 -3.096864 -1.066322 2.971800 -0.036190 0.738101 0.269238 0.617582
1341839142.246700 -3.093177 -1.068144 2.976640 -0.037107 0.736837 0.271796 0.617917
1341839142.276600 -3.090128 -1.070080 2.981488 -0.040003 0.736654 0.270859 0.618365
1341839142.317300 -3.086693 -1.072448 2.987248 -0.039257 0.741637 0.267624 0.613849
1341839142.347500 -3.083033 -1.074899 2.990882 -0.034639 0.746006 0.269425 0.608017
1341839142.376700 -3.080606 -1.076710 2.995372 -0.035516 0.746112 0.274250 0.605675
1341839142.416700 -3.076893 -1.079317 3.001209 -0.037191 0.749688 0.273268 0.601588
1341839142.446700 -3.073689 -1.081440 3.005694 -0.037599 0.752838 0.269978 0.599110
1341839142.476700 -3.070934 -1.083470 3.010796 -0.038116 0.753643 0.270130 0.597996
1341839142.516900 -3.068403 -1.086312 3.017852 -0.038307 0.753880 0.272386 0.596660
1341839142.546800 -3.066841 -1.088968 3.022602 -0.038963 0.756500 0.270463 0.594171
1341839142.576800 -3.066278 -1.091101 3.027649 -0.038281 0.759859 0.267726 0.591161
1341839142.617800 -3.064663 -1.093913 3.034602 -0.040722 0.758521 0.270803 0.591315
1341839142.646700 -3.063005 -1.096354 3.038757 -0.041486 0.759602 0.272231 0.589215
1341839142.676700 -3.061198 -1.099030 3.042683 -0.041365 0.762488 0.270830 0.586133
1341839142.716900 -3.058818 -1.102544 3.048061 -0.042095 0.762715 0.270800 0.585799
1341839142.746700 -3.056650 -1.105057 3.051836 -0.041240 0.763971 0.271209 0.584032
1341839142.776700 -3.054407 -1.107640 3.055512 -0.039757 0.766004 0.271391 0.581382
1341839142.816800 -3.051584 -1.110589 3.060511 -0.040842 0.766129 0.272963 0.580405
1341839142.846900 -3.049409 -1.112442 3.064223 -0.040407 0.767165 0.271512 0.579747
1341839142.887400 -3.047064 -1.114655 3.068941 -0.041059 0.768820 0.270880 0.577801
1341839142.916700 -3.044806 -1.116106 3.072425 -0.039199 0.770820 0.271547 0.574946
1341839142.946800 -3.044049 -1.117290 3.076318 -0.041176 0.769471 0.273451 0.575712
1341839142.986700 -3.043050 -1.118623 3.081220 -0.042314 0.771228 0.272951 0.573511
1341839143.026700 -3.041561 -1.119796 3.086276 -0.042852 0.773322 0.273306 0.570474
1341839143.056700 -3.039757 -1.120589 3.090580 -0.042804 0.772471 0.274695 0.570963
1341839143.097200 -3.037427 -1.122334 3.095767 -0.043550 0.773166 0.273922 0.570338
1341839143.127100 -3.036612 -1.123827 3.099927 -0.044582 0.774254 0.271485 0.569946
1341839143.157100 -3.036156 -1.125059 3.104242 -0.045111 0.774741 0.269770 0.570057
1341839143.226700 -3.034388 -1.128080 3.114435 -0.044637 0.776149 0.270379 0.567886
1341839143.256700 -3.033945 -1.129126 3.119117 -0.045981 0.776366 0.270895 0.567237
1341839143.286700 -3.033384 -1.130176 3.124404 -0.047166 0.775237 0.272733 0.567802
1341839143.316700 -3.033027 -1.131954 3.129345 -0.048250 0.774619 0.272292 0.568766
1341839143.356700 -3.032239 -1.133579 3.135939 -0.047287 0.775703 0.268170 0.569328
1341839143.387200 -3.031960 -1.134816 3.141147 -0.049131 0.776188 0.269841 0.567718
1341839143.416700 -3.031327 -1.136361 3.146334 -0.049214 0.775502 0.272615 0.567323
1341839143.456800 -3.030610 -1.138387 3.152855 -0.050368 0.776147 0.273087 0.566112
1341839143.489100 -3.030186 -1.139294 3.158038 -0.052518 0.776716 0.272451 0.565441
1341839143.526600 -3.029060 -1.140854 3.165046 -0.054287 0.777772 0.271236 0.564407
1341839143.556700 -3.028101 -1.142523 3.170879 -0.054406 0.777831 0.273234 0.563349
1341839143.586700 -3.027266 -1.144047 3.176307 -0.054429 0.779425 0.273356 0.561080
1341839143.616700 -3.027290 -1.145662 3.181968 -0.057273 0.778900 0.276317 0.560074
1341839143.656700 -3.027002 -1.147437 3.190442 -0.061064 0.777801 0.280012 0.559365
1341839143.686700 -3.027166 -1.148438 3.196168 -0.060700 0.780959 0.278306 0.555846
1341839143.716700 -3.026881 -1.148921 3.201347 -0.063052 0.784019 0.278969 0.550921
1341839143.756700 -3.025136 -1.150228 3.208848 -0.065994 0.782738 0.289151 0.547135
1341839143.788900 -3.023965 -1.152299 3.214620 -0.064265 0.782285 0.291116 0.546947
1341839143.816700 -3.022463 -1.153564 3.219343 -0.064768 0.785730 0.283499 0.545950
1341839143.856800 -3.020126 -1.155248 3.226132 -0.068032 0.786840 0.284409 0.543477
1341839143.886800 -3.017864 -1.157062 3.231215 -0.066254 0.786117 0.287588 0.543069
1341839143.916700 -3.015639 -1.158895 3.235463 -0.062963 0.786915 0.287742 0.542222
1341839143.956800 -3.013715 -1.161281 3.241830 -0.064016 0.788558 0.288816 0.539132
1341839143.988100 -3.011647 -1.162738 3.246508 -0.064705 0.787508 0.288529 0.540735
1341839144.016700 -3.008992 -1.163913 3.250710 -0.064565 0.787448 0.288154 0.541039
1341839144.056800 -3.005739 -1.165922 3.255765 -0.064986 0.788508 0.288118 0.539462
1341839144.086700 -3.003210 -1.167470 3.259526 -0.063124 0.788401 0.288692 0.539533
1341839144.126700 -2.999790 -1.169759 3.263886 -0.063269 0.788342 0.289730 0.539045
1341839144.156700 -2.996521 -1.171025 3.266877 -0.062897 0.789398 0.288517 0.538194
1341839144.186700 -2.994092 -1.172519 3.269601 -0.061729 0.790906 0.286292 0.537303
1341839144.226600 -2.991715 -1.174257 3.273588 -0.061840 0.789622 0.288867 0.537799
1341839144.256800 -2.989221 -1.175305 3.276550 -0.061467 0.790907 0.288607 0.536091
1341839144.286700 -2.987362 -1.176231 3.279455 -0.060440 0.792423 0.287802 0.534399
1341839144.326600 -2.985251 -1.176928 3.283204 -0.062175 0.792067 0.291406 0.532772
1341839144.356600 -2.983092 -1.177712 3.285721 -0.061995 0.793197 0.291257 0.531192
1341839144.396700 -2.979859 -1.178983 3.289612 -0.061592 0.794189 0.287971 0.531547
1341839144.427300 -2.977373 -1.179797 3.292809 -0.063122 0.793136 0.288516 0.532644
1341839144.456600 -2.975307 -1.181173 3.295785 -0.062536 0.791971 0.289752 0.533774
1341839144.496600 -2.972611 -1.183001 3.298851 -0.061451 0.793376 0.288289 0.532604
1341839144.526900 -2.970581 -1.183876 3.301028 -0.060145 0.794374 0.287297 0.531801
1341839144.556700 -2.968856 -1.184848 3.303760 -0.060360 0.792795 0.288846 0.533292
1341839144.597000 -2.966567 -1.186529 3.306410 -0.060182 0.793429 0.289610 0.531954
1341839144.626700 -2.965232 -1.188104 3.308155 -0.058595 0.793018 0.290364 0.532333
1341839144.666700 -2.963098 -1.190305 3.311063 -0.058642 0.791254 0.290634 0.534799
1341839144.736700 -2.959848 -1.193941 3.312372 -0.058225 0.792123 0.286182 0.535957
1341839144.756600 -2.958797 -1.194726 3.312509 -0.058254 0.792619 0.286801 0.534889
1341839144.796600 -2.957529 -1.195865 3.312452 -0.057992 0.792596 0.287494 0.534579
1341839144.826700 -2.956613 -1.196790 3.312383 -0.057216 0.792649 0.286942 0.534882
1341839144.856600 -2.955553 -1.197998 3.312218 -0.058105 0.792963 0.285513 0.535085
1341839144.896700 -2.954355 -1.198737 3.312228 -0.057819 0.793550 0.283024 0.535568
1341839144.926600 -2.953363 -1.199120 3.312132 -0.057326 0.793230 0.284137 0.535506
1341839144.956700 -2.952582 -1.199195 3.312063 -0.058280 0.793214 0.285168 0.534877
1341839144.996700 -2.951676 -1.199603 3.312330 -0.057635 0.793835 0.283762 0.534774
1341839145.026700 -2.950830 -1.199327 3.312465 -0.058430 0.793538 0.283410 0.535315
1341839145.056700 -2.950501 -1.199639 3.313044 -0.059350 0.792556 0.284267 0.536213
1341839145.096700 -2.949814 -1.199505 3.313572 -0.059430 0.794000 0.280661 0.535968
1341839145.126700 -2.949484 -1.199205 3.314221 -0.060102 0.792625 0.282393 0.537017
1341839145.156600 -2.949564 -1.199089 3.314485 -0.060706 0.792051 0.283417 0.537257
1341839145.196800 -2.949913 -1.198450 3.314475 -0.060967 0.793786 0.280477 0.536208
1341839145.227000 -2.950195 -1.197835 3.314535 -0.061732 0.793984 0.279612 0.536280
1341839145.266700 -2.950461 -1.196795 3.314297 -0.063452 0.792438 0.282145 0.537038
1341839145.297100 -2.950870 -1.196366 3.313983 -0.063560 0.793449 0.282141 0.535533
1341839145.326800 -2.951405 -1.195698 3.313298 -0.062977 0.793897 0.281641 0.535201
1341839145.326800 -2.951405 -1.195698 3.313298 -0.062977 0.793897 0.281641 0.535201
