10000.000000000 -0.000000 0.000000 -0.000000 0.000000 0.000000 0.000000 1.000000
10000.033333000 -0.010372 -0.003431 0.001816 -0.002416 0.004871 0.001855 0.999983
10000.066666000 -0.010227 -0.004381 0.001309 -0.002066 0.004571 0.002115 0.999985
10000.099999000 -0.009255 -0.002453 0.000580 -0.001423 0.004131 0.001961 0.999989
10000.133332000 -0.010181 -0.002620 0.000924 -0.001213 0.004579 0.002733 0.999985
10000.166665000 -0.010619 -0.003698 0.001093 -0.001606 0.004674 0.002602 0.999984
10000.199998000 -0.009549 -0.002937 0.000775 -0.001053 0.004276 0.003018 0.999986
10000.233331000 -0.010471 -0.003163 0.000805 -0.001082 0.004661 0.003223 0.999983
10000.266664000 -0.009573 -0.002910 -0.000445 -0.000750 0.004327 0.003529 0.999984
10000.299997000 -0.009619 -0.002387 0.000679 -0.000427 0.003844 0.002700 0.999989
10000.333330000 -0.019337 -0.005080 0.001450 -0.001174 0.008680 0.007030 0.999937
10000.366663000 -0.009575 -0.002620 0.000763 -0.000528 0.003761 0.002657 0.999989
10000.399996000 -0.008637 -0.003436 0.000030 -0.000887 0.003853 0.003131 0.999987
10000.433329000 -0.009614 -0.002624 0.000865 -0.000952 0.004104 0.002874 0.999987
10000.466662000 -0.008173 -0.003517 0.001679 -0.001195 0.003623 0.002518 0.999990
10000.499995000 -0.008180 -0.003473 0.001722 -0.001469 0.003574 0.001904 0.999991
10000.533328000 -0.008203 -0.003131 0.001626 -0.001382 0.003554 0.001926 0.999991
10000.566661000 -0.008203 -0.003636 0.001604 -0.001778 0.003521 0.001360 0.999991
10000.599994000 -0.006847 -0.003318 0.002109 -0.001695 0.003092 0.001084 0.999993
10000.633327000 -0.007731 -0.003326 0.003399 -0.002399 0.003670 0.000932 0.999990
10000.666660000 -0.012827 -0.008742 0.005944 -0.006030 0.006047 -0.000481 0.999963
10000.699993000 -0.005777 -0.004347 0.004297 -0.003237 0.002593 -0.000701 0.999991
10000.733326000 -0.005726 -0.004094 0.004384 -0.003894 0.002922 -0.000490 0.999988
10000.766659000 -0.006546 -0.004112 0.003173 -0.004187 0.003231 -0.000514 0.999986
10000.799992000 -0.006181 -0.003098 0.004002 -0.003692 0.002769 -0.000222 0.999989
10000.833325000 -0.007685 -0.004094 0.003071 -0.004492 0.003807 0.000835 0.999982
10000.866658000 -0.007233 -0.003378 0.003014 -0.004769 0.003096 0.000957 0.999983
10000.899991000 -0.008779 -0.002863 0.001899 -0.004303 0.003124 0.002355 0.999983
10000.933324000 -0.009789 -0.001831 0.000200 -0.004495 0.004076 0.003841 0.999974
10000.966657000 -0.011834 -0.002006 0.000084 -0.004101 0.004518 0.004849 0.999970
10000.999990000 -0.028307 -0.003800 -0.002362 -0.008975 0.009461 0.014948 0.999803
10001.033323000 -0.015756 -0.000965 -0.003234 -0.003763 0.004990 0.009836 0.999932
10001.066656000 -0.017188 0.000242 -0.004238 -0.003469 0.005951 0.010337 0.999923
10001.099989000 -0.017080 0.000147 -0.004104 -0.003342 0.005539 0.010597 0.999923
10001.133322000 -0.016335 -0.000417 -0.003700 -0.003005 0.005868 0.010960 0.999918
10001.166655000 -0.014498 -0.000934 -0.003624 -0.003644 0.005763 0.010942 0.999917
10001.199988000 -0.013868 0.000526 -0.002444 -0.002707 0.005750 0.010185 0.999928
10001.233321000 -0.011086 0.001115 -0.001823 -0.002160 0.006222 0.009750 0.999931
10001.266654000 -0.008311 0.001961 -0.000971 -0.001864 0.005985 0.008822 0.999941
10001.299987000 -0.005085 0.002349 0.000615 -0.001454 0.005643 0.007541 0.999955
10001.333320000 0.002880 0.010700 0.005579 0.000069 0.010675 0.011428 0.999878
10001.366653000 0.007609 0.007097 0.005245 0.000321 0.005182 0.003776 0.999979
10001.399986000 0.011300 0.007430 0.006067 0.001605 0.004707 0.002938 0.999983
10001.433319000 0.013938 0.008346 0.006995 0.001682 0.004143 0.002199 0.999988
10001.466652000 0.015332 0.008985 0.007398 0.002285 0.003855 0.000981 0.999989
10001.499985000 0.015976 0.009338 0.007184 0.002792 0.003615 0.000447 0.999989
10001.533318000 0.016719 0.008269 0.008748 0.002918 0.002963 0.000246 0.999991
10001.566651000 0.015855 0.007082 0.008166 0.002719 0.002311 -0.000429 0.999994
10001.599984000 0.014137 0.005908 0.008154 0.002803 0.001709 -0.000738 0.999994
10001.633317000 0.013234 0.004094 0.007883 0.002512 0.001246 -0.000743 0.999996
10001.666650000 0.014277 0.003033 0.014310 0.004165 0.001035 -0.001839 0.999989
10001.699983000 0.002662 -0.001966 0.006156 0.001504 -0.000607 -0.000414 0.999999
10001.733316000 -0.000404 -0.003138 0.005831 0.000385 -0.001144 -0.000560 0.999999
10001.766649000 -0.003678 -0.004294 0.005003 0.000956 -0.000651 -0.000607 0.999999
10001.799982000 -0.006147 -0.006367 0.004208 -0.000213 -0.000798 -0.000300 1.000000
10001.833315000 -0.007122 -0.006543 0.003953 0.000015 -0.001425 -0.000036 0.999999
10001.866648000 -0.010217 -0.006692 0.004125 -0.000707 -0.000448 0.000192 1.000000
10001.899981000 -0.011032 -0.007038 0.003130 -0.000505 -0.000032 0.000283 1.000000
10001.933314000 -0.012336 -0.007188 0.002973 -0.000554 0.000653 0.000405 1.000000
10001.966647000 -0.012142 -0.005979 0.002035 -0.000899 0.001316 0.000556 0.999999
10001.999980000 -0.026674 -0.011318 0.004151 -0.002729 0.006557 0.002175 0.999972
10002.033313000 -0.013505 -0.004566 0.002234 -0.001720 0.004927 0.001081 0.999986
10002.066646000 -0.012965 -0.003398 0.001024 -0.001301 0.004961 0.001153 0.999986
10002.099979000 -0.012255 -0.002564 0.001913 -0.001360 0.006284 0.002101 0.999977
10002.133312000 -0.012783 -0.001854 0.000782 -0.001405 0.006703 0.001484 0.999975
10002.166645000 -0.012731 -0.001227 0.001227 -0.001117 0.007465 0.001216 0.999971
10002.199978000 -0.012441 0.000482 0.000728 -0.000267 0.007157 0.001585 0.999973
10002.233311000 -0.011934 -0.000394 0.000309 -0.000549 0.008146 0.001771 0.999965
10002.266644000 -0.011541 0.002279 -0.000479 0.000831 0.007192 0.001433 0.999973
10002.299977000 -0.011317 0.001591 0.000046 0.000430 0.007672 0.000942 0.999970
10002.333310000 -0.021398 0.005347 -0.004040 0.003696 0.014016 0.003089 0.999890
10002.366643000 -0.009575 0.004261 -0.002076 0.002748 0.006175 0.000965 0.999977
10002.399976000 -0.009153 0.003216 -0.002365 0.002863 0.005604 0.000890 0.999980
10002.433309000 -0.008939 0.004989 -0.003376 0.003415 0.005744 0.001307 0.999977
10002.466642000 -0.008197 0.004313 -0.003332 0.003214 0.004664 0.000754 0.999984
10002.499975000 -0.007040 0.004439 -0.003671 0.003385 0.004033 0.001060 0.999986
10002.533308000 -0.006349 0.004223 -0.003152 0.002661 0.003441 0.000946 0.999990
10002.566641000 -0.006129 0.003505 -0.003543 0.001581 0.002559 0.000716 0.999995
10002.599974000 -0.006106 0.004145 -0.002959 0.001357 0.002154 0.001014 0.999996
10002.633307000 -0.003796 0.003603 -0.002874 0.000221 0.000867 0.000721 0.999999
10002.666640000 -0.007050 0.005139 -0.003757 -0.003379 -0.000431 0.001284 0.999993
10002.699973000 -0.002395 0.002273 -0.001914 -0.002970 -0.001753 0.000474 0.999994
10002.733306000 -0.001534 0.001049 -0.000583 -0.004415 -0.002013 0.000366 0.999988
10002.766639000 -0.000425 0.000912 -0.001088 -0.005327 -0.003600 -0.000002 0.999979
10002.799972000 -0.000665 0.000428 -0.000463 -0.006271 -0.003859 -0.000447 0.999973
10002.833305000 0.000783 -0.000454 0.000385 -0.006816 -0.004729 -0.000620 0.999965
10002.866638000 -0.000085 -0.000923 0.000966 -0.007180 -0.004393 -0.000532 0.999964
10002.899971000 0.001630 -0.000808 0.000527 -0.007009 -0.005745 -0.001591 0.999958
10002.933304000 0.000625 -0.001231 0.001448 -0.006985 -0.004566 -0.001725 0.999964
10002.966637000 0.002318 -0.001168 0.001370 -0.006241 -0.005715 -0.002248 0.999962
10002.999970000 0.003808 -0.003671 0.004052 -0.010634 -0.010737 -0.006676 0.999864
10003.033303000 0.001598 -0.001738 0.001928 -0.004278 -0.004867 -0.003973 0.999971
10003.066636000 0.002755 -0.001405 0.001837 -0.003737 -0.005503 -0.004309 0.999969
10003.099969000 0.001547 -0.001580 0.001967 -0.002764 -0.004324 -0.004495 0.999977
10003.133302000 0.000651 -0.001260 0.001527 -0.002139 -0.003822 -0.004768 0.999979
10003.166635000 0.000581 -0.000473 0.000463 -0.001922 -0.004116 -0.004264 0.999981
10003.199968000 0.000763 -0.000362 0.000489 -0.001257 -0.003702 -0.004493 0.999982
10003.233301000 -0.001590 0.000768 -0.001084 -0.000887 -0.002868 -0.004039 0.999987
10003.266634000 -0.001239 0.001520 -0.002085 -0.001104 -0.003248 -0.003556 0.999988
10003.299967000 -0.003044 0.002647 -0.003104 -0.000571 -0.002372 -0.003150 0.999992
10003.333300000 -0.009741 0.009583 -0.011402 -0.000026 -0.003615 -0.004554 0.999983
10003.366633000 -0.006278 0.006312 -0.007892 0.000107 -0.001209 -0.001156 0.999999
10003.399966000 -0.006043 0.006548 -0.008266 -0.000394 -0.001457 -0.000712 0.999999
10003.433299000 -0.008716 0.007323 -0.008337 0.000510 0.000016 -0.000411 1.000000
10003.466632000 -0.007309 0.006447 -0.007787 -0.000251 -0.000523 0.000295 1.000000
10003.499965000 -0.008107 0.006008 -0.007235 0.000151 0.000204 0.000374 1.000000
10003.533298000 -0.006833 0.005227 -0.006384 -0.000059 -0.000138 0.000332 1.000000
10003.566631000 -0.005651 0.002555 -0.003450 -0.000455 0.000088 0.000696 1.000000
10003.599964000 -0.005762 0.001064 -0.001402 -0.000437 0.000852 0.000693 0.999999
10003.633297000 -0.003997 -0.000978 0.001386 0.000031 0.000904 0.000803 0.999999
10003.666630000 -0.003092 -0.010008 0.012446 -0.001014 0.001718 0.001090 0.999997
10003.699963000 0.000552 -0.009792 0.011804 -0.001071 0.001441 0.000371 0.999998
10003.733296000 0.003347 -0.011226 0.014035 -0.000601 0.000691 0.000365 1.000000
10003.766629000 0.005217 -0.013125 0.016424 -0.001057 0.000545 0.000042 0.999999
10003.799962000 0.006073 -0.013686 0.016800 -0.000753 0.000297 -0.000167 1.000000
10003.833295000 0.007491 -0.014521 0.018093 -0.000592 -0.000076 -0.000081 1.000000
10003.866628000 0.008660 -0.014126 0.018150 -0.000586 -0.000275 -0.000430 1.000000
10003.899961000 0.010766 -0.014117 0.016770 0.000030 -0.000972 0.000060 1.000000
10003.933294000 0.009319 -0.011477 0.015020 0.000588 -0.000834 -0.000600 0.999999
10003.966627000 0.011215 -0.011155 0.013563 0.000129 -0.002072 -0.000420 0.999998
10003.999960000 0.024871 -0.015999 0.018478 0.001768 -0.005628 -0.000094 0.999983
10004.033293000 0.011875 -0.003306 0.004781 0.001369 -0.003665 -0.000427 0.999992
10004.066626000 0.011596 -0.000986 0.001280 0.001908 -0.003626 -0.000120 0.999992
10004.099959000 0.010918 0.000730 -0.000627 0.001908 -0.004093 -0.000160 0.999990
10004.133292000 0.010123 0.003148 -0.003946 0.002117 -0.003915 -0.000111 0.999990
10004.166625000 0.008321 0.005324 -0.005742 0.002286 -0.003848 -0.000151 0.999990
10004.199958000 0.006749 0.006244 -0.007896 0.002112 -0.003573 -0.000180 0.999991
10004.233291000 0.003133 0.008130 -0.010323 0.002064 -0.002479 0.000305 0.999995
10004.266624000 0.001694 0.009191 -0.011774 0.001846 -0.002366 -0.000010 0.999995
10004.299957000 -0.002094 0.010252 -0.012876 0.001813 -0.000900 -0.000010 0.999998
10004.333290000 -0.018528 0.025956 -0.029761 0.003117 0.003256 0.000172 0.999990
10004.366623000 -0.014139 0.013503 -0.016290 0.000756 0.003280 0.000312 0.999994
10004.399956000 -0.016880 0.014218 -0.016711 0.000918 0.004795 0.000331 0.999988
10004.433289000 -0.020168 0.014674 -0.015997 0.000713 0.005895 0.000447 0.999982
10004.466622000 -0.022884 0.014045 -0.015503 0.000591 0.007447 0.000561 0.999972
10004.499955000 -0.022682 0.014278 -0.015244 0.000508 0.007997 0.000692 0.999968
10004.533288000 -0.023360 0.013284 -0.012874 0.000535 0.008584 0.000803 0.999963
10004.566621000 -0.022217 0.011914 -0.011563 0.000202 0.008823 0.000710 0.999961
10004.599954000 -0.022025 0.012004 -0.010846 0.001427 0.009173 0.000830 0.999957
10004.633287000 -0.018268 0.009505 -0.008551 0.000603 0.008412 0.000643 0.999964
10004.666620000 -0.028176 0.014309 -0.010527 0.002523 0.014877 0.001325 0.999885
10004.699953000 -0.007201 0.003531 -0.003569 0.001443 0.005386 0.000505 0.999984
10004.733286000 -0.004736 0.003097 -0.002684 0.002480 0.004724 0.000482 0.999986
10004.766619000 -0.004517 0.002117 -0.001163 0.002088 0.004895 0.000495 0.999986
10004.799952000 -0.002709 0.001677 -0.001565 0.002107 0.003465 0.000387 0.999992
10004.833285000 -0.002418 0.002277 -0.002112 0.002864 0.003198 0.000366 0.999991
10004.866618000 -0.003360 0.002217 -0.001638 0.002717 0.002915 0.000319 0.999992
10004.899951000 -0.004722 0.003567 -0.003172 0.002958 0.002608 0.000351 0.999992
10004.933284000 -0.007086 0.005377 -0.003934 0.002648 0.002702 0.000351 0.999993
10004.966617000 -0.011236 0.007163 -0.004685 0.003040 0.003330 0.000405 0.999990
10004.999950000 -0.034799 0.022312 -0.013925 0.006434 0.007226 0.000914 0.999953
10005.033283000 -0.022533 0.014541 -0.009234 0.003325 0.003855 0.000512 0.999987
10005.066616000 -0.026422 0.016249 -0.009534 0.002848 0.004512 0.000643 0.999986
10005.099949000 -0.028235 0.017037 -0.009737 0.003496 0.004963 0.000790 0.999981
10005.133282000 -0.029251 0.017633 -0.009068 0.003176 0.005111 0.000865 0.999982
10005.166615000 -0.027799 0.016473 -0.008089 0.002481 0.004835 0.000861 0.999985
10005.199948000 -0.026136 0.015621 -0.007839 0.002854 0.004667 0.000760 0.999985
10005.233281000 -0.023135 0.013897 -0.006353 0.002264 0.004430 0.000776 0.999987
10005.266614000 -0.019553 0.010755 -0.004454 0.002017 0.004154 0.000716 0.999989
10005.299947000 -0.012583 0.007437 -0.003260 0.001517 0.003284 0.000610 0.999993
10005.333280000 -0.005501 0.003538 -0.001314 0.002677 0.004404 0.000879 0.999986
10005.366613000 0.007345 -0.004386 0.001757 0.000189 0.001279 -0.000123 0.999999
10005.399946000 0.013441 -0.007782 0.002923 0.000294 0.000588 0.000184 1.000000
10005.433279000 0.017710 -0.009640 0.004900 0.000238 -0.000252 0.000079 1.000000
10005.466612000 0.020787 -0.012189 0.005014 -0.000267 -0.000334 -0.000011 1.000000
10005.499945000 0.021051 -0.012416 0.005106 -0.000335 -0.000442 -0.000450 1.000000
10005.533278000 0.022691 -0.013555 0.005279 -0.000689 -0.000909 -0.000046 0.999999
10005.566611000 0.021169 -0.012336 0.005313 -0.000183 -0.001065 0.000274 0.999999
10005.599944000 0.018932 -0.011249 0.004454 -0.000142 -0.000074 0.000037 1.000000
10005.633277000 0.014533 -0.009465 0.002965 -0.000661 -0.000168 0.000039 1.000000
10005.666610000 0.013473 -0.008651 0.002757 0.000013 0.000910 0.001115 0.999999
10005.699943000 -0.000512 0.000491 -0.000338 0.000600 0.000924 0.000601 0.999999
10005.733276000 -0.005337 0.002360 -0.001841 0.000205 0.001116 0.000613 0.999999
10005.766609000 -0.008174 0.004670 -0.001869 0.000537 0.000921 0.000584 0.999999
10005.799942000 -0.011474 0.005782 -0.003475 0.000208 0.001153 0.000609 0.999999
10005.833275000 -0.012778 0.007281 -0.002874 0.000601 0.001013 0.000648 0.999999
10005.866608000 -0.012588 0.007253 -0.003217 -0.000037 -0.000150 -0.000158 1.000000
10005.899941000 -0.012646 0.007408 -0.002837 0.000045 -0.000073 -0.000499 1.000000
10005.933274000 -0.010847 0.007074 -0.001708 -0.000140 -0.001167 -0.000722 0.999999
10005.966607000 -0.008107 0.005477 -0.001612 -0.000692 -0.002027 -0.000928 0.999997
10005.999940000 -0.005607 0.005475 0.000541 -0.002786 -0.007172 -0.004541 0.999960
10006.033273000 0.003213 -0.000194 0.002134 -0.002183 -0.005309 -0.002748 0.999980
10006.066606000 0.005422 -0.001906 0.002853 -0.002536 -0.005678 -0.002723 0.999977
10006.099939000 0.007911 -0.002895 0.004494 -0.002191 -0.005642 -0.002649 0.999978
10006.133272000 0.009035 -0.004940 0.003748 -0.003153 -0.005820 -0.002213 0.999976
10006.166605000 0.010208 -0.005188 0.005067 -0.002738 -0.005679 -0.001751 0.999979
10006.199938000 0.010537 -0.006774 0.003774 -0.003005 -0.004690 -0.001164 0.999984
10006.233271000 0.010630 -0.007710 0.003409 -0.003588 -0.004876 0.000049 0.999982
10006.266604000 0.008225 -0.006846 0.002170 -0.002637 -0.002681 0.001237 0.999992
10006.299937000 0.008095 -0.008352 0.000671 -0.003212 -0.002135 0.002118 0.999990
10006.333270000 0.010710 -0.015765 -0.003666 -0.005598 -0.000156 0.009418 0.999940
10006.366603000 0.001506 -0.007600 -0.004990 -0.002677 0.002367 0.007038 0.999969
10006.399936000 0.000064 -0.007928 -0.006520 -0.002831 0.003329 0.008616 0.999953
10006.433269000 -0.001564 -0.007439 -0.007651 -0.002172 0.004594 0.009303 0.999944
10006.466602000 -0.001912 -0.008316 -0.008264 -0.002748 0.005939 0.010323 0.999925
10006.499935000 -0.003543 -0.007931 -0.009048 -0.003099 0.006843 0.011047 0.999911
10006.533268000 -0.003892 -0.007569 -0.009073 -0.002614 0.007352 0.010893 0.999910
10006.566601000 -0.003151 -0.007036 -0.008027 -0.002314 0.007514 0.010648 0.999912
10006.599934000 -0.003054 -0.006651 -0.007150 -0.001414 0.008141 0.010505 0.999911
10006.633267000 -0.002735 -0.005831 -0.006740 -0.001978 0.008495 0.009292 0.999919
10006.666600000 -0.001364 -0.009370 -0.008126 -0.001314 0.015416 0.014197 0.999780
10006.699933000 0.000221 -0.002933 -0.002858 0.000450 0.007997 0.004384 0.999958
10006.733266000 0.001335 -0.001815 -0.000932 0.000496 0.006782 0.003242 0.999972
10006.766599000 0.002716 -0.001414 -0.000111 0.001873 0.006385 0.001629 0.999977
10006.799932000 0.001738 -0.000546 0.000343 0.001202 0.006031 0.001135 0.999980
10006.833265000 0.002417 0.000958 0.001671 0.002610 0.005528 0.000072 0.999981
10006.866598000 0.000813 0.000546 0.000896 0.001970 0.005153 -0.000624 0.999985
10006.899931000 0.001299 0.001810 0.002013 0.002829 0.004655 -0.001054 0.999985
10006.933264000 -0.001356 0.001997 0.001262 0.002870 0.004703 -0.001081 0.999984
10006.966597000 -0.002972 0.002390 0.001124 0.002325 0.004712 -0.001619 0.999985
10006.999930000 -0.013743 0.006397 0.000875 0.004386 0.008370 -0.001367 0.999954
10007.033263000 -0.010762 0.003994 -0.000152 0.001721 0.004379 0.000368 0.999989
10007.066596000 -0.011435 0.004756 -0.000823 0.002519 0.003852 0.000311 0.999989
10007.099929000 -0.013858 0.004193 -0.000819 0.001098 0.003919 0.000305 0.999992
10007.133262000 -0.015327 0.004602 -0.000738 0.001311 0.004495 0.001460 0.999988
10007.166595000 -0.014811 0.004248 -0.000537 0.000826 0.003018 0.000654 0.999995
10007.199928000 -0.016714 0.004304 -0.001444 0.000995 0.003273 0.001169 0.999993
10007.233261000 -0.015647 0.004610 -0.000441 0.001014 0.003079 0.001231 0.999994
10007.266594000 -0.016507 0.003714 -0.001135 0.000016 0.003540 0.001260 0.999993
10007.299927000 -0.014673 0.003823 -0.000220 0.000193 0.002205 0.000982 0.999997
10007.333260000 -0.027461 0.005356 0.000479 -0.001190 0.004072 0.001937 0.999989
10007.366593000 -0.012355 0.002304 -0.000299 -0.001061 0.001194 0.000128 0.999999
10007.399926000 -0.011269 0.002537 0.000719 -0.000349 0.001745 0.000292 0.999998
10007.433259000 -0.008487 0.002226 -0.000074 -0.000526 -0.000510 -0.000178 1.000000
10007.466592000 -0.008777 0.001651 0.000638 -0.000620 0.000315 0.000031 1.000000
10007.499925000 -0.009071 0.001927 0.000571 0.000454 0.000728 0.000096 1.000000
10007.533258000 -0.007064 0.001999 -0.000150 -0.000071 -0.001000 -0.000796 0.999999
10007.566591000 -0.006848 0.002420 -0.000547 0.001310 -0.000529 -0.000149 0.999999
10007.599924000 -0.006521 0.002427 0.000571 0.001587 -0.000930 -0.000256 0.999998
10007.633257000 -0.005897 0.003064 -0.001300 0.002083 -0.001751 -0.000376 0.999996
10007.666590000 -0.014738 0.007443 -0.003893 0.006699 -0.002088 -0.000517 0.999975
10007.699923000 -0.006608 0.004729 -0.002830 0.005007 -0.001990 0.000007 0.999985
10007.733256000 -0.007540 0.005062 -0.002892 0.005045 -0.001457 -0.000426 0.999986
10007.766589000 -0.007763 0.004934 -0.002792 0.005323 -0.001445 0.000160 0.999985
10007.799922000 -0.006886 0.006555 -0.002692 0.006409 -0.001916 -0.000546 0.999977
10007.833255000 -0.007537 0.005735 -0.003501 0.005935 -0.001653 -0.000442 0.999981
10007.866588000 -0.008326 0.006719 -0.004072 0.006077 -0.001144 -0.000375 0.999981
10007.899921000 -0.007081 0.005266 -0.003836 0.005063 -0.002229 -0.000785 0.999984
10007.933254000 -0.008416 0.006242 -0.003535 0.005349 -0.000987 -0.000371 0.999985
10007.966587000 -0.006990 0.005835 -0.003257 0.004779 -0.001560 -0.001004 0.999987
10007.999920000 -0.016378 0.011144 -0.005320 0.007642 -0.001610 -0.002263 0.999967
10008.033253000 -0.009077 0.004416 -0.002849 0.002104 -0.000090 -0.001177 0.999997
10008.066586000 -0.007623 0.004454 -0.001660 0.002037 -0.000143 -0.001135 0.999997
10008.099919000 -0.007904 0.004231 -0.001338 0.001217 -0.000409 -0.000756 0.999999
10008.133252000 -0.009834 0.002990 -0.001661 0.000225 0.000564 -0.000949 0.999999
10008.166585000 -0.008587 0.001947 -0.000804 -0.000487 0.000634 -0.000341 1.000000
10008.199918000 -0.009216 0.001385 -0.000314 -0.001430 0.000495 0.000125 0.999999
10008.233251000 -0.008953 0.001148 -0.000281 -0.001631 -0.000160 -0.000109 0.999999
10008.266584000 -0.008682 -0.000425 0.000889 -0.002405 0.000178 0.001047 0.999997
10008.299917000 -0.009986 -0.000752 0.000281 -0.003070 0.000464 0.001702 0.999994
10008.333250000 -0.020570 -0.005363 0.003700 -0.006795 0.000357 0.006013 0.999959
10008.366583000 -0.009343 -0.004230 0.003188 -0.004500 0.000035 0.004412 0.999980
10008.399916000 -0.010789 -0.005454 0.002743 -0.004460 0.000024 0.004862 0.999978
10008.433249000 -0.010564 -0.003864 0.004389 -0.003937 -0.000054 0.005310 0.999978
10008.466582000 -0.010849 -0.006305 0.005322 -0.004629 0.000611 0.005716 0.999973
10008.499915000 -0.009842 -0.005719 0.005702 -0.004286 -0.000006 0.005982 0.999973
10008.533248000 -0.011284 -0.004889 0.006374 -0.002954 0.000631 0.005714 0.999979
10008.566581000 -0.010299 -0.004379 0.007270 -0.003138 0.001245 0.005862 0.999977
10008.599914000 -0.010026 -0.003504 0.008197 -0.002273 0.001061 0.005780 0.999980
10008.633247000 -0.011008 -0.003571 0.009571 -0.002399 0.002674 0.005763 0.999977
10008.666580000 -0.020834 -0.002815 0.021818 -0.001244 0.006567 0.009107 0.999936
10008.699913000 -0.010554 0.000930 0.012015 0.000289 0.003904 0.003948 0.999985
10008.733246000 -0.009268 0.000714 0.013827 0.000687 0.004155 0.002926 0.999987
10008.766579000 -0.010548 0.002162 0.013762 0.001454 0.005151 0.002642 0.999982
10008.799912000 -0.009073 0.001906 0.014125 0.001039 0.004975 0.001506 0.999986
10008.833245000 -0.008687 0.002066 0.014320 0.001062 0.004748 0.001442 0.999987
10008.866578000 -0.007798 0.003176 0.014010 0.001589 0.004223 0.000118 0.999990
10008.899911000 -0.007518 0.001869 0.014161 0.000995 0.004534 0.000253 0.999989
10008.933244000 -0.005649 0.000724 0.013412 0.000086 0.003178 -0.000721 0.999995
10008.966577000 -0.005582 0.000933 0.013389 0.000147 0.003132 -0.001285 0.999994
10008.999910000 -0.008992 -0.001228 0.023631 -0.001528 0.004306 -0.004371 0.999980
10009.033243000 -0.002683 -0.003156 0.010820 -0.002044 0.000861 -0.003134 0.999993
10009.066576000 -0.001663 -0.003061 0.009361 -0.001798 -0.000009 -0.002822 0.999994
10009.099909000 -0.002000 -0.003808 0.008581 -0.002336 0.000573 -0.002617 0.999994
10009.133242000 -0.001319 -0.005806 0.008050 -0.002987 -0.000212 -0.001767 0.999994
10009.166575000 -0.000428 -0.005959 0.006367 -0.002931 -0.000192 -0.001790 0.999994
10009.199908000 -0.001221 -0.007852 0.005973 -0.003687 0.000565 0.000075 0.999993
10009.233241000 -0.000071 -0.007459 0.004916 -0.002879 -0.000081 0.001038 0.999995
10009.266574000 -0.001178 -0.008147 0.003083 -0.002771 0.000754 0.002953 0.999992
10009.299907000 -0.000337 -0.009676 0.002892 -0.003033 0.000720 0.004601 0.999985
10009.333240000 -0.000270 -0.020165 0.003104 -0.005098 0.003263 0.016412 0.999847
10009.366573000 -0.001321 -0.010419 -0.000129 -0.001798 0.002993 0.011326 0.999930
10009.399906000 -0.001093 -0.011990 0.000053 -0.002107 0.003280 0.013031 0.999907
10009.433239000 -0.000827 -0.011024 -0.000843 -0.001501 0.003580 0.014263 0.999891
10009.466572000 -0.000528 -0.012604 -0.000563 -0.001607 0.003932 0.015468 0.999871
10009.499905000 0.000028 -0.012519 -0.000539 -0.002240 0.003746 0.015906 0.999864
10009.533238000 0.000554 -0.013243 0.000430 -0.002057 0.003610 0.016375 0.999857
10009.566571000 0.001339 -0.014141 0.001259 -0.002844 0.003797 0.016474 0.999853
10009.599904000 0.000562 -0.011909 0.001317 -0.001816 0.003682 0.015177 0.999876
10009.633237000 0.000975 -0.014860 0.002628 -0.003478 0.004061 0.014781 0.999876
10009.666570000 0.007359 -0.028391 0.011414 -0.007519 0.004919 0.026309 0.999613
10009.699903000 0.003241 -0.013746 0.008839 -0.003780 0.001878 0.010777 0.999933
10009.733236000 0.005098 -0.014627 0.010614 -0.004872 0.001187 0.008544 0.999951
10009.766569000 0.005212 -0.014010 0.012324 -0.004721 0.000015 0.006818 0.999966
10009.799902000 0.005444 -0.012613 0.016067 -0.005243 -0.000491 0.003951 0.999978
10009.833235000 0.006695 -0.012916 0.018824 -0.005498 -0.001169 0.001400 0.999983
10009.866568000 0.006785 -0.012453 0.021686 -0.005999 -0.002740 -0.001678 0.999977
10009.899901000 0.006808 -0.011498 0.025479 -0.006476 -0.003123 -0.004981 0.999962
10009.933234000 0.007364 -0.011462 0.029418 -0.007317 -0.004463 -0.008660 0.999926
10009.933234000 -0.000000 0.000000 0.000000 -0.000000 -0.000000 -0.000000 1.000000
