10000.000000000 -0.000000 0.000000 -0.000000 0.000000 0.000000 0.000000 1.000000
10000.033333000 -0.010386 -0.003500 0.001806 -0.002435 0.004878 0.001851 0.999983
10000.066666000 -0.010324 -0.004279 0.001305 -0.002048 0.004590 0.002112 0.999985
10000.099999000 -0.009332 -0.002297 0.000661 -0.001375 0.004150 0.001976 0.999988
10000.133332000 -0.009958 -0.002302 0.000775 -0.001129 0.004506 0.002717 0.999986
10000.166665000 -0.010662 -0.004176 0.001054 -0.001725 0.004692 0.002603 0.999984
10000.199998000 -0.009540 -0.002915 0.000835 -0.001051 0.004279 0.003022 0.999986
10000.233331000 -0.010669 -0.003405 0.000670 -0.001158 0.004708 0.003185 0.999983
10000.266664000 -0.009501 -0.002444 -0.000358 -0.000639 0.004306 0.003562 0.999984
10000.299997000 -0.009665 -0.002608 0.000678 -0.000470 0.003865 0.002680 0.999989
10000.333330000 -0.019196 -0.004891 0.001359 -0.001114 0.008634 0.007095 0.999937
10000.366663000 -0.009542 -0.002540 0.000722 -0.000506 0.003750 0.002659 0.999989
10000.399996000 -0.008899 -0.003524 0.000061 -0.000921 0.003928 0.003101 0.999987
10000.433329000 -0.009464 -0.002332 0.000919 -0.000871 0.004070 0.002858 0.999987
10000.466662000 -0.008429 -0.003688 0.001642 -0.001238 0.003678 0.002527 0.999989
10000.499995000 -0.008001 -0.003480 0.001652 -0.001476 0.003527 0.001921 0.999991
10000.533328000 -0.008113 -0.003143 0.001632 -0.001376 0.003528 0.001946 0.999991
10000.566661000 -0.008485 -0.003285 0.001560 -0.001694 0.003584 0.001274 0.999991
10000.599994000 -0.006622 -0.003307 0.002220 -0.001692 0.003034 0.001132 0.999993
10000.633327000 -0.007967 -0.003309 0.003182 -0.002391 0.003723 0.000929 0.999990
10000.666660000 -0.012636 -0.008524 0.006096 -0.005979 0.006006 -0.000427 0.999964
10000.699993000 -0.005747 -0.004531 0.004287 -0.003294 0.002575 -0.000701 0.999991
10000.733326000 -0.006021 -0.003887 0.004403 -0.003844 0.003008 -0.000551 0.999988
10000.766659000 -0.006410 -0.004145 0.003141 -0.004197 0.003194 -0.000473 0.999986
10000.799992000 -0.006055 -0.003284 0.004012 -0.003722 0.002737 -0.000232 0.999989
10000.833325000 -0.007842 -0.004009 0.002950 -0.004484 0.003851 0.000840 0.999982
10000.866658000 -0.007357 -0.003399 0.003024 -0.004785 0.003120 0.000945 0.999983
10000.899991000 -0.008903 -0.002763 0.002010 -0.004279 0.003148 0.002356 0.999983
10000.933324000 -0.009746 -0.002038 0.000162 -0.004545 0.004071 0.003849 0.999974
10000.966657000 -0.011619 -0.001877 0.000117 -0.004050 0.004479 0.004907 0.999970
10000.999990000 -0.028785 -0.003621 -0.002689 -0.008959 0.009550 0.014848 0.999804
10001.033323000 -0.015770 -0.000965 -0.003032 -0.003742 0.005024 0.009894 0.999931
10001.066656000 -0.017524 0.000185 -0.004316 -0.003492 0.006027 0.010330 0.999922
10001.099989000 -0.016332 -0.000620 -0.004029 -0.003578 0.005368 0.010642 0.999923
10001.133322000 -0.016499 -0.000375 -0.003589 -0.002986 0.005918 0.010996 0.999918
10001.166655000 -0.014562 -0.001448 -0.003562 -0.003782 0.005784 0.010989 0.999916
10001.199988000 -0.013716 0.000449 -0.002289 -0.002759 0.005714 0.010266 0.999927
10001.233321000 -0.011204 0.000782 -0.001992 -0.002216 0.006265 0.009720 0.999931
10001.266654000 -0.007225 0.001062 -0.000624 -0.002126 0.005703 0.008846 0.999942
10001.299987000 -0.005649 0.002762 0.000404 -0.001340 0.005782 0.007545 0.999954
10001.333320000 0.003153 0.010563 0.005773 0.000042 0.010600 0.011461 0.999878
10001.366653000 0.008100 0.006526 0.005227 0.000165 0.005026 0.003717 0.999980
10001.399986000 0.010908 0.007550 0.005985 0.001671 0.004834 0.002941 0.999983
10001.433319000 0.014219 0.008045 0.006986 0.001578 0.004062 0.002187 0.999988
10001.466652000 0.015453 0.009741 0.007428 0.002494 0.003821 0.000992 0.999989
10001.499985000 0.015446 0.009396 0.007077 0.002804 0.003754 0.000521 0.999989
10001.533318000 0.017058 0.008416 0.008647 0.002981 0.002874 0.000097 0.999991
10001.566651000 0.015784 0.007257 0.008219 0.002790 0.002337 -0.000489 0.999993
10001.599984000 0.013967 0.005687 0.008046 0.002734 0.001719 -0.000730 0.999995
10001.633317000 0.013850 0.004637 0.008073 0.002667 0.001118 -0.000841 0.999995
10001.666650000 0.014221 0.002706 0.014341 0.004069 0.001060 -0.001748 0.999990
10001.699983000 0.002634 -0.001930 0.006036 0.001503 -0.000626 -0.000455 0.999999
10001.733316000 -0.000206 -0.003178 0.005709 0.000371 -0.001207 -0.000626 0.999999
10001.766649000 -0.003156 -0.004216 0.005272 0.000990 -0.000742 -0.000542 0.999999
10001.799982000 -0.006862 -0.006509 0.003983 -0.000266 -0.000634 -0.000222 1.000000
10001.833315000 -0.006650 -0.006552 0.004189 0.000033 -0.001518 -0.000061 0.999999
10001.866648000 -0.010638 -0.006732 0.003961 -0.000714 -0.000349 0.000206 1.000000
10001.899981000 -0.010969 -0.007144 0.002996 -0.000537 -0.000071 0.000225 1.000000
10001.933314000 -0.012357 -0.006800 0.003122 -0.000465 0.000677 0.000401 1.000000
10001.966647000 -0.012909 -0.006235 0.001954 -0.000964 0.001535 0.000652 0.999998
10001.999980000 -0.026635 -0.011767 0.004128 -0.002841 0.006567 0.002210 0.999972
10002.033313000 -0.013177 -0.004698 0.002271 -0.001750 0.004863 0.001070 0.999986
10002.066646000 -0.012751 -0.003474 0.000705 -0.001327 0.004888 0.001056 0.999987
10002.099979000 -0.012723 -0.002939 0.001929 -0.001454 0.006395 0.002174 0.999976
10002.133312000 -0.012764 -0.001640 0.000987 -0.001322 0.006738 0.001508 0.999975
10002.166645000 -0.012485 -0.001496 0.001171 -0.001188 0.007389 0.001195 0.999971
10002.199978000 -0.012434 0.000390 0.000600 -0.000292 0.007174 0.001581 0.999973
10002.233311000 -0.011363 -0.000424 0.000404 -0.000550 0.008024 0.001747 0.999966
10002.266644000 -0.012405 0.002422 -0.000683 0.000862 0.007400 0.001478 0.999971
10002.299977000 -0.011646 0.001909 0.000029 0.000517 0.007739 0.000883 0.999970
10002.333310000 -0.021367 0.005420 -0.003839 0.003729 0.014018 0.003083 0.999890
10002.366643000 -0.009272 0.003922 -0.002094 0.002657 0.006114 0.001034 0.999977
10002.399976000 -0.007912 0.002462 -0.002255 0.002676 0.005316 0.000911 0.999982
10002.433309000 -0.009650 0.005436 -0.003600 0.003522 0.005920 0.001266 0.999975
10002.466642000 -0.008054 0.004250 -0.003198 0.003214 0.004634 0.000755 0.999984
10002.499975000 -0.007228 0.004643 -0.003672 0.003418 0.004053 0.001053 0.999985
10002.533308000 -0.006689 0.004485 -0.003298 0.002725 0.003539 0.000964 0.999990
10002.566641000 -0.005794 0.003169 -0.003578 0.001511 0.002493 0.000715 0.999995
10002.599974000 -0.005947 0.004112 -0.002871 0.001357 0.002123 0.001007 0.999996
10002.633307000 -0.004133 0.003814 -0.003016 0.000266 0.000923 0.000719 0.999999
10002.666640000 -0.006848 0.005091 -0.003621 -0.003401 -0.000498 0.001311 0.999993
10002.699973000 -0.002618 0.002359 -0.001985 -0.002946 -0.001689 0.000464 0.999994
10002.733306000 -0.001289 0.000838 -0.000547 -0.004469 -0.002069 0.000366 0.999988
10002.766639000 -0.000452 0.000939 -0.001133 -0.005323 -0.003598 -0.000013 0.999979
10002.799972000 -0.000676 0.000426 -0.000345 -0.006268 -0.003854 -0.000450 0.999973
10002.833305000 0.000950 -0.000400 0.000266 -0.006807 -0.004764 -0.000636 0.999965
10002.866638000 -0.000080 -0.000992 0.000943 -0.007190 -0.004404 -0.000512 0.999964
10002.899971000 0.001409 -0.000663 0.000625 -0.006963 -0.005678 -0.001606 0.999958
10002.933304000 0.000687 -0.001142 0.001401 -0.006973 -0.004591 -0.001736 0.999964
10002.966637000 0.002169 -0.001120 0.001223 -0.006237 -0.005693 -0.002270 0.999962
10002.999970000 0.004373 -0.003927 0.004121 -0.010697 -0.010869 -0.006633 0.999862
10003.033303000 0.001361 -0.001600 0.001936 -0.004242 -0.004810 -0.004004 0.999971
10003.066636000 0.002684 -0.001496 0.001774 -0.003770 -0.005478 -0.004291 0.999969
10003.099969000 0.001556 -0.001477 0.002014 -0.002729 -0.004328 -0.004510 0.999977
10003.133302000 0.000509 -0.001223 0.001530 -0.002130 -0.003786 -0.004761 0.999979
10003.166635000 0.000570 -0.000348 0.000518 -0.001895 -0.004109 -0.004241 0.999981
10003.199968000 0.000622 -0.000433 0.000400 -0.001275 -0.003672 -0.004490 0.999982
10003.233301000 -0.001102 0.000646 -0.001084 -0.000910 -0.002978 -0.004051 0.999987
10003.266634000 -0.001135 0.001387 -0.001925 -0.001126 -0.003268 -0.003530 0.999988
10003.299967000 -0.003001 0.002497 -0.003149 -0.000616 -0.002380 -0.003180 0.999992
10003.333300000 -0.010449 0.010054 -0.011577 0.000072 -0.003468 -0.004552 0.999984
10003.366633000 -0.006426 0.006451 -0.007875 0.000166 -0.001143 -0.001172 0.999999
10003.399966000 -0.005695 0.006259 -0.008186 -0.000463 -0.001533 -0.000717 0.999998
10003.433299000 -0.008287 0.007190 -0.008066 0.000509 -0.000073 -0.000342 1.000000
10003.466632000 -0.007287 0.006373 -0.007872 -0.000321 -0.000565 0.000328 1.000000
10003.499965000 -0.008800 0.006361 -0.007092 0.000275 0.000408 0.000342 1.000000
10003.533298000 -0.007337 0.005616 -0.006671 0.000038 -0.000017 0.000286 1.000000
10003.566631000 -0.005093 0.001945 -0.003185 -0.000615 -0.000032 0.000755 1.000000
10003.599964000 -0.005817 0.001053 -0.001466 -0.000426 0.000870 0.000717 0.999999
10003.633297000 -0.004041 -0.000638 0.001400 0.000108 0.000951 0.000783 0.999999
10003.666630000 -0.002835 -0.010717 0.012658 -0.001214 0.001668 0.001177 0.999997
10003.699963000 -0.000136 -0.009449 0.011753 -0.000967 0.001637 0.000470 0.999998
10003.733296000 0.003470 -0.011334 0.013933 -0.000637 0.000639 0.000285 1.000000
10003.766629000 0.004273 -0.012824 0.016163 -0.000991 0.000796 0.000003 0.999999
10003.799962000 0.006754 -0.013983 0.016895 -0.000877 0.000097 -0.000072 1.000000
10003.833295000 0.008275 -0.015418 0.018095 -0.000823 -0.000274 -0.000048 1.000000
10003.866628000 0.009089 -0.014828 0.018539 -0.000786 -0.000369 -0.000309 1.000000
10003.899961000 0.010235 -0.013654 0.016368 0.000146 -0.000858 -0.000033 1.000000
10003.933294000 0.009065 -0.011263 0.014501 0.000649 -0.000819 -0.000673 0.999999
10003.966627000 0.010678 -0.010938 0.013690 0.000163 -0.001956 -0.000416 0.999998
10003.999960000 0.025715 -0.016083 0.018270 0.001767 -0.005819 -0.000135 0.999981
10004.033293000 0.012753 -0.003998 0.004594 0.001190 -0.003917 -0.000438 0.999992
10004.066626000 0.010731 -0.000366 0.001353 0.002049 -0.003418 -0.000135 0.999992
10004.099959000 0.011689 0.000279 -0.000337 0.001787 -0.004260 -0.000100 0.999989
10004.133292000 0.010616 0.003103 -0.003947 0.002117 -0.004059 -0.000168 0.999990
10004.166625000 0.008480 0.004814 -0.005899 0.002160 -0.003886 -0.000154 0.999990
10004.199958000 0.006676 0.007058 -0.007810 0.002336 -0.003554 -0.000240 0.999991
10004.233291000 0.003147 0.008227 -0.010333 0.002106 -0.002471 0.000281 0.999995
10004.266624000 0.002479 0.008969 -0.011425 0.001800 -0.002533 0.000035 0.999995
10004.299957000 -0.002342 0.010885 -0.012948 0.001996 -0.000822 -0.000040 0.999998
10004.333290000 -0.019814 0.027146 -0.029497 0.003457 0.003619 0.000230 0.999987
10004.366623000 -0.014526 0.013756 -0.016203 0.000852 0.003379 0.000282 0.999994
10004.399956000 -0.017184 0.014594 -0.016730 0.001037 0.004860 0.000382 0.999988
10004.433289000 -0.020703 0.014885 -0.015946 0.000786 0.006071 0.000445 0.999981
10004.466622000 -0.023139 0.014348 -0.015133 0.000697 0.007567 0.000664 0.999971
10004.499955000 -0.024285 0.015442 -0.015416 0.000821 0.008448 0.000687 0.999964
10004.533288000 -0.022656 0.012987 -0.012757 0.000491 0.008398 0.000740 0.999964
10004.566621000 -0.022575 0.011927 -0.011584 0.000213 0.008917 0.000705 0.999960
10004.599954000 -0.022083 0.012146 -0.010866 0.001486 0.009202 0.000749 0.999956
10004.633287000 -0.018786 0.009542 -0.008197 0.000651 0.008604 0.000730 0.999963
10004.666620000 -0.028627 0.014671 -0.010521 0.002647 0.015027 0.001335 0.999883
10004.699953000 -0.006906 0.003361 -0.003830 0.001367 0.005276 0.000430 0.999985
10004.733286000 -0.004685 0.003123 -0.002760 0.002480 0.004703 0.000473 0.999986
10004.766619000 -0.004314 0.001947 -0.001126 0.002048 0.004856 0.000513 0.999986
10004.799952000 -0.002939 0.001770 -0.001552 0.002140 0.003548 0.000418 0.999991
10004.833285000 -0.002438 0.002267 -0.001917 0.002877 0.003215 0.000420 0.999991
10004.866618000 -0.003348 0.002219 -0.001868 0.002701 0.002890 0.000260 0.999992
10004.899951000 -0.004590 0.003356 -0.003136 0.002896 0.002564 0.000359 0.999992
10004.933284000 -0.007349 0.005554 -0.003933 0.002713 0.002799 0.000349 0.999992
10004.966617000 -0.011821 0.007449 -0.005047 0.003106 0.003484 0.000405 0.999989
10004.999950000 -0.035146 0.022252 -0.013644 0.006450 0.007404 0.001090 0.999951
10005.033283000 -0.023335 0.015223 -0.009455 0.003536 0.004087 0.000545 0.999985
10005.066616000 -0.027209 0.016681 -0.009742 0.002970 0.004757 0.000634 0.999984
10005.099949000 -0.029259 0.017421 -0.009745 0.003648 0.005273 0.000889 0.999979
10005.133282000 -0.030006 0.018034 -0.009534 0.003264 0.005358 0.000965 0.999980
10005.166615000 -0.028506 0.016768 -0.007952 0.002590 0.005084 0.000877 0.999983
10005.199948000 -0.026028 0.015539 -0.008085 0.002822 0.004620 0.000793 0.999985
10005.233281000 -0.023726 0.014213 -0.006462 0.002383 0.004646 0.000781 0.999986
10005.266614000 -0.020355 0.011051 -0.004318 0.002150 0.004453 0.000795 0.999987
10005.299947000 -0.012337 0.007404 -0.003400 0.001485 0.003211 0.000633 0.999994
10005.333280000 -0.005551 0.003529 -0.001310 0.002673 0.004433 0.000874 0.999986
10005.366613000 0.007464 -0.004445 0.001953 0.000191 0.001229 -0.000144 0.999999
10005.399946000 0.013573 -0.007933 0.003060 0.000236 0.000543 0.000212 1.000000
10005.433279000 0.017857 -0.009521 0.004898 0.000270 -0.000298 0.000030 1.000000
10005.466612000 0.021114 -0.012635 0.004976 -0.000413 -0.000441 -0.000008 1.000000
10005.499945000 0.020983 -0.012074 0.004905 -0.000260 -0.000439 -0.000509 1.000000
10005.533278000 0.022742 -0.013381 0.005551 -0.000621 -0.000931 -0.000115 0.999999
10005.566611000 0.021517 -0.012700 0.005322 -0.000300 -0.001158 0.000329 0.999999
10005.599944000 0.019165 -0.011179 0.004515 -0.000112 -0.000110 0.000035 1.000000
10005.633277000 0.015193 -0.009711 0.003135 -0.000741 -0.000377 0.000009 1.000000
10005.666610000 0.013191 -0.008624 0.002748 0.000038 0.001011 0.001157 0.999999
10005.699943000 -0.000225 0.000354 -0.000269 0.000542 0.000839 0.000614 0.999999
10005.733276000 -0.005729 0.002724 -0.002015 0.000309 0.001220 0.000560 0.999999
10005.766609000 -0.008392 0.004813 -0.001821 0.000592 0.000985 0.000640 0.999999
10005.799942000 -0.011829 0.005950 -0.003476 0.000253 0.001282 0.000653 0.999999
10005.833275000 -0.012143 0.006923 -0.002719 0.000492 0.000808 0.000621 0.999999
10005.866608000 -0.012623 0.007181 -0.003039 -0.000037 -0.000105 -0.000111 1.000000
10005.899941000 -0.013351 0.007701 -0.003206 0.000107 0.000106 -0.000536 1.000000
10005.933274000 -0.010618 0.007022 -0.001709 -0.000154 -0.001218 -0.000730 0.999999
10005.966607000 -0.008347 0.005694 -0.001433 -0.000618 -0.001971 -0.000953 0.999997
10005.999940000 -0.005615 0.005518 0.000599 -0.002768 -0.007167 -0.004551 0.999960
10006.033273000 0.003094 -0.000222 0.002132 -0.002186 -0.005271 -0.002693 0.999980
10006.066606000 0.005465 -0.001676 0.002796 -0.002471 -0.005702 -0.002837 0.999977
10006.099939000 0.008107 -0.003309 0.004614 -0.002314 -0.005719 -0.002614 0.999978
10006.133272000 0.009007 -0.004850 0.003771 -0.003108 -0.005792 -0.002226 0.999976
10006.166605000 0.010055 -0.004992 0.005053 -0.002677 -0.005636 -0.001756 0.999979
10006.199938000 0.010409 -0.006705 0.003553 -0.003005 -0.004682 -0.001182 0.999984
10006.233271000 0.010337 -0.007353 0.003382 -0.003471 -0.004766 0.000010 0.999983
10006.266604000 0.008583 -0.006946 0.002197 -0.002652 -0.002818 0.001147 0.999992
10006.299937000 0.009009 -0.009165 0.001210 -0.003437 -0.002393 0.002260 0.999989
10006.333270000 0.010749 -0.015846 -0.003881 -0.005683 -0.000203 0.009387 0.999940
10006.366603000 0.001075 -0.006877 -0.004965 -0.002463 0.002499 0.006915 0.999970
10006.399936000 0.000057 -0.008392 -0.006275 -0.002966 0.003348 0.008694 0.999952
10006.433269000 -0.001703 -0.007118 -0.007815 -0.002051 0.004638 0.009258 0.999944
10006.466602000 -0.001723 -0.008740 -0.008344 -0.002851 0.005884 0.010305 0.999926
10006.499935000 -0.003150 -0.007938 -0.008732 -0.003106 0.006762 0.011103 0.999911
10006.533268000 -0.004210 -0.007211 -0.009102 -0.002533 0.007424 0.010820 0.999911
10006.566601000 -0.003200 -0.007358 -0.008050 -0.002414 0.007531 0.010763 0.999911
10006.599934000 -0.003175 -0.006667 -0.007305 -0.001389 0.008180 0.010413 0.999911
10006.633267000 -0.002244 -0.005919 -0.006187 -0.002005 0.008374 0.009352 0.999919
10006.666600000 -0.001223 -0.009231 -0.008374 -0.001302 0.015362 0.014186 0.999781
10006.699933000 -0.000197 -0.002732 -0.002831 0.000519 0.008095 0.004343 0.999958
10006.733266000 0.001139 -0.001864 -0.000909 0.000482 0.006829 0.003245 0.999971
10006.766599000 0.002968 -0.001459 -0.000078 0.001856 0.006317 0.001644 0.999977
10006.799932000 0.001854 -0.000644 0.000300 0.001178 0.006007 0.001134 0.999981
10006.833265000 0.002099 0.001138 0.001629 0.002665 0.005618 0.000054 0.999981
10006.866598000 0.001390 0.000404 0.000943 0.001913 0.004996 -0.000557 0.999986
10006.899931000 0.000849 0.001983 0.002092 0.002884 0.004773 -0.001091 0.999984
10006.933264000 -0.001566 0.002078 0.001191 0.002896 0.004763 -0.001122 0.999984
10006.966597000 -0.003352 0.002469 0.000978 0.002326 0.004794 -0.001585 0.999985
10006.999930000 -0.013405 0.006441 0.001023 0.004418 0.008313 -0.001377 0.999955
10007.033263000 -0.010510 0.003813 -0.000216 0.001666 0.004316 0.000387 0.999989
10007.066596000 -0.011369 0.004789 -0.000752 0.002537 0.003826 0.000313 0.999989
10007.099929000 -0.013994 0.004279 -0.000989 0.001126 0.003977 0.000316 0.999991
10007.133262000 -0.015191 0.004555 -0.000624 0.001302 0.004533 0.001562 0.999988
10007.166595000 -0.015244 0.004345 -0.000976 0.000853 0.003169 0.000683 0.999994
10007.199928000 -0.017019 0.004179 -0.001339 0.000961 0.003354 0.001205 0.999993
10007.233261000 -0.016293 0.004866 -0.000532 0.001092 0.003298 0.001258 0.999993
10007.266594000 -0.016910 0.004017 -0.001300 0.000101 0.003659 0.001304 0.999992
10007.299927000 -0.014857 0.003884 -0.000385 0.000223 0.002264 0.000957 0.999997
10007.333260000 -0.027009 0.005034 0.000675 -0.001271 0.003941 0.002011 0.999989
10007.366593000 -0.012093 0.002051 -0.000195 -0.001131 0.001141 0.000168 0.999999
10007.399926000 -0.011235 0.002483 0.000524 -0.000384 0.001701 0.000313 0.999998
10007.433259000 -0.008727 0.002408 -0.000190 -0.000474 -0.000422 -0.000156 1.000000
10007.466592000 -0.008643 0.001494 0.000878 -0.000673 0.000258 0.000042 1.000000
10007.499925000 -0.008718 0.001851 0.000612 0.000439 0.000650 0.000082 1.000000
10007.533258000 -0.007664 0.002165 -0.000177 -0.000024 -0.000892 -0.000856 0.999999
10007.566591000 -0.007097 0.002592 -0.000693 0.001360 -0.000365 -0.000074 0.999999
10007.599924000 -0.006248 0.002391 0.000646 0.001566 -0.001020 -0.000265 0.999998
10007.633257000 -0.006320 0.003129 -0.001436 0.002113 -0.001658 -0.000410 0.999996
10007.666590000 -0.014286 0.007359 -0.003774 0.006678 -0.002216 -0.000507 0.999975
10007.699923000 -0.006719 0.004801 -0.002790 0.005024 -0.001953 0.000008 0.999985
10007.733256000 -0.007208 0.005010 -0.002838 0.005030 -0.001529 -0.000394 0.999986
10007.766589000 -0.007843 0.004954 -0.002840 0.005329 -0.001406 0.000182 0.999985
10007.799922000 -0.007417 0.006563 -0.002846 0.006422 -0.001761 -0.000547 0.999978
10007.833255000 -0.007633 0.005696 -0.003516 0.005922 -0.001640 -0.000417 0.999981
10007.866588000 -0.007563 0.006599 -0.003672 0.006061 -0.001317 -0.000356 0.999981
10007.899921000 -0.007652 0.005399 -0.004318 0.005091 -0.002021 -0.000714 0.999985
10007.933254000 -0.008262 0.006238 -0.003277 0.005355 -0.001015 -0.000342 0.999985
10007.966587000 -0.007326 0.005916 -0.003492 0.004809 -0.001461 -0.001055 0.999987
10007.999920000 -0.016320 0.011072 -0.005288 0.007612 -0.001631 -0.002181 0.999967
10008.033253000 -0.008800 0.004217 -0.002750 0.002044 -0.000174 -0.001175 0.999997
10008.066586000 -0.007616 0.004575 -0.001815 0.002062 -0.000150 -0.001147 0.999997
10008.099919000 -0.008250 0.004381 -0.001399 0.001286 -0.000323 -0.000784 0.999999
10008.133252000 -0.009593 0.002574 -0.001496 0.000069 0.000492 -0.000870 0.999999
10008.166585000 -0.008954 0.002367 -0.000976 -0.000343 0.000807 -0.000334 1.000000
10008.199918000 -0.009013 0.001183 -0.000156 -0.001498 0.000408 0.000113 0.999999
10008.233251000 -0.009050 0.001384 -0.000411 -0.001547 -0.000104 -0.000102 0.999999
10008.266584000 -0.008570 -0.000486 0.000932 -0.002414 0.000104 0.000973 0.999997
10008.299917000 -0.009766 -0.000911 0.000289 -0.003170 0.000385 0.001832 0.999993
10008.333250000 -0.020294 -0.005481 0.003993 -0.006827 0.000284 0.006029 0.999958
10008.366583000 -0.009631 -0.004181 0.003252 -0.004466 0.000156 0.004393 0.999980
10008.399916000 -0.010876 -0.005361 0.002581 -0.004428 0.000039 0.004846 0.999978
10008.433249000 -0.010474 -0.003904 0.004414 -0.003963 -0.000095 0.005324 0.999978
10008.466582000 -0.010605 -0.006334 0.005426 -0.004674 0.000540 0.005778 0.999972
10008.499915000 -0.009910 -0.005759 0.005675 -0.004266 0.000004 0.005976 0.999973
10008.533248000 -0.011593 -0.004719 0.006305 -0.002906 0.000789 0.005736 0.999979
10008.566581000 -0.010407 -0.004406 0.007369 -0.003134 0.001273 0.005844 0.999977
10008.599914000 -0.010008 -0.003614 0.008135 -0.002317 0.001040 0.005766 0.999980
10008.633247000 -0.010999 -0.003551 0.009601 -0.002393 0.002675 0.005789 0.999977
10008.666580000 -0.020898 -0.002463 0.021757 -0.001152 0.006656 0.009149 0.999935
10008.699913000 -0.010472 0.000754 0.011969 0.000222 0.003865 0.004009 0.999984
10008.733246000 -0.009237 0.000783 0.013713 0.000695 0.004146 0.002961 0.999987
10008.766579000 -0.010490 0.002163 0.013850 0.001477 0.005138 0.002604 0.999982
10008.799912000 -0.009089 0.002093 0.013908 0.001090 0.004960 0.001483 0.999986
10008.833245000 -0.008962 0.002205 0.014134 0.001099 0.004822 0.001452 0.999987
10008.866578000 -0.007720 0.003139 0.013946 0.001559 0.004200 0.000184 0.999990
10008.899911000 -0.007755 0.002003 0.014075 0.001040 0.004563 0.000217 0.999989
10008.933244000 -0.005775 0.000560 0.013411 0.000032 0.003221 -0.000640 0.999995
10008.966577000 -0.005629 0.000860 0.013244 0.000124 0.003155 -0.001268 0.999994
10008.999910000 -0.009048 -0.001243 0.023647 -0.001531 0.004318 -0.004352 0.999980
10009.033243000 -0.002538 -0.003106 0.010863 -0.002031 0.000812 -0.003139 0.999993
10009.066576000 -0.001724 -0.003143 0.009395 -0.001812 0.000006 -0.002804 0.999994
10009.099909000 -0.001834 -0.003879 0.008668 -0.002377 0.000520 -0.002607 0.999994
10009.133242000 -0.001669 -0.005363 0.007798 -0.002819 -0.000102 -0.001873 0.999994
10009.166575000 -0.000420 -0.006281 0.006326 -0.003047 -0.000213 -0.001733 0.999994
10009.199908000 -0.001196 -0.007902 0.005989 -0.003710 0.000548 0.000067 0.999993
10009.233241000 -0.000154 -0.007454 0.005096 -0.002898 -0.000058 0.001080 0.999995
10009.266574000 -0.001212 -0.008348 0.003215 -0.002796 0.000786 0.002889 0.999992
10009.299907000 -0.000232 -0.009037 0.003098 -0.002842 0.000701 0.004505 0.999986
10009.333240000 -0.000298 -0.020412 0.003083 -0.005168 0.003284 0.016426 0.999846
10009.366573000 -0.001155 -0.010351 -0.000052 -0.001798 0.002933 0.011340 0.999930
10009.399906000 -0.001042 -0.012338 0.000225 -0.002236 0.003253 0.013113 0.999906
10009.433239000 -0.000787 -0.010715 -0.000693 -0.001369 0.003580 0.014160 0.999892
10009.466572000 -0.000124 -0.012674 -0.000258 -0.001659 0.003830 0.015521 0.999871
10009.499905000 0.000172 -0.012756 -0.000239 -0.002330 0.003711 0.016009 0.999862
10009.533238000 0.000481 -0.013328 0.000327 -0.002078 0.003658 0.016393 0.999857
10009.566571000 0.001381 -0.014238 0.001250 -0.002886 0.003760 0.016490 0.999853
10009.599904000 0.001194 -0.012067 0.001801 -0.001891 0.003503 0.015279 0.999875
10009.633237000 0.001220 -0.015237 0.002956 -0.003597 0.004001 0.014882 0.999875
10009.666570000 0.007916 -0.028195 0.011785 -0.007505 0.004760 0.026333 0.999614
10009.699903000 0.003064 -0.013797 0.008728 -0.003774 0.001913 0.010767 0.999933
10009.733236000 0.004970 -0.014532 0.010589 -0.004817 0.001248 0.008452 0.999952
10009.766569000 0.005302 -0.013743 0.012344 -0.004656 -0.000028 0.006823 0.999966
10009.799902000 0.006097 -0.012793 0.016481 -0.005306 -0.000679 0.003985 0.999978
10009.833235000 0.006973 -0.013067 0.018974 -0.005552 -0.001240 0.001453 0.999983
10009.866568000 0.006460 -0.012359 0.021502 -0.005951 -0.002646 -0.001755 0.999977
10009.899901000 0.007234 -0.012143 0.025506 -0.006666 -0.003256 -0.004852 0.999961
10009.899901000 -0.000000 -0.000000 -0.000000 0.000000 -0.000000 0.000000 1.000000
