1305031102.175304 0.000000 0.000000 0.000000 1.000000 -0.000000 -0.000000 -0.000000
1305031102.211214 -0.006850 0.006211 0.010711 0.999997 -0.000937 -0.001686 -0.001612
1305031102.275326 -0.015503 0.001840 0.049299 0.999901 -0.011020 -0.008723 -0.001115
1305031102.311267 -0.021220 -0.002418 0.072219 0.999811 -0.015355 -0.011908 -0.000578
1305031102.343233 -0.028209 -0.004293 0.084863 0.999745 -0.018053 -0.013490 0.001098
1305031102.375329 -0.014595 0.008554 0.099506 0.999681 -0.018422 -0.017220 0.001548
1305031102.411258 -0.021000 0.008647 0.108455 0.999629 -0.019927 -0.018538 0.000878
1305031102.443271 -0.026931 0.010421 0.121261 0.999480 -0.024294 -0.021206 0.000752
1305031102.475318 -0.020559 0.012876 0.132394 0.999224 -0.030616 -0.024763 0.000615
1305031102.511219 -0.017607 0.018847 0.144536 0.999164 -0.031822 -0.025628 -0.001261
1305031102.575286 -0.008643 0.012059 0.157087 0.998882 -0.042176 -0.020946 -0.004255
1305031102.611233 -0.018390 0.008383 0.170191 0.999025 -0.039934 -0.018469 -0.003648
1305031102.675285 -0.022556 0.032414 0.208101 0.998974 -0.040904 -0.019153 0.003333
1305031102.711263 -0.030631 0.029632 0.221606 0.998912 -0.042205 -0.019423 0.004086
1305031102.743234 -0.022791 0.031338 0.231166 0.998684 -0.045519 -0.022564 0.007056
1305031102.775472 -0.011102 0.033410 0.245292 0.998626 -0.046328 -0.023909 0.005289
1305031102.811232 -0.010241 0.034533 0.254570 0.998620 -0.047017 -0.022946 0.004592
1305031102.843290 -0.012974 0.027753 0.257050 0.998519 -0.051939 -0.016063 0.002064
1305031102.875363 -0.007397 0.033767 0.267419 0.998541 -0.051874 -0.014705 0.002833
1305031102.911185 -0.012316 0.040340 0.277942 0.998597 -0.051337 -0.012433 0.003802
1305031102.975203 -0.042801 0.057493 0.319463 0.998526 -0.051940 -0.013920 0.007428
1305031103.011215 -0.052471 0.059171 0.336918 0.998332 -0.053884 -0.018297 0.009765
1305031103.043227 -0.014189 0.051585 0.360229 0.997504 -0.059932 -0.036165 0.009300
1305031103.075319 -0.024997 0.049738 0.378932 0.997334 -0.061074 -0.038247 0.011488
1305031103.111240 -0.025366 0.052489 0.375951 0.997466 -0.060060 -0.036395 0.011389
1305031103.143318 -0.041920 0.060391 0.373793 0.997917 -0.056666 -0.028884 0.010766
1305031103.175452 -0.038846 0.061317 0.372210 0.997868 -0.058040 -0.027879 0.010668
1305031103.243216 -0.018546 0.089251 0.379536 0.997429 -0.062270 -0.031067 0.017122
1305031103.275370 -0.015893 0.094152 0.390223 0.996473 -0.071559 -0.037858 0.022086
1305031103.311210 -0.023498 0.091316 0.403558 0.995874 -0.076291 -0.044372 0.021117
1305031103.343223 -0.015013 0.089027 0.402346 0.995565 -0.078201 -0.048248 0.020196
1305031103.375327 -0.009088 0.080186 0.382796 0.995580 -0.082079 -0.042614 0.016362
1305031103.411260 -0.009092 0.076684 0.380064 0.995427 -0.084194 -0.041879 0.016807
1305031103.443280 -0.010054 0.076284 0.376335 0.995526 -0.083057 -0.042235 0.015649
1305031103.475274 -0.008243 0.073819 0.372852 0.995565 -0.082238 -0.043585 0.013687
1305031103.511333 -0.006189 0.070733 0.366672 0.995842 -0.079302 -0.043402 0.011189
1305031103.543444 -0.003651 0.067630 0.359654 0.996239 -0.074745 -0.042974 0.008642
1305031103.575474 0.000773 0.065831 0.348255 0.996507 -0.071160 -0.042909 0.008249
1305031103.611223 -0.009401 0.047374 0.321581 0.996426 -0.075238 -0.037687 0.007420
1305031103.643445 -0.001637 0.050392 0.325608 0.996351 -0.069006 -0.049448 0.008854
1305031103.675523 -0.002730 0.045850 0.312788 0.996527 -0.067114 -0.048560 0.008448
1305031103.711610 -0.003977 0.029590 0.280265 0.996544 -0.068298 -0.046492 0.008597
1305031103.743326 0.001356 0.027696 0.267135 0.996905 -0.064296 -0.044790 0.006394
1305031103.775342 0.009656 0.024898 0.242408 0.996973 -0.062350 -0.045909 0.007031
1305031103.811242 0.005687 0.024254 0.235810 0.997072 -0.061583 -0.045111 0.004563
1305031103.843251 0.010696 0.027277 0.203517 0.997130 -0.062564 -0.042592 0.001685
1305031103.875361 0.001977 0.021053 0.192199 0.996830 -0.066618 -0.043444 -0.001951
1305031103.911221 0.004616 0.016346 0.186298 0.996796 -0.064787 -0.046640 -0.004932
1305031103.943211 -0.000667 0.002260 0.176501 0.996503 -0.067153 -0.049329 -0.006176
1305031103.975373 0.008534 -0.000082 0.168279 0.996525 -0.064800 -0.051703 -0.008098
1305031104.011232 -0.000355 -0.018345 0.177484 0.996194 -0.065021 -0.057210 -0.009789
1305031104.043249 0.010115 -0.022548 0.152413 0.996801 -0.058815 -0.052739 -0.012106
1305031104.075425 0.004974 -0.017216 0.123651 0.997484 -0.053930 -0.044233 -0.012714
1305031104.111235 0.022510 -0.023558 0.105509 0.997723 -0.049086 -0.043230 -0.016467
1305031104.143230 0.016382 -0.022925 0.090717 0.998213 -0.043570 -0.037272 -0.016808
1305031104.175424 0.017226 -0.025497 0.070357 0.998506 -0.039628 -0.033057 -0.017958
1305031104.211283 0.011687 -0.028565 0.057630 0.998771 -0.035403 -0.029159 -0.018783
1305031104.243196 0.006800 -0.032131 0.040111 0.999006 -0.031513 -0.025016 -0.019191
1305031104.275546 0.003310 -0.036190 0.023669 0.999188 -0.027518 -0.020956 -0.020671
1305031104.311219 0.011093 -0.034671 0.011883 0.999322 -0.024512 -0.019047 -0.019819
1305031104.343342 0.002836 -0.028722 0.038293 0.999358 -0.014674 -0.024825 -0.021252
1305031104.375837 0.011934 -0.028607 0.022091 0.999460 -0.013630 -0.021669 -0.020583
1305031104.411509 0.019030 -0.028391 0.005275 0.999542 -0.013159 -0.018803 -0.019704
1305031104.443288 0.023281 -0.027294 -0.011147 0.999587 -0.013349 -0.017040 -0.018898
1305031104.475456 0.023146 -0.027758 -0.019735 0.999580 -0.014122 -0.017373 -0.018387
1305031104.511329 0.019252 -0.028750 -0.020513 0.999577 -0.013723 -0.018862 -0.017368
1305031104.543368 0.014173 -0.030429 -0.022846 0.999609 -0.011256 -0.019294 -0.016837
1305031104.575343 0.010934 -0.034238 -0.024783 0.999659 -0.007648 -0.018462 -0.016809
1305031104.611336 0.010332 -0.058798 -0.021386 0.999756 -0.003626 -0.019507 -0.009666
1305031104.643243 0.022631 -0.059853 -0.041908 0.999853 0.005407 -0.014080 -0.008166
1305031104.675525 0.020854 -0.083016 -0.069611 0.999889 0.011240 -0.006429 -0.007421
1305031104.711277 0.025513 -0.081445 -0.085244 0.999773 0.021043 -0.000701 -0.003121
1305031104.743280 0.030555 -0.076427 -0.099034 0.999492 0.031519 0.004702 0.000961
1305031104.775327 0.004106 -0.040069 -0.115181 0.998055 0.059726 0.017735 0.002128
1305031104.811465 0.013145 -0.034575 -0.130063 0.997500 0.066892 0.021784 0.006619
1305031104.843258 0.039737 -0.060640 -0.119120 0.997071 0.073720 0.020316 0.001644
1305031104.875350 0.039226 -0.048846 -0.116272 0.996455 0.080861 0.021552 0.008572
1305031104.911534 0.027563 -0.037821 -0.090584 0.995671 0.089237 0.021108 0.015211
1305031104.943262 0.027628 -0.036567 -0.091944 0.995607 0.089646 0.021809 0.015928
1305031104.975202 0.024679 -0.031095 -0.091752 0.995563 0.090098 0.022180 0.015676
1305031105.011290 0.022377 -0.026697 -0.085729 0.995801 0.087610 0.021685 0.015341
1305031105.043373 0.018217 -0.024133 -0.078774 0.996109 0.084383 0.021512 0.013542
1305031105.075320 0.016764 -0.025593 -0.069474 0.996572 0.079482 0.020099 0.011093
1305031105.111299 0.013854 -0.030124 -0.058875 0.997011 0.074386 0.018567 0.009539
1305031105.143106 0.018919 -0.005844 -0.036908 0.997161 0.073173 0.013036 0.012069
1305031105.175159 -0.012009 0.002908 -0.014183 0.997813 0.063239 0.018678 0.004580
1305031105.211268 -0.023181 -0.011745 0.002244 0.998542 0.051615 0.015787 -0.000083
1305031105.243270 -0.015027 -0.008636 0.011864 0.999040 0.042924 0.008681 0.000781
1305031105.275288 -0.016489 -0.008657 0.027631 0.999409 0.034313 0.002121 -0.000130
1305031105.311290 0.002579 -0.031593 0.020032 0.999868 0.014026 -0.002801 -0.007748
1305031105.343302 -0.005168 -0.027036 0.038758 0.999899 0.007816 -0.007337 -0.009294
1305031105.375338 -0.014086 -0.023383 0.062123 0.999885 0.004601 -0.011375 -0.008919
1305031105.411286 -0.015474 -0.010434 0.068409 0.999848 0.001711 -0.014199 -0.010021
1305031105.443316 -0.023016 -0.016725 0.083970 0.999775 -0.005717 -0.017503 -0.010556
1305031105.475280 -0.021922 -0.006664 0.096539 0.999703 -0.008807 -0.020757 -0.009202
1305031105.511332 -0.025136 -0.006931 0.112437 0.999592 -0.013458 -0.023611 -0.008845
1305031105.543282 -0.014239 -0.019968 0.120204 0.999360 -0.022634 -0.024539 -0.012835
1305031105.575449 -0.018457 -0.020807 0.126486 0.999282 -0.025493 -0.024929 -0.012808
1305031105.611378 -0.022368 -0.019728 0.154656 0.999185 -0.027234 -0.027197 -0.012169
1305031105.643273 -0.004518 -0.011037 0.174299 0.999091 -0.028013 -0.030781 -0.009263
1305031105.711309 -0.014575 -0.010995 0.221331 0.999051 -0.028809 -0.031615 -0.008206
1305031105.743312 -0.005744 -0.007547 0.226914 0.999106 -0.028212 -0.030704 -0.007010
1305031105.775339 -0.012135 -0.009063 0.237118 0.999202 -0.028441 -0.027139 -0.007132
1305031105.811283 -0.014972 -0.009286 0.250474 0.999308 -0.027301 -0.024421 -0.006396
1305031105.843271 0.005703 0.006019 0.249040 0.999328 -0.031107 -0.018984 0.003944
1305031105.875337 0.007749 0.009831 0.256298 0.999354 -0.031346 -0.016431 0.006238
1305031105.911262 0.005051 0.010931 0.265423 0.999189 -0.035929 -0.014660 0.010720
1305031105.943272 0.006245 0.011845 0.270571 0.998988 -0.040405 -0.014037 0.013889
1305031105.975329 -0.003719 0.020568 0.301893 0.999054 -0.040153 -0.009237 0.013902
1305031106.011285 -0.005790 0.020876 0.309183 0.998798 -0.045481 -0.008799 0.015993
1305031106.043355 -0.002750 0.033753 0.319881 0.998779 -0.046245 -0.004050 0.016876
1305031106.075330 0.005627 0.044609 0.331601 0.998627 -0.048665 -0.004382 0.018901
1305031106.111327 0.004589 0.046988 0.337602 0.998248 -0.054986 -0.005560 0.021123
1305031106.143355 0.006708 0.052669 0.363671 0.997840 -0.060679 -0.009655 0.023261
1305031106.175534 0.000647 0.051786 0.370455 0.997540 -0.065023 -0.010161 0.024150
1305031106.211275 -0.007383 0.050696 0.379406 0.997312 -0.068232 -0.010552 0.024534
1305031106.243267 -0.004481 0.049618 0.383921 0.997038 -0.070812 -0.013410 0.026860
1305031106.276385 -0.011032 0.069856 0.396175 0.996831 -0.070081 -0.010034 0.036283
1305031106.311238 -0.011355 0.071219 0.401101 0.996300 -0.075282 -0.012529 0.039517
1305031106.343258 -0.000037 0.075486 0.399315 0.995582 -0.082184 -0.017514 0.041900
1305031106.375388 0.000335 0.075083 0.399459 0.995687 -0.085090 -0.016539 0.033078
1305031106.411320 0.000929 0.056454 0.394535 0.994981 -0.097309 -0.009583 0.021248
1305031106.443278 -0.008864 0.043698 0.387732 0.994773 -0.101518 0.001558 0.010916
1305031106.475345 -0.009007 0.043967 0.385206 0.995004 -0.099421 0.001578 0.008899
1305031106.511129 -0.009084 0.044301 0.383595 0.995249 -0.096946 -0.000491 0.008972
1305031106.543302 -0.007081 0.044439 0.377435 0.995666 -0.092689 -0.002268 0.007256
1305031106.575282 -0.003605 0.044123 0.366104 0.995980 -0.089349 -0.002191 0.006001
1305031106.611151 -0.012157 0.047617 0.346612 0.996240 -0.086527 0.002028 0.003970
1305031106.643207 -0.005125 0.038796 0.338476 0.996157 -0.087577 -0.000742 0.000092
1305031106.675279 -0.010324 0.032946 0.305313 0.996124 -0.087931 0.002207 -0.001090
1305031106.711508 -0.005199 0.033249 0.299291 0.996055 -0.088672 -0.002816 -0.001789
1305031106.743341 -0.028812 0.021982 0.285229 0.996127 -0.087557 -0.007551 -0.002896
1305031106.775390 -0.024042 0.022392 0.278078 0.996194 -0.086302 -0.011822 -0.003121
1305031106.811289 -0.017668 0.019774 0.255897 0.996028 -0.087676 -0.015295 -0.002545
1305031106.843416 0.009540 0.010527 0.244683 0.995560 -0.089226 -0.029626 -0.004710
1305031106.875905 -0.002678 -0.001180 0.221238 0.995805 -0.086172 -0.029960 -0.007072
1305031106.911243 -0.011543 0.002066 0.201966 0.996379 -0.079613 -0.027228 -0.012194
1305031106.943439 -0.015803 -0.002106 0.174670 0.996655 -0.076911 -0.022441 -0.016150
1305031106.975547 -0.013223 -0.005552 0.158147 0.997118 -0.070817 -0.019864 -0.018627
1305031107.011576 0.006406 -0.004785 0.129161 0.997522 -0.063824 -0.018897 -0.022798
1305031107.043281 0.006174 -0.008988 0.123408 0.997499 -0.063449 -0.018607 -0.024971
1305031107.075432 -0.000284 -0.012753 0.106457 0.997812 -0.058305 -0.016130 -0.026660
1305031107.111229 -0.021389 -0.016402 0.082420 0.998042 -0.054792 -0.011947 -0.027713
1305031107.143260 -0.015040 -0.017841 0.057547 0.998093 -0.054421 -0.009257 -0.027606
1305031107.175399 -0.022766 -0.031650 0.059358 0.998017 -0.053225 -0.010566 -0.031896
1305031107.211358 -0.017656 -0.032713 0.051695 0.998299 -0.047732 -0.009279 -0.032175
1305031107.243378 -0.004704 -0.034346 0.049288 0.998457 -0.042609 -0.013466 -0.032975
1305031107.275398 -0.005328 -0.036991 0.044411 0.998692 -0.037842 -0.011099 -0.032545
1305031107.311226 -0.004040 -0.037238 0.036575 0.998953 -0.030563 -0.007824 -0.033138
1305031107.343509 -0.023171 -0.050808 0.029108 0.999147 -0.021621 -0.002198 -0.035104
1305031107.375413 -0.012290 -0.047025 0.014141 0.999355 -0.014306 0.000693 -0.032916
1305031107.411271 -0.004012 -0.032802 0.001500 0.999519 -0.002265 0.003771 -0.030710
1305031107.443419 -0.013138 -0.041050 -0.014553 0.999429 0.001924 0.009794 -0.032290
1305031107.475377 -0.009767 -0.040443 -0.019352 0.999427 0.004285 0.012906 -0.030995
1305031107.511352 -0.001407 -0.024578 -0.018481 0.999413 0.013444 0.011836 -0.029206
1305031107.543605 0.001105 -0.024101 -0.019377 0.999470 0.011093 0.013051 -0.027681
1305031107.575454 0.002728 -0.025195 -0.019211 0.999567 0.009254 0.013742 -0.024332
1305031107.611271 0.004615 -0.024212 -0.019014 0.999566 0.009738 0.014634 -0.023620
1305031107.643323 0.006915 -0.027988 -0.006602 0.999607 0.006738 0.014046 -0.023301
1305031107.675568 0.006901 -0.027982 -0.006429 0.999622 0.005442 0.014282 -0.022856
