1341839113.757458 -0.000000 0.000000 -0.000000 0.000000 0.000000 0.000000 1.000000
1341839113.793718 -0.000000 0.000000 -0.000000 0.000000 0.000000 0.000000 1.000000
1341839113.825830 -0.000000 0.000000 -0.000000 0.000000 0.000000 0.000000 1.000000
1341839113.861553 -0.000000 0.000000 -0.000000 0.000000 0.000000 0.000000 1.000000
1341839113.894400 -0.000000 0.000000 -0.000000 0.000000 0.000000 0.000000 1.000000
1341839113.925550 -0.000000 0.000000 -0.000000 0.000000 0.000000 0.000000 1.000000
1341839113.961614 -0.000000 0.000000 -0.000000 0.000000 0.000000 0.000000 1.000000
1341839113.993616 -0.000000 0.000000 -0.000000 0.000000 0.000000 0.000000 1.000000
1341839114.025642 -0.000000 0.000000 -0.000000 0.000000 0.000000 0.000000 1.000000
1341839114.061534 -0.000000 0.000000 -0.000000 0.000000 0.000000 0.000000 1.000000
1341839114.093617 -0.000000 0.000000 -0.000000 0.000000 0.000000 0.000000 1.000000
1341839114.129556 -0.000000 0.000000 -0.000000 0.000000 0.000000 0.000000 1.000000
1341839114.161678 -0.000000 0.000000 -0.000000 0.000000 0.000000 0.000000 1.000000
1341839114.193605 -0.000000 0.000000 -0.000000 0.000000 0.000000 0.000000 1.000000
1341839114.229673 -0.000000 0.000000 -0.000000 0.000000 0.000000 0.000000 1.000000
1341839114.261690 -0.000000 0.000000 -0.000000 0.000000 0.000000 0.000000 1.000000
1341839114.293564 -0.000000 0.000000 -0.000000 0.000000 0.000000 0.000000 1.000000
1341839114.329671 -0.000000 0.000000 -0.000000 0.000000 0.000000 0.000000 1.000000
1341839114.361622 -0.000000 0.000000 -0.000000 0.000000 0.000000 0.000000 1.000000
1341839114.397666 -0.000000 0.000000 -0.000000 0.000000 0.000000 0.000000 1.000000
1341839114.429583 -0.000000 0.000000 -0.000000 0.000000 0.000000 0.000000 1.000000
1341839114.461610 -0.000000 0.000000 -0.000000 0.000000 0.000000 0.000000 1.000000
1341839114.497561 -0.000000 0.000000 -0.000000 0.000000 0.000000 0.000000 1.000000
1341839114.529492 -0.000000 0.000000 -0.000000 0.000000 0.000000 0.000000 1.000000
1341839114.565482 -0.000000 0.000000 -0.000000 0.000000 0.000000 0.000000 1.000000
1341839114.597648 -0.000000 0.000000 -0.000000 0.000000 0.000000 0.000000 1.000000
1341839114.629596 -0.000000 0.000000 -0.000000 0.000000 0.000000 0.000000 1.000000
1341839114.665607 -0.000000 0.000000 -0.000000 0.000000 0.000000 0.000000 1.000000
1341839114.697721 -0.000000 0.000000 -0.000000 0.000000 0.000000 0.000000 1.000000
1341839114.730054 -0.000000 0.000000 -0.000000 0.000000 0.000000 0.000000 1.000000
1341839114.765560 -0.000000 0.000000 -0.000000 0.000000 0.000000 0.000000 1.000000
1341839114.797510 -0.000000 0.000000 -0.000000 0.000000 0.000000 0.000000 1.000000
1341839114.833570 -0.000000 0.000000 -0.000000 0.000000 0.000000 0.000000 1.000000
1341839114.865530 -0.000000 0.000000 -0.000000 0.000000 0.000000 0.000000 1.000000
1341839114.897742 -0.000000 0.000000 -0.000000 0.000000 0.000000 0.000000 1.000000
1341839114.933721 -0.000000 0.000000 -0.000000 0.000000 0.000000 0.000000 1.000000
1341839114.965565 -0.000000 0.000000 -0.000000 0.000000 0.000000 0.000000 1.000000
1341839114.997678 -0.000000 0.000000 -0.000000 0.000000 0.000000 0.000000 1.000000
1341839115.033675 -0.000000 0.000000 -0.000000 0.000000 0.000000 0.000000 1.000000
1341839115.065634 -0.000000 0.000000 -0.000000 0.000000 0.000000 0.000000 1.000000
1341839115.101577 -0.000000 0.000000 -0.000000 0.000000 0.000000 0.000000 1.000000
1341839115.133455 -0.000000 0.000000 -0.000000 0.000000 0.000000 0.000000 1.000000
1341839115.165699 -0.000000 0.000000 -0.000000 0.000000 0.000000 0.000000 1.000000
1341839115.201542 -0.000000 0.000000 -0.000000 0.000000 0.000000 0.000000 1.000000
1341839115.233600 -0.000000 0.000000 -0.000000 0.000000 0.000000 0.000000 1.000000
1341839115.265499 -0.000000 0.000000 -0.000000 0.000000 0.000000 0.000000 1.000000
1341839115.301699 -0.000000 0.000000 -0.000000 0.000000 0.000000 0.000000 1.000000
1341839115.333616 -0.000000 0.000000 -0.000000 0.000000 0.000000 0.000000 1.000000
1341839115.369483 -0.000000 0.000000 -0.000000 0.000000 0.000000 0.000000 1.000000
1341839115.401613 -0.000000 0.000000 -0.000000 0.000000 0.000000 0.000000 1.000000
1341839115.433507 -0.000000 0.000000 -0.000000 0.000000 0.000000 0.000000 1.000000
1341839115.469819 -0.000000 0.000000 -0.000000 0.000000 0.000000 0.000000 1.000000
1341839115.501536 -0.000000 0.000000 -0.000000 0.000000 0.000000 0.000000 1.000000
1341839115.533671 -0.000000 0.000000 -0.000000 0.000000 0.000000 0.000000 1.000000
1341839115.569633 -0.000000 0.000000 -0.000000 0.000000 0.000000 0.000000 1.000000
1341839115.601623 -0.000000 0.000000 -0.000000 0.000000 0.000000 0.000000 1.000000
1341839115.637954 -0.000000 0.000000 -0.000000 0.000000 0.000000 0.000000 1.000000
1341839115.669467 -0.000000 0.000000 -0.000000 0.000000 0.000000 0.000000 1.000000
1341839115.701635 -0.000000 0.000000 -0.000000 0.000000 0.000000 0.000000 1.000000
1341839115.737552 -0.000000 0.000000 -0.000000 0.000000 0.000000 0.000000 1.000000
1341839115.769579 -0.000000 0.000000 -0.000000 0.000000 0.000000 0.000000 1.000000
1341839115.805533 -0.000000 0.000000 -0.000000 0.000000 0.000000 0.000000 1.000000
1341839115.837641 -0.000000 0.000000 -0.000000 0.000000 0.000000 0.000000 1.000000
1341839115.869594 -0.000000 0.000000 -0.000000 0.000000 0.000000 0.000000 1.000000
1341839115.905464 -0.000000 0.000000 -0.000000 0.000000 0.000000 0.000000 1.000000
1341839115.937926 -0.000000 0.000000 -0.000000 0.000000 0.000000 0.000000 1.000000
1341839115.976772 -0.000000 0.000000 -0.000000 0.000000 0.000000 0.000000 1.000000
1341839116.005615 -0.000000 0.000000 -0.000000 0.000000 0.000000 0.000000 1.000000
1341839116.037844 -0.000000 0.000000 -0.000000 0.000000 0.000000 0.000000 1.000000
1341839116.073614 -0.000000 0.000000 -0.000000 0.000000 0.000000 0.000000 1.000000
1341839116.105551 -0.000000 0.000000 -0.000000 0.000000 0.000000 0.000000 1.000000
1341839116.137629 -0.000000 0.000000 -0.000000 0.000000 0.000000 0.000000 1.000000
1341839116.173741 -0.000000 0.000000 -0.000000 0.000000 0.000000 0.000000 1.000000
1341839116.205705 -0.000000 0.000000 -0.000000 0.000000 0.000000 0.000000 1.000000
1341839116.237744 -0.000000 0.000000 -0.000000 0.000000 0.000000 0.000000 1.000000
1341839116.273644 -0.000000 0.000000 -0.000000 0.000000 0.000000 0.000000 1.000000
1341839116.305590 -0.000000 0.000000 -0.000000 0.000000 0.000000 0.000000 1.000000
1341839116.341693 -0.000000 0.000000 -0.000000 0.000000 0.000000 0.000000 1.000000
1341839116.374159 -0.000000 0.000000 -0.000000 0.000000 0.000000 0.000000 1.000000
1341839116.405626 -0.000000 0.000000 -0.000000 0.000000 0.000000 0.000000 1.000000
1341839116.441448 -0.000000 0.000000 -0.000000 0.000000 0.000000 0.000000 1.000000
1341839116.473792 -0.000000 0.000000 -0.000000 0.000000 0.000000 0.000000 1.000000
1341839116.505559 -0.000000 0.000000 -0.000000 0.000000 0.000000 0.000000 1.000000
1341839116.541530 -0.000000 0.000000 -0.000000 0.000000 0.000000 0.000000 1.000000
1341839116.573449 -0.000000 0.000000 -0.000000 0.000000 0.000000 0.000000 1.000000
1341839116.609629 -0.000000 0.000000 -0.000000 0.000000 0.000000 0.000000 1.000000
1341839116.642092 -0.000000 0.000000 -0.000000 0.000000 0.000000 0.000000 1.000000
1341839116.673494 -0.000000 0.000000 -0.000000 0.000000 0.000000 0.000000 1.000000
1341839116.709491 -0.000000 0.000000 -0.000000 0.000000 0.000000 0.000000 1.000000
1341839116.741798 -0.000000 0.000000 -0.000000 0.000000 0.000000 0.000000 1.000000
1341839116.777780 -0.000000 0.000000 -0.000000 0.000000 0.000000 0.000000 1.000000
1341839116.809493 -0.000000 0.000000 -0.000000 0.000000 0.000000 0.000000 1.000000
1341839116.841577 -0.000000 0.000000 -0.000000 0.000000 0.000000 0.000000 1.000000
1341839116.877541 -0.000000 0.000000 -0.000000 0.000000 0.000000 0.000000 1.000000
1341839116.909607 -0.000000 0.000000 -0.000000 0.000000 0.000000 0.000000 1.000000
1341839116.941574 -0.000000 0.000000 -0.000000 0.000000 0.000000 0.000000 1.000000
1341839116.977669 -0.000000 0.000000 -0.000000 0.000000 0.000000 0.000000 1.000000
1341839117.009692 -0.000000 0.000000 -0.000000 0.000000 0.000000 0.000000 1.000000
1341839117.045446 -0.000000 0.000000 -0.000000 0.000000 0.000000 0.000000 1.000000
1341839117.077581 -0.000000 0.000000 -0.000000 0.000000 0.000000 0.000000 1.000000
1341839117.109633 -0.000000 0.000000 -0.000000 0.000000 0.000000 0.000000 1.000000
1341839117.145451 -0.000000 0.000000 -0.000000 0.000000 0.000000 0.000000 1.000000
1341839117.177591 -0.000000 0.000000 -0.000000 0.000000 0.000000 0.000000 1.000000
1341839117.209585 -0.000000 0.000000 -0.000000 0.000000 0.000000 0.000000 1.000000
1341839117.245753 -0.000000 0.000000 -0.000000 0.000000 0.000000 0.000000 1.000000
1341839117.278976 -0.000000 0.000000 -0.000000 0.000000 0.000000 0.000000 1.000000
1341839117.313580 -0.000000 0.000000 -0.000000 0.000000 0.000000 0.000000 1.000000
1341839117.345623 -0.000000 0.000000 -0.000000 0.000000 0.000000 0.000000 1.000000
1341839117.377641 -0.000000 0.000000 -0.000000 0.000000 0.000000 0.000000 1.000000
1341839117.413568 -0.000000 0.000000 -0.000000 0.000000 0.000000 0.000000 1.000000
1341839117.445717 -0.000000 0.000000 -0.000000 0.000000 0.000000 0.000000 1.000000
1341839117.477601 -0.000000 0.000000 -0.000000 0.000000 0.000000 0.000000 1.000000
1341839117.513635 -0.000000 0.000000 -0.000000 0.000000 0.000000 0.000000 1.000000
1341839117.545603 -0.000000 0.000000 -0.000000 0.000000 0.000000 0.000000 1.000000
1341839117.581707 -0.000000 0.000000 -0.000000 0.000000 0.000000 0.000000 1.000000
1341839117.613653 -0.000000 0.000000 -0.000000 0.000000 0.000000 0.000000 1.000000
1341839117.645887 -0.000000 0.000000 -0.000000 0.000000 0.000000 0.000000 1.000000
1341839117.681569 -0.000000 0.000000 -0.000000 0.000000 0.000000 0.000000 1.000000
1341839117.713639 -0.000000 0.000000 -0.000000 0.000000 0.000000 0.000000 1.000000
1341839117.745712 -0.000000 0.000000 -0.000000 0.000000 0.000000 0.000000 1.000000
1341839117.781725 -0.000000 0.000000 -0.000000 0.000000 0.000000 0.000000 1.000000
1341839117.813499 -0.000000 0.000000 -0.000000 0.000000 0.000000 0.000000 1.000000
1341839117.849617 -0.000000 0.000000 -0.000000 0.000000 0.000000 0.000000 1.000000
1341839117.881610 -0.000000 0.000000 -0.000000 0.000000 0.000000 0.000000 1.000000
1341839117.913581 -0.000000 0.000000 -0.000000 0.000000 0.000000 0.000000 1.000000
1341839117.949521 -0.000000 0.000000 -0.000000 0.000000 0.000000 0.000000 1.000000
1341839117.981586 -0.000000 0.000000 -0.000000 0.000000 0.000000 0.000000 1.000000
1341839118.017504 -0.000000 0.000000 -0.000000 0.000000 0.000000 0.000000 1.000000
1341839118.049478 -0.000000 0.000000 -0.000000 0.000000 0.000000 0.000000 1.000000
1341839118.081566 -0.000000 0.000000 -0.000000 0.000000 0.000000 0.000000 1.000000
1341839118.117532 -0.000000 0.000000 -0.000000 0.000000 0.000000 0.000000 1.000000
1341839118.149476 -0.000000 0.000000 -0.000000 0.000000 0.000000 0.000000 1.000000
1341839118.182394 -0.000000 0.000000 -0.000000 0.000000 0.000000 0.000000 1.000000
1341839118.217697 -0.000000 0.000000 -0.000000 0.000000 0.000000 0.000000 1.000000
1341839118.249595 -0.000000 0.000000 -0.000000 0.000000 0.000000 0.000000 1.000000
1341839118.285581 -0.000000 0.000000 -0.000000 0.000000 0.000000 0.000000 1.000000
1341839118.317574 -0.000000 0.000000 -0.000000 0.000000 0.000000 0.000000 1.000000
1341839118.349685 -0.000000 0.000000 -0.000000 0.000000 0.000000 0.000000 1.000000
1341839118.385618 -0.000000 0.000000 -0.000000 0.000000 0.000000 0.000000 1.000000
1341839118.417611 -0.000000 0.000000 -0.000000 0.000000 0.000000 0.000000 1.000000
1341839118.449697 -0.000000 0.000000 -0.000000 0.000000 0.000000 0.000000 1.000000
1341839118.485493 -0.000000 0.000000 -0.000000 0.000000 0.000000 0.000000 1.000000
1341839118.517623 -0.000000 0.000000 -0.000000 0.000000 0.000000 0.000000 1.000000
1341839118.554050 -0.000000 0.000000 -0.000000 0.000000 0.000000 0.000000 1.000000
1341839118.585668 -0.000000 0.000000 -0.000000 0.000000 0.000000 0.000000 1.000000
1341839118.617700 -0.000000 0.000000 -0.000000 0.000000 0.000000 0.000000 1.000000
1341839118.653714 -0.000000 0.000000 -0.000000 0.000000 0.000000 0.000000 1.000000
1341839118.685567 -0.000000 0.000000 -0.000000 0.000000 0.000000 0.000000 1.000000
1341839118.717504 -0.000000 0.000000 -0.000000 0.000000 0.000000 0.000000 1.000000
1341839118.753742 -0.000000 0.000000 -0.000000 0.000000 0.000000 0.000000 1.000000
1341839118.785566 -0.000000 0.000000 -0.000000 0.000000 0.000000 0.000000 1.000000
1341839118.821695 -0.000000 0.000000 -0.000000 0.000000 0.000000 0.000000 1.000000
1341839118.853833 -0.000000 0.000000 -0.000000 0.000000 0.000000 0.000000 1.000000
1341839118.887465 -0.000000 0.000000 -0.000000 0.000000 0.000000 0.000000 1.000000
1341839118.921740 -0.000000 0.000000 -0.000000 0.000000 0.000000 0.000000 1.000000
1341839118.953665 -0.000000 0.000000 -0.000000 0.000000 0.000000 0.000000 1.000000
1341839118.989622 -0.000000 0.000000 -0.000000 0.000000 0.000000 0.000000 1.000000
1341839119.021687 -0.000000 0.000000 -0.000000 0.000000 0.000000 0.000000 1.000000
1341839119.054550 -0.000000 0.000000 -0.000000 0.000000 0.000000 0.000000 1.000000
1341839119.089581 -0.000000 0.000000 -0.000000 0.000000 0.000000 0.000000 1.000000
1341839119.121679 -0.000000 0.000000 -0.000000 0.000000 0.000000 0.000000 1.000000
1341839119.153810 -0.000000 0.000000 -0.000000 0.000000 0.000000 0.000000 1.000000
1341839119.190466 -0.000000 0.000000 -0.000000 0.000000 0.000000 0.000000 1.000000
1341839119.221601 -0.000000 0.000000 -0.000000 0.000000 0.000000 0.000000 1.000000
1341839119.257728 -0.000000 0.000000 -0.000000 0.000000 0.000000 0.000000 1.000000
1341839119.289455 -0.000000 0.000000 -0.000000 0.000000 0.000000 0.000000 1.000000
1341839119.321569 -0.000000 0.000000 -0.000000 0.000000 0.000000 0.000000 1.000000
1341839119.357502 -0.000000 0.000000 -0.000000 0.000000 0.000000 0.000000 1.000000
1341839119.389594 -0.000000 0.000000 -0.000000 0.000000 0.000000 0.000000 1.000000
1341839119.421517 -0.000000 0.000000 -0.000000 0.000000 0.000000 0.000000 1.000000
1341839119.457571 -0.000000 0.000000 -0.000000 0.000000 0.000000 0.000000 1.000000
1341839119.489537 -0.000000 0.000000 -0.000000 0.000000 0.000000 0.000000 1.000000
1341839119.525734 -0.000000 0.000000 -0.000000 0.000000 0.000000 0.000000 1.000000
1341839119.557461 -0.000000 0.000000 -0.000000 0.000000 0.000000 0.000000 1.000000
1341839119.589618 -0.000000 0.000000 -0.000000 0.000000 0.000000 0.000000 1.000000
1341839119.625979 -0.000000 0.000000 -0.000000 0.000000 0.000000 0.000000 1.000000
1341839119.657625 -0.000000 0.000000 -0.000000 0.000000 0.000000 0.000000 1.000000
1341839119.689899 -0.000000 0.000000 -0.000000 0.000000 0.000000 0.000000 1.000000
1341839119.725735 -0.000000 0.000000 -0.000000 0.000000 0.000000 0.000000 1.000000
1341839119.757807 -0.000000 0.000000 -0.000000 0.000000 0.000000 0.000000 1.000000
1341839119.793744 -0.000000 0.000000 -0.000000 0.000000 0.000000 0.000000 1.000000
1341839119.825500 -0.000000 0.000000 -0.000000 0.000000 0.000000 0.000000 1.000000
1341839119.857554 -0.000000 0.000000 -0.000000 0.000000 0.000000 0.000000 1.000000
1341839119.893748 -0.000000 0.000000 -0.000000 0.000000 0.000000 0.000000 1.000000
1341839119.925601 -0.000000 0.000000 -0.000000 0.000000 0.000000 0.000000 1.000000
1341839119.957678 -0.000000 0.000000 -0.000000 0.000000 0.000000 0.000000 1.000000
1341839119.993679 -0.000000 0.000000 -0.000000 0.000000 0.000000 0.000000 1.000000
1341839120.025666 -0.000000 0.000000 -0.000000 0.000000 0.000000 0.000000 1.000000
1341839120.061576 -0.000000 0.000000 -0.000000 0.000000 0.000000 0.000000 1.000000
1341839120.093515 -0.000000 0.000000 -0.000000 0.000000 0.000000 0.000000 1.000000
1341839120.125657 -0.000000 0.000000 -0.000000 0.000000 0.000000 0.000000 1.000000
1341839120.161703 -0.000000 0.000000 -0.000000 0.000000 0.000000 0.000000 1.000000
1341839120.193590 -0.000000 0.000000 -0.000000 0.000000 0.000000 0.000000 1.000000
1341839120.229713 -0.000000 0.000000 -0.000000 0.000000 0.000000 0.000000 1.000000
1341839120.261506 -0.000000 0.000000 -0.000000 0.000000 0.000000 0.000000 1.000000
1341839120.293457 -0.000000 0.000000 -0.000000 0.000000 0.000000 0.000000 1.000000
1341839120.329588 -0.000000 0.000000 -0.000000 0.000000 0.000000 0.000000 1.000000
1341839120.361629 -0.000000 0.000000 -0.000000 0.000000 0.000000 0.000000 1.000000
1341839120.393790 -0.000000 0.000000 -0.000000 0.000000 0.000000 0.000000 1.000000
1341839120.429559 -0.000000 0.000000 -0.000000 0.000000 0.000000 0.000000 1.000000
1341839120.461550 -0.000000 0.000000 -0.000000 0.000000 0.000000 0.000000 1.000000
1341839120.497665 -0.000000 0.000000 -0.000000 0.000000 0.000000 0.000000 1.000000
1341839120.529565 -0.000000 0.000000 -0.000000 0.000000 0.000000 0.000000 1.000000
1341839120.561630 -0.000000 0.000000 -0.000000 0.000000 0.000000 0.000000 1.000000
1341839120.597681 -0.000000 0.000000 -0.000000 0.000000 0.000000 0.000000 1.000000
1341839120.629503 -0.000000 0.000000 -0.000000 0.000000 0.000000 0.000000 1.000000
1341839120.661993 -0.000000 0.000000 -0.000000 0.000000 0.000000 0.000000 1.000000
1341839120.697745 -0.000000 0.000000 -0.000000 0.000000 0.000000 0.000000 1.000000
1341839120.729566 -0.000000 0.000000 -0.000000 0.000000 0.000000 0.000000 1.000000
1341839120.765550 -0.000000 0.000000 -0.000000 0.000000 0.000000 0.000000 1.000000
1341839120.797761 -0.000000 0.000000 -0.000000 0.000000 0.000000 0.000000 1.000000
1341839120.829557 -0.000000 0.000000 -0.000000 0.000000 0.000000 0.000000 1.000000
1341839120.865525 -0.000000 0.000000 -0.000000 0.000000 0.000000 0.000000 1.000000
1341839120.897669 -0.000000 0.000000 -0.000000 0.000000 0.000000 0.000000 1.000000
1341839120.929785 -0.000000 0.000000 -0.000000 0.000000 0.000000 0.000000 1.000000
1341839120.965555 -0.000000 0.000000 -0.000000 0.000000 0.000000 0.000000 1.000000
1341839120.997581 -0.000000 0.000000 -0.000000 0.000000 0.000000 0.000000 1.000000
1341839121.033744 -0.000000 0.000000 -0.000000 0.000000 0.000000 0.000000 1.000000
1341839121.065604 -0.000000 0.000000 -0.000000 0.000000 0.000000 0.000000 1.000000
1341839121.097656 -0.000000 0.000000 -0.000000 0.000000 0.000000 0.000000 1.000000
1341839121.133691 -0.000000 0.000000 -0.000000 0.000000 0.000000 0.000000 1.000000
1341839121.165530 -0.000000 0.000000 -0.000000 0.000000 0.000000 0.000000 1.000000
1341839121.201575 -0.000000 0.000000 -0.000000 0.000000 0.000000 0.000000 1.000000
1341839121.233546 -0.000000 0.000000 -0.000000 0.000000 0.000000 0.000000 1.000000
1341839121.265498 -0.000000 0.000000 -0.000000 0.000000 0.000000 0.000000 1.000000
1341839121.301532 -0.000000 0.000000 -0.000000 0.000000 0.000000 0.000000 1.000000
1341839121.333608 -0.000000 0.000000 -0.000000 0.000000 0.000000 0.000000 1.000000
1341839121.365570 -0.000000 0.000000 -0.000000 0.000000 0.000000 0.000000 1.000000
1341839121.401586 -0.000000 0.000000 -0.000000 0.000000 0.000000 0.000000 1.000000
1341839121.433568 -0.000000 0.000000 -0.000000 0.000000 0.000000 0.000000 1.000000
1341839121.470470 -0.000000 0.000000 -0.000000 0.000000 0.000000 0.000000 1.000000
1341839121.501558 -0.000000 0.000000 -0.000000 0.000000 0.000000 0.000000 1.000000
1341839121.533669 -0.000000 0.000000 -0.000000 0.000000 0.000000 0.000000 1.000000
1341839121.569551 -0.000000 0.000000 -0.000000 0.000000 0.000000 0.000000 1.000000
1341839121.601594 -0.000000 0.000000 -0.000000 0.000000 0.000000 0.000000 1.000000
1341839121.633518 -0.000000 0.000000 -0.000000 0.000000 0.000000 0.000000 1.000000
1341839121.676759 -0.000000 0.000000 -0.000000 0.000000 0.000000 0.000000 1.000000
1341839121.701792 -0.000000 0.000000 -0.000000 0.000000 0.000000 0.000000 1.000000
1341839121.737794 -0.000000 0.000000 -0.000000 0.000000 0.000000 0.000000 1.000000
1341839121.769806 -0.000000 0.000000 -0.000000 0.000000 0.000000 0.000000 1.000000
1341839121.801610 -0.000000 0.000000 -0.000000 0.000000 0.000000 0.000000 1.000000
1341839121.837558 -0.000000 0.000000 -0.000000 0.000000 0.000000 0.000000 1.000000
1341839121.869640 -0.000000 0.000000 -0.000000 0.000000 0.000000 0.000000 1.000000
1341839121.901603 -0.000000 0.000000 -0.000000 0.000000 0.000000 0.000000 1.000000
1341839121.937642 -0.000000 0.000000 -0.000000 0.000000 0.000000 0.000000 1.000000
1341839121.969593 -0.000000 0.000000 -0.000000 0.000000 0.000000 0.000000 1.000000
1341839122.005447 -0.000000 0.000000 -0.000000 0.000000 0.000000 0.000000 1.000000
1341839122.037577 -0.000000 0.000000 -0.000000 0.000000 0.000000 0.000000 1.000000
1341839122.069508 -0.000000 0.000000 -0.000000 0.000000 0.000000 0.000000 1.000000
1341839122.105677 -0.000000 0.000000 -0.000000 0.000000 0.000000 0.000000 1.000000
1341839122.137560 -0.000000 0.000000 -0.000000 0.000000 0.000000 0.000000 1.000000
1341839122.169506 -0.000000 0.000000 -0.000000 0.000000 0.000000 0.000000 1.000000
1341839122.205699 -0.000000 0.000000 -0.000000 0.000000 0.000000 0.000000 1.000000
1341839122.237714 -0.000000 0.000000 -0.000000 0.000000 0.000000 0.000000 1.000000
1341839122.273692 -0.000000 0.000000 -0.000000 0.000000 0.000000 0.000000 1.000000
1341839122.305536 -0.000000 0.000000 -0.000000 0.000000 0.000000 0.000000 1.000000
1341839122.337539 -0.000000 0.000000 -0.000000 0.000000 0.000000 0.000000 1.000000
1341839122.373595 -0.000000 0.000000 -0.000000 0.000000 0.000000 0.000000 1.000000
1341839122.405534 -0.000000 0.000000 -0.000000 0.000000 0.000000 0.000000 1.000000
1341839122.441566 -0.000000 0.000000 -0.000000 0.000000 0.000000 0.000000 1.000000
1341839122.476666 -0.000000 0.000000 -0.000000 0.000000 0.000000 0.000000 1.000000
1341839122.505523 -0.000000 0.000000 -0.000000 0.000000 0.000000 0.000000 1.000000
1341839122.541642 -0.000000 0.000000 -0.000000 0.000000 0.000000 0.000000 1.000000
1341839122.605781 -0.000000 0.000000 -0.000000 0.000000 0.000000 0.000000 1.000000
1341839122.641573 -0.000000 0.000000 -0.000000 0.000000 0.000000 0.000000 1.000000
1341839122.673585 -0.000000 0.000000 -0.000000 0.000000 0.000000 0.000000 1.000000
1341839122.709612 -0.000000 0.000000 -0.000000 0.000000 0.000000 0.000000 1.000000
1341839122.744481 -0.000000 0.000000 -0.000000 0.000000 0.000000 0.000000 1.000000
1341839122.773657 -0.000000 0.000000 -0.000000 0.000000 0.000000 0.000000 1.000000
1341839122.809572 -0.000000 0.000000 -0.000000 0.000000 0.000000 0.000000 1.000000
1341839122.841637 -0.000000 0.000000 -0.000000 0.000000 0.000000 0.000000 1.000000
1341839122.873612 -0.000000 0.000000 -0.000000 0.000000 0.000000 0.000000 1.000000
1341839122.909624 -0.000000 0.000000 -0.000000 0.000000 0.000000 0.000000 1.000000
1341839122.941543 -0.000000 0.000000 -0.000000 0.000000 0.000000 0.000000 1.000000
1341839122.977575 -0.000000 0.000000 -0.000000 0.000000 0.000000 0.000000 1.000000
1341839123.009572 -0.000000 0.000000 -0.000000 0.000000 0.000000 0.000000 1.000000
1341839123.041702 -0.000000 0.000000 -0.000000 0.000000 0.000000 0.000000 1.000000
1341839123.077583 -0.000000 0.000000 -0.000000 0.000000 0.000000 0.000000 1.000000
1341839123.109751 -0.000000 0.000000 -0.000000 0.000000 0.000000 0.000000 1.000000
1341839123.141926 -0.000000 0.000000 -0.000000 0.000000 0.000000 0.000000 1.000000
1341839123.177759 -0.000000 0.000000 -0.000000 0.000000 0.000000 0.000000 1.000000
1341839123.209570 -0.000000 0.000000 -0.000000 0.000000 0.000000 0.000000 1.000000
1341839123.245725 -0.000000 0.000000 -0.000000 0.000000 0.000000 0.000000 1.000000
1341839123.277647 -0.000000 0.000000 -0.000000 0.000000 0.000000 0.000000 1.000000
1341839123.309620 -0.000000 0.000000 -0.000000 0.000000 0.000000 0.000000 1.000000
1341839123.345630 -0.000000 0.000000 -0.000000 0.000000 0.000000 0.000000 1.000000
1341839123.378204 -0.000000 0.000000 -0.000000 0.000000 0.000000 0.000000 1.000000
1341839123.413605 -0.000000 0.000000 -0.000000 0.000000 0.000000 0.000000 1.000000
1341839123.445605 -0.000000 0.000000 -0.000000 0.000000 0.000000 0.000000 1.000000
1341839123.477524 -0.000000 0.000000 -0.000000 0.000000 0.000000 0.000000 1.000000
1341839123.513569 -0.000000 0.000000 -0.000000 0.000000 0.000000 0.000000 1.000000
1341839123.545681 -0.000000 0.000000 -0.000000 0.000000 0.000000 0.000000 1.000000
1341839123.577643 -0.000000 0.000000 -0.000000 0.000000 0.000000 0.000000 1.000000
1341839123.613598 -0.000000 0.000000 -0.000000 0.000000 0.000000 0.000000 1.000000
1341839123.645669 -0.000000 0.000000 -0.000000 0.000000 0.000000 0.000000 1.000000
1341839123.681751 -0.000000 0.000000 -0.000000 0.000000 0.000000 0.000000 1.000000
1341839123.713662 -0.000000 0.000000 -0.000000 0.000000 0.000000 0.000000 1.000000
1341839123.745702 -0.000000 0.000000 -0.000000 0.000000 0.000000 0.000000 1.000000
1341839123.781632 -0.000000 0.000000 -0.000000 0.000000 0.000000 0.000000 1.000000
1341839123.813710 -0.000000 0.000000 -0.000000 0.000000 0.000000 0.000000 1.000000
1341839123.845656 -0.000000 0.000000 -0.000000 0.000000 0.000000 0.000000 1.000000
1341839123.881576 -0.000000 0.000000 -0.000000 0.000000 0.000000 0.000000 1.000000
1341839123.913827 -0.000000 0.000000 -0.000000 0.000000 0.000000 0.000000 1.000000
1341839123.949667 -0.000000 0.000000 -0.000000 0.000000 0.000000 0.000000 1.000000
1341839123.981668 -0.000000 0.000000 -0.000000 0.000000 0.000000 0.000000 1.000000
1341839124.013726 -0.000000 0.000000 -0.000000 0.000000 0.000000 0.000000 1.000000
1341839124.049634 -0.000000 0.000000 -0.000000 0.000000 0.000000 0.000000 1.000000
1341839124.081682 -0.000000 0.000000 -0.000000 0.000000 0.000000 0.000000 1.000000
1341839124.113596 -0.000000 0.000000 -0.000000 0.000000 0.000000 0.000000 1.000000
1341839124.149548 -0.000000 0.000000 -0.000000 0.000000 0.000000 0.000000 1.000000
1341839124.181547 -0.000000 0.000000 -0.000000 0.000000 0.000000 0.000000 1.000000
1341839124.217783 -0.000000 0.000000 -0.000000 0.000000 0.000000 0.000000 1.000000
1341839124.256572 -0.000000 0.000000 -0.000000 0.000000 0.000000 0.000000 1.000000
1341839124.283693 -0.000000 0.000000 -0.000000 0.000000 0.000000 0.000000 1.000000
1341839124.317542 -0.000000 0.000000 -0.000000 0.000000 0.000000 0.000000 1.000000
1341839124.349622 -0.000000 0.000000 -0.000000 0.000000 0.000000 0.000000 1.000000
1341839124.381655 -0.000000 0.000000 -0.000000 0.000000 0.000000 0.000000 1.000000
1341839124.417782 -0.000000 0.000000 -0.000000 0.000000 0.000000 0.000000 1.000000
1341839124.449587 -0.000000 0.000000 -0.000000 0.000000 0.000000 0.000000 1.000000
1341839124.485711 -0.000000 0.000000 -0.000000 0.000000 0.000000 0.000000 1.000000
1341839124.517670 -0.000000 0.000000 -0.000000 0.000000 0.000000 0.000000 1.000000
1341839124.549607 -0.000000 0.000000 -0.000000 0.000000 0.000000 0.000000 1.000000
1341839124.585623 -0.000000 0.000000 -0.000000 0.000000 0.000000 0.000000 1.000000
1341839124.617614 -0.000000 0.000000 -0.000000 0.000000 0.000000 0.000000 1.000000
1341839124.653561 -0.000000 0.000000 -0.000000 0.000000 0.000000 0.000000 1.000000
1341839124.685611 -0.000000 0.000000 -0.000000 0.000000 0.000000 0.000000 1.000000
1341839124.717580 -0.000000 0.000000 -0.000000 0.000000 0.000000 0.000000 1.000000
1341839124.753621 -0.000000 0.000000 -0.000000 0.000000 0.000000 0.000000 1.000000
1341839124.785678 -0.000000 0.000000 -0.000000 0.000000 0.000000 0.000000 1.000000
1341839124.817558 -0.000000 0.000000 -0.000000 0.000000 0.000000 0.000000 1.000000
1341839124.853658 -0.000000 0.000000 -0.000000 0.000000 0.000000 0.000000 1.000000
1341839124.885712 -0.000000 0.000000 -0.000000 0.000000 0.000000 0.000000 1.000000
1341839124.921721 -0.000000 0.000000 -0.000000 0.000000 0.000000 0.000000 1.000000
1341839124.953580 -0.000000 0.000000 -0.000000 0.000000 0.000000 0.000000 1.000000
1341839124.985862 -0.000000 0.000000 -0.000000 0.000000 0.000000 0.000000 1.000000
1341839125.021660 -0.000000 0.000000 -0.000000 0.000000 0.000000 0.000000 1.000000
1341839125.053606 -0.000000 0.000000 -0.000000 0.000000 0.000000 0.000000 1.000000
1341839125.086082 -0.000000 0.000000 -0.000000 0.000000 0.000000 0.000000 1.000000
1341839125.121616 -0.000000 0.000000 -0.000000 0.000000 0.000000 0.000000 1.000000
1341839125.153540 -0.000000 0.000000 -0.000000 0.000000 0.000000 0.000000 1.000000
1341839125.189545 -0.000000 0.000000 -0.000000 0.000000 0.000000 0.000000 1.000000
1341839125.221519 -0.000000 0.000000 -0.000000 0.000000 0.000000 0.000000 1.000000
1341839125.253620 -0.000000 0.000000 -0.000000 0.000000 0.000000 0.000000 1.000000
1341839125.289646 -0.000000 0.000000 -0.000000 0.000000 0.000000 0.000000 1.000000
1341839125.321651 -0.000000 0.000000 -0.000000 0.000000 0.000000 0.000000 1.000000
1341839125.353612 -0.000000 0.000000 -0.000000 0.000000 0.000000 0.000000 1.000000
1341839125.389732 -0.000000 0.000000 -0.000000 0.000000 0.000000 0.000000 1.000000
1341839125.421568 -0.000000 0.000000 -0.000000 0.000000 0.000000 0.000000 1.000000
1341839125.457605 -0.000000 0.000000 -0.000000 0.000000 0.000000 0.000000 1.000000
1341839125.489491 -0.000000 0.000000 -0.000000 0.000000 0.000000 0.000000 1.000000
1341839125.521521 -0.000000 0.000000 -0.000000 0.000000 0.000000 0.000000 1.000000
1341839125.557578 -0.000000 0.000000 -0.000000 0.000000 0.000000 0.000000 1.000000
1341839125.596685 -0.000000 0.000000 -0.000000 0.000000 0.000000 0.000000 1.000000
1341839125.625522 -0.000000 0.000000 -0.000000 0.000000 0.000000 0.000000 1.000000
1341839125.657655 -0.000000 0.000000 -0.000000 0.000000 0.000000 0.000000 1.000000
1341839125.689599 -0.000000 0.000000 -0.000000 0.000000 0.000000 0.000000 1.000000
1341839125.725674 -0.000000 0.000000 -0.000000 0.000000 0.000000 0.000000 1.000000
1341839125.757650 -0.000000 0.000000 -0.000000 0.000000 0.000000 0.000000 1.000000
1341839125.789697 -0.000000 0.000000 -0.000000 0.000000 0.000000 0.000000 1.000000
1341839125.825554 -0.000000 0.000000 -0.000000 0.000000 0.000000 0.000000 1.000000
1341839125.857601 -0.000000 0.000000 -0.000000 0.000000 0.000000 0.000000 1.000000
1341839125.893542 -0.000000 0.000000 -0.000000 0.000000 0.000000 0.000000 1.000000
1341839125.925748 -0.000000 0.000000 -0.000000 0.000000 0.000000 0.000000 1.000000
1341839125.957565 -0.000000 0.000000 -0.000000 0.000000 0.000000 0.000000 1.000000
1341839125.993528 -0.000000 0.000000 -0.000000 0.000000 0.000000 0.000000 1.000000
1341839126.025584 -0.000000 0.000000 -0.000000 0.000000 0.000000 0.000000 1.000000
1341839126.057677 -0.000000 0.000000 -0.000000 0.000000 0.000000 0.000000 1.000000
1341839126.093586 -0.000000 0.000000 -0.000000 0.000000 0.000000 0.000000 1.000000
1341839126.125584 -0.000000 0.000000 -0.000000 0.000000 0.000000 0.000000 1.000000
1341839126.161675 -0.000000 0.000000 -0.000000 0.000000 0.000000 0.000000 1.000000
1341839126.193566 -0.000000 0.000000 -0.000000 0.000000 0.000000 0.000000 1.000000
1341839126.225494 -0.000000 0.000000 -0.000000 0.000000 0.000000 0.000000 1.000000
1341839126.262252 -0.000000 0.000000 -0.000000 0.000000 0.000000 0.000000 1.000000
1341839126.293564 -0.000000 0.000000 -0.000000 0.000000 0.000000 0.000000 1.000000
1341839126.325643 -0.000000 0.000000 -0.000000 0.000000 0.000000 0.000000 1.000000
1341839126.361562 -0.000000 0.000000 -0.000000 0.000000 0.000000 0.000000 1.000000
1341839126.393475 -0.000000 0.000000 -0.000000 0.000000 0.000000 0.000000 1.000000
1341839126.429534 -0.000000 0.000000 -0.000000 0.000000 0.000000 0.000000 1.000000
1341839126.461585 -0.000000 0.000000 -0.000000 0.000000 0.000000 0.000000 1.000000
1341839126.493573 -0.000000 0.000000 -0.000000 0.000000 0.000000 0.000000 1.000000
1341839126.529589 -0.000000 0.000000 -0.000000 0.000000 0.000000 0.000000 1.000000
1341839126.561488 -0.000000 0.000000 -0.000000 0.000000 0.000000 0.000000 1.000000
1341839126.593549 -0.000000 0.000000 -0.000000 0.000000 0.000000 0.000000 1.000000
1341839126.629751 -0.000000 0.000000 -0.000000 0.000000 0.000000 0.000000 1.000000
1341839126.661503 -0.000000 0.000000 -0.000000 0.000000 0.000000 0.000000 1.000000
1341839126.697561 -0.000000 0.000000 -0.000000 0.000000 0.000000 0.000000 1.000000
1341839126.729517 -0.000000 0.000000 -0.000000 0.000000 0.000000 0.000000 1.000000
1341839126.761554 -0.000000 0.000000 -0.000000 0.000000 0.000000 0.000000 1.000000
1341839126.797734 -0.000000 0.000000 -0.000000 0.000000 0.000000 0.000000 1.000000
1341839126.829608 -0.000000 0.000000 -0.000000 0.000000 0.000000 0.000000 1.000000
1341839126.865650 -0.000000 0.000000 -0.000000 0.000000 0.000000 0.000000 1.000000
1341839126.897640 -0.000000 0.000000 -0.000000 0.000000 0.000000 0.000000 1.000000
1341839126.929680 -0.000000 0.000000 -0.000000 0.000000 0.000000 0.000000 1.000000
1341839126.965564 -0.000000 0.000000 -0.000000 0.000000 0.000000 0.000000 1.000000
1341839126.997665 -0.000000 0.000000 -0.000000 0.000000 0.000000 0.000000 1.000000
1341839127.029597 -0.000000 0.000000 -0.000000 0.000000 0.000000 0.000000 1.000000
1341839127.065594 -0.000000 0.000000 -0.000000 0.000000 0.000000 0.000000 1.000000
1341839127.097689 -0.000000 0.000000 -0.000000 0.000000 0.000000 0.000000 1.000000
1341839127.133571 -0.000000 0.000000 -0.000000 0.000000 0.000000 0.000000 1.000000
1341839127.165684 -0.000000 0.000000 -0.000000 0.000000 0.000000 0.000000 1.000000
1341839127.197636 -0.000000 0.000000 -0.000000 0.000000 0.000000 0.000000 1.000000
1341839127.233596 -0.000000 0.000000 -0.000000 0.000000 0.000000 0.000000 1.000000
1341839127.265755 -0.000000 0.000000 -0.000000 0.000000 0.000000 0.000000 1.000000
1341839127.297673 -0.000000 0.000000 -0.000000 0.000000 0.000000 0.000000 1.000000
1341839127.333679 -0.000000 0.000000 -0.000000 0.000000 0.000000 0.000000 1.000000
1341839127.372174 -0.000000 0.000000 -0.000000 0.000000 0.000000 0.000000 1.000000
1341839127.401871 -0.000000 0.000000 -0.000000 0.000000 0.000000 0.000000 1.000000
1341839127.434153 -0.000000 0.000000 -0.000000 0.000000 0.000000 0.000000 1.000000
1341839127.465725 -0.000000 0.000000 -0.000000 0.000000 0.000000 0.000000 1.000000
1341839127.502087 -0.000000 0.000000 -0.000000 0.000000 0.000000 0.000000 1.000000
1341839127.533614 -0.000000 0.000000 -0.000000 0.000000 0.000000 0.000000 1.000000
1341839127.565666 -0.000000 0.000000 -0.000000 0.000000 0.000000 0.000000 1.000000
1341839127.601497 -0.000000 0.000000 -0.000000 0.000000 0.000000 0.000000 1.000000
1341839127.633641 -0.000000 0.000000 -0.000000 0.000000 0.000000 0.000000 1.000000
1341839127.669721 -0.000000 0.000000 -0.000000 0.000000 0.000000 0.000000 1.000000
1341839127.701590 -0.000000 0.000000 -0.000000 0.000000 0.000000 0.000000 1.000000
1341839127.733628 -0.000000 0.000000 -0.000000 0.000000 0.000000 0.000000 1.000000
1341839127.769756 -0.000000 0.000000 -0.000000 0.000000 0.000000 0.000000 1.000000
1341839127.801629 -0.000000 0.000000 -0.000000 0.000000 0.000000 0.000000 1.000000
1341839127.837525 -0.000000 0.000000 -0.000000 0.000000 0.000000 0.000000 1.000000
1341839127.869904 -0.000000 0.000000 -0.000000 0.000000 0.000000 0.000000 1.000000
1341839127.901787 -0.000000 0.000000 -0.000000 0.000000 0.000000 0.000000 1.000000
1341839127.937458 -0.000000 0.000000 -0.000000 0.000000 0.000000 0.000000 1.000000
1341839127.970000 -0.000000 0.000000 -0.000000 0.000000 0.000000 0.000000 1.000000
1341839128.001556 -0.000000 0.000000 -0.000000 0.000000 0.000000 0.000000 1.000000
1341839128.037646 -0.000000 0.000000 -0.000000 0.000000 0.000000 0.000000 1.000000
1341839128.069528 -0.000000 0.000000 -0.000000 0.000000 0.000000 0.000000 1.000000
1341839128.105485 -0.000000 0.000000 -0.000000 0.000000 0.000000 0.000000 1.000000
1341839128.137556 -0.000000 0.000000 -0.000000 0.000000 0.000000 0.000000 1.000000
1341839128.169766 -0.000000 0.000000 -0.000000 0.000000 0.000000 0.000000 1.000000
1341839128.205769 -0.000000 0.000000 -0.000000 0.000000 0.000000 0.000000 1.000000
1341839128.237693 -0.000000 0.000000 -0.000000 0.000000 0.000000 0.000000 1.000000
1341839128.269778 -0.000000 0.000000 -0.000000 0.000000 0.000000 0.000000 1.000000
1341839128.305489 -0.000000 0.000000 -0.000000 0.000000 0.000000 0.000000 1.000000
1341839128.337488 -0.000000 0.000000 -0.000000 0.000000 0.000000 0.000000 1.000000
1341839128.373648 -0.000000 0.000000 -0.000000 0.000000 0.000000 0.000000 1.000000
1341839128.405628 -0.000000 0.000000 -0.000000 0.000000 0.000000 0.000000 1.000000
1341839128.438499 -0.000000 0.000000 -0.000000 0.000000 0.000000 0.000000 1.000000
1341839128.473696 -0.000000 0.000000 -0.000000 0.000000 0.000000 0.000000 1.000000
1341839128.505546 -0.000000 0.000000 -0.000000 0.000000 0.000000 0.000000 1.000000
1341839128.537583 -0.000000 0.000000 -0.000000 0.000000 0.000000 0.000000 1.000000
1341839128.573515 -0.000000 0.000000 -0.000000 0.000000 0.000000 0.000000 1.000000
1341839128.605707 -0.000000 0.000000 -0.000000 0.000000 0.000000 0.000000 1.000000
1341839128.641615 -0.000000 0.000000 -0.000000 0.000000 0.000000 0.000000 1.000000
1341839128.674297 -0.000000 0.000000 -0.000000 0.000000 0.000000 0.000000 1.000000
1341839128.705724 -0.000000 0.000000 -0.000000 0.000000 0.000000 0.000000 1.000000
1341839128.741577 -0.000000 0.000000 -0.000000 0.000000 0.000000 0.000000 1.000000
1341839128.773449 -0.000000 0.000000 -0.000000 0.000000 0.000000 0.000000 1.000000
1341839128.805626 -0.000000 0.000000 -0.000000 0.000000 0.000000 0.000000 1.000000
1341839128.841524 -0.000000 0.000000 -0.000000 0.000000 0.000000 0.000000 1.000000
1341839128.873613 -0.000000 0.000000 -0.000000 0.000000 0.000000 0.000000 1.000000
1341839128.909718 -0.000000 0.000000 -0.000000 0.000000 0.000000 0.000000 1.000000
1341839128.941487 -0.000000 0.000000 -0.000000 0.000000 0.000000 0.000000 1.000000
1341839128.973556 -0.000000 0.000000 -0.000000 0.000000 0.000000 0.000000 1.000000
1341839129.009679 -0.000000 0.000000 -0.000000 0.000000 0.000000 0.000000 1.000000
1341839129.041584 -0.000000 0.000000 -0.000000 0.000000 0.000000 0.000000 1.000000
1341839129.077533 -0.000000 0.000000 -0.000000 0.000000 0.000000 0.000000 1.000000
1341839129.109520 -0.000000 0.000000 -0.000000 0.000000 0.000000 0.000000 1.000000
1341839129.141619 -0.000000 0.000000 -0.000000 0.000000 0.000000 0.000000 1.000000
1341839129.177574 -0.000000 0.000000 -0.000000 0.000000 0.000000 0.000000 1.000000
1341839129.209655 -0.000000 0.000000 -0.000000 0.000000 0.000000 0.000000 1.000000
1341839129.241510 -0.000000 0.000000 -0.000000 0.000000 0.000000 0.000000 1.000000
1341839129.277541 -0.000000 0.000000 -0.000000 0.000000 0.000000 0.000000 1.000000
1341839129.309548 -0.000000 0.000000 -0.000000 0.000000 0.000000 0.000000 1.000000
1341839129.345615 -0.000000 0.000000 -0.000000 0.000000 0.000000 0.000000 1.000000
1341839129.377515 -0.000000 0.000000 -0.000000 0.000000 0.000000 0.000000 1.000000
1341839129.409635 -0.000000 0.000000 -0.000000 0.000000 0.000000 0.000000 1.000000
1341839129.445518 -0.000000 0.000000 -0.000000 0.000000 0.000000 0.000000 1.000000
1341839129.477523 -0.000000 0.000000 -0.000000 0.000000 0.000000 0.000000 1.000000
1341839129.509566 -0.000000 0.000000 -0.000000 0.000000 0.000000 0.000000 1.000000
1341839129.545536 -0.000000 0.000000 -0.000000 0.000000 0.000000 0.000000 1.000000
1341839129.577541 -0.000000 0.000000 -0.000000 0.000000 0.000000 0.000000 1.000000
1341839129.613707 -0.000000 0.000000 -0.000000 0.000000 0.000000 0.000000 1.000000
1341839129.645497 -0.000000 0.000000 -0.000000 0.000000 0.000000 0.000000 1.000000
1341839129.677529 -0.000000 0.000000 -0.000000 0.000000 0.000000 0.000000 1.000000
1341839129.713807 -0.000000 0.000000 -0.000000 0.000000 0.000000 0.000000 1.000000
1341839129.745656 -0.000000 0.000000 -0.000000 0.000000 0.000000 0.000000 1.000000
1341839129.777553 -0.000000 0.000000 -0.000000 0.000000 0.000000 0.000000 1.000000
1341839129.813668 -0.000000 0.000000 -0.000000 0.000000 0.000000 0.000000 1.000000
1341839129.845557 -0.000000 0.000000 -0.000000 0.000000 0.000000 0.000000 1.000000
1341839129.881595 -0.000000 0.000000 -0.000000 0.000000 0.000000 0.000000 1.000000
1341839129.913656 -0.000000 0.000000 -0.000000 0.000000 0.000000 0.000000 1.000000
1341839129.945668 -0.000000 0.000000 -0.000000 0.000000 0.000000 0.000000 1.000000
1341839129.981581 -0.000000 0.000000 -0.000000 0.000000 0.000000 0.000000 1.000000
1341839130.013837 -0.000000 0.000000 -0.000000 0.000000 0.000000 0.000000 1.000000
1341839130.049672 -0.000000 0.000000 -0.000000 0.000000 0.000000 0.000000 1.000000
1341839130.081470 -0.000000 0.000000 -0.000000 0.000000 0.000000 0.000000 1.000000
1341839130.113580 -0.000000 0.000000 -0.000000 0.000000 0.000000 0.000000 1.000000
1341839130.149498 -0.000000 0.000000 -0.000000 0.000000 0.000000 0.000000 1.000000
1341839130.181614 -0.000000 0.000000 -0.000000 0.000000 0.000000 0.000000 1.000000
1341839130.213597 -0.000000 0.000000 -0.000000 0.000000 0.000000 0.000000 1.000000
1341839130.249495 -0.000000 0.000000 -0.000000 0.000000 0.000000 0.000000 1.000000
1341839130.281707 -0.000000 0.000000 -0.000000 0.000000 0.000000 0.000000 1.000000
1341839130.317659 -0.000000 0.000000 -0.000000 0.000000 0.000000 0.000000 1.000000
1341839130.349604 -0.000000 0.000000 -0.000000 0.000000 0.000000 0.000000 1.000000
1341839130.382034 -0.000000 0.000000 -0.000000 0.000000 0.000000 0.000000 1.000000
1341839130.417728 -0.000000 0.000000 -0.000000 0.000000 0.000000 0.000000 1.000000
1341839130.449656 -0.000000 0.000000 -0.000000 0.000000 0.000000 0.000000 1.000000
1341839130.481948 -0.000000 0.000000 -0.000000 0.000000 0.000000 0.000000 1.000000
1341839130.517772 -0.000000 0.000000 -0.000000 0.000000 0.000000 0.000000 1.000000
1341839130.549519 -0.000000 0.000000 -0.000000 0.000000 0.000000 0.000000 1.000000
1341839130.585696 -0.000000 0.000000 -0.000000 0.000000 0.000000 0.000000 1.000000
1341839130.617684 -0.000000 0.000000 -0.000000 0.000000 0.000000 0.000000 1.000000
1341839130.649566 -0.000000 0.000000 -0.000000 0.000000 0.000000 0.000000 1.000000
1341839130.685466 -0.000000 0.000000 -0.000000 0.000000 0.000000 0.000000 1.000000
1341839130.717517 -0.000000 0.000000 -0.000000 0.000000 0.000000 0.000000 1.000000
1341839130.749572 -0.000000 0.000000 -0.000000 0.000000 0.000000 0.000000 1.000000
1341839130.785686 -0.000000 0.000000 -0.000000 0.000000 0.000000 0.000000 1.000000
1341839130.817796 -0.000000 0.000000 -0.000000 0.000000 0.000000 0.000000 1.000000
1341839130.854788 -0.000000 0.000000 -0.000000 0.000000 0.000000 0.000000 1.000000
1341839130.885541 -0.000000 0.000000 -0.000000 0.000000 0.000000 0.000000 1.000000
1341839130.917632 -0.000000 0.000000 -0.000000 0.000000 0.000000 0.000000 1.000000
1341839130.953712 -0.000000 0.000000 -0.000000 0.000000 0.000000 0.000000 1.000000
1341839130.985630 -0.000000 0.000000 -0.000000 0.000000 0.000000 0.000000 1.000000
1341839131.017560 -0.000000 0.000000 -0.000000 0.000000 0.000000 0.000000 1.000000
1341839131.053526 -0.000000 0.000000 -0.000000 0.000000 0.000000 0.000000 1.000000
1341839131.085681 -0.000000 0.000000 -0.000000 0.000000 0.000000 0.000000 1.000000
1341839131.121737 -0.000000 0.000000 -0.000000 0.000000 0.000000 0.000000 1.000000
1341839131.153629 -0.000000 0.000000 -0.000000 0.000000 0.000000 0.000000 1.000000
1341839131.185722 -0.000000 0.000000 -0.000000 0.000000 0.000000 0.000000 1.000000
1341839131.221649 -0.000000 0.000000 -0.000000 0.000000 0.000000 0.000000 1.000000
1341839131.253615 -0.000000 0.000000 -0.000000 0.000000 0.000000 0.000000 1.000000
1341839131.289544 -0.000000 0.000000 -0.000000 0.000000 0.000000 0.000000 1.000000
1341839131.321742 -0.000000 0.000000 -0.000000 0.000000 0.000000 0.000000 1.000000
1341839131.353559 -0.000000 0.000000 -0.000000 0.000000 0.000000 0.000000 1.000000
1341839131.389563 -0.000000 0.000000 -0.000000 0.000000 0.000000 0.000000 1.000000
1341839131.422027 -0.000000 0.000000 -0.000000 0.000000 0.000000 0.000000 1.000000
1341839131.453618 -0.000000 0.000000 -0.000000 0.000000 0.000000 0.000000 1.000000
1341839131.489531 -0.000000 0.000000 -0.000000 0.000000 0.000000 0.000000 1.000000
1341839131.521613 -0.000000 0.000000 -0.000000 0.000000 0.000000 0.000000 1.000000
1341839131.557577 -0.000000 0.000000 -0.000000 0.000000 0.000000 0.000000 1.000000
1341839131.589573 -0.000000 0.000000 -0.000000 0.000000 0.000000 0.000000 1.000000
1341839131.621822 -0.000000 0.000000 -0.000000 0.000000 0.000000 0.000000 1.000000
1341839131.657680 -0.000000 0.000000 -0.000000 0.000000 0.000000 0.000000 1.000000
1341839131.689554 -0.000000 0.000000 -0.000000 0.000000 0.000000 0.000000 1.000000
1341839131.721592 -0.000000 0.000000 -0.000000 0.000000 0.000000 0.000000 1.000000
1341839131.757613 -0.000000 0.000000 -0.000000 0.000000 0.000000 0.000000 1.000000
1341839131.789523 -0.000000 0.000000 -0.000000 0.000000 0.000000 0.000000 1.000000
1341839131.825565 -0.000000 0.000000 -0.000000 0.000000 0.000000 0.000000 1.000000
1341839131.857572 -0.000000 0.000000 -0.000000 0.000000 0.000000 0.000000 1.000000
1341839131.889513 -0.000000 0.000000 -0.000000 0.000000 0.000000 0.000000 1.000000
1341839131.925750 -0.000000 0.000000 -0.000000 0.000000 0.000000 0.000000 1.000000
1341839131.964633 -0.000000 0.000000 -0.000000 0.000000 0.000000 0.000000 1.000000
1341839131.989471 -0.000000 0.000000 -0.000000 0.000000 0.000000 0.000000 1.000000
1341839132.025660 -0.000000 0.000000 -0.000000 0.000000 0.000000 0.000000 1.000000
1341839132.057881 -0.000000 0.000000 -0.000000 0.000000 0.000000 0.000000 1.000000
1341839132.093669 -0.000000 0.000000 -0.000000 0.000000 0.000000 0.000000 1.000000
1341839132.125565 -0.000000 0.000000 -0.000000 0.000000 0.000000 0.000000 1.000000
1341839132.157636 -0.000000 0.000000 -0.000000 0.000000 0.000000 0.000000 1.000000
1341839132.193673 -0.000000 0.000000 -0.000000 0.000000 0.000000 0.000000 1.000000
1341839132.225804 -0.000000 0.000000 -0.000000 0.000000 0.000000 0.000000 1.000000
1341839132.261812 -0.000000 0.000000 -0.000000 0.000000 0.000000 0.000000 1.000000
1341839132.293590 -0.000000 0.000000 -0.000000 0.000000 0.000000 0.000000 1.000000
1341839132.325554 -0.000000 0.000000 -0.000000 0.000000 0.000000 0.000000 1.000000
1341839132.361528 -0.000000 0.000000 -0.000000 0.000000 0.000000 0.000000 1.000000
1341839132.393650 -0.000000 0.000000 -0.000000 0.000000 0.000000 0.000000 1.000000
1341839132.425622 -0.000000 0.000000 -0.000000 0.000000 0.000000 0.000000 1.000000
1341839132.461663 -0.000000 0.000000 -0.000000 0.000000 0.000000 0.000000 1.000000
1341839132.493798 -0.000000 0.000000 -0.000000 0.000000 0.000000 0.000000 1.000000
1341839132.529690 -0.000000 0.000000 -0.000000 0.000000 0.000000 0.000000 1.000000
1341839132.561519 -0.000000 0.000000 -0.000000 0.000000 0.000000 0.000000 1.000000
1341839132.593700 -0.000000 0.000000 -0.000000 0.000000 0.000000 0.000000 1.000000
1341839132.629507 -0.000000 0.000000 -0.000000 0.000000 0.000000 0.000000 1.000000
1341839132.661576 -0.000000 0.000000 -0.000000 0.000000 0.000000 0.000000 1.000000
1341839132.693571 -0.000000 0.000000 -0.000000 0.000000 0.000000 0.000000 1.000000
1341839132.729515 -0.000000 0.000000 -0.000000 0.000000 0.000000 0.000000 1.000000
1341839132.761625 -0.000000 0.000000 -0.000000 0.000000 0.000000 0.000000 1.000000
1341839132.797547 -0.000000 0.000000 -0.000000 0.000000 0.000000 0.000000 1.000000
1341839132.829637 -0.000000 0.000000 -0.000000 0.000000 0.000000 0.000000 1.000000
1341839132.861592 -0.000000 0.000000 -0.000000 0.000000 0.000000 0.000000 1.000000
1341839132.897486 -0.000000 0.000000 -0.000000 0.000000 0.000000 0.000000 1.000000
1341839132.929713 -0.000000 0.000000 -0.000000 0.000000 0.000000 0.000000 1.000000
1341839132.961705 -0.000000 0.000000 -0.000000 0.000000 0.000000 0.000000 1.000000
1341839132.997927 -0.000000 0.000000 -0.000000 0.000000 0.000000 0.000000 1.000000
1341839133.029816 -0.000000 0.000000 -0.000000 0.000000 0.000000 0.000000 1.000000
1341839133.065602 -0.000000 0.000000 -0.000000 0.000000 0.000000 0.000000 1.000000
1341839133.097540 -0.000000 0.000000 -0.000000 0.000000 0.000000 0.000000 1.000000
1341839133.129508 -0.000000 0.000000 -0.000000 0.000000 0.000000 0.000000 1.000000
1341839133.165630 -0.000000 0.000000 -0.000000 0.000000 0.000000 0.000000 1.000000
1341839133.197576 -0.000000 0.000000 -0.000000 0.000000 0.000000 0.000000 1.000000
1341839133.229574 -0.000000 0.000000 -0.000000 0.000000 0.000000 0.000000 1.000000
1341839133.265549 -0.000000 0.000000 -0.000000 0.000000 0.000000 0.000000 1.000000
1341839133.297600 -0.000000 0.000000 -0.000000 0.000000 0.000000 0.000000 1.000000
1341839133.333601 -0.000000 0.000000 -0.000000 0.000000 0.000000 0.000000 1.000000
1341839133.365789 -0.000000 0.000000 -0.000000 0.000000 0.000000 0.000000 1.000000
1341839133.397692 -0.000000 0.000000 -0.000000 0.000000 0.000000 0.000000 1.000000
1341839133.433673 -0.000000 0.000000 -0.000000 0.000000 0.000000 0.000000 1.000000
1341839133.465589 -0.000000 0.000000 -0.000000 0.000000 0.000000 0.000000 1.000000
1341839133.501571 -0.000000 0.000000 -0.000000 0.000000 0.000000 0.000000 1.000000
1341839133.533533 -0.000000 0.000000 -0.000000 0.000000 0.000000 0.000000 1.000000
1341839133.565553 -0.000000 0.000000 -0.000000 0.000000 0.000000 0.000000 1.000000
1341839133.601550 -0.000000 0.000000 -0.000000 0.000000 0.000000 0.000000 1.000000
1341839133.633642 -0.000000 0.000000 -0.000000 0.000000 0.000000 0.000000 1.000000
1341839133.672597 -0.000000 0.000000 -0.000000 0.000000 0.000000 0.000000 1.000000
1341839133.708834 -0.000000 0.000000 -0.000000 0.000000 0.000000 0.000000 1.000000
1341839133.740662 -0.000000 0.000000 -0.000000 0.000000 0.000000 0.000000 1.000000
1341839133.776632 -0.000000 0.000000 -0.000000 0.000000 0.000000 0.000000 1.000000
1341839133.808566 -0.000000 0.000000 -0.000000 0.000000 0.000000 0.000000 1.000000
1341839133.842375 -0.000000 0.000000 -0.000000 0.000000 0.000000 0.000000 1.000000
1341839133.876620 -0.000000 0.000000 -0.000000 0.000000 0.000000 0.000000 1.000000
1341839133.908528 -0.000000 0.000000 -0.000000 0.000000 0.000000 0.000000 1.000000
1341839133.940713 -0.000000 0.000000 -0.000000 0.000000 0.000000 0.000000 1.000000
1341839133.976740 -0.000000 0.000000 -0.000000 0.000000 0.000000 0.000000 1.000000
1341839134.008547 -0.000000 0.000000 -0.000000 0.000000 0.000000 0.000000 1.000000
1341839134.040599 -0.000000 0.000000 -0.000000 0.000000 0.000000 0.000000 1.000000
1341839134.076583 -0.000000 0.000000 -0.000000 0.000000 0.000000 0.000000 1.000000
1341839134.108666 -0.000000 0.000000 -0.000000 0.000000 0.000000 0.000000 1.000000
1341839134.145583 -0.000000 0.000000 -0.000000 0.000000 0.000000 0.000000 1.000000
1341839134.177037 -0.000000 0.000000 -0.000000 0.000000 0.000000 0.000000 1.000000
1341839134.208585 -0.000000 0.000000 -0.000000 0.000000 0.000000 0.000000 1.000000
1341839134.245077 -0.000000 0.000000 -0.000000 0.000000 0.000000 0.000000 1.000000
1341839134.276660 -0.000000 0.000000 -0.000000 0.000000 0.000000 0.000000 1.000000
1341839134.344596 -0.000000 0.000000 -0.000000 0.000000 0.000000 0.000000 1.000000
1341839134.369540 -0.000000 0.000000 -0.000000 0.000000 0.000000 0.000000 1.000000
1341839134.405658 -0.000000 0.000000 -0.000000 0.000000 0.000000 0.000000 1.000000
1341839134.437582 -0.000000 0.000000 -0.000000 0.000000 0.000000 0.000000 1.000000
1341839134.473570 -0.000000 0.000000 -0.000000 0.000000 0.000000 0.000000 1.000000
1341839134.505576 -0.000000 0.000000 -0.000000 0.000000 0.000000 0.000000 1.000000
1341839134.537527 -0.000000 0.000000 -0.000000 0.000000 0.000000 0.000000 1.000000
1341839134.573575 -0.000000 0.000000 -0.000000 0.000000 0.000000 0.000000 1.000000
1341839134.605581 -0.000000 0.000000 -0.000000 0.000000 0.000000 0.000000 1.000000
1341839134.637613 -0.000000 0.000000 -0.000000 0.000000 0.000000 0.000000 1.000000
1341839134.673530 -0.000000 0.000000 -0.000000 0.000000 0.000000 0.000000 1.000000
1341839134.705768 -0.000000 0.000000 -0.000000 0.000000 0.000000 0.000000 1.000000
1341839134.741672 -0.000000 0.000000 -0.000000 0.000000 0.000000 0.000000 1.000000
1341839134.773479 -0.000000 0.000000 -0.000000 0.000000 0.000000 0.000000 1.000000
1341839134.805757 -0.000000 0.000000 -0.000000 0.000000 0.000000 0.000000 1.000000
1341839134.841632 -0.000000 0.000000 -0.000000 0.000000 0.000000 0.000000 1.000000
1341839134.873616 -0.000000 0.000000 -0.000000 0.000000 0.000000 0.000000 1.000000
1341839134.905696 -0.000000 0.000000 -0.000000 0.000000 0.000000 0.000000 1.000000
1341839134.941552 -0.000000 0.000000 -0.000000 0.000000 0.000000 0.000000 1.000000
1341839134.974666 -0.000000 0.000000 -0.000000 0.000000 0.000000 0.000000 1.000000
1341839135.009601 -0.000000 0.000000 -0.000000 0.000000 0.000000 0.000000 1.000000
1341839135.042135 -0.000000 0.000000 -0.000000 0.000000 0.000000 0.000000 1.000000
1341839135.073504 -0.000000 0.000000 -0.000000 0.000000 0.000000 0.000000 1.000000
1341839135.109696 -0.000000 0.000000 -0.000000 0.000000 0.000000 0.000000 1.000000
1341839135.141720 -0.000000 0.000000 -0.000000 0.000000 0.000000 0.000000 1.000000
1341839135.173566 -0.000000 0.000000 -0.000000 0.000000 0.000000 0.000000 1.000000
1341839135.209553 -0.000000 0.000000 -0.000000 0.000000 0.000000 0.000000 1.000000
1341839135.241688 -0.000000 0.000000 -0.000000 0.000000 0.000000 0.000000 1.000000
1341839135.277641 -0.000000 0.000000 -0.000000 0.000000 0.000000 0.000000 1.000000
1341839135.309842 -0.000000 0.000000 -0.000000 0.000000 0.000000 0.000000 1.000000
1341839135.341555 -0.000000 0.000000 -0.000000 0.000000 0.000000 0.000000 1.000000
1341839135.377558 -0.000000 0.000000 -0.000000 0.000000 0.000000 0.000000 1.000000
1341839135.409554 -0.000000 0.000000 -0.000000 0.000000 0.000000 0.000000 1.000000
1341839135.441588 -0.000000 0.000000 -0.000000 0.000000 0.000000 0.000000 1.000000
1341839135.477530 -0.000000 0.000000 -0.000000 0.000000 0.000000 0.000000 1.000000
1341839135.509758 -0.000000 0.000000 -0.000000 0.000000 0.000000 0.000000 1.000000
1341839135.545510 -0.000000 0.000000 -0.000000 0.000000 0.000000 0.000000 1.000000
1341839135.577577 -0.000000 0.000000 -0.000000 0.000000 0.000000 0.000000 1.000000
1341839135.609596 -0.000000 0.000000 -0.000000 0.000000 0.000000 0.000000 1.000000
1341839135.645470 -0.000000 0.000000 -0.000000 0.000000 0.000000 0.000000 1.000000
1341839135.677567 -0.000000 0.000000 -0.000000 0.000000 0.000000 0.000000 1.000000
1341839135.713508 -0.000000 0.000000 -0.000000 0.000000 0.000000 0.000000 1.000000
1341839135.745626 -0.000000 0.000000 -0.000000 0.000000 0.000000 0.000000 1.000000
1341839135.777556 -0.000000 0.000000 -0.000000 0.000000 0.000000 0.000000 1.000000
1341839135.813582 -0.000000 0.000000 -0.000000 0.000000 0.000000 0.000000 1.000000
1341839135.845539 -0.000000 0.000000 -0.000000 0.000000 0.000000 0.000000 1.000000
1341839135.877786 -0.000000 0.000000 -0.000000 0.000000 0.000000 0.000000 1.000000
1341839135.913620 -0.000000 0.000000 -0.000000 0.000000 0.000000 0.000000 1.000000
1341839135.945920 -0.000000 0.000000 -0.000000 0.000000 0.000000 0.000000 1.000000
1341839135.981913 -0.000000 0.000000 -0.000000 0.000000 0.000000 0.000000 1.000000
1341839136.014297 -0.000000 0.000000 -0.000000 0.000000 0.000000 0.000000 1.000000
1341839136.059226 -0.000000 0.000000 -0.000000 0.000000 0.000000 0.000000 1.000000
1341839136.120606 -0.000000 0.000000 -0.000000 0.000000 0.000000 0.000000 1.000000
1341839136.145546 -0.000000 0.000000 -0.000000 0.000000 0.000000 0.000000 1.000000
1341839136.181673 -0.000000 0.000000 -0.000000 0.000000 0.000000 0.000000 1.000000
1341839136.214507 -0.000000 0.000000 -0.000000 0.000000 0.000000 0.000000 1.000000
1341839136.249624 -0.000000 0.000000 -0.000000 0.000000 0.000000 0.000000 1.000000
1341839136.281495 -0.000000 0.000000 -0.000000 0.000000 0.000000 0.000000 1.000000
1341839136.314066 -0.000000 0.000000 -0.000000 0.000000 0.000000 0.000000 1.000000
1341839136.349787 -0.000000 0.000000 -0.000000 0.000000 0.000000 0.000000 1.000000
1341839136.388618 -0.000000 0.000000 -0.000000 0.000000 0.000000 0.000000 1.000000
1341839136.415738 -0.000000 0.000000 -0.000000 0.000000 0.000000 0.000000 1.000000
1341839136.449733 -0.000000 0.000000 -0.000000 0.000000 0.000000 0.000000 1.000000
1341839136.481697 -0.000000 0.000000 -0.000000 0.000000 0.000000 0.000000 1.000000
1341839136.517624 -0.000000 0.000000 -0.000000 0.000000 0.000000 0.000000 1.000000
1341839136.549505 -0.000000 0.000000 -0.000000 0.000000 0.000000 0.000000 1.000000
1341839136.581632 -0.000000 0.000000 -0.000000 0.000000 0.000000 0.000000 1.000000
1341839136.617613 -0.000000 0.000000 -0.000000 0.000000 0.000000 0.000000 1.000000
1341839136.649571 -0.000000 0.000000 -0.000000 0.000000 0.000000 0.000000 1.000000
1341839136.685554 -0.000000 0.000000 -0.000000 0.000000 0.000000 0.000000 1.000000
1341839136.717527 -0.000000 0.000000 -0.000000 0.000000 0.000000 0.000000 1.000000
1341839136.749496 -0.000000 0.000000 -0.000000 0.000000 0.000000 0.000000 1.000000
1341839136.785674 -0.000000 0.000000 -0.000000 0.000000 0.000000 0.000000 1.000000
1341839136.817542 -0.000000 0.000000 -0.000000 0.000000 0.000000 0.000000 1.000000
1341839136.849615 -0.000000 0.000000 -0.000000 0.000000 0.000000 0.000000 1.000000
1341839136.892657 -0.000000 0.000000 -0.000000 0.000000 0.000000 0.000000 1.000000
1341839136.917826 -0.000000 0.000000 -0.000000 0.000000 0.000000 0.000000 1.000000
1341839136.953615 -0.000000 0.000000 -0.000000 0.000000 0.000000 0.000000 1.000000
1341839136.985942 -0.000000 0.000000 -0.000000 0.000000 0.000000 0.000000 1.000000
1341839137.017616 -0.000000 0.000000 -0.000000 0.000000 0.000000 0.000000 1.000000
1341839137.053572 -0.000000 0.000000 -0.000000 0.000000 0.000000 0.000000 1.000000
1341839137.085843 -0.000000 0.000000 -0.000000 0.000000 0.000000 0.000000 1.000000
1341839137.117537 -0.000000 0.000000 -0.000000 0.000000 0.000000 0.000000 1.000000
1341839137.153707 -0.000000 0.000000 -0.000000 0.000000 0.000000 0.000000 1.000000
1341839137.186296 -0.000000 0.000000 -0.000000 0.000000 0.000000 0.000000 1.000000
1341839137.221759 -0.000000 0.000000 -0.000000 0.000000 0.000000 0.000000 1.000000
1341839137.253565 -0.000000 0.000000 -0.000000 0.000000 0.000000 0.000000 1.000000
1341839137.285736 -0.000000 0.000000 -0.000000 0.000000 0.000000 0.000000 1.000000
1341839137.321642 -0.000000 0.000000 -0.000000 0.000000 0.000000 0.000000 1.000000
1341839137.353692 -0.000000 0.000000 -0.000000 0.000000 0.000000 0.000000 1.000000
1341839137.386256 -0.000000 0.000000 -0.000000 0.000000 0.000000 0.000000 1.000000
1341839137.421671 -0.000000 0.000000 -0.000000 0.000000 0.000000 0.000000 1.000000
1341839137.453657 -0.000000 0.000000 -0.000000 0.000000 0.000000 0.000000 1.000000
1341839137.489830 -0.000000 0.000000 -0.000000 0.000000 0.000000 0.000000 1.000000
1341839137.521652 -0.000000 0.000000 -0.000000 0.000000 0.000000 0.000000 1.000000
1341839137.553558 -0.000000 0.000000 -0.000000 0.000000 0.000000 0.000000 1.000000
1341839137.592577 -0.000000 0.000000 -0.000000 0.000000 0.000000 0.000000 1.000000
1341839137.628551 -0.000000 0.000000 -0.000000 0.000000 0.000000 0.000000 1.000000
1341839137.660598 -0.000000 0.000000 -0.000000 0.000000 0.000000 0.000000 1.000000
1341839137.692612 -0.000000 0.000000 -0.000000 0.000000 0.000000 0.000000 1.000000
1341839137.728532 -0.000000 0.000000 -0.000000 0.000000 0.000000 0.000000 1.000000
1341839137.760497 -0.000000 0.000000 -0.000000 0.000000 0.000000 0.000000 1.000000
1341839137.796681 -0.000000 0.000000 -0.000000 0.000000 0.000000 0.000000 1.000000
1341839137.828611 -0.000000 0.000000 -0.000000 0.000000 0.000000 0.000000 1.000000
1341839137.860523 -0.000000 0.000000 -0.000000 0.000000 0.000000 0.000000 1.000000
1341839137.896603 -0.000000 0.000000 -0.000000 0.000000 0.000000 0.000000 1.000000
1341839137.928510 -0.000000 0.000000 -0.000000 0.000000 0.000000 0.000000 1.000000
1341839137.964534 -0.000000 0.000000 -0.000000 0.000000 0.000000 0.000000 1.000000
1341839137.996524 -0.000000 0.000000 -0.000000 0.000000 0.000000 0.000000 1.000000
1341839138.028640 -0.000000 0.000000 -0.000000 0.000000 0.000000 0.000000 1.000000
1341839138.064541 -0.000000 0.000000 -0.000000 0.000000 0.000000 0.000000 1.000000
1341839138.096479 -0.000000 0.000000 -0.000000 0.000000 0.000000 0.000000 1.000000
1341839138.132550 -0.000000 0.000000 -0.000000 0.000000 0.000000 0.000000 1.000000
1341839138.164623 -0.000000 0.000000 -0.000000 0.000000 0.000000 0.000000 1.000000
1341839138.196431 -0.000000 0.000000 -0.000000 0.000000 0.000000 0.000000 1.000000
1341839138.232704 -0.000000 0.000000 -0.000000 0.000000 0.000000 0.000000 1.000000
1341839138.264578 -0.000000 0.000000 -0.000000 0.000000 0.000000 0.000000 1.000000
1341839138.300697 -0.000000 0.000000 -0.000000 0.000000 0.000000 0.000000 1.000000
1341839138.332541 -0.000000 0.000000 -0.000000 0.000000 0.000000 0.000000 1.000000
1341839138.364517 -0.000000 0.000000 -0.000000 0.000000 0.000000 0.000000 1.000000
1341839138.400834 -0.000000 0.000000 -0.000000 0.000000 0.000000 0.000000 1.000000
1341839138.432562 -0.000000 0.000000 -0.000000 0.000000 0.000000 0.000000 1.000000
1341839138.469017 -0.000000 0.000000 -0.000000 0.000000 0.000000 0.000000 1.000000
1341839138.500623 -0.000000 0.000000 -0.000000 0.000000 0.000000 0.000000 1.000000
1341839138.532584 -0.000000 0.000000 -0.000000 0.000000 0.000000 0.000000 1.000000
1341839138.568521 -0.000000 0.000000 -0.000000 0.000000 0.000000 0.000000 1.000000
1341839138.600559 -0.000000 0.000000 -0.000000 0.000000 0.000000 0.000000 1.000000
1341839138.637679 -0.000000 0.000000 -0.000000 0.000000 0.000000 0.000000 1.000000
1341839138.668579 -0.000000 0.000000 -0.000000 0.000000 0.000000 0.000000 1.000000
1341839138.700570 -0.000000 0.000000 -0.000000 0.000000 0.000000 0.000000 1.000000
1341839138.736618 -0.000000 0.000000 -0.000000 0.000000 0.000000 0.000000 1.000000
1341839138.768580 -0.000000 0.000000 -0.000000 0.000000 0.000000 0.000000 1.000000
1341839138.800591 -0.000000 0.000000 -0.000000 0.000000 0.000000 0.000000 1.000000
1341839138.836668 -0.000000 0.000000 -0.000000 0.000000 0.000000 0.000000 1.000000
1341839138.868631 -0.000000 0.000000 -0.000000 0.000000 0.000000 0.000000 1.000000
1341839138.900591 -0.000000 0.000000 -0.000000 0.000000 0.000000 0.000000 1.000000
1341839138.936751 -0.000000 0.000000 -0.000000 0.000000 0.000000 0.000000 1.000000
1341839138.968925 -0.000000 0.000000 -0.000000 0.000000 0.000000 0.000000 1.000000
1341839139.004685 -0.000000 0.000000 -0.000000 0.000000 0.000000 0.000000 1.000000
1341839139.036835 -0.000000 0.000000 -0.000000 0.000000 0.000000 0.000000 1.000000
1341839139.069010 -0.000000 0.000000 -0.000000 0.000000 0.000000 0.000000 1.000000
1341839139.105164 -0.000000 0.000000 -0.000000 0.000000 0.000000 0.000000 1.000000
1341839139.137964 -0.000000 0.000000 -0.000000 0.000000 0.000000 0.000000 1.000000
1341839139.168993 -0.000000 0.000000 -0.000000 0.000000 0.000000 0.000000 1.000000
1341839139.208632 -0.000000 0.000000 -0.000000 0.000000 0.000000 0.000000 1.000000
1341839139.237233 -0.000000 0.000000 -0.000000 0.000000 0.000000 0.000000 1.000000
1341839139.269740 -0.000000 0.000000 -0.000000 0.000000 0.000000 0.000000 1.000000
1341839139.305090 -0.000000 0.000000 -0.000000 0.000000 0.000000 0.000000 1.000000
1341839139.336872 -0.000000 0.000000 -0.000000 0.000000 0.000000 0.000000 1.000000
1341839139.404779 -0.000000 0.000000 -0.000000 0.000000 0.000000 0.000000 1.000000
1341839139.436967 -0.000000 0.000000 -0.000000 0.000000 0.000000 0.000000 1.000000
1341839139.479384 -0.000000 0.000000 -0.000000 0.000000 0.000000 0.000000 1.000000
1341839139.504961 -0.000000 0.000000 -0.000000 0.000000 0.000000 0.000000 1.000000
1341839139.572716 -0.000000 0.000000 -0.000000 0.000000 0.000000 0.000000 1.000000
1341839139.597818 -0.000000 0.000000 -0.000000 0.000000 0.000000 0.000000 1.000000
1341839139.633776 -0.000000 0.000000 -0.000000 0.000000 0.000000 0.000000 1.000000
1341839139.665625 -0.000000 0.000000 -0.000000 0.000000 0.000000 0.000000 1.000000
1341839139.701587 -0.000000 0.000000 -0.000000 0.000000 0.000000 0.000000 1.000000
1341839139.733553 -0.000000 0.000000 -0.000000 0.000000 0.000000 0.000000 1.000000
1341839139.765553 -0.000000 0.000000 -0.000000 0.000000 0.000000 0.000000 1.000000
1341839139.801543 -0.000000 0.000000 -0.000000 0.000000 0.000000 0.000000 1.000000
1341839139.833756 -0.000000 0.000000 -0.000000 0.000000 0.000000 0.000000 1.000000
1341839139.865591 -0.000000 0.000000 -0.000000 0.000000 0.000000 0.000000 1.000000
1341839139.901631 -0.000000 0.000000 -0.000000 0.000000 0.000000 0.000000 1.000000
1341839139.933716 -0.000000 0.000000 -0.000000 0.000000 0.000000 0.000000 1.000000
1341839139.969603 -0.000000 0.000000 -0.000000 0.000000 0.000000 0.000000 1.000000
1341839140.001567 -0.000000 0.000000 -0.000000 0.000000 0.000000 0.000000 1.000000
1341839140.033569 -0.000000 0.000000 -0.000000 0.000000 0.000000 0.000000 1.000000
1341839140.069602 -0.000000 0.000000 -0.000000 0.000000 0.000000 0.000000 1.000000
1341839140.101607 -0.000000 0.000000 -0.000000 0.000000 0.000000 0.000000 1.000000
1341839140.137593 -0.000000 0.000000 -0.000000 0.000000 0.000000 0.000000 1.000000
1341839140.169583 -0.000000 0.000000 -0.000000 0.000000 0.000000 0.000000 1.000000
1341839140.201678 -0.000000 0.000000 -0.000000 0.000000 0.000000 0.000000 1.000000
1341839140.237641 -0.000000 0.000000 -0.000000 0.000000 0.000000 0.000000 1.000000
1341839140.269632 -0.000000 0.000000 -0.000000 0.000000 0.000000 0.000000 1.000000
1341839140.301538 -0.000000 0.000000 -0.000000 0.000000 0.000000 0.000000 1.000000
1341839140.337608 -0.000000 0.000000 -0.000000 0.000000 0.000000 0.000000 1.000000
1341839140.369503 -0.000000 0.000000 -0.000000 0.000000 0.000000 0.000000 1.000000
1341839140.405652 -0.000000 0.000000 -0.000000 0.000000 0.000000 0.000000 1.000000
1341839140.437622 -0.000000 0.000000 -0.000000 0.000000 0.000000 0.000000 1.000000
1341839140.469802 -0.000000 0.000000 -0.000000 0.000000 0.000000 0.000000 1.000000
1341839140.505600 -0.000000 0.000000 -0.000000 0.000000 0.000000 0.000000 1.000000
1341839140.537508 -0.000000 0.000000 -0.000000 0.000000 0.000000 0.000000 1.000000
1341839140.569631 -0.000000 0.000000 -0.000000 0.000000 0.000000 0.000000 1.000000
1341839140.605614 -0.000000 0.000000 -0.000000 0.000000 0.000000 0.000000 1.000000
1341839140.637520 -0.000000 0.000000 -0.000000 0.000000 0.000000 0.000000 1.000000
1341839140.673589 -0.000000 0.000000 -0.000000 0.000000 0.000000 0.000000 1.000000
1341839140.705526 -0.000000 0.000000 -0.000000 0.000000 0.000000 0.000000 1.000000
1341839140.737690 -0.000000 0.000000 -0.000000 0.000000 0.000000 0.000000 1.000000
1341839140.780691 -0.000000 0.000000 -0.000000 0.000000 0.000000 0.000000 1.000000
1341839140.805563 -0.000000 0.000000 -0.000000 0.000000 0.000000 0.000000 1.000000
1341839140.837561 -0.000000 0.000000 -0.000000 0.000000 0.000000 0.000000 1.000000
1341839140.873616 -0.000000 0.000000 -0.000000 0.000000 0.000000 0.000000 1.000000
1341839140.905496 -0.000000 0.000000 -0.000000 0.000000 0.000000 0.000000 1.000000
1341839140.941764 -0.000000 0.000000 -0.000000 0.000000 0.000000 0.000000 1.000000
1341839140.973483 -0.000000 0.000000 -0.000000 0.000000 0.000000 0.000000 1.000000
1341839141.005687 -0.000000 0.000000 -0.000000 0.000000 0.000000 0.000000 1.000000
1341839141.041564 -0.000000 0.000000 -0.000000 0.000000 0.000000 0.000000 1.000000
1341839141.074063 -0.000000 0.000000 -0.000000 0.000000 0.000000 0.000000 1.000000
1341839141.110271 -0.000000 0.000000 -0.000000 0.000000 0.000000 0.000000 1.000000
1341839141.141854 -0.000000 0.000000 -0.000000 0.000000 0.000000 0.000000 1.000000
1341839141.176858 -0.000000 0.000000 -0.000000 0.000000 0.000000 0.000000 1.000000
1341839141.209658 -0.000000 0.000000 -0.000000 0.000000 0.000000 0.000000 1.000000
1341839141.241623 -0.000000 0.000000 -0.000000 0.000000 0.000000 0.000000 1.000000
1341839141.273659 -0.000000 0.000000 -0.000000 0.000000 0.000000 0.000000 1.000000
1341839141.309576 -0.000000 0.000000 -0.000000 0.000000 0.000000 0.000000 1.000000
1341839141.341687 -0.000000 0.000000 -0.000000 0.000000 0.000000 0.000000 1.000000
1341839141.378026 -0.000000 0.000000 -0.000000 0.000000 0.000000 0.000000 1.000000
1341839141.409623 -0.000000 0.000000 -0.000000 0.000000 0.000000 0.000000 1.000000
1341839141.441571 -0.000000 0.000000 -0.000000 0.000000 0.000000 0.000000 1.000000
1341839141.477635 -0.000000 0.000000 -0.000000 0.000000 0.000000 0.000000 1.000000
1341839141.509696 -0.000000 0.000000 -0.000000 0.000000 0.000000 0.000000 1.000000
1341839141.541659 -0.000000 0.000000 -0.000000 0.000000 0.000000 0.000000 1.000000
1341839141.577526 -0.000000 0.000000 -0.000000 0.000000 0.000000 0.000000 1.000000
1341839141.611116 -0.000000 0.000000 -0.000000 0.000000 0.000000 0.000000 1.000000
1341839141.645706 -0.000000 0.000000 -0.000000 0.000000 0.000000 0.000000 1.000000
1341839141.677487 -0.000000 0.000000 -0.000000 0.000000 0.000000 0.000000 1.000000
1341839141.709572 -0.000000 0.000000 -0.000000 0.000000 0.000000 0.000000 1.000000
1341839141.745638 -0.000000 0.000000 -0.000000 0.000000 0.000000 0.000000 1.000000
1341839141.777895 -0.000000 0.000000 -0.000000 0.000000 0.000000 0.000000 1.000000
1341839141.809561 -0.000000 0.000000 -0.000000 0.000000 0.000000 0.000000 1.000000
1341839141.845701 -0.000000 0.000000 -0.000000 0.000000 0.000000 0.000000 1.000000
1341839141.877530 -0.000000 0.000000 -0.000000 0.000000 0.000000 0.000000 1.000000
1341839141.913569 -0.000000 0.000000 -0.000000 0.000000 0.000000 0.000000 1.000000
1341839141.945636 -0.000000 0.000000 -0.000000 0.000000 0.000000 0.000000 1.000000
1341839141.977668 -0.000000 0.000000 -0.000000 0.000000 0.000000 0.000000 1.000000
1341839142.013466 -0.000000 0.000000 -0.000000 0.000000 0.000000 0.000000 1.000000
1341839142.048866 -0.000000 0.000000 -0.000000 0.000000 0.000000 0.000000 1.000000
1341839142.116693 -0.000000 0.000000 -0.000000 0.000000 0.000000 0.000000 1.000000
1341839142.145745 -0.000000 0.000000 -0.000000 0.000000 0.000000 0.000000 1.000000
1341839142.181588 -0.000000 0.000000 -0.000000 0.000000 0.000000 0.000000 1.000000
1341839142.213523 -0.000000 0.000000 -0.000000 0.000000 0.000000 0.000000 1.000000
1341839142.245657 -0.000000 0.000000 -0.000000 0.000000 0.000000 0.000000 1.000000
1341839142.281484 -0.000000 0.000000 -0.000000 0.000000 0.000000 0.000000 1.000000
1341839142.313501 -0.000000 0.000000 -0.000000 0.000000 0.000000 0.000000 1.000000
1341839142.349595 -0.000000 0.000000 -0.000000 0.000000 0.000000 0.000000 1.000000
1341839142.381577 -0.000000 0.000000 -0.000000 0.000000 0.000000 0.000000 1.000000
1341839142.413736 -0.000000 0.000000 -0.000000 0.000000 0.000000 0.000000 1.000000
1341839142.449600 -0.000000 0.000000 -0.000000 0.000000 0.000000 0.000000 1.000000
1341839142.481586 -0.000000 0.000000 -0.000000 0.000000 0.000000 0.000000 1.000000
1341839142.513495 -0.000000 0.000000 -0.000000 0.000000 0.000000 0.000000 1.000000
1341839142.549621 -0.000000 0.000000 -0.000000 0.000000 0.000000 0.000000 1.000000
1341839142.581646 -0.000000 0.000000 -0.000000 0.000000 0.000000 0.000000 1.000000
1341839142.617733 -0.000000 0.000000 -0.000000 0.000000 0.000000 0.000000 1.000000
1341839142.649501 -0.000000 0.000000 -0.000000 0.000000 0.000000 0.000000 1.000000
1341839142.681490 -0.000000 0.000000 -0.000000 0.000000 0.000000 0.000000 1.000000
1341839142.717648 -0.000000 0.000000 -0.000000 0.000000 0.000000 0.000000 1.000000
1341839142.749655 -0.000000 0.000000 -0.000000 0.000000 0.000000 0.000000 1.000000
1341839142.781698 -0.000000 0.000000 -0.000000 0.000000 0.000000 0.000000 1.000000
1341839142.817748 -0.000000 0.000000 -0.000000 0.000000 0.000000 0.000000 1.000000
1341839142.849646 -0.000000 0.000000 -0.000000 0.000000 0.000000 0.000000 1.000000
1341839142.885615 -0.000000 0.000000 -0.000000 0.000000 0.000000 0.000000 1.000000
1341839142.917485 -0.000000 0.000000 -0.000000 0.000000 0.000000 0.000000 1.000000
1341839142.949726 -0.000000 0.000000 -0.000000 0.000000 0.000000 0.000000 1.000000
1341839142.985900 -0.000000 0.000000 -0.000000 0.000000 0.000000 0.000000 1.000000
1341839143.025376 -0.000000 0.000000 -0.000000 0.000000 0.000000 0.000000 1.000000
1341839143.056750 -0.000000 0.000000 -0.000000 0.000000 0.000000 0.000000 1.000000
1341839143.092610 -0.000000 0.000000 -0.000000 0.000000 0.000000 0.000000 1.000000
1341839143.124560 -0.000000 0.000000 -0.000000 0.000000 0.000000 0.000000 1.000000
1341839143.160701 -0.000000 0.000000 -0.000000 0.000000 0.000000 0.000000 1.000000
1341839143.224815 -0.000000 0.000000 -0.000000 0.000000 0.000000 0.000000 1.000000
1341839143.253568 -0.000000 0.000000 -0.000000 0.000000 0.000000 0.000000 1.000000
1341839143.285789 -0.000000 0.000000 -0.000000 0.000000 0.000000 0.000000 1.000000
1341839143.321671 -0.000000 0.000000 -0.000000 0.000000 0.000000 0.000000 1.000000
1341839143.353517 -0.000000 0.000000 -0.000000 0.000000 0.000000 0.000000 1.000000
1341839143.385603 -0.000000 0.000000 -0.000000 0.000000 0.000000 0.000000 1.000000
1341839143.421529 -0.000000 0.000000 -0.000000 0.000000 0.000000 0.000000 1.000000
1341839143.453645 -0.000000 0.000000 -0.000000 0.000000 0.000000 0.000000 1.000000
1341839143.485734 -0.000000 0.000000 -0.000000 0.000000 0.000000 0.000000 1.000000
1341839143.521668 -0.000000 0.000000 -0.000000 0.000000 0.000000 0.000000 1.000000
1341839143.553630 -0.000000 0.000000 -0.000000 0.000000 0.000000 0.000000 1.000000
1341839143.590154 -0.000000 0.000000 -0.000000 0.000000 0.000000 0.000000 1.000000
1341839143.621854 -0.000000 0.000000 -0.000000 0.000000 0.000000 0.000000 1.000000
1341839143.653546 -0.000000 0.000000 -0.000000 0.000000 0.000000 0.000000 1.000000
1341839143.689669 -0.000000 0.000000 -0.000000 0.000000 0.000000 0.000000 1.000000
1341839143.721563 -0.000000 0.000000 -0.000000 0.000000 0.000000 0.000000 1.000000
1341839143.753557 -0.000000 0.000000 -0.000000 0.000000 0.000000 0.000000 1.000000
1341839143.789597 -0.000000 0.000000 -0.000000 0.000000 0.000000 0.000000 1.000000
1341839143.821488 -0.000000 0.000000 -0.000000 0.000000 0.000000 0.000000 1.000000
1341839143.857691 -0.000000 0.000000 -0.000000 0.000000 0.000000 0.000000 1.000000
1341839143.889668 -0.000000 0.000000 -0.000000 0.000000 0.000000 0.000000 1.000000
1341839143.921613 -0.000000 0.000000 -0.000000 0.000000 0.000000 0.000000 1.000000
1341839143.957679 -0.000000 0.000000 -0.000000 0.000000 0.000000 0.000000 1.000000
1341839143.989692 -0.000000 0.000000 -0.000000 0.000000 0.000000 0.000000 1.000000
1341839144.021612 -0.000000 0.000000 -0.000000 0.000000 0.000000 0.000000 1.000000
1341839144.057581 -0.000000 0.000000 -0.000000 0.000000 0.000000 0.000000 1.000000
1341839144.089682 -0.000000 0.000000 -0.000000 0.000000 0.000000 0.000000 1.000000
1341839144.125588 -0.000000 0.000000 -0.000000 0.000000 0.000000 0.000000 1.000000
1341839144.157579 -0.000000 0.000000 -0.000000 0.000000 0.000000 0.000000 1.000000
1341839144.189633 -0.000000 0.000000 -0.000000 0.000000 0.000000 0.000000 1.000000
1341839144.225642 -0.000000 0.000000 -0.000000 0.000000 0.000000 0.000000 1.000000
1341839144.257760 -0.000000 0.000000 -0.000000 0.000000 0.000000 0.000000 1.000000
1341839144.289779 -0.000000 0.000000 -0.000000 0.000000 0.000000 0.000000 1.000000
1341839144.325641 -0.000000 0.000000 -0.000000 0.000000 0.000000 0.000000 1.000000
1341839144.357603 -0.000000 0.000000 -0.000000 0.000000 0.000000 0.000000 1.000000
1341839144.393630 -0.000000 0.000000 -0.000000 0.000000 0.000000 0.000000 1.000000
1341839144.425526 -0.000000 0.000000 -0.000000 0.000000 0.000000 0.000000 1.000000
1341839144.457696 -0.000000 0.000000 -0.000000 0.000000 0.000000 0.000000 1.000000
1341839144.493799 -0.000000 0.000000 -0.000000 0.000000 0.000000 0.000000 1.000000
1341839144.525996 -0.000000 0.000000 -0.000000 0.000000 0.000000 0.000000 1.000000
1341839144.561696 -0.000000 0.000000 -0.000000 0.000000 0.000000 0.000000 1.000000
1341839144.593602 -0.000000 0.000000 -0.000000 0.000000 0.000000 0.000000 1.000000
1341839144.627771 -0.000000 0.000000 -0.000000 0.000000 0.000000 0.000000 1.000000
1341839144.661818 -0.000000 0.000000 -0.000000 0.000000 0.000000 0.000000 1.000000
1341839144.732548 -0.000000 0.000000 -0.000000 0.000000 0.000000 0.000000 1.000000
1341839144.761455 -0.000000 0.000000 -0.000000 0.000000 0.000000 0.000000 1.000000
1341839144.793602 -0.000000 0.000000 -0.000000 0.000000 0.000000 0.000000 1.000000
1341839144.829602 -0.000000 0.000000 -0.000000 0.000000 0.000000 0.000000 1.000000
1341839144.861614 -0.000000 0.000000 -0.000000 0.000000 0.000000 0.000000 1.000000
1341839144.893704 -0.000000 0.000000 -0.000000 0.000000 0.000000 0.000000 1.000000
1341839144.929498 -0.000000 0.000000 -0.000000 0.000000 0.000000 0.000000 1.000000
1341839144.961563 -0.000000 0.000000 -0.000000 0.000000 0.000000 0.000000 1.000000
1341839144.993581 -0.000000 0.000000 -0.000000 0.000000 0.000000 0.000000 1.000000
1341839145.029623 -0.000000 0.000000 -0.000000 0.000000 0.000000 0.000000 1.000000
1341839145.061626 -0.000000 0.000000 -0.000000 0.000000 0.000000 0.000000 1.000000
1341839145.097529 -0.000000 0.000000 -0.000000 0.000000 0.000000 0.000000 1.000000
1341839145.129540 -0.000000 0.000000 -0.000000 0.000000 0.000000 0.000000 1.000000
1341839145.161548 -0.000000 0.000000 -0.000000 0.000000 0.000000 0.000000 1.000000
1341839145.197472 -0.000000 0.000000 -0.000000 0.000000 0.000000 0.000000 1.000000
1341839145.229600 -0.000000 0.000000 -0.000000 0.000000 0.000000 0.000000 1.000000
1341839145.262518 -0.000000 0.000000 -0.000000 0.000000 0.000000 0.000000 1.000000
1341839145.297552 -0.000000 0.000000 -0.000000 0.000000 0.000000 0.000000 1.000000
1341839145.329591 -0.000000 0.000000 -0.000000 0.000000 0.000000 0.000000 1.000000
1341839145.329591 -0.000000 0.000000 -0.000000 0.000000 0.000000 0.000000 1.000000
1341839145.329591 -0.000000 0.000000 -0.000000 0.000000 0.000000 0.000000 1.000000
