10005.333280 -0.000000 0.000000 -0.000000 0.000000 0.000000 0.000000 1.000000
10005.366613 0.026699 0.007200 -0.010129 -0.005749 -0.006716 -0.002314 0.999958
10005.399946 0.022545 0.008040 -0.008413 -0.001636 -0.009334 -0.001095 0.999954
10005.433279 0.025317 0.013053 -0.017321 -0.004817 -0.023935 -0.006801 0.999679
10005.466612 0.014371 0.009276 -0.012512 -0.003296 -0.012293 -0.006681 0.999897
10005.499945 0.028120 -0.000943 -0.012523 -0.004559 -0.010847 -0.005235 0.999917
10005.533278 0.014712 0.006255 -0.012685 0.000380 -0.003505 -0.000115 0.999994
10005.566611 0.025615 0.001304 -0.011130 -0.001163 -0.004993 0.000281 0.999987
10005.599944 0.021305 -0.001656 -0.019411 0.003396 0.002078 -0.000565 0.999992
10005.633277 0.027586 0.007263 -0.022072 0.003665 -0.007596 -0.003356 0.999959
10005.666610 0.027544 0.011372 -0.021077 -0.003939 -0.010857 -0.006625 0.999911
10005.699943 0.025831 0.018502 -0.024555 -0.006461 -0.009158 -0.011355 0.999873
10005.733276 0.044277 0.014418 -0.037405 -0.008833 -0.007329 -0.017196 0.999786
10005.766609 0.025871 0.010156 -0.024280 0.007074 -0.009850 -0.007215 0.999900
10005.799942 0.029565 0.020660 -0.022434 0.003014 -0.007338 -0.008015 0.999936
10005.833275 0.032451 0.007888 -0.021214 -0.002557 -0.008699 -0.003678 0.999952
10005.866608 0.024420 0.007472 -0.017860 0.001666 -0.009828 0.000690 0.999950
10005.899941 0.026561 0.017078 -0.017356 -0.001253 -0.014940 -0.002797 0.999884
10005.933274 0.050706 0.016117 -0.012498 -0.013454 -0.024227 -0.012545 0.999537
10005.966607 0.026590 0.001679 -0.006032 -0.006277 -0.014624 -0.008181 0.999840
10005.999940 0.041584 0.006128 -0.002262 -0.001954 -0.019665 -0.008703 0.999767
10006.033273 0.044649 -0.001610 -0.001195 -0.003224 -0.016809 -0.012777 0.999772
10006.066606 0.041847 -0.003602 0.005061 -0.001692 -0.015191 -0.014249 0.999782
10006.099939 0.045869 0.003334 0.008370 -0.002097 -0.012097 -0.011968 0.999853
10006.133272 0.055078 -0.001090 0.013682 -0.010497 -0.013806 -0.010129 0.999798
10006.166605 0.066172 -0.004772 0.006858 -0.002405 -0.022632 -0.003955 0.999733
10006.199938 0.043632 0.001040 -0.006598 0.001252 -0.015057 -0.004310 0.999877
10006.233271 0.032746 -0.001732 -0.006030 -0.001907 -0.012171 -0.003687 0.999917
10006.266604 0.039068 0.006392 -0.002818 -0.000419 -0.016691 -0.002491 0.999858
10006.299937 0.035806 0.010164 -0.011717 -0.002721 -0.013858 -0.000497 0.999900
10006.333270 0.025458 0.010842 -0.010381 -0.007594 -0.008149 -0.000095 0.999938
10006.366603 0.039749 0.004721 -0.015132 -0.010563 -0.010439 -0.002326 0.999887
10006.399936 0.032277 0.009182 -0.014845 -0.005551 -0.009399 -0.007961 0.999909
10006.433269 0.030721 0.008395 -0.021020 -0.001353 -0.007885 -0.011048 0.999907
10006.466602 0.033071 0.006461 -0.024575 0.005391 -0.008525 -0.009883 0.999900
10006.499935 0.028839 0.013044 -0.018610 0.001481 -0.013596 -0.012096 0.999833
10006.533268 0.021762 0.017155 -0.013980 -0.002401 -0.017704 -0.001157 0.999840
10006.566601 0.036223 0.010373 -0.017919 -0.005244 -0.025780 -0.006857 0.999630
10006.599934 0.020781 -0.003377 -0.014440 0.003878 -0.011526 -0.007217 0.999900
10006.633267 0.024806 -0.002330 -0.015281 0.013513 -0.008708 -0.004376 0.999861
10006.666600 0.040160 0.005034 -0.020356 0.014770 -0.017188 -0.000848 0.999743
10006.699933 0.030613 0.003424 -0.012974 0.006739 -0.012995 -0.002347 0.999890
10006.733266 0.032262 0.008867 -0.017730 -0.002293 -0.009080 -0.009070 0.999915
10006.766599 0.035562 0.010213 -0.009530 -0.010429 -0.011111 -0.009257 0.999841
10006.799932 0.046693 0.010018 -0.008864 -0.004377 -0.014849 -0.004724 0.999869
10006.833265 0.043459 0.012841 -0.004282 -0.003689 -0.005974 0.000690 0.999975
10006.866598 0.041833 0.005661 -0.008354 0.001835 -0.008143 0.000868 0.999965
10006.899931 0.039066 0.005112 -0.017687 0.005822 -0.007618 0.002199 0.999952
10006.933264 0.040510 0.005702 -0.016848 0.006462 -0.000181 0.000623 0.999979
10006.966597 0.032780 0.005414 -0.013873 0.000945 0.002417 0.000691 0.999996
10006.999930 0.029911 0.004420 -0.015821 0.003029 0.002508 0.001620 0.999991
10007.033263 0.046658 0.011056 -0.029151 -0.004062 -0.007269 -0.006396 0.999945
10007.066596 0.042101 0.003492 -0.016479 -0.009257 -0.009184 -0.009338 0.999871
10007.099929 0.038600 0.006921 -0.013674 0.001278 -0.002414 -0.013414 0.999906
10007.133262 0.027548 0.001343 -0.018705 0.008887 -0.005078 -0.005194 0.999934
10007.166595 0.017872 0.013713 -0.015794 0.004462 -0.014995 -0.005694 0.999861
10007.199928 0.028170 0.012202 -0.002614 0.003506 -0.022105 -0.003692 0.999743
10007.233261 0.030724 0.011943 -0.005162 -0.007596 -0.018314 -0.009745 0.999756
10007.266594 0.026074 0.001360 -0.000666 -0.008282 -0.017390 -0.013612 0.999722
10007.299927 0.033285 -0.008795 -0.000045 -0.000965 -0.019147 -0.013069 0.999731
10007.333260 0.031275 -0.000862 0.010144 0.004899 -0.022472 -0.012185 0.999661
10007.366593 0.036937 -0.003698 0.008242 0.003639 -0.026058 -0.014412 0.999550
10007.399926 0.030513 -0.020897 0.019464 0.002344 -0.030488 -0.015185 0.999417
10007.433259 0.019960 -0.011623 0.019584 0.010114 -0.036664 -0.018013 0.999114
10007.466592 0.024122 -0.009940 0.024691 0.022255 -0.035346 -0.017399 0.998976
10007.499925 0.020225 0.003129 0.014388 0.011138 -0.030857 -0.012533 0.999383
10007.533258 0.004150 -0.019869 0.027762 -0.000104 -0.021957 -0.010779 0.999701
10007.566591 0.006102 -0.006986 0.026016 0.011957 -0.023224 -0.021633 0.999425
10007.599924 0.003730 -0.005892 0.020950 -0.000303 -0.003255 -0.014163 0.999894
10007.633257 -0.003304 -0.017797 0.013364 -0.000224 -0.002588 -0.001924 0.999995
10007.666590 0.000137 -0.018119 0.017058 0.001803 -0.000720 0.001868 0.999996
10007.699923 0.009760 -0.008697 0.006651 0.011007 0.002599 0.001367 0.999935
10007.733256 0.002131 -0.001689 0.013717 0.003764 0.006432 0.002294 0.999970
10007.766589 0.000293 -0.007788 0.015225 -0.004789 0.005861 -0.000126 0.999971
10007.799922 -0.004385 -0.028140 0.018702 -0.000235 0.005905 -0.001550 0.999981
10007.833255 0.003358 -0.002625 0.015759 0.009196 0.008138 0.002881 0.999920
10007.866588 0.011127 -0.014393 0.009892 -0.001661 0.008555 0.003591 0.999956
10007.899921 0.014667 -0.003664 0.006835 0.002191 0.009661 0.005452 0.999936
10007.933254 0.019256 -0.000090 0.008585 -0.001801 0.010244 0.006494 0.999925
10007.966587 0.021017 -0.000308 0.002024 -0.003465 0.005790 0.006686 0.999955
10007.999920 0.017356 -0.002398 0.001149 -0.003080 0.005461 0.007781 0.999950
10008.033253 0.025406 0.008868 -0.002540 0.000234 0.005299 0.005985 0.999968
10008.066586 0.026178 0.001381 -0.000534 -0.002705 0.006946 0.006296 0.999952
10008.099919 0.026899 0.000309 -0.002344 -0.002052 0.007035 0.006536 0.999952
10008.133252 0.023956 0.006910 -0.007592 0.000947 0.006297 0.006783 0.999957
10008.166585 0.040576 0.014632 -0.003314 -0.001864 0.002630 0.004555 0.999984
10008.199918 0.032882 0.009438 -0.008670 -0.006570 0.004725 0.001992 0.999965
10008.233251 0.025985 0.008840 -0.009755 -0.008885 0.004187 -0.003040 0.999947
10008.266584 0.033312 0.011852 -0.015548 -0.001027 0.007858 -0.003614 0.999962
10008.299917 0.024217 0.019405 -0.019104 -0.000995 -0.003417 -0.004919 0.999982
10008.333250 0.016097 0.011636 -0.016160 -0.004474 -0.002207 -0.004100 0.999979
10008.366583 0.013615 0.021929 -0.018123 -0.003699 -0.002226 -0.001826 0.999989
10008.399916 0.012858 0.013053 -0.020463 -0.003639 -0.003529 -0.001899 0.999985
10008.433249 0.006193 0.007498 -0.023438 -0.005227 -0.001208 0.000112 0.999986
10008.466582 0.009973 0.020292 -0.024359 -0.003207 -0.001370 0.000276 0.999994
10008.499915 0.006136 0.006060 -0.026165 -0.007922 0.002940 0.002995 0.999960
10008.533248 0.010790 0.022053 -0.024695 0.000602 0.005504 0.001571 0.999983
10008.566581 0.009293 0.015343 -0.026986 -0.003717 0.008829 0.004830 0.999942
10008.599914 0.008239 0.019553 -0.033079 -0.000962 0.008414 0.002523 0.999961
10008.633247 0.026278 0.033797 -0.029759 -0.009348 0.012251 0.008385 0.999846
10008.666580 0.020942 0.017489 -0.022303 -0.002354 0.016048 0.009089 0.999827
10008.699913 0.021185 0.010951 -0.016779 -0.003229 0.017574 0.010401 0.999786
10008.733246 0.024164 0.019984 -0.014922 0.002544 0.016025 0.003927 0.999861
10008.766579 0.022308 0.009325 -0.020323 0.001102 0.017108 0.006327 0.999833
10008.799912 0.022444 0.012424 -0.020542 0.000378 0.011207 0.005858 0.999920
10008.833245 0.023772 -0.002001 -0.025230 -0.001995 0.007028 0.004301 0.999964
10008.866578 0.029181 0.011201 -0.026717 0.001716 0.000897 0.000737 0.999998
10008.899911 0.023158 0.012478 -0.028773 -0.001572 -0.005637 -0.001308 0.999982
10008.933244 0.024094 0.010833 -0.021519 0.006938 -0.002337 0.001215 0.999972
10008.966577 0.023927 0.018907 -0.032370 0.004140 -0.007128 -0.003251 0.999961
10008.999910 0.022086 0.010985 -0.027392 -0.000837 -0.007804 -0.003325 0.999964
10009.033243 0.013158 0.012310 -0.020091 0.001734 -0.002158 -0.004748 0.999985
10009.066576 0.004685 0.006766 -0.024507 0.000893 -0.006825 -0.001215 0.999976
10009.099909 0.019227 0.020024 -0.027764 0.003639 -0.011522 -0.007854 0.999896
10009.133242 0.013892 0.017216 -0.039177 -0.004910 -0.011271 -0.007428 0.999897
10009.166575 0.006472 0.016147 -0.030375 -0.003553 -0.012573 -0.005662 0.999899
10009.199908 0.007614 0.017859 -0.038712 -0.004718 -0.014129 -0.005534 0.999874
10009.233241 0.007516 0.019394 -0.033825 -0.006869 -0.011567 -0.006088 0.999891
10009.266574 0.014072 0.008472 -0.037949 -0.003288 -0.005964 -0.002478 0.999974
10009.299907 0.019496 0.016172 -0.033468 0.006741 -0.009007 -0.003704 0.999930
10009.333240 0.018566 0.022048 -0.035059 0.010609 -0.006981 -0.005313 0.999905
10009.366573 0.018431 0.007998 -0.029499 -0.000571 -0.001642 -0.001108 0.999998
10009.399906 0.024590 0.009739 -0.026797 0.007592 -0.003511 0.002263 0.999962
10009.433239 0.027324 0.013296 -0.028481 0.004047 -0.004788 -0.000970 0.999980
10009.466572 0.049267 0.016885 -0.037013 -0.005049 -0.008264 -0.009031 0.999912
10009.499905 0.026679 0.008310 -0.013980 -0.009125 -0.003327 -0.006425 0.999932
10009.533238 0.045746 0.007031 -0.020483 -0.012736 -0.008543 -0.007678 0.999853
10009.566571 0.054579 0.006807 -0.013755 -0.006681 -0.013276 -0.004581 0.999879
10009.599904 0.047508 0.005639 -0.019295 0.001640 -0.013699 -0.001701 0.999903
10009.633237 0.044277 0.020152 -0.014777 0.003803 -0.015479 -0.008617 0.999836
10009.666570 0.039595 0.018569 -0.012270 -0.007153 -0.013945 -0.008627 0.999840
10009.699903 0.045373 0.007561 -0.013074 -0.005325 -0.015010 -0.004813 0.999862
10009.733236 0.043898 0.016864 -0.028702 0.000628 -0.020624 -0.004296 0.999778
10009.766569 0.047299 0.005603 -0.023260 -0.006486 -0.021068 -0.005109 0.999744
10009.799902 0.039116 0.008437 -0.027602 -0.001580 -0.014410 -0.003768 0.999888
10009.833235 0.059173 0.011160 -0.043479 -0.005162 -0.013344 -0.009230 0.999855
10009.866568 0.035591 0.009459 -0.033745 -0.004752 -0.008068 -0.007950 0.999925
10009.899901 0.051289 0.009818 -0.036787 0.008845 -0.017134 -0.004579 0.999804
10009.933234 0.044883 0.027462 -0.030666 0.006270 -0.008889 -0.008443 0.999905
10009.966567 0.040742 0.013513 -0.021961 0.000887 -0.002051 0.005788 0.999981
10009.999900 0.044275 0.023823 -0.021939 -0.001438 -0.011469 0.005263 0.999919
10010.033233 0.025193 0.018013 -0.016752 -0.006139 -0.008731 0.000801 0.999943
10010.066566 0.058685 0.015101 -0.036425 -0.004254 -0.017140 -0.006473 0.999823
10010.099899 0.044613 0.006874 -0.025883 0.004369 -0.013829 -0.004758 0.999884
10010.133232 0.042644 0.003983 -0.020825 0.002550 -0.011566 -0.007825 0.999899
10010.166565 0.047979 0.001920 -0.014839 0.003928 -0.012091 -0.005978 0.999901
10010.199898 0.035339 0.010714 -0.024136 -0.002897 -0.011171 -0.007074 0.999908
10010.233231 0.040649 0.000554 -0.028432 0.003929 -0.014986 -0.002898 0.999876
10010.266564 0.029287 0.020391 -0.025587 0.008084 -0.015388 -0.004188 0.999840
10010.299897 0.034633 0.012686 -0.021275 0.000468 -0.011804 -0.005468 0.999915
