10003.299967 0.000000 0.000000 0.000000 -0.000000 -0.000000 -0.000000 1.000000
10003.333300 0.042475 -0.002420 -0.009408 -0.005087 0.005774 0.004114 0.999962
10003.366633 0.081700 -0.008016 -0.021117 -0.005504 0.013026 0.005840 0.999883
10003.399966 0.121225 -0.009623 -0.036625 -0.000555 0.018712 0.009312 0.999781
10003.433299 0.184981 -0.005961 -0.067782 0.012529 0.020248 0.016837 0.999575
10003.466632 0.233947 -0.004392 -0.095810 0.019655 0.016816 0.021711 0.999430
10003.499965 0.286669 0.000406 -0.127940 0.033619 0.012898 0.023719 0.999070
10003.533298 0.327475 0.004691 -0.159204 0.048307 0.018464 0.020363 0.998454
10003.566631 0.377282 0.005028 -0.189059 0.052434 0.021520 0.019510 0.998202
10003.599964 0.431967 0.013964 -0.234969 0.066449 0.020953 0.019571 0.997378
10003.633297 0.459677 0.010156 -0.263977 0.067031 0.018596 0.025022 0.997264
10003.666630 0.485586 0.008106 -0.290731 0.071855 0.017010 0.028223 0.996871
10003.699963 0.513171 0.014227 -0.317937 0.085679 0.020422 0.024306 0.995817
10003.733296 0.538954 0.001073 -0.345451 0.091473 0.024737 0.021257 0.995273
10003.766629 0.552391 0.002172 -0.371267 0.099773 0.029983 0.020757 0.994342
10003.799962 0.566644 0.009547 -0.410093 0.109569 0.033331 0.024914 0.993108
10003.833295 0.575064 0.012749 -0.436295 0.113032 0.032959 0.027743 0.992657
10003.866628 0.575652 0.053605 -0.458888 0.123817 0.034208 0.027865 0.991324
10003.899961 0.588595 0.064889 -0.481120 0.120796 0.039371 0.028087 0.991499
10003.933294 0.595339 0.068174 -0.505410 0.121251 0.051429 0.027897 0.990896
10003.966627 0.600556 0.081059 -0.529217 0.122104 0.061877 0.032808 0.990043
10003.999960 0.601927 0.094840 -0.549241 0.120979 0.069148 0.036767 0.989561
10004.033293 0.607619 0.122166 -0.569301 0.118554 0.079278 0.044820 0.988762
10004.066626 0.619973 0.128645 -0.584491 0.114854 0.088113 0.051004 0.988151
10004.099959 0.629814 0.142377 -0.595022 0.113403 0.097747 0.057195 0.987073
10004.133292 0.640660 0.156192 -0.607814 0.111893 0.105424 0.060116 0.986282
10004.166625 0.658668 0.175522 -0.616766 0.108097 0.112667 0.063616 0.985685
10004.199958 0.669057 0.193410 -0.621690 0.102504 0.119107 0.067720 0.985251
10004.233291 0.675162 0.218694 -0.628070 0.094829 0.119407 0.067201 0.986019
10004.266624 0.689275 0.238022 -0.635630 0.085355 0.116403 0.064250 0.987440
10004.299957 0.696642 0.256041 -0.641125 0.078042 0.117430 0.058781 0.988263
10004.333290 0.700198 0.283854 -0.647528 0.066820 0.118403 0.054518 0.989214
10004.366623 0.691755 0.293095 -0.652900 0.056718 0.121635 0.058966 0.989197
10004.399956 0.682437 0.306584 -0.655920 0.048768 0.126515 0.062692 0.988780
10004.433289 0.675727 0.317596 -0.661920 0.041756 0.131309 0.064654 0.988349
10004.466622 0.657813 0.330742 -0.667009 0.038671 0.137464 0.066326 0.987527
10004.499955 0.639387 0.333224 -0.672909 0.034166 0.145028 0.072411 0.986183
10004.533288 0.610989 0.344882 -0.676181 0.032634 0.153593 0.078012 0.984509
10004.566621 0.596144 0.357161 -0.680009 0.030650 0.159645 0.085185 0.983015
10004.599954 0.568040 0.360900 -0.679391 0.026754 0.172436 0.096603 0.979907
10004.633287 0.538438 0.360642 -0.677837 0.023553 0.188043 0.110169 0.975678
10004.666620 0.513801 0.349034 -0.682521 0.027729 0.201349 0.123425 0.971317
10004.699953 0.473412 0.349410 -0.686270 0.024155 0.211340 0.133765 0.967915
10004.733286 0.454051 0.359467 -0.688346 0.015052 0.218932 0.143276 0.965046
10004.766619 0.440192 0.371201 -0.690770 0.003939 0.242293 0.160432 0.956839
10004.799952 0.428620 0.375548 -0.692418 0.001024 0.261054 0.169653 0.950299
10004.833285 0.419836 0.386667 -0.700346 -0.001567 0.273718 0.176742 0.945430
10004.866618 0.389961 0.402206 -0.704304 -0.005332 0.287743 0.182149 0.940212
10004.899951 0.379643 0.412297 -0.710740 -0.007790 0.296994 0.189587 0.935837
10004.933284 0.370395 0.418225 -0.722798 -0.007853 0.302881 0.196236 0.932573
10004.966617 0.360204 0.426495 -0.733937 -0.009410 0.305990 0.201904 0.930331
10004.999950 0.351353 0.440305 -0.743950 -0.009954 0.313332 0.204283 0.927358
10005.033283 0.338934 0.450729 -0.755610 -0.017258 0.320153 0.215170 0.922446
10005.066616 0.321134 0.459676 -0.757049 -0.021462 0.321135 0.222625 0.920245
10005.099949 0.310398 0.461851 -0.758017 -0.027375 0.323429 0.227030 0.918206
10005.133282 0.305105 0.467671 -0.759114 -0.033391 0.332841 0.229206 0.914093
10005.166615 0.301711 0.466840 -0.756681 -0.035357 0.348688 0.235105 0.906583
10005.199948 0.297420 0.457157 -0.752380 -0.035870 0.366219 0.244118 0.897220
10005.233281 0.297195 0.452942 -0.747476 -0.030470 0.381028 0.249925 0.889622
10005.266614 0.288553 0.445701 -0.733835 -0.024291 0.391486 0.256889 0.883265
10005.299947 0.279755 0.435813 -0.715121 -0.019232 0.397055 0.263089 0.879068
10005.333280 0.271724 0.417635 -0.686712 -0.018906 0.403459 0.270400 0.873926
10005.366613 0.265174 0.391370 -0.646583 -0.018973 0.416943 0.279351 0.864732
10005.399946 0.260458 0.373012 -0.622665 -0.015546 0.424788 0.279393 0.860961
10005.433279 0.259143 0.356724 -0.601214 -0.016739 0.433706 0.279633 0.856402
10005.466612 0.265972 0.337348 -0.574985 -0.017090 0.456211 0.283008 0.843496
10005.499945 0.274506 0.323965 -0.558714 -0.015647 0.467824 0.287264 0.835688
10005.533278 0.271030 0.313953 -0.530755 -0.012897 0.478464 0.289385 0.828953
10005.566611 0.278376 0.305176 -0.512182 -0.014509 0.481500 0.289505 0.827124
10005.599944 0.278079 0.296828 -0.484224 -0.014771 0.486095 0.288601 0.824744
10005.633277 0.282845 0.287854 -0.455566 -0.017678 0.483939 0.291322 0.824998
10005.666610 0.294150 0.279616 -0.425720 -0.020839 0.488778 0.294658 0.820876
10005.699943 0.307263 0.263442 -0.394231 -0.017831 0.499234 0.298513 0.813226
10005.733276 0.326961 0.242429 -0.365989 -0.010510 0.508838 0.304120 0.805285
10005.766609 0.347290 0.214920 -0.317561 0.001453 0.518180 0.313109 0.795896
10005.799942 0.365085 0.198352 -0.286576 -0.004309 0.524475 0.322649 0.787912
10005.833275 0.385667 0.176653 -0.259045 -0.004462 0.529262 0.330048 0.781620
10005.866608 0.397192 0.159084 -0.226060 -0.003971 0.537383 0.331477 0.775453
10005.899941 0.410135 0.145547 -0.200432 -0.009298 0.544743 0.331745 0.770139
10005.933274 0.427035 0.123960 -0.176939 -0.012166 0.557043 0.333471 0.760494
10005.966607 0.439104 0.095188 -0.135335 -0.003614 0.580151 0.333983 0.742878
10005.999940 0.443685 0.080853 -0.107128 -0.000128 0.593838 0.336280 0.730939
10006.033273 0.447875 0.056062 -0.072273 -0.000331 0.608996 0.341823 0.715738
10006.066606 0.447990 0.033192 -0.032463 0.002541 0.622295 0.348002 0.701168
10006.099939 0.443072 0.008095 0.008734 0.006229 0.634172 0.356604 0.686018
10006.133272 0.440825 -0.025049 0.046795 0.009937 0.643337 0.363369 0.673782
10006.166605 0.439274 -0.058298 0.090478 0.017276 0.655865 0.363980 0.661106
10006.199938 0.443717 -0.093930 0.150446 0.012311 0.671689 0.365901 0.644049
10006.233271 0.457158 -0.115104 0.189377 0.008470 0.681157 0.369300 0.632116
10006.266604 0.470188 -0.131220 0.220807 0.006429 0.689848 0.370437 0.621969
10006.299937 0.489800 -0.146294 0.252590 0.001979 0.700722 0.370585 0.609632
10006.333270 0.513086 -0.163524 0.280619 -0.001409 0.710640 0.368952 0.599052
10006.366603 0.534139 -0.177222 0.299794 -0.000055 0.718625 0.363449 0.592861
10006.399936 0.561112 -0.190599 0.328074 0.003819 0.727954 0.357988 0.584733
10006.433269 0.590063 -0.202374 0.351362 0.008444 0.735685 0.357775 0.575059
10006.466602 0.622947 -0.214661 0.373387 0.013287 0.741028 0.362924 0.564790
10006.499935 0.660166 -0.226760 0.395175 0.013704 0.743699 0.373341 0.554384
10006.533268 0.691316 -0.239650 0.407332 0.016282 0.750314 0.381349 0.539756
10006.566601 0.716712 -0.246070 0.411217 0.012528 0.760679 0.379364 0.526588
10006.599934 0.755142 -0.259522 0.431528 0.009751 0.776431 0.379495 0.503035
10006.633267 0.777034 -0.261442 0.447168 0.008106 0.780782 0.386546 0.490811
10006.666600 0.801979 -0.261332 0.463623 0.001517 0.779668 0.399199 0.482447
10006.699933 0.836603 -0.267316 0.483215 -0.011298 0.782006 0.410298 0.469036
10006.733266 0.866764 -0.270306 0.501441 -0.017968 0.785686 0.416245 0.457291
10006.766599 0.901698 -0.280856 0.515467 -0.014472 0.790713 0.418961 0.446133
10006.799932 0.935234 -0.292628 0.534828 -0.007801 0.800459 0.414322 0.433062
10006.833265 0.977081 -0.308126 0.559833 -0.008680 0.808868 0.412320 0.419106
10006.866598 1.011363 -0.322478 0.580594 -0.010431 0.812850 0.408298 0.415282
10006.899931 1.047662 -0.332421 0.602076 -0.014940 0.815417 0.409302 0.409077
10006.933264 1.086955 -0.336680 0.622007 -0.022738 0.816446 0.412103 0.403820
10006.966597 1.128849 -0.340364 0.640979 -0.026147 0.813730 0.417235 0.403826
10006.999930 1.162664 -0.342837 0.655994 -0.025367 0.812341 0.417853 0.406027
10007.033263 1.193489 -0.342849 0.669799 -0.027199 0.810175 0.418904 0.409142
10007.066596 1.251589 -0.346211 0.685337 -0.024373 0.814908 0.418696 0.400030
10007.099929 1.292082 -0.349229 0.706237 -0.017331 0.822509 0.414466 0.389097
10007.133262 1.331758 -0.353403 0.722807 -0.008930 0.823177 0.419529 0.382485
10007.166595 1.364450 -0.353001 0.733472 -0.010118 0.821445 0.429199 0.375385
10007.199928 1.392284 -0.360203 0.729943 -0.014086 0.825182 0.435273 0.359741
10007.233261 1.419719 -0.367101 0.736816 -0.022133 0.831920 0.437858 0.340146
10007.266594 1.453043 -0.378159 0.746324 -0.020930 0.841833 0.434029 0.320154
10007.299927 1.480755 -0.387321 0.759015 -0.015604 0.851111 0.431811 0.298170
10007.333260 1.505275 -0.395265 0.784382 -0.013888 0.857219 0.434488 0.276049
10007.366593 1.533208 -0.402493 0.803051 -0.015789 0.861632 0.440684 0.251274
10007.399926 1.565762 -0.414132 0.827017 -0.016517 0.866927 0.446509 0.220893
10007.433259 1.585240 -0.423068 0.864413 -0.019045 0.872634 0.450645 0.187259
10007.466592 1.605923 -0.436131 0.893493 -0.025191 0.875531 0.460221 0.144941
10007.499925 1.625366 -0.448670 0.921056 -0.030335 0.870992 0.479130 0.104338
10007.533258 1.647191 -0.470443 0.926932 -0.037344 0.868087 0.490038 0.069961
10007.566591 1.646295 -0.482160 0.957506 -0.039177 0.870013 0.489313 0.045994
10007.599924 1.658916 -0.499886 0.978511 -0.033901 0.866181 0.498419 0.012590
10007.633257 1.659876 -0.510639 0.994715 -0.023773 0.867191 0.497394 0.003798
10007.666590 1.659961 -0.518676 1.014131 -0.023235 0.866611 0.498442 -0.000831
10007.699923 1.660264 -0.523379 1.037197 -0.025349 0.865805 0.499738 -0.000713
10007.733256 1.670118 -0.527775 1.049073 -0.025182 0.860363 0.509055 0.002170
10007.766589 1.673378 -0.536850 1.056664 -0.024199 0.858492 0.512183 0.008598
10007.799922 1.671327 -0.546525 1.070029 -0.020553 0.860649 0.508585 0.014204
10007.833255 1.666334 -0.549717 1.103090 -0.016036 0.860835 0.508305 0.018248
10007.866588 1.668123 -0.564111 1.111523 -0.014185 0.855815 0.516384 0.026977
10007.899921 1.678521 -0.570861 1.128177 -0.013011 0.855784 0.515851 0.036904
10007.933254 1.692724 -0.575891 1.134719 -0.012570 0.854037 0.517802 0.048413
10007.966587 1.708658 -0.582715 1.140163 -0.011938 0.854224 0.516126 0.061428
10007.999920 1.731168 -0.584920 1.148914 -0.014890 0.856108 0.511824 0.069954
10008.033253 1.746984 -0.586884 1.152721 -0.018255 0.856768 0.509224 0.079409
10008.066586 1.771673 -0.590555 1.150386 -0.019902 0.856367 0.508552 0.087263
10008.099919 1.799104 -0.591445 1.152391 -0.021286 0.856712 0.506242 0.096487
10008.133252 1.828517 -0.588385 1.158800 -0.023400 0.857345 0.503172 0.105970
10008.166585 1.854521 -0.586350 1.156617 -0.025180 0.856186 0.503243 0.114272
10008.199918 1.888809 -0.585419 1.148917 -0.026905 0.856504 0.500670 0.122499
10008.233251 1.923534 -0.585610 1.144554 -0.025112 0.858911 0.495241 0.127974
10008.266584 1.957257 -0.585504 1.137359 -0.019675 0.862232 0.489166 0.129944
10008.299917 1.994034 -0.579713 1.125927 -0.012042 0.861479 0.489185 0.135675
10008.333250 2.020722 -0.574056 1.112958 -0.010341 0.863170 0.487332 0.131675
10008.366583 2.043106 -0.570352 1.096488 -0.007607 0.865060 0.485067 0.127764
10008.399916 2.060636 -0.563614 1.077075 -0.006433 0.867772 0.480801 0.125543
10008.433249 2.078773 -0.554525 1.058397 -0.005989 0.869832 0.478107 0.121532
10008.466582 2.094056 -0.543298 1.039686 -0.006447 0.872023 0.474596 0.119548
10008.499915 2.110479 -0.533276 1.013996 -0.006661 0.873807 0.471560 0.118527
10008.533248 2.122245 -0.516721 0.996632 -0.006533 0.876922 0.464683 0.122612
10008.566581 2.141961 -0.505723 0.968799 -0.005483 0.876207 0.464497 0.128346
10008.599914 2.158725 -0.493641 0.945650 -0.004661 0.876605 0.460708 0.138886
10008.633247 2.178656 -0.482713 0.916407 -0.003647 0.875687 0.459817 0.147403
10008.666580 2.217083 -0.472876 0.880098 -0.002884 0.877898 0.450252 0.162970
10008.699913 2.244519 -0.466849 0.863694 -0.002711 0.876237 0.446172 0.182023
10008.733246 2.274664 -0.462346 0.854193 -0.002807 0.874423 0.441202 0.201786
10008.766579 2.303269 -0.458276 0.846453 -0.000471 0.870514 0.440287 0.219893
10008.799912 2.333870 -0.453310 0.840863 0.001395 0.866271 0.439314 0.237856
10008.833245 2.363669 -0.446189 0.832563 0.001928 0.863423 0.437570 0.251057
10008.866578 2.395212 -0.432168 0.829718 0.002067 0.862203 0.435333 0.259012
10008.899911 2.433319 -0.421152 0.820389 0.001815 0.861107 0.436225 0.261150
10008.933244 2.468418 -0.411510 0.812062 0.000180 0.863707 0.434121 0.256026
10008.966577 2.501073 -0.405643 0.803291 -0.002050 0.861213 0.440487 0.253534
10008.999910 2.536160 -0.399718 0.780622 -0.003926 0.860853 0.444804 0.247115
10009.033243 2.569199 -0.392742 0.770009 -0.004738 0.863225 0.444856 0.238585
10009.066576 2.593550 -0.385958 0.754750 -0.001498 0.862783 0.447963 0.234377
10009.099909 2.611182 -0.376351 0.741279 -0.004891 0.864108 0.449180 0.227004
10009.133242 2.636450 -0.367023 0.716641 -0.002963 0.864768 0.454010 0.214576
10009.166575 2.666085 -0.346467 0.685808 -0.000081 0.869026 0.451995 0.201232
10009.199908 2.686868 -0.334970 0.659701 -0.000886 0.873008 0.450351 0.187191
10009.233241 2.709587 -0.316642 0.630837 -0.002470 0.877952 0.446955 0.171537
10009.266574 2.730238 -0.300175 0.599780 -0.000714 0.882836 0.442322 0.157962
10009.299907 2.756912 -0.283590 0.577084 -0.001683 0.885105 0.440235 0.150924
10009.333240 2.784057 -0.265405 0.550063 -0.003341 0.883610 0.446120 0.142125
10009.366573 2.811361 -0.250150 0.520170 -0.001959 0.880091 0.455865 0.132749
10009.399906 2.837607 -0.234867 0.503455 -0.002085 0.880623 0.455321 0.131077
10009.433239 2.869248 -0.220822 0.487467 -0.006659 0.877758 0.461398 0.128872
10009.466572 2.903809 -0.208233 0.468216 -0.008373 0.876606 0.464861 0.124083
10009.499905 2.958639 -0.195416 0.446607 -0.004596 0.879860 0.461476 0.113422
10009.533238 2.990466 -0.193486 0.437725 0.000462 0.884204 0.454697 0.106929
10009.566571 3.042532 -0.187249 0.426972 0.003937 0.890321 0.445118 0.095823
10009.599904 3.095242 -0.182193 0.421105 0.003053 0.894367 0.439576 0.082895
10009.633237 3.147988 -0.178023 0.412910 -0.002031 0.894696 0.441298 0.069068
10009.666570 3.196354 -0.181068 0.390193 -0.001988 0.893726 0.445643 0.051508
10009.699903 3.238063 -0.182632 0.374815 -0.000987 0.897659 0.439273 0.035300
10009.733236 3.283859 -0.176396 0.361274 -0.003526 0.900230 0.434943 0.019946
10009.766569 3.326582 -0.165949 0.333538 -0.008862 0.900338 0.435100 -0.000337
10009.799902 3.370240 -0.147456 0.314314 -0.014068 0.902969 0.428961 -0.021003
10009.833235 3.411335 -0.128441 0.288454 -0.017300 0.903244 0.427204 -0.036705
10009.866568 3.462399 -0.098168 0.248468 -0.015088 0.904976 0.422074 -0.051416
10009.899901 3.495748 -0.078535 0.216030 -0.012021 0.906377 0.417681 -0.062284
10009.933234 3.543618 -0.052938 0.180033 -0.014825 0.901656 0.424672 -0.080313
10009.966567 3.581340 -0.042668 0.134206 -0.011039 0.898442 0.429346 -0.091339
10009.999900 3.618749 -0.028132 0.106806 -0.017870 0.898047 0.430142 -0.090388
10010.033233 3.655007 -0.019191 0.067619 -0.026693 0.897402 0.429232 -0.098578
10010.066566 3.676103 -0.009465 0.035572 -0.031734 0.898868 0.423976 -0.106176
10010.099899 3.726950 0.017005 -0.010452 -0.034286 0.898663 0.419182 -0.124567
10010.133232 3.763093 0.042369 -0.041568 -0.035714 0.895236 0.421798 -0.139150
10010.166565 3.801678 0.061158 -0.067250 -0.034305 0.892707 0.422581 -0.152718
10010.199898 3.844200 0.078122 -0.092320 -0.033821 0.889083 0.425154 -0.166230
10010.233231 3.869550 0.094486 -0.123059 -0.032622 0.888569 0.420993 -0.179291
10010.266564 3.901387 0.119250 -0.153841 -0.036242 0.883799 0.423913 -0.194637
10010.299897 3.916429 0.133281 -0.193822 -0.038329 0.877452 0.429454 -0.210187
10010.333230 3.941558 0.151431 -0.227179 -0.039703 0.874821 0.428203 -0.223057
10010.366563 3.962010 0.174261 -0.255407 -0.039459 0.873677 0.426364 -0.230966
10010.399896 3.975777 0.199118 -0.289685 -0.038240 0.871030 0.428564 -0.237017
10010.433229 3.997203 0.239229 -0.332282 -0.041500 0.867335 0.430995 -0.245463
10010.466562 3.999763 0.264453 -0.364513 -0.041076 0.866328 0.429792 -0.251134
10010.499895 4.007295 0.294340 -0.402108 -0.036587 0.863730 0.429588 -0.260934
10010.533228 4.006271 0.303922 -0.456494 -0.025647 0.859797 0.433548 -0.268566
10010.566561 4.010137 0.324631 -0.490155 -0.024103 0.860980 0.428553 -0.272899
10010.599894 4.019050 0.346989 -0.520031 -0.028021 0.858051 0.430547 -0.278555
10010.633227 4.019670 0.363517 -0.558376 -0.029504 0.851452 0.433206 -0.294094
10010.666560 4.020453 0.381728 -0.592004 -0.028141 0.845526 0.430527 -0.314549
10010.699893 4.022593 0.396436 -0.623439 -0.026315 0.839115 0.427800 -0.334935
10010.733226 4.035129 0.438410 -0.667476 -0.037162 0.818610 0.436773 -0.371114
10010.766559 4.048676 0.458695 -0.695697 -0.042372 0.807605 0.440701 -0.389567
10010.799892 4.070402 0.489831 -0.719580 -0.048952 0.795179 0.445564 -0.408371
10010.833225 4.086376 0.512610 -0.750758 -0.042634 0.785555 0.450262 -0.422315
10010.866558 4.098997 0.529947 -0.771641 -0.035010 0.780561 0.450971 -0.431420
10010.899891 4.103617 0.545547 -0.801363 -0.029367 0.778526 0.446988 -0.439587
10010.933224 4.107372 0.563731 -0.824202 -0.026056 0.774969 0.444453 -0.448560
10010.966557 4.107794 0.582660 -0.846508 -0.024970 0.769643 0.445376 -0.456799
10010.999890 4.103712 0.600704 -0.870806 -0.023933 0.761593 0.449262 -0.466440
10011.033223 4.099768 0.620855 -0.903751 -0.020764 0.754316 0.450004 -0.477569
10011.066556 4.094260 0.641424 -0.927290 -0.021546 0.751581 0.448461 -0.483265
10011.099889 4.084117 0.677919 -0.972693 -0.019161 0.745813 0.448432 -0.492244
10011.133222 4.072141 0.702805 -1.003019 -0.014953 0.742723 0.446422 -0.498845
10011.166555 4.060935 0.728579 -1.031944 0.012073 -0.738334 -0.443107 0.508304
10011.199888 4.045492 0.749618 -1.067154 0.008458 -0.726083 -0.446228 0.523079
10011.233221 4.034419 0.774295 -1.106897 0.003951 -0.716702 -0.445861 0.536219
10011.266554 4.027388 0.793548 -1.145441 -0.000901 -0.716825 -0.442129 0.539151
10011.299887 4.025721 0.812875 -1.182053 0.001311 -0.714311 -0.443467 0.541383
10011.333220 4.021239 0.834926 -1.217541 0.008238 -0.707502 -0.448746 0.545894
10011.366553 4.018409 0.849600 -1.253581 0.011673 -0.703518 -0.450728 0.549336
10011.399886 4.023301 0.872903 -1.286661 0.018078 -0.698911 -0.451350 0.554509
10011.433219 4.026248 0.897534 -1.323995 0.027046 -0.689681 -0.448213 0.568080
10011.466552 4.031214 0.923164 -1.363719 0.031696 -0.679363 -0.439480 0.586787
10011.499885 4.034513 0.952855 -1.413172 0.029241 -0.667235 -0.432683 0.605580
10011.533218 4.049344 0.977440 -1.469707 0.018614 -0.658331 -0.422100 0.622965
10011.566551 4.067855 1.001405 -1.515721 0.007633 -0.655061 -0.414817 0.631478
10011.599884 4.076127 1.025768 -1.585341 0.005990 -0.635041 -0.405932 0.657195
10011.633217 4.073164 1.040012 -1.625124 0.014206 -0.615409 -0.400295 0.678848
10011.666550 4.061950 1.059293 -1.660728 0.022661 -0.595467 -0.394231 0.699634
10011.699883 4.048725 1.070264 -1.690537 0.027364 -0.577849 -0.383580 0.719867
10011.733216 4.029481 1.091039 -1.727849 0.034593 -0.556499 -0.372915 0.741651
10011.766549 4.012967 1.115528 -1.766789 0.039282 -0.542330 -0.361171 0.757556
10011.799882 3.996383 1.135432 -1.810255 0.034545 -0.536833 -0.346706 0.768383
10011.833215 3.976593 1.158470 -1.860622 0.025030 -0.536230 -0.333789 0.774865
10011.866548 3.967841 1.177950 -1.902855 0.021724 -0.544298 -0.321903 0.774369
10011.899881 3.965914 1.197089 -1.939437 0.013375 -0.549094 -0.319204 0.772286
10011.933214 3.947218 1.203257 -1.977205 0.007381 -0.542841 -0.309528 0.780680
10011.966547 3.938466 1.214224 -2.008473 0.011634 -0.538544 -0.302642 0.786285
10011.999880 3.921638 1.220512 -2.039891 0.017016 -0.527697 -0.297085 0.795605
10012.033213 3.905109 1.232894 -2.075425 0.020141 -0.510199 -0.288286 0.810051
10012.066546 3.878125 1.243589 -2.109742 0.020138 -0.494703 -0.276409 0.823688
10012.099879 3.860416 1.258572 -2.136854 0.020257 -0.480670 -0.264717 0.835746
10012.133212 3.838786 1.277044 -2.168240 0.019131 -0.467474 -0.251094 0.847381
10012.166545 3.821652 1.281199 -2.194312 0.012698 -0.451002 -0.239727 0.859632
10012.199878 3.805719 1.271115 -2.213032 0.008798 -0.434910 -0.220024 0.873135
10012.233211 3.787172 1.274641 -2.228383 0.008843 -0.418868 -0.205234 0.884506
10012.266544 3.759052 1.283642 -2.250280 0.010267 -0.404831 -0.198596 0.892505
10012.299877 3.711956 1.293721 -2.271912 0.013384 -0.386830 -0.189729 0.902323
10012.333210 3.683112 1.304835 -2.280602 0.014692 -0.375293 -0.185307 0.908075
10012.366543 3.648399 1.312101 -2.284053 0.015410 -0.368063 -0.179319 0.912215
10012.399876 3.610408 1.309348 -2.286718 0.014771 -0.366729 -0.175443 0.913516
10012.433209 3.576082 1.316170 -2.285635 0.019760 -0.366047 -0.167592 0.915168
10012.466542 3.534168 1.331582 -2.285506 0.017717 -0.361245 -0.162989 0.917945
10012.499875 3.495618 1.321365 -2.270669 0.005731 -0.351591 -0.158099 0.922690
10012.533208 3.419157 1.317738 -2.264339 0.000878 -0.336383 -0.140679 0.931158
10012.566541 3.391358 1.324286 -2.254749 -0.001337 -0.332810 -0.146077 0.931610
10012.599874 3.344271 1.306435 -2.243598 -0.008508 -0.316470 -0.146995 0.937106
10012.633207 3.304256 1.299946 -2.233985 -0.000833 -0.304098 -0.141077 0.942136
10012.666540 3.256978 1.295288 -2.229403 0.005799 -0.291008 -0.137817 0.946724
10012.699873 3.211014 1.307829 -2.223886 0.014396 -0.282417 -0.136000 0.949493
10012.733206 3.164489 1.309412 -2.215975 0.018660 -0.272257 -0.135794 0.952412
10012.766539 3.103236 1.311075 -2.215676 0.018181 -0.262302 -0.132784 0.955634
10012.799872 3.047555 1.310990 -2.213057 0.022167 -0.255096 -0.130296 0.957840
10012.833205 2.980852 1.312423 -2.217052 0.016318 -0.248570 -0.124558 0.960433
10012.866538 2.937669 1.296557 -2.204038 0.014926 -0.250932 -0.116964 0.960796
10012.899871 2.868325 1.283506 -2.191910 0.010321 -0.231871 -0.109639 0.966493
10012.933204 2.827159 1.271173 -2.178197 0.011508 -0.220651 -0.103156 0.969814
10012.966537 2.778718 1.252923 -2.165405 0.014864 -0.210958 -0.091686 0.973072
10012.999870 2.736420 1.247054 -2.151826 0.020177 -0.202628 -0.082841 0.975537
10013.033203 2.696786 1.239256 -2.134754 0.025673 -0.199859 -0.076901 0.976465
10013.066536 2.649250 1.232512 -2.118513 0.026819 -0.194951 -0.074665 0.977599
10013.099869 2.605221 1.222751 -2.099185 0.027468 -0.190456 -0.070492 0.978776
10013.133202 2.558881 1.212182 -2.077940 0.018883 -0.180386 -0.064372 0.981306
10013.166535 2.508297 1.187434 -2.061460 0.017540 -0.174894 -0.056527 0.982807
10013.199868 2.470184 1.183877 -2.052010 0.021143 -0.175302 -0.059330 0.982498
10013.233201 2.428533 1.175295 -2.042999 0.024240 -0.169254 -0.064708 0.983147
10013.266534 2.378035 1.162392 -2.035430 0.025663 -0.161171 -0.064764 0.984465
10013.299867 2.334614 1.165654 -2.029589 0.032751 -0.156698 -0.066527 0.984859
10013.333200 2.291119 1.162163 -2.021561 0.033507 -0.148133 -0.066829 0.986138
10013.366533 2.244428 1.166616 -2.014607 0.036613 -0.136944 -0.063460 0.987866
10013.399866 2.194800 1.161307 -2.015793 0.034332 -0.128124 -0.059391 0.989383
10013.433199 2.144793 1.158854 -2.013744 0.029985 -0.118765 -0.057597 0.990797
10013.466532 2.076070 1.132671 -2.015199 0.037532 -0.115933 -0.042166 0.991652
10013.499865 2.035752 1.133231 -2.013573 0.044743 -0.111673 -0.040800 0.991898
10013.533198 1.997758 1.136628 -2.001138 0.044730 -0.103949 -0.044235 0.992591
10013.566531 1.960008 1.129857 -1.985842 0.043963 -0.097627 -0.042737 0.993333
10013.599864 1.924906 1.112368 -1.968253 0.046462 -0.093676 -0.038571 0.993770
10013.633197 1.885940 1.105421 -1.946295 0.054668 -0.090184 -0.034213 0.993835
10013.666530 1.844198 1.097096 -1.921079 0.060218 -0.087293 -0.029871 0.993912
10013.699863 1.809680 1.083099 -1.888315 0.062021 -0.085820 -0.023712 0.994096
10013.733196 1.768577 1.062086 -1.854475 0.062962 -0.080858 -0.013134 0.994648
10013.766529 1.733814 1.051232 -1.824962 0.064422 -0.086333 -0.008073 0.994148
10013.799862 1.667086 1.026578 -1.774072 0.052393 -0.077988 -0.009759 0.995529
10013.833195 1.624112 0.998350 -1.742969 0.043063 -0.075372 -0.012050 0.996152
10013.866528 1.606675 0.976414 -1.721551 0.046857 -0.080008 -0.016085 0.995562
10013.899861 1.572682 0.960738 -1.695892 0.053851 -0.079904 -0.018188 0.995181
10013.933194 1.538158 0.943094 -1.668781 0.057408 -0.080332 -0.016354 0.994979
10013.966527 1.492848 0.923427 -1.635362 0.059737 -0.080579 -0.014026 0.994858
10013.999860 1.454082 0.907919 -1.603637 0.064598 -0.082290 -0.012346 0.994436
10014.033193 1.393601 0.890391 -1.562944 0.070987 -0.078730 -0.008976 0.994325
10014.066526 1.346119 0.858581 -1.529505 0.071177 -0.077211 -0.003537 0.994465
10014.099859 1.279346 0.810325 -1.486069 0.072625 -0.080579 0.000606 0.994099
10014.133192 1.235283 0.785151 -1.453645 0.074899 -0.084410 0.002376 0.993609
10014.166525 1.203133 0.758814 -1.428198 0.076145 -0.088124 0.000399 0.993195
10014.199858 1.171280 0.746942 -1.388555 0.084672 -0.092483 -0.006556 0.992086
10014.233191 1.124916 0.728110 -1.358111 0.087486 -0.091491 -0.010822 0.991896
10014.266524 1.096556 0.706772 -1.320330 0.089543 -0.097445 -0.014003 0.991106
10014.299857 1.073410 0.680423 -1.283439 0.093391 -0.107158 -0.017504 0.989691
10014.333190 1.055826 0.656987 -1.241074 0.097009 -0.115722 -0.021571 0.988298
10014.366523 1.043956 0.663899 -1.196699 0.102108 -0.124177 -0.018484 0.986819
10014.399856 1.000760 0.592959 -1.118184 0.103281 -0.135722 -0.021606 0.985112
10014.433189 0.990660 0.582675 -1.085995 0.102659 -0.148623 -0.031265 0.983054
10014.466522 0.966681 0.565167 -1.051490 0.099049 -0.152714 -0.037984 0.982560
10014.499855 0.942399 0.547463 -1.021052 0.100633 -0.155502 -0.044295 0.981698
10014.533188 0.906686 0.539682 -0.983387 0.104126 -0.154605 -0.049215 0.981241
10014.566521 0.899328 0.520316 -0.948258 0.104553 -0.152851 -0.055342 0.981143
10014.599854 0.875978 0.506839 -0.911213 0.100833 -0.147908 -0.056873 0.982202
10014.633187 0.851307 0.487794 -0.875554 0.101240 -0.142037 -0.057733 0.982976
10014.666520 0.837714 0.466425 -0.843811 0.098483 -0.139747 -0.058691 0.983528
10014.699853 0.773079 0.456244 -0.815298 0.092863 -0.132230 -0.059210 0.985082
10014.733186 0.757239 0.449527 -0.782247 0.088928 -0.134087 -0.061588 0.985048
10014.766519 0.731181 0.434511 -0.752005 0.077638 -0.131354 -0.064618 0.986176
10014.799852 0.723462 0.423117 -0.722275 0.070190 -0.136715 -0.067977 0.985780
10014.833185 0.710985 0.412739 -0.697657 0.062031 -0.141366 -0.073472 0.985277
10014.866518 0.710401 0.405395 -0.668585 0.048723 -0.143093 -0.086299 0.984735
10014.899851 0.692620 0.399596 -0.637161 0.039736 -0.147161 -0.098649 0.983378
10014.933184 0.693465 0.398029 -0.614345 0.039968 -0.151654 -0.106083 0.981911
10014.966517 0.690995 0.386720 -0.594590 0.037306 -0.161891 -0.114445 0.979440
10014.999850 0.692835 0.376721 -0.576341 0.030673 -0.179608 -0.126342 0.975109
10015.033183 0.701718 0.341318 -0.558268 0.023591 -0.193576 -0.136278 0.971288
10015.066516 0.702399 0.335583 -0.545600 0.026530 -0.205336 -0.146399 0.967316
10015.099849 0.704129 0.328849 -0.535166 0.026713 -0.218530 -0.153659 0.963286
10015.133182 0.715696 0.315009 -0.515645 0.018214 -0.225961 -0.156097 0.961376
10015.166515 0.713523 0.304583 -0.499022 0.012331 -0.229993 -0.153083 0.960998
10015.199848 0.716376 0.295251 -0.479740 0.011756 -0.232387 -0.150479 0.960840
10015.233181 0.722321 0.294848 -0.461837 0.012769 -0.232145 -0.148955 0.961123
10015.266514 0.722771 0.287407 -0.441480 0.003278 -0.229145 -0.145455 0.962458
10015.299847 0.715332 0.275693 -0.413681 -0.004451 -0.226413 -0.142436 0.963550
10015.333180 0.713332 0.273100 -0.392940 0.000655 -0.224810 -0.142262 0.963961
10015.366513 0.710567 0.259522 -0.371157 0.003619 -0.226329 -0.140628 0.963839
10015.399846 0.706205 0.247020 -0.346314 0.005384 -0.223462 -0.138760 0.964770
10015.433179 0.706200 0.232045 -0.313712 0.011159 -0.224457 -0.138365 0.964546
10015.466512 0.705414 0.214110 -0.277854 0.016143 -0.228953 -0.141212 0.963005
10015.499845 0.703710 0.196715 -0.233147 0.024544 -0.232986 -0.142307 0.961698
10015.533178 0.691015 0.185300 -0.180725 0.033482 -0.225443 -0.143604 0.963033
10015.566511 0.684928 0.168265 -0.128080 0.027087 -0.212615 -0.155341 0.964329
10015.599844 0.673645 0.141655 -0.083752 0.008113 -0.211537 -0.160280 0.964104
10015.633177 0.670453 0.120186 -0.054630 0.004702 -0.216300 -0.165306 0.962219
10015.666510 0.658448 0.105184 -0.029642 -0.007813 -0.208311 -0.170031 0.963138
10015.699843 0.640936 0.084229 0.006247 -0.017511 -0.197317 -0.179435 0.963620
10015.733176 0.634250 0.076354 0.023463 -0.020158 -0.200799 -0.189919 0.960835
10015.766509 0.630718 0.065377 0.039330 -0.029386 -0.208199 -0.196794 0.957633
10015.799842 0.628556 0.056246 0.056273 -0.037882 -0.216529 -0.199670 0.954888
10015.833175 0.633651 0.049154 0.073031 -0.033378 -0.232561 -0.198884 0.951444
10015.866508 0.646286 0.037379 0.092547 -0.030442 -0.246445 -0.202042 0.947374
10015.899841 0.676369 0.018303 0.135958 -0.018049 -0.261319 -0.203961 0.943285
10015.933174 0.705320 0.000231 0.175132 -0.007806 -0.272841 -0.205292 0.939868
10015.966507 0.740377 -0.015705 0.222435 -0.001022 -0.275136 -0.214942 0.937069
10015.999840 0.775654 -0.042790 0.269215 -0.009793 -0.286530 -0.226836 0.930779
10016.033173 0.802371 -0.056064 0.302873 -0.012208 -0.300789 -0.246285 0.921260
10016.066506 0.846912 -0.082281 0.321246 -0.004502 -0.347291 -0.279085 0.895254
10016.099839 0.881797 -0.094007 0.319238 0.003918 -0.395009 -0.294312 0.870249
10016.133172 0.917258 -0.098570 0.316108 0.014327 -0.434032 -0.311434 0.845234
10016.166505 0.954734 -0.102733 0.320138 0.025803 -0.460431 -0.320660 0.827354
10016.199838 0.982199 -0.107809 0.317406 0.030724 -0.473426 -0.323440 0.818725
10016.233171 1.016098 -0.115715 0.325393 0.029833 -0.490045 -0.325447 0.808115
10016.266504 1.051981 -0.121922 0.338319 0.027990 -0.505352 -0.329070 0.797214
10016.299837 1.087626 -0.127037 0.353691 0.025353 -0.517048 -0.334617 0.787433
10016.333170 1.123845 -0.130125 0.373139 0.026278 -0.525946 -0.337571 0.780216
10016.366503 1.155290 -0.142366 0.391011 0.024202 -0.530808 -0.336619 0.777396
10016.399836 1.212812 -0.142787 0.424495 0.035336 -0.532850 -0.336926 0.775437
10016.433169 1.248618 -0.142144 0.447302 0.038660 -0.529157 -0.342050 0.775564
10016.466502 1.273110 -0.159473 0.457443 0.030027 -0.528771 -0.357010 0.769444
10016.499835 1.307113 -0.170078 0.470292 0.033571 -0.536911 -0.367443 0.758673
10016.533168 1.325214 -0.198150 0.474373 0.024501 -0.540383 -0.375385 0.752644
10016.566501 1.352845 -0.197758 0.484935 0.024910 -0.548548 -0.381996 0.743339
10016.599834 1.376333 -0.206867 0.497558 0.023108 -0.560394 -0.387325 0.731713
10016.633167 1.396141 -0.217621 0.509697 0.021987 -0.570126 -0.392945 0.721157
10016.666500 1.416348 -0.232338 0.521582 0.021570 -0.581077 -0.395765 0.710813
10016.699833 1.432597 -0.249442 0.534290 0.016392 -0.591313 -0.398206 0.701079
10016.733166 1.463514 -0.263712 0.560288 0.014493 -0.609025 -0.401917 0.683623
10016.766499 1.482670 -0.279589 0.579020 0.011768 -0.622348 -0.405487 0.669421
10016.799832 1.501376 -0.293676 0.598854 0.011548 -0.633304 -0.410691 0.655839
10016.833165 1.520072 -0.311998 0.614416 0.017940 -0.642285 -0.412910 0.645486
10016.866498 1.542073 -0.317941 0.629135 0.023345 -0.649049 -0.412189 0.638977
10016.899831 1.558933 -0.330148 0.641904 0.022358 -0.655634 -0.412996 0.631727
10016.933164 1.573896 -0.345820 0.654762 0.018613 -0.661919 -0.412414 0.625645
10016.966497 1.585655 -0.360262 0.663040 0.014278 -0.668710 -0.411365 0.619194
10016.999830 1.596948 -0.374973 0.669472 0.010193 -0.677005 -0.408048 0.612419
10017.033163 1.613660 -0.375940 0.677273 0.013512 -0.685294 -0.402810 0.606575
10017.066496 1.621294 -0.387492 0.679617 0.012323 -0.690407 -0.400639 0.602224
10017.099829 1.632702 -0.391932 0.672357 0.016506 -0.699798 -0.397702 0.593163
10017.133162 1.642184 -0.391838 0.662702 0.021540 -0.708443 -0.396642 0.583370
10017.166495 1.652514 -0.391712 0.654706 0.028872 -0.719438 -0.394791 0.570714
10017.199828 1.666862 -0.381250 0.647225 0.034808 -0.728705 -0.394042 0.559024
10017.233161 1.668190 -0.389664 0.637248 0.034895 -0.739650 -0.393717 0.544691
10017.266494 1.678949 -0.384391 0.629899 0.041071 -0.746968 -0.392099 0.535361
10017.299827 1.683869 -0.384864 0.619182 0.044867 -0.754694 -0.388737 0.526601
10017.333160 1.693254 -0.383644 0.611702 0.053911 -0.762408 -0.382527 0.519135
10017.366493 1.709073 -0.371644 0.598276 0.067715 -0.766413 -0.374179 0.517702
10017.399826 1.708091 -0.371539 0.585752 0.074647 -0.767294 -0.367295 0.520367
10017.433159 1.709856 -0.368805 0.557870 0.080960 -0.771263 -0.356130 0.521316
10017.466492 1.714375 -0.361313 0.537118 0.084396 -0.775576 -0.346788 0.520671
10017.499825 1.714067 -0.361786 0.518039 0.086382 -0.780285 -0.340834 0.517230
10017.533158 1.720167 -0.356023 0.489654 0.089946 -0.784691 -0.335519 0.513416
10017.566491 1.719824 -0.349269 0.476835 0.092011 -0.790328 -0.328652 0.508826
10017.599824 1.714108 -0.349616 0.459597 0.093063 -0.795298 -0.323328 0.504282
10017.633157 1.707313 -0.354411 0.453058 -0.095149 0.800859 0.317228 -0.498937
10017.666490 1.693498 -0.355631 0.441446 -0.097129 0.805060 0.315093 -0.493113
10017.699823 1.677246 -0.342130 0.410867 -0.100577 0.807261 0.311766 -0.490935
10017.733156 1.655845 -0.328704 0.412055 -0.101070 0.811740 0.307762 -0.485948
10017.766489 1.632937 -0.318345 0.414665 -0.101481 0.818494 0.304399 -0.476561
10017.799822 1.593417 -0.323862 0.399864 -0.097418 0.829505 0.309322 -0.454699
10017.833155 1.562001 -0.332960 0.403789 -0.093413 0.839728 0.313402 -0.433487
10017.866488 1.531853 -0.339979 0.373023 -0.090446 0.843625 0.322694 -0.419506
10017.899821 1.503389 -0.343356 0.377925 -0.086224 0.849971 0.324856 -0.405688
10017.933154 1.475047 -0.335434 0.369292 -0.084824 0.855833 0.327981 -0.390874
10017.966487 1.458124 -0.318715 0.375708 -0.081504 0.860075 0.330861 -0.379682
10017.999820 1.428863 -0.304550 0.379981 -0.074683 0.864316 0.334961 -0.367670
10018.033153 1.393891 -0.326044 0.348491 -0.069294 0.866338 0.347617 -0.351879
10018.066486 1.373476 -0.312899 0.341738 -0.066536 0.868940 0.354370 -0.339026
10018.099819 1.353796 -0.289645 0.345120 -0.065681 0.871022 0.358602 -0.329259
10018.133152 1.317938 -0.265074 0.323662 -0.067805 0.869963 0.370439 -0.318343
10018.166485 1.293095 -0.246340 0.314951 -0.066204 0.870418 0.380305 -0.305545
10018.199818 1.263708 -0.230565 0.297046 -0.068338 0.870332 0.392046 -0.290090
10018.233151 1.235651 -0.206683 0.281929 -0.069345 0.867776 0.405810 -0.278341
10018.266484 1.211006 -0.196268 0.255941 -0.067234 0.865501 0.421153 -0.262712
10018.299817 1.193003 -0.181959 0.235230 -0.071827 0.863786 0.432204 -0.248825
10018.333150 1.170758 -0.175141 0.211465 -0.069791 0.865749 0.436675 -0.234356
10018.366483 1.165187 -0.161415 0.199920 -0.065752 0.870813 0.434528 -0.220332
10018.399816 1.141843 -0.154646 0.178671 -0.059879 0.874535 0.437305 -0.200915
10018.433149 1.129586 -0.141410 0.167633 -0.061089 0.875622 0.437649 -0.194981
10018.466482 1.103286 -0.129330 0.150452 -0.058933 0.875422 0.440931 -0.189060
10018.499815 1.077560 -0.120921 0.125373 -0.055105 0.875680 0.443629 -0.182596
10018.533148 1.070077 -0.109126 0.107501 -0.052771 0.877759 0.442633 -0.175583
10018.566481 1.055505 -0.100139 0.093314 -0.054449 0.879416 0.442428 -0.167096
10018.599814 1.027722 -0.085958 0.070758 -0.056850 0.877658 0.447115 -0.163011
10018.633147 1.019158 -0.075792 0.042388 -0.062890 0.876933 0.448998 -0.159478
10018.666480 1.006788 -0.058022 0.035360 -0.062886 0.876640 0.450837 -0.155865
10018.699813 0.994660 -0.039409 0.000547 -0.057996 0.873224 0.457121 -0.158610
10018.733146 0.982917 -0.018602 -0.045751 -0.055888 0.868496 0.463784 -0.165820
10018.766479 0.984569 -0.006667 -0.081393 -0.059798 0.869753 0.458292 -0.172979
10018.799812 0.992448 0.013085 -0.117387 -0.060966 0.873065 0.447688 -0.183349
10018.833145 1.013165 0.036754 -0.144237 -0.064525 0.876525 0.436387 -0.192630
10018.866478 1.042875 0.062596 -0.182023 -0.063965 0.877541 0.429446 -0.203488
10018.899811 1.060751 0.088497 -0.213729 -0.059392 0.877039 0.429386 -0.207133
10018.933144 1.086816 0.116842 -0.264936 -0.059879 0.873359 0.436095 -0.208518
10018.966477 1.107906 0.140169 -0.298862 -0.064471 0.870389 0.441369 -0.208469
10018.999810 1.124670 0.166706 -0.328234 -0.068753 0.869220 0.446501 -0.200913
10019.033143 1.231005 0.218592 -0.399521 -0.073451 0.865557 0.449452 -0.208349
10019.066476 1.242575 0.234822 -0.423457 -0.071712 0.866368 0.452494 -0.198778
10019.099809 1.251293 0.251141 -0.451905 -0.066574 0.866748 0.457319 -0.187549
10019.133142 1.258330 0.271761 -0.478144 -0.063558 0.869555 0.456617 -0.177016
10019.166475 1.255929 0.290456 -0.496946 -0.061354 0.869924 0.458590 -0.170774
10019.199808 1.267726 0.316253 -0.542015 -0.061755 0.866341 0.464794 -0.172066
10019.233141 1.268753 0.325197 -0.580895 -0.063694 0.866845 0.463451 -0.172442
10019.266474 1.279626 0.347990 -0.599429 -0.065361 0.873223 0.451850 -0.170413
10019.299807 1.300259 0.372695 -0.619098 -0.073450 0.871898 0.454719 -0.166219
10019.333140 1.306764 0.395215 -0.646060 -0.084360 0.868333 0.463553 -0.154918
10019.366473 1.325269 0.410175 -0.682457 -0.082637 0.867379 0.467712 -0.148561
10019.399806 1.343667 0.429622 -0.706648 -0.078799 0.868001 0.467523 -0.147606
10019.433139 1.367106 0.450148 -0.743909 -0.075351 0.866642 0.468057 -0.155490
10019.466472 1.398189 0.473108 -0.767621 -0.074306 0.865267 0.466938 -0.166618
10019.499805 1.424556 0.491180 -0.806156 -0.074309 0.859635 0.473924 -0.175787
10019.533138 1.436416 0.493632 -0.838969 -0.072813 0.858063 0.475165 -0.180679
10019.566471 1.444153 0.504814 -0.853168 -0.069091 0.859609 0.472956 -0.180586
10019.599804 1.471041 0.518524 -0.892713 -0.064021 0.857566 0.476641 -0.182470
10019.633137 1.484341 0.532242 -0.908403 -0.061633 0.857216 0.476539 -0.185182
10019.666470 1.496669 0.542546 -0.925613 -0.057786 0.856767 0.478287 -0.183992
10019.699803 1.490639 0.550770 -0.938775 -0.053768 0.856222 0.481291 -0.179865
10019.733136 1.493746 0.563816 -0.955534 -0.048731 0.854675 0.484546 -0.179918
10019.766469 1.497932 0.578437 -0.978529 -0.046898 0.852521 0.488122 -0.180957
10019.799802 1.508528 0.595491 -1.001496 -0.047952 0.851063 0.490122 -0.182133
10019.833135 1.509177 0.607060 -1.027664 -0.047022 0.851561 0.490432 -0.179191
10019.866468 1.540847 0.635572 -1.084755 -0.045266 0.850985 0.489615 -0.184536
10019.899801 1.538499 0.641138 -1.129455 -0.041978 0.851324 0.486251 -0.192473
10019.933134 1.547156 0.649350 -1.147451 -0.035668 0.858132 0.471057 -0.201104
10019.966467 1.545319 0.669440 -1.173805 -0.031630 0.857097 0.466878 -0.215428
10019.999800 1.547682 0.681411 -1.203807 -0.029009 0.849990 0.470515 -0.235139
10020.033133 1.549876 0.699387 -1.216106 -0.024211 0.846685 0.470226 -0.247840
10020.066466 1.555778 0.712368 -1.247808 -0.024266 0.840421 0.474038 -0.261519
10020.099799 1.569081 0.726900 -1.278990 -0.025305 0.835797 0.470850 -0.281252
10020.133132 1.597229 0.744431 -1.315300 -0.021924 0.832111 0.459557 -0.309704
10020.166465 1.624469 0.759087 -1.348467 -0.018551 0.826557 0.453943 -0.332258
10020.199798 1.660903 0.768852 -1.360132 -0.014425 0.821309 0.444563 -0.357222
10020.233131 1.677908 0.766422 -1.407802 -0.011677 0.814485 0.444316 -0.372911
10020.266464 1.708024 0.774790 -1.444050 -0.015710 0.810715 0.442089 -0.383474
10020.299797 1.734936 0.777272 -1.493613 -0.023525 0.808028 0.437258 -0.394136
10020.333130 1.756445 0.773843 -1.524954 -0.032730 0.813297 0.419789 -0.401564
10020.366463 1.794692 0.783179 -1.542438 -0.046963 0.815699 0.401196 -0.414091
10020.399796 1.810169 0.805098 -1.583997 -0.062303 0.814057 0.379301 -0.435386
10020.433129 1.813430 0.809593 -1.617743 -0.067105 0.812811 0.369738 -0.445117
10020.466462 1.821301 0.818529 -1.645537 -0.074431 0.812186 0.358642 -0.454082
10020.499795 1.825274 0.833137 -1.669985 -0.080127 0.810689 0.347669 -0.464209
10020.533128 1.829447 0.834068 -1.703126 -0.079016 0.810121 0.335203 -0.474447
10020.566461 1.829898 0.830196 -1.739998 -0.074485 0.812322 0.323518 -0.479502
10020.599794 1.845585 0.860133 -1.778996 -0.077866 0.809531 0.314479 -0.489591
10020.633127 1.849360 0.861549 -1.804270 -0.076918 0.808076 0.310241 -0.494820
10020.666460 1.864914 0.888732 -1.820011 -0.088122 0.803555 0.312204 -0.499061
10020.699793 1.873429 0.893916 -1.841262 0.089229 -0.796071 -0.316042 0.508357
10020.733126 1.879915 0.903954 -1.862001 0.091049 -0.792048 -0.316354 0.514092
10020.766459 1.902022 0.920847 -1.887184 0.093507 -0.789789 -0.314427 0.518290
10020.799792 1.916693 0.930402 -1.902827 0.093717 -0.787386 -0.313406 0.522511
10020.833125 1.932195 0.935002 -1.915061 0.092801 -0.785527 -0.316163 0.523810
10020.866458 1.952566 0.946468 -1.934211 0.090856 -0.783011 -0.322497 0.524056
10020.899791 1.973228 0.960074 -1.931970 0.091993 -0.780056 -0.332734 0.521860
10020.933124 1.987541 0.976691 -1.940082 0.092848 -0.776528 -0.341943 0.521017
10020.966457 1.995340 0.986725 -1.945768 0.085552 -0.774826 -0.355136 0.515950
10020.999790 2.002344 1.001834 -1.940816 0.077495 -0.777325 -0.365869 0.505866
10021.033123 2.028289 1.022754 -1.914170 -0.071492 0.779057 0.378479 -0.494685
10021.066456 2.029023 1.033067 -1.894776 -0.061401 0.778070 0.393994 -0.485393
10021.099789 2.027005 1.033118 -1.884084 -0.054992 0.778291 0.400095 -0.480794
10021.133122 2.017294 1.023446 -1.860873 -0.047100 0.780567 0.405811 -0.473090
10021.166455 2.010433 1.013911 -1.847656 -0.040734 0.783766 0.409764 -0.464915
10021.199788 1.991031 0.993948 -1.812348 -0.036952 0.789236 0.415458 -0.450706
10021.233121 1.975767 0.984809 -1.785831 -0.037205 0.792939 0.421213 -0.438683
10021.266454 1.962461 0.975189 -1.762985 -0.039634 0.796897 0.427449 -0.425054
10021.299787 1.939775 0.962303 -1.725380 -0.042740 0.805182 0.432672 -0.403300
10021.333120 1.929173 0.955657 -1.700183 -0.043835 0.808663 0.435243 -0.393326
10021.366453 1.893537 0.932090 -1.662894 -0.039282 0.809318 0.445097 -0.381247
10021.399786 1.883586 0.933030 -1.652074 -0.038680 0.807623 0.448059 -0.381435
10021.433119 1.864738 0.924725 -1.647676 -0.035431 0.803957 0.454606 -0.381748
10021.466452 1.848230 0.920746 -1.643857 -0.034488 0.806153 0.449605 -0.383123
10021.499785 1.826265 0.918113 -1.627457 -0.029360 0.806703 0.447038 -0.385391
10021.533118 1.797712 0.908866 -1.621403 -0.020090 0.804999 0.447896 -0.388540
10021.566451 1.778428 0.913585 -1.598096 -0.018449 0.805237 0.449100 -0.386732
10021.599784 1.756352 0.910632 -1.609177 -0.016555 0.801272 0.459951 -0.382274
10021.633117 1.738329 0.912370 -1.600432 -0.023362 0.806187 0.458895 -0.372735
10021.666450 1.716288 0.905714 -1.595807 -0.031502 0.808769 0.464096 -0.359882
10021.699783 1.680511 0.901538 -1.586667 -0.048538 0.810990 0.467016 -0.349050
10021.733116 1.654402 0.904746 -1.578560 -0.061714 0.813978 0.470696 -0.334779
10021.766449 1.639389 0.909308 -1.571296 -0.072466 0.817631 0.474762 -0.317536
10021.799782 1.603931 0.906239 -1.561061 -0.074622 0.817891 0.484191 -0.301736
10021.833115 1.581755 0.902462 -1.559297 -0.066157 0.818871 0.486566 -0.297198
10021.866448 1.538967 0.883420 -1.568252 -0.053162 0.821994 0.488184 -0.288404
10021.899781 1.517643 0.882622 -1.556591 -0.046121 0.826819 0.484690 -0.281637
10021.933114 1.495586 0.875850 -1.547836 -0.037201 0.831407 0.483155 -0.271918
10021.966447 1.463605 0.864305 -1.535131 -0.029622 0.836599 0.482141 -0.258388
10021.999780 1.439474 0.854402 -1.527549 -0.025795 0.841363 0.481522 -0.244089
10022.033113 1.400690 0.833501 -1.510944 -0.024496 0.847888 0.480141 -0.223496
10022.066446 1.373216 0.820167 -1.495417 -0.023698 0.854424 0.477745 -0.202872
10022.099779 1.346072 0.806529 -1.482454 -0.026875 0.859899 0.474872 -0.185331
10022.133112 1.307164 0.786756 -1.455716 -0.032380 0.868216 0.467794 -0.162238
10022.166445 1.281932 0.770831 -1.446135 -0.034791 0.870926 0.467620 -0.147003
10022.199778 1.261602 0.773832 -1.426574 -0.040760 0.875331 0.462294 -0.135715
10022.233111 1.240800 0.773009 -1.416474 -0.039414 0.872231 0.471123 -0.125313
10022.266444 1.218576 0.762784 -1.421838 -0.032172 0.869642 0.480145 -0.110222
10022.299777 1.203624 0.758695 -1.418352 -0.027213 0.874882 0.475319 -0.088958
10022.333110 1.185788 0.758410 -1.423296 -0.024859 0.877901 0.472911 -0.070907
10022.366443 1.169410 0.759916 -1.430531 -0.023802 0.881977 0.467364 -0.055872
10022.399776 1.149370 0.763737 -1.446220 -0.022837 0.886527 0.460962 -0.032592
10022.433109 1.135946 0.770123 -1.459370 -0.024253 0.890269 0.454519 -0.015674
10022.466442 1.115977 0.785483 -1.470587 -0.030425 0.892523 0.449972 -0.001701
10022.499775 1.100001 0.801652 -1.486764 -0.038008 0.889732 0.454868 0.005337
10022.533108 1.091696 0.803395 -1.511527 -0.045073 0.887720 0.457773 0.019111
10022.566441 1.072069 0.806168 -1.534176 -0.047230 0.888988 0.454596 0.028505
10022.599774 1.059236 0.799517 -1.554409 -0.038396 0.892518 0.447509 0.040898
10022.633107 1.040793 0.784035 -1.585938 -0.029583 0.898033 0.435334 0.056084
10022.666440 1.023907 0.787768 -1.597426 -0.020757 0.904666 0.420392 0.066482
10022.699773 0.999137 0.791501 -1.609331 -0.010207 0.909814 0.407416 0.078400
10022.733106 0.977810 0.785708 -1.642792 0.001985 0.910957 0.399987 0.100816
10022.766439 0.958304 0.787294 -1.663990 0.007989 0.912426 0.393223 0.113096
10022.799772 0.945726 0.789057 -1.682887 0.009953 0.914120 0.386690 0.121476
10022.833105 0.933382 0.794970 -1.698781 0.011659 0.916204 0.377519 0.133843
10022.866438 0.906970 0.813980 -1.705764 0.016149 0.917745 0.367855 0.148885
10022.899771 0.896136 0.811489 -1.735399 0.015034 0.920012 0.361002 0.151756
10022.933104 0.873913 0.817652 -1.767977 0.017144 0.922859 0.352170 0.154961
10022.966437 0.862873 0.818307 -1.784075 0.016509 0.924425 0.346134 0.159242
10022.999770 0.855739 0.824809 -1.791012 0.016374 0.925658 0.341147 0.162815
10023.033103 0.843449 0.830238 -1.798313 0.018762 0.924143 0.342387 0.168459
10023.066436 0.840874 0.841091 -1.795057 0.020711 0.922197 0.346236 0.171008
10023.099769 0.836992 0.844939 -1.802583 0.018614 0.917624 0.357445 0.172780
10023.133102 0.836435 0.850003 -1.805238 0.012348 0.915023 0.366366 0.168393
10023.166435 0.843795 0.850345 -1.802700 0.004671 0.911374 0.377915 0.162962
10023.199768 0.849994 0.851020 -1.795192 0.002185 0.908427 0.386472 0.159358
10023.233101 0.857946 0.860314 -1.767984 0.002572 0.905823 0.392927 0.158388
10023.266434 0.875330 0.855539 -1.744062 -0.003336 0.899030 0.411792 0.148868
10023.299767 0.884360 0.858340 -1.716014 -0.003628 0.896589 0.422523 0.132626
10023.333100 0.904535 0.851504 -1.691358 -0.001809 0.895142 0.431226 0.112967
10023.366433 0.936829 0.836578 -1.654937 -0.001848 0.893136 0.439484 0.095694
10023.399766 0.964468 0.847000 -1.580975 0.000674 0.895892 0.435793 0.086377
10023.433099 1.000821 0.840427 -1.523826 -0.000627 0.895140 0.438758 0.078836
10023.466432 1.062196 0.826354 -1.453082 -0.009239 0.884825 0.462302 0.057239
10023.499765 1.086029 0.801598 -1.426356 -0.004672 0.878774 0.474515 0.050706
10023.533098 1.111343 0.770605 -1.411737 -0.005061 0.873727 0.484629 0.041370
10023.566431 1.125655 0.751613 -1.395053 -0.008799 0.870401 0.491478 0.027829
10023.599764 1.144074 0.739331 -1.375569 -0.011776 0.870784 0.491424 0.009965
10023.633097 1.152391 0.729884 -1.349117 -0.011779 0.871735 0.489836 -0.001003
10023.666430 1.170045 0.730160 -1.312120 -0.011784 0.871951 0.489261 -0.013649
10023.699763 1.183642 0.726339 -1.283876 -0.012952 0.868041 0.495585 -0.027065
10023.733096 1.196267 0.717569 -1.261238 -0.017675 0.861822 0.505414 -0.038826
10023.766429 1.212880 0.707809 -1.212677 -0.018969 0.861930 0.504216 -0.049823
10023.799762 1.232216 0.689160 -1.187435 -0.016684 0.859173 0.508096 -0.058152
10023.833095 1.249308 0.681156 -1.155397 -0.014983 0.857883 0.509637 -0.063892
10023.866428 1.262890 0.658531 -1.140336 -0.011836 0.855646 0.512410 -0.071868
10023.899761 1.270319 0.637892 -1.125100 -0.009383 0.854850 0.513828 -0.071588
10023.933094 1.281189 0.620185 -1.118564 -0.012273 0.855478 0.512497 -0.073171
10023.966427 1.289592 0.604238 -1.105099 -0.016598 0.859273 0.506136 -0.072115
10023.999760 1.296729 0.595813 -1.097206 -0.017786 0.863824 0.497795 -0.075443
10024.033093 1.328829 0.587824 -1.087197 -0.017218 0.865049 0.494777 -0.081171
10024.066426 1.323847 0.582470 -1.083742 -0.015002 0.865878 0.494136 -0.076548
10024.099759 1.348948 0.579149 -1.083930 -0.020953 0.866989 0.492786 -0.071077
10024.133092 1.377925 0.578175 -1.079062 -0.022928 0.868987 0.490517 -0.061062
10024.166425 1.407089 0.574973 -1.080914 -0.021703 0.870309 0.489797 -0.046803
10024.199758 1.469248 0.579199 -1.088897 -0.025562 0.873434 0.484928 -0.036128
10024.233091 1.476577 0.569431 -1.102521 -0.027244 0.874728 0.483471 -0.019092
10024.266424 1.505965 0.577301 -1.101178 -0.030088 0.877518 0.478530 -0.008175
10024.299757 1.523459 0.574845 -1.109716 -0.030966 0.877658 0.478252 0.005669
10024.333090 1.543514 0.580128 -1.109972 -0.032636 0.877338 0.478398 0.018670
10024.366423 1.593205 0.589939 -1.109735 -0.036760 0.879790 0.473270 0.025171
10024.399756 1.619264 0.585584 -1.113535 -0.038844 0.879829 0.472373 0.035435
10024.433089 1.624158 0.586225 -1.116892 -0.037605 0.881403 0.467962 0.052204
10024.466422 1.633724 0.589575 -1.119062 -0.035957 0.881379 0.466285 0.066755
10024.499755 1.649128 0.589857 -1.122233 -0.032788 0.880159 0.466706 0.080189
10024.533088 1.645637 0.595523 -1.122433 -0.027614 0.880488 0.463067 0.097716
10024.566421 1.663139 0.597004 -1.120592 -0.022037 0.880700 0.458977 0.114988
10024.599754 1.668158 0.611570 -1.115815 -0.020163 0.878845 0.457747 0.133014
10024.633087 1.670637 0.620341 -1.124163 -0.022367 0.873057 0.463991 0.148271
10024.666420 1.673302 0.628166 -1.133298 -0.019622 0.863059 0.473452 0.174892
10024.699753 1.654810 0.632015 -1.153483 -0.010892 0.856120 0.474762 0.203816
10024.733086 1.644738 0.645181 -1.147903 -0.004985 0.853703 0.466662 0.231071
10024.766419 1.642697 0.654823 -1.154910 -0.003181 0.850452 0.462688 0.250283
10024.799752 1.655759 0.649554 -1.166071 -0.001053 0.843761 0.463725 0.270232
10024.833085 1.655847 0.653277 -1.170267 0.000251 0.836839 0.459190 0.298070
10024.866418 1.646185 0.656089 -1.184884 -0.001974 0.826686 0.458475 0.326170
10024.899751 1.652437 0.653160 -1.181929 -0.007135 0.820107 0.457858 0.343131
10024.933084 1.664882 0.652394 -1.179247 -0.011017 0.814445 0.459311 0.354388
10024.966417 1.665651 0.657134 -1.181132 -0.008952 0.809228 0.456107 0.370183
10024.999750 1.672581 0.658423 -1.176465 -0.009221 0.805413 0.453584 0.381426
10025.033083 1.686571 0.662923 -1.177681 -0.009345 0.802639 0.451919 0.389169
10025.066416 1.703700 0.663238 -1.178108 -0.013047 0.800890 0.451259 0.393408
10025.099749 1.722170 0.663647 -1.175124 -0.018154 0.799991 0.449188 0.397385
10025.133082 1.735859 0.667006 -1.180484 -0.021006 0.799625 0.442915 0.404950
10025.166415 1.749213 0.672580 -1.179737 -0.026911 0.799732 0.435432 0.412436
10025.199748 1.755245 0.681157 -1.197156 -0.030545 0.794376 0.427998 0.429943
10025.233081 1.780544 0.679939 -1.186047 -0.034776 0.788414 0.425790 0.442602
10025.266414 1.802573 0.675923 -1.178495 -0.038334 0.782638 0.425780 0.452460
10025.299747 1.812169 0.679480 -1.179864 -0.040395 0.779096 0.424320 0.459707
10025.333080 1.823038 0.686566 -1.177781 -0.041979 0.777160 0.424159 0.462979
10025.366413 1.795168 0.704672 -1.205686 -0.043219 0.769217 0.426654 0.473713
10025.399746 1.802551 0.706568 -1.212451 -0.043395 0.768288 0.428736 0.473325
10025.433079 1.807440 0.707541 -1.217622 -0.042252 0.767124 0.430368 0.473834
10025.466412 1.801585 0.708696 -1.223492 -0.039693 0.763794 0.428886 0.480729
10025.499745 1.797059 0.708242 -1.226365 -0.036800 0.758288 0.428243 0.490156
10025.533078 1.783327 0.713048 -1.236333 -0.033711 0.747256 0.428143 0.507115
10025.566411 1.770548 0.712413 -1.241616 -0.032352 0.739348 0.427444 0.519240
10025.599744 1.751315 0.716406 -1.251077 -0.031228 0.733217 0.425946 0.529138
10025.633077 1.725108 0.726791 -1.266182 -0.027613 0.726712 0.425263 0.538775
10025.666410 1.702602 0.728630 -1.282766 -0.024479 0.721011 0.424360 0.547232
10025.699743 1.676861 0.739320 -1.307452 -0.020030 0.716755 0.420247 0.556106
10025.733076 1.654461 0.743332 -1.320203 -0.018739 0.713969 0.417321 0.561908
10025.766409 1.636667 0.747629 -1.336194 -0.019430 0.711338 0.416695 0.565673
10025.799742 1.625209 0.752355 -1.357394 -0.020909 0.710857 0.417614 0.565547
10025.833075 1.614504 0.755266 -1.369914 -0.018674 0.713948 0.418210 0.561275
10025.866408 1.599318 0.761753 -1.382266 -0.012842 0.715903 0.419361 0.558082
10025.899741 1.596569 0.767734 -1.395295 -0.009858 0.717452 0.419897 0.555745
10025.933074 1.593451 0.773658 -1.404286 -0.007810 0.717220 0.420703 0.555467
10025.966407 1.593618 0.779468 -1.412919 -0.006577 0.715106 0.424087 0.555635
10025.999740 1.594585 0.786833 -1.422848 -0.005950 0.713573 0.424487 0.557305
10026.033073 1.605586 0.795324 -1.432619 -0.009418 0.711254 0.420085 0.563523
10026.066406 1.613433 0.802705 -1.442479 -0.012883 0.708246 0.414794 0.571110
10026.099739 1.621558 0.814708 -1.452445 -0.014705 0.705970 0.407884 0.578809
10026.133072 1.634181 0.821179 -1.466389 -0.016879 0.702227 0.401253 0.587868
10026.166405 1.641645 0.833285 -1.479855 -0.019620 0.698031 0.390974 0.599589
10026.199738 1.661276 0.843915 -1.501262 -0.024754 0.689372 0.383210 0.614251
10026.233071 1.666626 0.859966 -1.511956 -0.027619 0.681034 0.376558 0.627403
10026.266404 1.684516 0.860346 -1.532006 -0.031949 0.675461 0.372827 0.635399
10026.299737 1.692906 0.863525 -1.551581 -0.026358 0.666637 0.371200 0.645841
10026.333070 1.702657 0.866226 -1.579216 -0.018841 0.654161 0.370529 0.659111
10026.366403 1.714599 0.883571 -1.620937 -0.009518 0.640018 0.366148 0.675442
10026.399736 1.725543 0.885590 -1.643541 -0.007731 0.627892 0.361160 0.689388
10026.433069 1.733877 0.892401 -1.673075 -0.007678 0.616505 0.353628 0.703427
10026.466402 1.738665 0.907473 -1.704580 -0.008088 0.607096 0.345223 0.715674
10026.499735 1.746596 0.920838 -1.740835 -0.006391 0.595754 0.336621 0.729193
10026.533068 1.727785 0.945138 -1.768322 0.004853 0.588308 0.324259 0.740761
10026.566401 1.735906 0.956093 -1.812810 0.008469 0.576720 0.317426 0.752704
10026.599734 1.743177 0.971418 -1.849799 0.009120 0.568026 0.317086 0.759421
10026.633067 1.748596 0.981463 -1.882726 0.011309 0.558477 0.313454 0.767934
10026.666400 1.756669 0.996128 -1.908274 0.012614 0.547965 0.310949 0.776458
10026.699733 1.765309 1.006314 -1.923322 0.016610 0.537064 0.310202 0.784258
10026.733066 1.770226 1.008476 -1.929784 0.019930 0.522568 0.305364 0.795788
10026.766399 1.786941 1.016916 -1.947813 0.021501 0.507171 0.298569 0.808191
10026.799732 1.811932 1.023950 -1.962845 0.020649 0.498026 0.291305 0.816508
10026.833065 1.845963 1.035563 -1.971658 0.023231 0.491529 0.280409 0.824154
10026.866398 1.882461 1.047124 -1.980152 0.025788 0.480127 0.266115 0.835461
10026.899731 1.903226 1.059760 -1.983561 0.030098 0.469102 0.252510 0.845740
10026.933064 1.929278 1.060898 -1.983405 0.026790 0.457255 0.247760 0.853707
10026.966397 1.959375 1.058157 -1.983571 0.022436 0.436667 0.239610 0.866837
10026.999730 1.992893 1.061125 -1.992955 0.020061 0.422174 0.229047 0.876872
10027.033063 2.045968 1.058645 -2.004633 0.017725 0.404958 0.221342 0.886963
10027.066396 2.081891 1.060447 -2.016108 0.018884 0.390002 0.216126 0.894892
10027.099729 2.113490 1.065614 -2.024405 0.018173 0.379365 0.210038 0.900909
10027.133062 2.144428 1.081071 -2.033592 0.018911 0.365656 0.205390 0.907609
10027.166395 2.195096 1.097633 -2.049784 0.011600 0.341670 0.196247 0.919029
10027.199728 2.242731 1.115520 -2.063328 0.008572 0.323560 0.185643 0.927778
10027.233061 2.270131 1.133281 -2.073502 0.004642 0.309726 0.179659 0.933687
10027.266394 2.311149 1.138645 -2.091433 -0.004948 0.294043 0.172058 0.940165
10027.299727 2.352563 1.145466 -2.107645 -0.012378 0.286275 0.163833 0.943956
10027.333060 2.388600 1.142972 -2.115276 -0.014570 0.276548 0.157257 0.947934
10027.366393 2.448753 1.155343 -2.140761 -0.011144 0.254661 0.150616 0.955164
10027.399726 2.479090 1.139971 -2.144757 -0.011622 0.245778 0.146471 0.958125
10027.433059 2.511971 1.144238 -2.147878 -0.006801 0.236954 0.141492 0.961138
10027.466392 2.576477 1.143422 -2.145293 -0.005513 0.231115 0.131801 0.963942
10027.499725 2.611176 1.144838 -2.139339 -0.002830 0.231824 0.126284 0.964522
10027.533058 2.661673 1.162235 -2.131914 0.002289 0.228000 0.118725 0.966393
10027.566391 2.700972 1.164582 -2.118657 0.003679 0.227644 0.110792 0.967414
10027.599724 2.741984 1.161866 -2.101803 -0.004874 0.228827 0.107839 0.967463
10027.633057 2.795190 1.145590 -2.078679 -0.012648 0.219778 0.097909 0.970542
10027.666390 2.824308 1.143995 -2.069193 -0.011860 0.217290 0.095834 0.971319
10027.699723 2.853780 1.134883 -2.062729 -0.017149 0.206265 0.094575 0.973764
10027.733056 2.890964 1.123772 -2.054458 -0.017124 0.193480 0.091151 0.976711
10027.766389 2.918508 1.116216 -2.047941 -0.011903 0.184667 0.087871 0.978793
10027.799722 2.956326 1.113970 -2.044239 -0.003937 0.172035 0.082003 0.981664
10027.833055 2.989057 1.117096 -2.041006 0.001651 0.160592 0.075696 0.984113
10027.866388 3.032836 1.122717 -2.035888 0.006323 0.146949 0.068083 0.986778
10027.899721 3.077154 1.120561 -2.031666 0.001680 0.132541 0.064712 0.989061
10027.933054 3.124493 1.124438 -2.028884 -0.003465 0.114262 0.061195 0.991558
10027.966387 3.173796 1.129070 -2.030145 -0.007744 0.097254 0.054400 0.993742
10027.999720 3.245844 1.119149 -2.028301 -0.011001 0.080888 0.044857 0.995653
10028.033053 3.296525 1.112253 -2.027283 -0.003618 0.063002 0.041112 0.997160
10028.066386 3.343570 1.095215 -2.023723 -0.000590 0.051763 0.042937 0.997736
10028.099719 3.386960 1.084009 -2.015609 0.003200 0.050865 0.045453 0.997666
10028.133052 3.427953 1.074072 -2.005793 0.007502 0.050725 0.045532 0.997646
10028.166385 3.465318 1.065699 -1.994173 0.015160 0.048143 0.046008 0.997665
10028.199718 3.497763 1.069935 -1.981172 0.028585 0.042525 0.045507 0.997649
10028.233051 3.525526 1.065517 -1.962861 0.033769 0.031814 0.035279 0.998300
10028.266384 3.551093 1.059308 -1.945080 0.035156 0.018440 0.020757 0.998996
10028.299717 3.577074 1.053831 -1.927967 0.039194 0.008907 0.007361 0.999165
10028.333050 3.604037 1.046115 -1.914398 0.038145 -0.001674 -0.004938 0.999259
10028.366383 3.634828 1.037479 -1.898342 0.034559 -0.010271 -0.011766 0.999281
10028.399716 3.661836 1.021389 -1.888360 0.034253 -0.016622 -0.013841 0.999179
10028.433049 3.689055 1.012759 -1.879019 0.037237 -0.025185 -0.013978 0.998891
10028.466382 3.720928 1.000656 -1.865748 0.038433 -0.038786 -0.017582 0.998353
10028.499715 3.741166 0.988929 -1.860620 0.040553 -0.056236 -0.019131 0.997410
10028.533048 3.768226 0.986442 -1.852221 0.043618 -0.073502 -0.018768 0.996164
10028.566381 3.789935 0.974484 -1.845942 0.045561 -0.088953 -0.020201 0.994788
10028.599714 3.814623 0.970081 -1.841250 0.044475 -0.102760 -0.026757 0.993351
10028.633047 3.840218 0.956050 -1.827605 0.045669 -0.111166 -0.035645 0.992112
10028.666380 3.861638 0.953029 -1.819654 0.045770 -0.111819 -0.038701 0.991919
10028.699713 3.883221 0.946240 -1.806163 0.045303 -0.117077 -0.038865 0.991327
10028.733046 3.908205 0.944731 -1.792513 0.044373 -0.120530 -0.033988 0.991135
10028.766379 3.916763 0.936113 -1.774587 0.040623 -0.117406 -0.031262 0.991760
10028.799712 3.921447 0.930012 -1.763745 0.040444 -0.118831 -0.029042 0.991665
10028.833045 3.926722 0.908483 -1.743377 0.039241 -0.127938 -0.030762 0.990528
10028.866378 3.925928 0.887557 -1.726488 0.042533 -0.129777 -0.031457 0.990131
10028.899711 3.926705 0.867828 -1.705817 0.046494 -0.126771 -0.030650 0.990368
10028.933044 3.909965 0.840398 -1.686605 0.054170 -0.120924 -0.030779 0.990705
10028.966377 3.907918 0.834585 -1.661577 0.069198 -0.116221 -0.026158 0.990465
10028.999710 3.887753 0.819196 -1.643522 0.077144 -0.105316 -0.024612 0.991137
10029.033043 3.873747 0.818195 -1.622783 0.079278 -0.103390 -0.024333 0.991178
10029.066376 3.853521 0.807016 -1.598299 0.080604 -0.100571 -0.026918 0.991294
10029.099709 3.836802 0.790665 -1.578049 0.080569 -0.102325 -0.028089 0.991085
10029.133042 3.821846 0.779876 -1.555615 0.083334 -0.106361 -0.030190 0.990369
10029.166375 3.811543 0.770900 -1.536412 0.083348 -0.111313 -0.032196 0.989761
10029.199708 3.805180 0.760015 -1.512289 0.082332 -0.114857 -0.036266 0.989300
10029.233041 3.797726 0.754078 -1.489862 0.079971 -0.120295 -0.039363 0.988729
10029.266374 3.790535 0.755011 -1.457091 0.081057 -0.135060 -0.044842 0.986498
10029.299707 3.787145 0.756133 -1.435077 0.081366 -0.148673 -0.052296 0.984145
10029.333040 3.781003 0.746120 -1.411181 0.082959 -0.166663 -0.062549 0.980525
10029.366373 3.787439 0.716439 -1.380856 0.079706 -0.190710 -0.076495 0.975410
10029.399706 3.789770 0.700308 -1.354161 0.080503 -0.211604 -0.085567 0.970269
10029.433039 3.793950 0.672625 -1.326965 0.080540 -0.227829 -0.092543 0.965942
10029.466372 3.802164 0.655386 -1.297868 0.085416 -0.241704 -0.099388 0.961460
10029.499705 3.809184 0.639588 -1.271574 0.089539 -0.252804 -0.108127 0.957278
10029.533038 3.809075 0.630649 -1.239542 0.089874 -0.260338 -0.109166 0.955107
10029.566371 3.799044 0.608715 -1.217830 0.085303 -0.265248 -0.112067 0.953839
10029.599704 3.799913 0.597499 -1.189190 0.083793 -0.271960 -0.112992 0.951971
10029.633037 3.798717 0.580253 -1.158566 0.084223 -0.272541 -0.114728 0.951559
10029.666370 3.788432 0.570762 -1.134396 0.082780 -0.271973 -0.114520 0.951873
10029.699703 3.785352 0.560265 -1.102136 0.082988 -0.276747 -0.113859 0.950558
10029.733036 3.772196 0.537716 -1.075884 0.083121 -0.276255 -0.119545 0.949991
10029.766369 3.758847 0.526870 -1.052124 0.086879 -0.274658 -0.125108 0.949401
10029.799702 3.748372 0.515842 -1.033938 0.086310 -0.280239 -0.132072 0.946876
10029.833035 3.737946 0.497777 -1.010986 0.089993 -0.284488 -0.137821 0.944443
10029.866368 3.734344 0.490744 -0.989285 0.095278 -0.290239 -0.141470 0.941631
10029.899701 3.730177 0.481193 -0.973507 0.093642 -0.302784 -0.144764 0.937335
10029.933034 3.735824 0.469666 -0.951572 0.093846 -0.319094 -0.147274 0.931495
10029.966367 3.741317 0.463513 -0.927296 0.093188 -0.333273 -0.151872 0.925840
10029.999700 3.758948 0.459897 -0.897973 0.092243 -0.349514 -0.158955 0.918730
10030.033033 3.767372 0.451515 -0.864360 0.086852 -0.365159 -0.167754 0.911578
10030.066366 3.780563 0.441053 -0.836750 0.078909 -0.379941 -0.178083 0.904270
10030.099699 3.802685 0.428884 -0.806117 0.078511 -0.400274 -0.189046 0.893240
10030.133032 3.833706 0.411390 -0.769142 0.077121 -0.417669 -0.199768 0.883005
10030.166365 3.850513 0.390235 -0.738836 0.075113 -0.427669 -0.203347 0.877558
10030.199698 3.867546 0.356190 -0.698579 0.075642 -0.441303 -0.203466 0.870707
10030.233031 3.884237 0.343104 -0.668515 0.072653 -0.448019 -0.198481 0.868680
10030.266364 3.890202 0.320694 -0.641390 0.067915 -0.454505 -0.199394 0.865480
10030.299697 3.888944 0.299708 -0.614872 0.065946 -0.459896 -0.200104 0.862615
10030.333030 3.882862 0.276222 -0.588666 0.070358 -0.461632 -0.198518 0.861705
10030.366363 3.875369 0.251274 -0.563262 0.083354 -0.463237 -0.191933 0.861176
10030.399696 3.877839 0.229335 -0.536154 0.100130 -0.464980 -0.189585 0.858968
10030.433029 3.867261 0.214150 -0.505042 0.108045 -0.467425 -0.194489 0.855578
10030.466362 3.855087 0.198709 -0.486538 0.119042 -0.468776 -0.199911 0.852123
10030.499695 3.844644 0.182080 -0.454337 0.123415 -0.470107 -0.202801 0.850082
10030.533028 3.825610 0.174291 -0.440416 0.128170 -0.473267 -0.210553 0.845729
10030.566361 3.813177 0.164333 -0.421842 0.130472 -0.476447 -0.214842 0.842507
10030.599694 3.799533 0.152227 -0.376879 0.115629 -0.490686 -0.218624 0.835500
10030.633027 3.795626 0.141641 -0.349035 0.105209 -0.503033 -0.225030 0.827799
10030.666360 3.790105 0.139762 -0.318611 0.098231 -0.514196 -0.231484 0.819981
10030.699693 3.779469 0.135624 -0.289750 0.085985 -0.524664 -0.239109 0.812503
10030.733026 3.768563 0.123304 -0.253630 0.072636 -0.537170 -0.248732 0.802686
10030.766359 3.761620 0.112713 -0.217434 0.064774 -0.549501 -0.256435 0.792524
10030.799692 3.754286 0.099352 -0.178379 0.059192 -0.560147 -0.261474 0.783813
10030.833025 3.748959 0.083389 -0.140030 0.053516 -0.572732 -0.265703 0.773638
10030.866358 3.739010 0.067608 -0.097252 0.049941 -0.581406 -0.271806 0.765242
10030.899691 3.723884 0.051059 -0.057727 0.047427 -0.585279 -0.279940 0.759495
10030.933024 3.703252 0.027691 -0.013561 0.045945 -0.595834 -0.291964 0.746745
10030.966357 3.685959 0.013407 0.012198 0.039862 -0.606156 -0.296480 0.736943
10030.999690 3.670371 0.004610 0.038801 0.032249 -0.617239 -0.298595 0.727198
10031.033023 3.643535 -0.004348 0.063237 0.026424 -0.621203 -0.305699 0.721081
10031.066356 3.616576 -0.005970 0.086134 0.026416 -0.621406 -0.313105 0.717720
10031.099689 3.585123 -0.009593 0.115011 0.028182 -0.622218 -0.314840 0.716189
10031.133022 3.547708 -0.019588 0.141052 0.030624 -0.622144 -0.316536 0.715405
10031.166355 3.510041 -0.022893 0.171091 0.035583 -0.624362 -0.318205 0.712497
10031.199688 3.434557 -0.058191 0.193245 0.035437 -0.613276 -0.328304 0.717533
10031.233021 3.389089 -0.071283 0.214851 0.031016 -0.611261 -0.335163 0.716285
10031.266354 3.347225 -0.088819 0.233285 0.032767 -0.611256 -0.332888 0.717271
10031.299687 3.307278 -0.108319 0.251683 0.030558 -0.613732 -0.330712 0.716260
10031.333020 3.270977 -0.127062 0.266735 0.032778 -0.616973 -0.328582 0.714355
10031.366353 3.232794 -0.144905 0.275860 0.035484 -0.618400 -0.330351 0.712173
10031.399686 3.195146 -0.159886 0.294156 0.035276 -0.622279 -0.329345 0.709265
10031.433019 3.160059 -0.169378 0.316877 0.034831 -0.625984 -0.329937 0.705742
10031.466352 3.114007 -0.190922 0.333370 0.038057 -0.623508 -0.331820 0.706884
10031.499685 3.065655 -0.215053 0.353259 0.040797 -0.623783 -0.328361 0.708102
10031.533018 3.035761 -0.216882 0.379031 0.046476 -0.626810 -0.320724 0.708580
10031.566351 2.992421 -0.235956 0.383709 0.049435 -0.625087 -0.323930 0.708443
10031.599684 2.948164 -0.244029 0.399287 0.052351 -0.639105 -0.323519 0.695802
10031.633017 2.910442 -0.252633 0.406712 0.045065 -0.644817 -0.328475 0.688683
10031.666350 2.871154 -0.255079 0.422649 0.042977 -0.647115 -0.330435 0.685718
10031.699683 2.817053 -0.241744 0.379061 0.046032 -0.640258 -0.330325 0.691980
10031.733016 2.775008 -0.251678 0.390206 0.049496 -0.641332 -0.330283 0.690765
10031.766349 2.731847 -0.251369 0.387001 0.056068 -0.641146 -0.329237 0.690935
10031.799682 2.682963 -0.248145 0.386143 0.059136 -0.640024 -0.329257 0.691709
10031.833015 2.627281 -0.258180 0.379637 0.065083 -0.637604 -0.332610 0.691806
10031.866348 2.576754 -0.234509 0.364371 0.074869 -0.628969 -0.330998 0.699452
10031.899681 2.527345 -0.242378 0.375471 0.072708 -0.624089 -0.334197 0.702523
10031.933014 2.481352 -0.236879 0.380877 0.075576 -0.615806 -0.323109 0.714613
10031.966347 2.420757 -0.227614 0.377602 0.057879 -0.608093 -0.318649 0.724800
10031.999680 2.387906 -0.216320 0.382851 0.052031 -0.611934 -0.316226 0.723070
10032.033013 2.337638 -0.213218 0.355929 0.049675 -0.611556 -0.325812 0.719290
10032.066346 2.303017 -0.211723 0.357213 0.045227 -0.617376 -0.328871 0.713193
10032.099679 2.268818 -0.212634 0.355626 0.046318 -0.620676 -0.332144 0.708729
10032.133012 2.234859 -0.211593 0.359368 0.047448 -0.621482 -0.333138 0.707480
10032.166345 2.192151 -0.222867 0.363161 0.050405 -0.621832 -0.335211 0.705988
10032.199678 2.158232 -0.215806 0.376807 0.054794 -0.620234 -0.330819 0.709131
10032.233011 2.114440 -0.221718 0.384278 0.055689 -0.613540 -0.327785 0.716257
10032.266344 2.070041 -0.235836 0.384926 0.057237 -0.611744 -0.324566 0.719131
10032.299677 2.020526 -0.239448 0.385524 0.056729 -0.605426 -0.319991 0.726531
10032.333010 1.986381 -0.236403 0.389139 0.052182 -0.597545 -0.315367 0.735364
10032.366343 1.959481 -0.243055 0.400363 0.047220 -0.596234 -0.308969 0.739468
10032.399676 1.927748 -0.234946 0.403574 0.046995 -0.590723 -0.303962 0.745952
10032.433009 1.893543 -0.232868 0.404171 0.044612 -0.585687 -0.300856 0.751309
10032.466342 1.855518 -0.229927 0.399550 0.041455 -0.579482 -0.302438 0.755654
10032.499675 1.821636 -0.209133 0.397101 0.039986 -0.575855 -0.303057 0.758254
10032.533008 1.752275 -0.209562 0.385586 0.037892 -0.565491 -0.307783 0.764234
10032.566341 1.708064 -0.206245 0.375123 0.038301 -0.552929 -0.304091 0.774810
10032.599674 1.662797 -0.199962 0.364098 0.033285 -0.542681 -0.298875 0.784260
10032.633007 1.621091 -0.200548 0.353795 0.033097 -0.534081 -0.292305 0.792603
10032.666340 1.581457 -0.198097 0.346052 0.029370 -0.525363 -0.287257 0.800384
10032.699673 1.546339 -0.192889 0.340246 0.026491 -0.519144 -0.284262 0.805595
10032.733006 1.513833 -0.188105 0.338830 0.025029 -0.513306 -0.285762 0.808845
10032.766339 1.480756 -0.182233 0.342561 0.025301 -0.505445 -0.288244 0.812896
10032.799672 1.445873 -0.178841 0.345606 0.021825 -0.499118 -0.289727 0.816372
10032.833005 1.389385 -0.179896 0.348643 0.021278 -0.492696 -0.281229 0.823230
10032.866338 1.348453 -0.183857 0.351291 0.024058 -0.485803 -0.275661 0.829113
10032.899671 1.301615 -0.190967 0.352543 0.031986 -0.475635 -0.271517 0.836078
10032.933004 1.254895 -0.191078 0.353265 0.040214 -0.464085 -0.269922 0.842704
10032.966337 1.211706 -0.189490 0.350772 0.047449 -0.459828 -0.271227 0.844241
10032.999670 1.171125 -0.185207 0.351194 0.050343 -0.446257 -0.275744 0.849874
10033.033003 1.138479 -0.182499 0.350164 0.057872 -0.443345 -0.271530 0.852272
10033.066336 1.088494 -0.177285 0.353156 0.060278 -0.428830 -0.276644 0.857869
10033.099669 1.048774 -0.183150 0.348205 0.063735 -0.417139 -0.270738 0.865236
10033.133002 1.011821 -0.179394 0.341456 0.070715 -0.408171 -0.259160 0.872486
10033.166335 0.971985 -0.178699 0.337358 0.071745 -0.393853 -0.248013 0.882169
10033.199668 0.931563 -0.169720 0.321341 0.083493 -0.378244 -0.223779 0.894362
10033.233001 0.865600 -0.156192 0.295872 0.073862 -0.345450 -0.192828 0.915438
10033.266334 0.813393 -0.140046 0.274086 0.064801 -0.312581 -0.177979 0.930815
10033.299667 0.754930 -0.124609 0.250871 0.043643 -0.269579 -0.166732 0.947430
10033.333000 0.704170 -0.123761 0.226131 0.025016 -0.241552 -0.148837 0.958579
10033.366333 0.667926 -0.112876 0.194609 0.013006 -0.226809 -0.134155 0.964568
10033.399666 0.617346 -0.099080 0.148511 0.005292 -0.201619 -0.117762 0.972344
10033.432999 0.587070 -0.089229 0.112835 0.015387 -0.187050 -0.108106 0.976263
10033.466332 0.562603 -0.067449 0.072031 0.028210 -0.181729 -0.099789 0.977866
10033.499665 0.542114 -0.044493 0.028748 0.034081 -0.184646 -0.094046 0.977701
10033.532998 0.521390 -0.008430 -0.016895 0.038223 -0.189607 -0.092355 0.976759
10033.566331 0.502111 0.038774 -0.058630 0.041064 -0.189084 -0.093687 0.976618
10033.599664 0.478132 0.083059 -0.120223 0.034400 -0.182105 -0.087689 0.978757
10033.632997 0.466197 0.103104 -0.158040 0.019494 -0.172874 -0.080405 0.981463
10033.666330 0.453051 0.111835 -0.195342 0.001284 -0.163569 -0.069501 0.984080
10033.699663 0.428161 0.116139 -0.236014 -0.008534 -0.150938 -0.064733 0.986385
10033.732996 0.414871 0.128357 -0.274525 -0.002392 -0.142609 -0.065815 0.987586
10033.766329 0.405104 0.149857 -0.312949 0.008338 -0.131581 -0.064486 0.989171
10033.799662 0.386864 0.183594 -0.364596 0.013943 -0.113845 -0.059463 0.991619
10033.832995 0.375243 0.203688 -0.396087 0.014044 -0.097489 -0.052478 0.993753
10033.866328 0.347110 0.233684 -0.429985 0.022349 -0.076675 -0.040594 0.995979
10033.899661 0.339905 0.251692 -0.459729 0.028092 -0.060144 -0.029622 0.997355
10033.932994 0.339701 0.269307 -0.490869 0.024621 -0.049347 -0.018057 0.998315
10033.966327 0.337460 0.286050 -0.526494 0.009977 -0.044257 -0.010106 0.998919
10033.999660 0.329556 0.296371 -0.578085 -0.009389 -0.027050 -0.007324 0.999563
10034.032993 0.318675 0.324281 -0.607883 -0.011064 -0.010454 -0.002071 0.999882
10034.066326 0.338932 0.361301 -0.637979 -0.010702 -0.002678 0.007149 0.999914
10034.099659 0.336040 0.382617 -0.669623 -0.012121 0.005657 0.015330 0.999793
10034.132992 0.352577 0.407947 -0.704127 -0.018942 0.010041 0.024116 0.999479
10034.166325 0.359718 0.428773 -0.737896 -0.020068 0.021372 0.031732 0.999066
10034.199658 0.358453 0.432997 -0.779729 -0.018408 0.028870 0.034343 0.998823
10034.232991 0.383411 0.463222 -0.817425 -0.020845 0.035202 0.035220 0.998542
10034.266324 0.381440 0.481295 -0.848692 -0.029300 0.047773 0.040636 0.997601
10034.299657 0.385358 0.487636 -0.882395 -0.031619 0.050620 0.047979 0.997064
10034.332990 0.390989 0.505235 -0.933129 -0.025812 0.052740 0.055630 0.996723
10034.366323 0.406500 0.496957 -0.964816 -0.029628 0.057504 0.059834 0.996110
10034.399656 0.409977 0.518001 -0.999343 -0.019935 0.064554 0.065789 0.995544
10034.432989 0.410473 0.523978 -1.024940 -0.019566 0.071801 0.068541 0.994869
10034.466322 0.404953 0.536153 -1.051459 -0.013248 0.075918 0.066138 0.994830
10034.499655 0.401093 0.554497 -1.081439 -0.006021 0.079340 0.064218 0.994759
10034.532988 0.375014 0.564615 -1.100851 -0.001987 0.086075 0.065307 0.994144
10034.566321 0.369618 0.568571 -1.128745 -0.001760 0.085024 0.065152 0.994245
10034.599654 0.358362 0.576667 -1.157348 0.009374 0.081877 0.060811 0.994741
10034.632987 0.360455 0.598119 -1.190947 0.016448 0.078086 0.059366 0.995042
10034.666320 0.359485 0.595371 -1.211098 0.018727 0.081116 0.057168 0.994888
10034.699653 0.367700 0.601171 -1.236589 0.024770 0.083132 0.056890 0.994605
10034.732986 0.378996 0.584758 -1.252476 0.028251 0.084358 0.063107 0.994034
10034.766319 0.386328 0.600262 -1.270486 0.044888 0.087601 0.065217 0.993005
10034.799652 0.412883 0.598227 -1.283398 0.048064 0.083012 0.066756 0.993148
10034.832985 0.412883 0.598227 -1.283398 0.048064 0.083012 0.066756 0.993148
10034.832985 0.412883 0.598227 -1.283398 0.048064 0.083012 0.066756 0.993148
