10005.333280000 0.000000 0.000000 0.000000 -0.000000 -0.000000 0.000000 1.000000
10005.366613000 -0.028420 -0.008340 0.007355 0.005066 0.007398 0.002667 0.999956
10005.399946000 -0.052379 -0.017125 0.016070 0.006339 0.017339 0.003820 0.999822
10005.433279000 -0.077236 -0.031622 0.032863 0.010670 0.042215 0.010625 0.998995
10005.466612000 -0.091160 -0.043908 0.045972 0.013240 0.055029 0.017308 0.998247
10005.499945000 -0.118022 -0.045019 0.059059 0.017577 0.066229 0.022372 0.997399
10005.533278000 -0.132068 -0.052368 0.074048 0.016947 0.070065 0.022372 0.997148
10005.566611000 -0.156573 -0.053664 0.089836 0.018336 0.075121 0.022234 0.996758
10005.599944000 -0.179370 -0.057873 0.109511 0.014091 0.073912 0.023263 0.996894
10005.633277000 -0.199448 -0.064488 0.134801 0.011240 0.080634 0.026073 0.996339
10005.666610000 -0.223539 -0.078366 0.160337 0.015009 0.091952 0.032996 0.995103
10005.699943000 -0.244248 -0.100261 0.187150 0.021534 0.101416 0.043297 0.993668
10005.733276000 -0.282448 -0.123907 0.225838 0.030563 0.109897 0.058859 0.991728
10005.766609000 -0.304032 -0.140555 0.254268 0.023210 0.120098 0.067055 0.990223
10005.799942000 -0.324102 -0.163612 0.281064 0.021210 0.126763 0.075238 0.988848
10005.833275000 -0.350728 -0.177575 0.306076 0.023190 0.136193 0.078555 0.987291
10005.866608000 -0.369382 -0.190319 0.328373 0.020427 0.146255 0.078190 0.985940
10005.899941000 -0.388273 -0.212252 0.349951 0.020481 0.161681 0.081415 0.983266
10005.933274000 -0.426171 -0.234207 0.377989 0.033783 0.186610 0.090782 0.977647
10005.966607000 -0.451235 -0.242936 0.395814 0.039438 0.202406 0.097817 0.973606
10005.999940000 -0.486244 -0.258954 0.414913 0.040896 0.221804 0.107060 0.968333
10006.033273000 -0.526003 -0.270328 0.434857 0.044243 0.238459 0.117923 0.962951
10006.066606000 -0.570314 -0.280791 0.451537 0.046876 0.253853 0.131357 0.957135
10006.099939000 -0.614766 -0.300000 0.465932 0.049589 0.265715 0.142344 0.952195
10006.133272000 -0.663035 -0.318520 0.484458 0.058940 0.279772 0.149711 0.946488
10006.166605000 -0.721360 -0.338780 0.517221 0.057943 0.301918 0.154368 0.938967
10006.199938000 -0.753070 -0.355549 0.546510 0.055623 0.316089 0.159219 0.933618
10006.233271000 -0.777132 -0.369349 0.571964 0.055618 0.328384 0.162351 0.928823
10006.266604000 -0.797699 -0.385485 0.602602 0.054513 0.344171 0.164276 0.922815
10006.299937000 -0.814704 -0.406022 0.632831 0.054834 0.358136 0.164595 0.917410
10006.333270000 -0.824688 -0.424239 0.656644 0.060412 0.367348 0.162282 0.913822
10006.366603000 -0.838246 -0.443317 0.690679 0.068491 0.377825 0.161622 0.909085
10006.399936000 -0.846421 -0.463031 0.723294 0.074555 0.387256 0.166215 0.903796
10006.433269000 -0.851960 -0.485390 0.757743 0.077894 0.394708 0.175657 0.898489
10006.466602000 -0.855086 -0.509801 0.795168 0.074460 0.401042 0.187797 0.893506
10006.499935000 -0.854547 -0.533780 0.821796 0.074921 0.411989 0.200008 0.885804
10006.533268000 -0.847787 -0.551087 0.840665 0.075148 0.427529 0.200601 0.878255
10006.566601000 -0.849864 -0.577540 0.877628 0.076645 0.451743 0.206436 0.864545
10006.599934000 -0.851342 -0.586952 0.902863 0.073267 0.460928 0.215344 0.857790
10006.633267000 -0.850951 -0.596012 0.931338 0.061823 0.465053 0.225854 0.853753
10006.666600000 -0.850901 -0.614413 0.967113 0.046513 0.476036 0.233899 0.846474
10006.699933000 -0.850666 -0.628335 0.999624 0.039071 0.485866 0.239611 0.839639
10006.733266000 -0.848523 -0.651854 1.030779 0.042154 0.493836 0.246630 0.832780
10006.766599000 -0.851549 -0.674638 1.064093 0.052331 0.505939 0.249236 0.824117
10006.799932000 -0.856321 -0.703581 1.106000 0.054490 0.519313 0.251196 0.815013
10006.833265000 -0.861205 -0.728633 1.140070 0.055693 0.524915 0.248132 0.812276
10006.866598000 -0.863557 -0.750829 1.177215 0.051974 0.530963 0.248903 0.808347
10006.899931000 -0.860632 -0.770036 1.216987 0.044251 0.536170 0.249562 0.805160
10006.933264000 -0.855445 -0.790249 1.258135 0.038405 0.534674 0.252524 0.805531
10006.966597000 -0.850807 -0.806201 1.291287 0.038475 0.532325 0.252743 0.807014
10006.999930000 -0.845617 -0.818828 1.322180 0.035907 0.529646 0.251977 0.809132
10007.033263000 -0.829725 -0.847543 1.372690 0.039587 0.536752 0.255610 0.803115
10007.066596000 -0.826333 -0.866109 1.414277 0.049356 0.545996 0.258087 0.795514
10007.099929000 -0.820719 -0.886108 1.452154 0.054571 0.546888 0.267828 0.791330
10007.133262000 -0.812112 -0.899947 1.482437 0.048893 0.548499 0.277645 0.787192
10007.166595000 -0.799083 -0.920613 1.497999 0.043676 0.559246 0.285685 0.776995
10007.199928000 -0.793720 -0.938743 1.520137 0.037151 0.575442 0.290166 0.763734
10007.233261000 -0.789309 -0.962791 1.547069 0.042177 0.592086 0.293129 0.749487
10007.266594000 -0.789124 -0.981804 1.572593 0.049883 0.607829 0.299749 0.733625
10007.299927000 -0.799229 -0.995660 1.604432 0.051537 0.621804 0.309075 0.717758
10007.333260000 -0.802404 -1.011955 1.634522 0.048072 0.636364 0.320645 0.699941
10007.366593000 -0.809225 -1.033216 1.670174 0.045916 0.653702 0.333966 0.677519
10007.399926000 -0.831097 -1.042985 1.706005 0.042962 0.673289 0.345992 0.652017
10007.433259000 -0.848215 -1.058500 1.736176 0.033661 0.694973 0.363587 0.619422
10007.466592000 -0.864594 -1.073258 1.764618 0.019291 0.709055 0.389050 0.587800
10007.499925000 -0.868237 -1.101330 1.778167 0.007218 0.722627 0.405108 0.560041
10007.533258000 -0.896528 -1.104644 1.794339 0.006019 0.734811 0.410448 0.539952
10007.566591000 -0.913918 -1.121684 1.812282 0.005080 0.743779 0.429782 0.511913
10007.599924000 -0.930322 -1.127987 1.820665 0.014381 0.745508 0.435593 0.504252
10007.633257000 -0.948242 -1.130921 1.831240 0.014159 0.746767 0.438005 0.500290
10007.666590000 -0.967167 -1.130421 1.845235 0.011567 0.746587 0.438197 0.500459
10007.699923000 -0.973020 -1.136668 1.858806 0.006362 0.740455 0.445414 0.503281
10007.733256000 -0.981197 -1.144427 1.863658 0.005507 0.735823 0.446698 0.508915
10007.766589000 -0.996516 -1.148887 1.868338 0.010869 0.734401 0.443582 0.513588
10007.799922000 -1.024675 -1.142471 1.885484 0.015020 0.731619 0.444097 0.516998
10007.833255000 -1.036684 -1.153813 1.888425 0.012016 0.722967 0.449321 0.524675
10007.866588000 -1.046865 -1.161360 1.904871 0.013433 0.718485 0.446576 0.533075
10007.899921000 -1.046954 -1.171378 1.917887 0.012731 0.712014 0.445199 0.542836
10007.933254000 -1.046219 -1.183993 1.930942 0.014276 0.706605 0.440381 0.553688
10007.966587000 -1.042481 -1.195333 1.952051 0.014204 0.705586 0.433084 0.560701
10007.999920000 -1.038337 -1.204118 1.965247 0.012742 0.703204 0.426804 0.568489
10008.033253000 -1.026091 -1.219999 1.980291 0.011636 0.700055 0.423334 0.574958
10008.066586000 -1.014362 -1.234035 2.000851 0.011674 0.696938 0.418189 0.582459
10008.099919000 -1.003026 -1.244848 2.026737 0.011482 0.694180 0.412017 0.590105
10008.133252000 -0.987573 -1.256543 2.044332 0.009747 0.690213 0.408994 0.596854
10008.166585000 -0.964489 -1.274407 2.063923 0.009573 0.687588 0.403758 0.603416
10008.199918000 -0.944154 -1.292768 2.085701 0.014164 0.686989 0.398327 0.607603
10008.233251000 -0.922105 -1.310944 2.105000 0.022362 0.687635 0.394854 0.608891
10008.266584000 -0.892784 -1.326699 2.125220 0.028854 0.682462 0.396437 0.613393
10008.299917000 -0.867407 -1.337840 2.137234 0.031494 0.685152 0.396694 0.610089
10008.333250000 -0.842517 -1.349182 2.143390 0.035256 0.687697 0.397003 0.606811
10008.366583000 -0.816465 -1.356132 2.144986 0.038765 0.690721 0.394476 0.604807
10008.399916000 -0.789552 -1.361256 2.148118 0.040772 0.694102 0.393491 0.601436
10008.433249000 -0.763030 -1.363159 2.149767 0.042414 0.697018 0.390860 0.599663
10008.466582000 -0.731400 -1.368044 2.147360 0.043974 0.699104 0.388464 0.598679
10008.499915000 -0.705119 -1.363431 2.148805 0.047900 0.700189 0.381489 0.601587
10008.533248000 -0.669831 -1.369565 2.147600 0.048795 0.696890 0.380151 0.606176
10008.566581000 -0.638928 -1.372375 2.147637 0.051396 0.692682 0.374280 0.614381
10008.599914000 -0.602534 -1.378957 2.145648 0.052550 0.688071 0.371535 0.621095
10008.633247000 -0.552301 -1.397102 2.151905 0.058110 0.683461 0.359276 0.632792
10008.666580000 -0.523867 -1.408992 2.162312 0.059859 0.674109 0.350466 0.647432
10008.699913000 -0.499852 -1.422138 2.178735 0.061716 0.664422 0.340572 0.662379
10008.733246000 -0.478092 -1.434527 2.195096 0.063369 0.652857 0.335623 0.676107
10008.766579000 -0.456496 -1.446727 2.214515 0.064544 0.641195 0.330462 0.689564
10008.799912000 -0.432308 -1.457252 2.232172 0.065187 0.633112 0.325434 0.699295
10008.833245000 -0.408020 -1.461737 2.256455 0.066050 0.628744 0.321312 0.705037
10008.866578000 -0.377137 -1.473329 2.280378 0.065194 0.626958 0.321361 0.706683
10008.899911000 -0.349120 -1.484377 2.302452 0.065287 0.631840 0.320340 0.702779
10008.933244000 -0.323756 -1.497479 2.321497 0.059960 0.631225 0.325564 0.701405
10008.966577000 -0.286990 -1.514526 2.333229 0.056316 0.634032 0.330301 0.696946
10008.999910000 -0.259568 -1.527253 2.351642 0.056093 0.639865 0.332436 0.690589
10009.033243000 -0.233149 -1.536736 2.360804 0.057396 0.640274 0.337640 0.687572
10009.066576000 -0.210053 -1.540129 2.367107 0.054184 0.645418 0.339363 0.682153
10009.099909000 -0.175128 -1.549802 2.371484 0.053787 0.650540 0.347827 0.672994
10009.133242000 -0.128256 -1.553426 2.377911 0.058055 0.659019 0.351095 0.662613
10009.166575000 -0.093468 -1.559326 2.378721 0.058891 0.668572 0.353335 0.651688
10009.199908000 -0.052509 -1.560984 2.380927 0.060021 0.679882 0.354205 0.639294
10009.233241000 -0.011842 -1.563619 2.379737 0.064578 0.689362 0.354816 0.628264
10009.266574000 0.025752 -1.567485 2.388309 0.065110 0.694570 0.354617 0.622560
10009.299907000 0.067491 -1.571103 2.394820 0.060638 0.697297 0.361443 0.616003
10009.333240000 0.110041 -1.577846 2.398796 0.056610 0.697593 0.372999 0.609124
10009.366573000 0.142439 -1.581400 2.410614 0.056844 0.698795 0.372953 0.607750
10009.399906000 0.176401 -1.588544 2.426409 0.049513 0.698399 0.376863 0.606433
10009.433239000 0.213520 -1.599026 2.441766 0.046175 0.699813 0.380459 0.602811
10009.466572000 0.262530 -1.619901 2.470048 0.051558 0.706081 0.382146 0.593932
10009.499905000 0.285725 -1.635932 2.487387 0.059849 0.711260 0.380290 0.588139
10009.533238000 0.322345 -1.658802 2.519029 0.068346 0.720392 0.376674 0.578344
10009.566571000 0.355157 -1.682013 2.554000 0.070777 0.729632 0.375200 0.567320
10009.599904000 0.389277 -1.706454 2.587243 0.065493 0.737070 0.378439 0.556078
10009.633237000 0.428476 -1.737701 2.605996 0.063114 0.743457 0.387101 0.541701
10009.666570000 0.459695 -1.762908 2.625193 0.067427 0.753458 0.386613 0.527528
10009.699903000 0.495243 -1.783209 2.650565 0.067463 0.762874 0.386148 0.514161
10009.733236000 0.541621 -1.801268 2.665623 0.062429 0.772912 0.389727 0.496813
10009.766569000 0.585994 -1.811305 2.689029 0.060830 0.785375 0.388070 0.478422
10009.799902000 0.634194 -1.820951 2.706430 0.058546 0.793095 0.389596 0.464530
10009.833235000 0.702937 -1.828906 2.724701 0.062803 0.800207 0.390223 0.451056
10009.866568000 0.752396 -1.835483 2.732476 0.067472 0.805175 0.390766 0.440956
10009.899901000 0.814452 -1.844988 2.749834 0.060471 0.809260 0.400590 0.425404
10009.933234000 0.871501 -1.864321 2.749503 0.060689 0.809932 0.409229 0.415763
10009.966567000 0.916906 -1.876213 2.762093 0.054358 0.811088 0.406795 0.416773
10009.999900000 0.967750 -1.894608 2.764695 0.046772 0.816426 0.404606 0.409335
10010.033233000 1.006212 -1.903346 2.761386 0.044870 0.822370 0.400109 0.402003
10010.066566000 1.077490 -1.915607 2.774559 0.044256 0.830664 0.400033 0.384724
10010.099899000 1.130044 -1.918480 2.786703 0.040697 0.834131 0.405709 0.371443
10010.133232000 1.176764 -1.927030 2.802376 0.040624 0.837192 0.410716 0.358847
10010.166565000 1.224136 -1.938959 2.820760 0.038702 0.839508 0.416848 0.346362
10010.199898000 1.266854 -1.943961 2.823091 0.041081 0.844254 0.417389 0.333668
10010.233231000 1.316748 -1.945126 2.832234 0.035110 0.847483 0.422601 0.319293
10010.266564000 1.360023 -1.948801 2.820599 0.028927 0.848955 0.430746 0.304788
10010.299897000 1.405381 -1.952711 2.821541 0.027281 0.852454 0.432636 0.292238
