10000.000000000 -0.000000 0.000000 -0.000000 0.000000 0.000000 0.000000 1.000000
10000.066666000 -0.020624 -0.007221 0.003392 -0.004284 0.009443 0.003997 0.999938
10000.133332000 -0.019990 -0.006201 0.001718 -0.002984 0.008854 0.004623 0.999946
10000.199998000 -0.019884 -0.006419 0.002104 -0.002535 0.008903 0.005708 0.999941
10000.266664000 -0.020295 -0.005818 0.000497 -0.001775 0.009054 0.006780 0.999934
10000.333330000 -0.028985 -0.007911 0.002512 -0.001681 0.012555 0.009848 0.999871
10000.366663000 -0.009640 -0.002688 0.000913 -0.000542 0.003788 0.002672 0.999989
10000.399996000 -0.008601 -0.003004 0.000041 -0.000774 0.003843 0.003178 0.999987
10000.433329000 -0.009592 -0.002800 0.001075 -0.000994 0.004103 0.002824 0.999987
10000.466662000 -0.008264 -0.003201 0.001565 -0.001121 0.003639 0.002552 0.999989
10000.499995000 -0.008240 -0.003230 0.001633 -0.001397 0.003583 0.001975 0.999991
10000.533328000 -0.008217 -0.003257 0.001701 -0.001407 0.003568 0.001953 0.999991
10000.566661000 -0.008194 -0.003275 0.001769 -0.001679 0.003522 0.001388 0.999991
10000.599994000 -0.006856 -0.003620 0.002212 -0.001794 0.003087 0.001141 0.999993
10000.633327000 -0.007804 -0.003370 0.003276 -0.002417 0.003687 0.000966 0.999990
10000.666660000 -0.012766 -0.008554 0.005988 -0.005981 0.006033 -0.000468 0.999964
10000.699993000 -0.005998 -0.004302 0.004417 -0.003217 0.002649 -0.000674 0.999991
10000.733326000 -0.005976 -0.004260 0.004488 -0.003928 0.003008 -0.000508 0.999988
10000.766659000 -0.006343 -0.004186 0.003203 -0.004206 0.003175 -0.000473 0.999986
10000.799992000 -0.006361 -0.003508 0.004028 -0.003795 0.002822 -0.000130 0.999989
10000.833325000 -0.007631 -0.003825 0.003022 -0.004412 0.003790 0.000807 0.999983
10000.866658000 -0.007604 -0.003810 0.003108 -0.004888 0.003210 0.001007 0.999982
10000.899991000 -0.008472 -0.002516 0.001972 -0.004199 0.003039 0.002406 0.999984
10000.933324000 -0.010223 -0.002311 0.000409 -0.004602 0.004219 0.003871 0.999973
10000.966657000 -0.011549 -0.002136 0.000216 -0.004104 0.004455 0.004879 0.999970
10000.999990000 -0.028533 -0.003139 -0.002446 -0.008740 0.009513 0.014913 0.999805
10001.033323000 -0.016220 -0.000627 -0.003084 -0.003639 0.005141 0.009860 0.999932
10001.066656000 -0.017325 0.000174 -0.004101 -0.003445 0.006026 0.010353 0.999922
10001.099989000 -0.017370 -0.000228 -0.003904 -0.003434 0.005663 0.010771 0.999920
10001.133322000 -0.016654 0.000523 -0.003372 -0.002688 0.005999 0.010987 0.999918
10001.166655000 -0.015236 -0.000649 -0.003665 -0.003538 0.005972 0.010978 0.999916
10001.199988000 -0.014627 0.000922 -0.002496 -0.002573 0.005978 0.010258 0.999926
10001.233321000 -0.012579 0.001819 -0.001856 -0.001903 0.006665 0.009760 0.999928
10001.266654000 -0.008497 0.002344 -0.000554 -0.001714 0.006096 0.008948 0.999940
10001.299987000 -0.005809 0.003001 0.000505 -0.001245 0.005834 0.007549 0.999954
10001.333320000 0.001871 0.011679 0.005485 0.000399 0.010908 0.011425 0.999875
10001.366653000 0.007791 0.007165 0.005097 0.000382 0.005094 0.003622 0.999980
10001.399986000 0.010536 0.008071 0.005903 0.001835 0.004887 0.002867 0.999982
10001.433319000 0.013293 0.008981 0.006681 0.001877 0.004245 0.002039 0.999987
10001.466652000 0.014665 0.009771 0.007382 0.002525 0.003989 0.000954 0.999988
10001.499985000 0.016909 0.008679 0.007196 0.002596 0.003318 0.000401 0.999991
10001.533318000 0.016199 0.008782 0.008335 0.003106 0.003052 0.000009 0.999991
10001.566651000 0.015625 0.007469 0.008065 0.002823 0.002315 -0.000566 0.999993
10001.599984000 0.014354 0.005602 0.008282 0.002726 0.001608 -0.000780 0.999995
10001.633317000 0.013029 0.004761 0.007523 0.002676 0.001228 -0.000917 0.999995
10001.666650000 0.014433 0.003305 0.014344 0.004239 0.000952 -0.001991 0.999989
10001.699983000 0.002826 -0.001960 0.006097 0.001475 -0.000667 -0.000446 0.999999
10001.733316000 -0.000649 -0.003357 0.005772 0.000333 -0.001096 -0.000578 0.999999
10001.766649000 -0.003431 -0.004193 0.004964 0.000936 -0.000691 -0.000511 0.999999
10001.799982000 -0.006124 -0.006730 0.004382 -0.000315 -0.000765 -0.000215 1.000000
10001.833315000 -0.006857 -0.006248 0.003865 0.000078 -0.001476 -0.000013 0.999999
10001.866648000 -0.010373 -0.006953 0.004249 -0.000794 -0.000391 0.000248 1.000000
10001.899981000 -0.011031 -0.007154 0.003023 -0.000541 -0.000015 0.000308 1.000000
10001.933314000 -0.012432 -0.007238 0.003011 -0.000580 0.000719 0.000484 0.999999
10001.966647000 -0.012450 -0.006215 0.002095 -0.000975 0.001424 0.000649 0.999998
10001.999980000 -0.027708 -0.010980 0.004330 -0.002642 0.006865 0.002266 0.999970
10002.033313000 -0.013872 -0.004658 0.002200 -0.001742 0.005042 0.001145 0.999985
10002.066646000 -0.013251 -0.003104 0.000884 -0.001219 0.005066 0.001141 0.999986
10002.099979000 -0.013255 -0.002471 0.001788 -0.001334 0.006520 0.002229 0.999975
10002.133312000 -0.013333 -0.001491 0.001000 -0.001290 0.006855 0.001536 0.999974
10002.166645000 -0.013312 -0.001523 0.001206 -0.001192 0.007610 0.001346 0.999969
10002.199978000 -0.012812 0.000702 0.000609 -0.000206 0.007276 0.001610 0.999972
10002.233311000 -0.012805 -0.000037 0.000103 -0.000416 0.008381 0.001839 0.999963
10002.266644000 -0.012367 0.002193 -0.000510 0.000788 0.007415 0.001624 0.999971
10002.299977000 -0.011576 0.001725 0.000085 0.000477 0.007724 0.000947 0.999970
10002.333310000 -0.021969 0.005695 -0.004235 0.003764 0.014124 0.003173 0.999888
10002.366643000 -0.010114 0.004391 -0.002103 0.002783 0.006337 0.001004 0.999976
10002.399976000 -0.009374 0.003262 -0.002346 0.002852 0.005642 0.000893 0.999980
10002.433309000 -0.009129 0.004877 -0.003724 0.003386 0.005810 0.001408 0.999976
10002.466642000 -0.008338 0.004443 -0.003279 0.003236 0.004692 0.000723 0.999983
10002.499975000 -0.007831 0.005049 -0.003765 0.003523 0.004189 0.001074 0.999984
10002.533308000 -0.007028 0.004610 -0.003371 0.002758 0.003632 0.000954 0.999989
10002.566641000 -0.006287 0.003506 -0.003766 0.001580 0.002614 0.000741 0.999995
10002.599974000 -0.006232 0.004160 -0.002977 0.001357 0.002196 0.001051 0.999996
10002.633307000 -0.004023 0.003879 -0.002960 0.000310 0.000912 0.000705 0.999999
10002.666640000 -0.007420 0.005604 -0.004189 -0.003245 -0.000339 0.001278 0.999994
10002.699973000 -0.002859 0.002351 -0.001817 -0.002914 -0.001611 0.000484 0.999994
10002.733306000 -0.001691 0.000865 -0.000625 -0.004446 -0.001941 0.000407 0.999988
10002.766639000 -0.000310 0.001024 -0.000924 -0.005246 -0.003606 0.000008 0.999980
10002.799972000 -0.000841 0.000426 -0.000335 -0.006246 -0.003779 -0.000449 0.999973
10002.833305000 0.000837 -0.000422 0.000349 -0.006786 -0.004741 -0.000618 0.999966
10002.866638000 0.000282 -0.000986 0.000973 -0.007168 -0.004469 -0.000496 0.999964
10002.899971000 0.001655 -0.000831 0.000755 -0.006977 -0.005744 -0.001568 0.999958
10002.933304000 0.001078 -0.001374 0.001396 -0.007006 -0.004678 -0.001720 0.999963
10002.966637000 0.002448 -0.001235 0.001216 -0.006245 -0.005767 -0.002257 0.999961
10002.999970000 0.004417 -0.003928 0.004251 -0.010669 -0.010847 -0.006671 0.999862
10003.033303000 0.001775 -0.001755 0.001942 -0.004280 -0.004907 -0.003943 0.999971
10003.066636000 0.003142 -0.001678 0.001820 -0.003819 -0.005613 -0.004322 0.999968
10003.099969000 0.001704 -0.001759 0.002000 -0.002806 -0.004361 -0.004479 0.999977
10003.133302000 0.000903 -0.001337 0.001549 -0.002164 -0.003878 -0.004728 0.999979
10003.166635000 0.000762 -0.000434 0.000480 -0.001917 -0.004156 -0.004256 0.999980
10003.199968000 0.000755 -0.000440 0.000488 -0.001285 -0.003703 -0.004517 0.999982
10003.233301000 -0.001497 0.000890 -0.000985 -0.000830 -0.002849 -0.003993 0.999988
10003.266634000 -0.001558 0.001799 -0.002083 -0.001012 -0.003148 -0.003566 0.999988
10003.299967000 -0.003010 0.002711 -0.003096 -0.000548 -0.002338 -0.003095 0.999992
10003.333300000 -0.010399 0.010041 -0.011448 0.000141 -0.003398 -0.004558 0.999984
10003.366633000 -0.006673 0.006860 -0.007837 0.000291 -0.001062 -0.001135 0.999999
10003.399966000 -0.007371 0.007331 -0.008362 -0.000118 -0.001045 -0.000766 0.999999
10003.433299000 -0.008780 0.007371 -0.008282 0.000550 0.000064 -0.000359 1.000000
10003.466632000 -0.008054 0.006900 -0.007780 -0.000106 -0.000298 0.000349 1.000000
10003.499965000 -0.008752 0.006458 -0.007189 0.000319 0.000433 0.000380 1.000000
10003.533298000 -0.007305 0.005528 -0.006170 0.000072 0.000045 0.000364 1.000000
10003.566631000 -0.006504 0.003248 -0.003484 -0.000237 0.000368 0.000741 1.000000
10003.599964000 -0.006425 0.001432 -0.001295 -0.000298 0.001078 0.000774 0.999999
10003.633297000 -0.004185 -0.000855 0.001321 0.000042 0.000996 0.000774 0.999999
10003.666630000 -0.002887 -0.010311 0.012743 -0.001137 0.001698 0.001175 0.999997
10003.699963000 0.000657 -0.009863 0.012011 -0.001139 0.001414 0.000429 0.999998
10003.733296000 0.003625 -0.011655 0.014037 -0.000782 0.000580 0.000394 0.999999
10003.766629000 0.005178 -0.013417 0.016161 -0.001201 0.000529 0.000021 0.999999
10003.799962000 0.006656 -0.014284 0.017195 -0.001001 0.000128 0.000005 0.999999
10003.833295000 0.008121 -0.015156 0.018230 -0.000808 -0.000252 -0.000010 1.000000
10003.866628000 0.009502 -0.015140 0.018179 -0.000939 -0.000540 -0.000387 0.999999
10003.899961000 0.010089 -0.013819 0.016501 0.000068 -0.000827 -0.000027 1.000000
10003.933294000 0.011387 -0.012958 0.015343 0.000108 -0.001401 -0.000414 0.999999
10003.966627000 0.011937 -0.011644 0.013709 -0.000057 -0.002288 -0.000441 0.999997
10003.999960000 0.025359 -0.015846 0.018189 0.001785 -0.005792 -0.000198 0.999982
10004.033293000 0.013545 -0.004174 0.004487 0.001083 -0.004164 -0.000514 0.999991
10004.066626000 0.012042 -0.001485 0.001332 0.001721 -0.003790 -0.000149 0.999991
10004.099959000 0.012014 0.000306 -0.000747 0.001766 -0.004393 -0.000188 0.999989
10004.133292000 0.010611 0.003038 -0.003897 0.002092 -0.004074 -0.000190 0.999989
10004.166625000 0.009252 0.004888 -0.005960 0.002170 -0.004106 -0.000208 0.999989
10004.199958000 0.006504 0.006777 -0.008046 0.002268 -0.003522 -0.000195 0.999991
10004.233291000 0.003765 0.008693 -0.010163 0.002249 -0.002625 0.000191 0.999994
10004.266624000 0.001738 0.010149 -0.011746 0.002162 -0.002359 -0.000153 0.999995
10004.299957000 -0.002453 0.011183 -0.012843 0.002095 -0.000781 -0.000054 0.999997
10004.333290000 -0.019138 0.026458 -0.029895 0.003297 0.003412 0.000255 0.999989
10004.366623000 -0.015326 0.014263 -0.015926 0.001086 0.003674 0.000290 0.999993
10004.399956000 -0.018328 0.015263 -0.016766 0.001231 0.005190 0.000421 0.999986
10004.433289000 -0.020662 0.014821 -0.015951 0.000804 0.006080 0.000506 0.999981
10004.466622000 -0.023752 0.014846 -0.015506 0.000838 0.007726 0.000656 0.999970
10004.499955000 -0.024029 0.014834 -0.015085 0.000717 0.008386 0.000726 0.999964
10004.533288000 -0.023504 0.013392 -0.013125 0.000623 0.008627 0.000758 0.999962
10004.566621000 -0.023677 0.012414 -0.011631 0.000376 0.009260 0.000823 0.999957
10004.599954000 -0.021741 0.011928 -0.010864 0.001435 0.009113 0.000827 0.999957
10004.633287000 -0.019525 0.009526 -0.008125 0.000674 0.008887 0.000824 0.999960
10004.666620000 -0.028198 0.013786 -0.010945 0.002360 0.014830 0.001422 0.999886
10004.699953000 -0.008458 0.004282 -0.003335 0.001702 0.005803 0.000581 0.999982
10004.733286000 -0.005524 0.003344 -0.002703 0.002557 0.004965 0.000517 0.999984
10004.766619000 -0.004564 0.001901 -0.001247 0.002027 0.004911 0.000535 0.999986
10004.799952000 -0.003186 0.001917 -0.001475 0.002189 0.003633 0.000412 0.999991
10004.833285000 -0.002609 0.002420 -0.002081 0.002900 0.003250 0.000384 0.999990
10004.866618000 -0.004009 0.002411 -0.001765 0.002764 0.003071 0.000381 0.999991
10004.899951000 -0.005049 0.003891 -0.003059 0.003061 0.002748 0.000357 0.999991
10004.933284000 -0.007489 0.005359 -0.004025 0.002659 0.002840 0.000386 0.999992
10004.966617000 -0.012139 0.007291 -0.004946 0.003065 0.003575 0.000506 0.999989
10004.999950000 -0.035307 0.022012 -0.014350 0.006326 0.007424 0.001123 0.999952
10005.033283000 -0.024001 0.015211 -0.009673 0.003558 0.004344 0.000701 0.999984
10005.066616000 -0.027129 0.016162 -0.009579 0.002861 0.004792 0.000805 0.999984
10005.099949000 -0.028909 0.017161 -0.009738 0.003563 0.005216 0.000910 0.999980
10005.133282000 -0.029874 0.017655 -0.009584 0.003172 0.005354 0.000972 0.999980
10005.166615000 -0.028334 0.016665 -0.008686 0.002493 0.005012 0.000939 0.999984
10005.199948000 -0.026777 0.015680 -0.007819 0.002902 0.004946 0.000955 0.999983
10005.233281000 -0.023516 0.013707 -0.006565 0.002220 0.004593 0.000911 0.999987
10005.266614000 -0.019884 0.010686 -0.004523 0.001997 0.004309 0.000874 0.999988
10005.299947000 -0.013521 0.007815 -0.003480 0.001644 0.003643 0.000751 0.999992
10005.333280000 -0.005935 0.003416 -0.001451 0.002628 0.004558 0.000962 0.999986
10005.366613000 0.007634 -0.004395 0.001846 0.000189 0.001140 -0.000190 0.999999
10005.399946000 0.013576 -0.007812 0.003263 0.000293 0.000509 0.000109 1.000000
10005.433279000 0.017177 -0.009108 0.004796 0.000397 -0.000124 -0.000026 1.000000
10005.466612000 0.021203 -0.012213 0.005124 -0.000293 -0.000508 -0.000110 1.000000
10005.499945000 0.021185 -0.012233 0.005152 -0.000293 -0.000509 -0.000541 1.000000
10005.533278000 0.022863 -0.013216 0.005626 -0.000586 -0.001014 -0.000217 0.999999
10005.566611000 0.021161 -0.012227 0.005261 -0.000189 -0.001135 0.000192 0.999999
10005.599944000 0.018623 -0.010759 0.004631 0.000000 -0.000000 -0.000000 1.000000
10005.633277000 0.015028 -0.009465 0.003093 -0.000689 -0.000385 -0.000082 1.000000
10005.666610000 0.014204 -0.008947 0.002865 -0.000106 0.000629 0.000998 0.999999
10005.699943000 -0.000848 0.000487 -0.000208 0.000583 0.001016 0.000649 0.999999
10005.733276000 -0.005303 0.002247 -0.001958 0.000185 0.001141 0.000678 0.999999
10005.766609000 -0.008507 0.004844 -0.002041 0.000582 0.001021 0.000654 0.999999
10005.799942000 -0.011280 0.005619 -0.003346 0.000183 0.001147 0.000683 0.999999
10005.833275000 -0.012794 0.007236 -0.002996 0.000580 0.001026 0.000658 0.999999
10005.866608000 -0.012792 0.007236 -0.002996 0.000000 -0.000000 -0.000000 1.000000
10005.899941000 -0.012787 0.007247 -0.002995 -0.000000 -0.000000 -0.000437 1.000000
10005.933274000 -0.010861 0.006958 -0.001904 -0.000183 -0.001148 -0.000685 0.999999
10005.966607000 -0.009144 0.006003 -0.001537 -0.000475 -0.001655 -0.000793 0.999998
10005.999940000 -0.006137 0.005930 0.000402 -0.002607 -0.006944 -0.004492 0.999962
10006.033273000 0.002907 -0.000152 0.002127 -0.002145 -0.005234 -0.002779 0.999980
10006.066606000 0.005378 -0.001655 0.002888 -0.002449 -0.005669 -0.002818 0.999977
10006.099939000 0.008003 -0.002510 0.004434 -0.002061 -0.005710 -0.002776 0.999978
10006.133272000 0.009213 -0.004879 0.003648 -0.003149 -0.005902 -0.002341 0.999975
10006.166605000 0.010959 -0.005228 0.005055 -0.002749 -0.005938 -0.001885 0.999977
10006.199938000 0.010555 -0.006589 0.003768 -0.002942 -0.004725 -0.001222 0.999984
10006.233271000 0.011159 -0.007753 0.003516 -0.003617 -0.005061 -0.000025 0.999981
10006.266604000 0.009378 -0.007398 0.002306 -0.002831 -0.003083 0.001130 0.999991
10006.299937000 0.009093 -0.008737 0.000998 -0.003333 -0.002441 0.002060 0.999989
10006.333270000 0.011411 -0.016121 -0.003143 -0.005740 -0.000400 0.009400 0.999939
10006.366603000 0.002113 -0.008276 -0.004903 -0.002919 0.002158 0.007031 0.999969
10006.399936000 0.000430 -0.008093 -0.006191 -0.002891 0.003211 0.008598 0.999954
10006.433269000 -0.001284 -0.007978 -0.007463 -0.002333 0.004498 0.009410 0.999943
10006.466602000 -0.002176 -0.008365 -0.008384 -0.002748 0.005987 0.010299 0.999925
10006.499935000 -0.002973 -0.008075 -0.008599 -0.003162 0.006696 0.011100 0.999911
10006.533268000 -0.003803 -0.007818 -0.008799 -0.002705 0.007309 0.010977 0.999909
10006.566601000 -0.002778 -0.007542 -0.007772 -0.002469 0.007397 0.010741 0.999912
10006.599934000 -0.002657 -0.006871 -0.007052 -0.001510 0.008006 0.010565 0.999911
10006.633267000 -0.002566 -0.006192 -0.006330 -0.002083 0.008424 0.009337 0.999919
10006.666600000 -0.000950 -0.009132 -0.007728 -0.001303 0.015225 0.014222 0.999782
10006.699933000 0.000610 -0.003319 -0.002367 0.000320 0.007851 0.004453 0.999959
10006.733266000 0.001715 -0.002061 -0.000900 0.000407 0.006609 0.003240 0.999973
10006.766599000 0.002749 -0.001560 -0.000106 0.001791 0.006324 0.001662 0.999977
10006.799932000 0.001900 -0.000529 0.000335 0.001205 0.005922 0.001090 0.999981
10006.833265000 0.002112 0.000978 0.001607 0.002616 0.005600 0.000008 0.999981
10006.866598000 0.001065 0.000484 0.000794 0.001936 0.005037 -0.000602 0.999985
10006.899931000 0.000361 0.002243 0.001958 0.002952 0.004880 -0.001135 0.999983
10006.933264000 -0.001652 0.002035 0.001065 0.002867 0.004765 -0.001135 0.999984
10006.966597000 -0.003542 0.002588 0.000866 0.002387 0.004854 -0.001619 0.999984
10006.999930000 -0.013877 0.006411 0.000570 0.004367 0.008374 -0.001367 0.999954
10007.033263000 -0.010363 0.003813 -0.000275 0.001668 0.004284 0.000408 0.999989
10007.066596000 -0.012040 0.004992 -0.001065 0.002598 0.004043 0.000372 0.999988
10007.099929000 -0.013408 0.003911 -0.000956 0.001004 0.003809 0.000334 0.999992
10007.133262000 -0.015347 0.004423 -0.000941 0.001262 0.004541 0.001563 0.999988
10007.166595000 -0.015360 0.004403 -0.000834 0.000880 0.003250 0.000748 0.999994
10007.199928000 -0.016510 0.003912 -0.001438 0.000877 0.003267 0.001288 0.999993
10007.233261000 -0.016355 0.004595 -0.000654 0.000995 0.003327 0.001310 0.999993
10007.266594000 -0.016550 0.003827 -0.001201 0.000051 0.003580 0.001375 0.999993
10007.299927000 -0.014455 0.003986 -0.000410 0.000233 0.002137 0.001036 0.999997
10007.333260000 -0.027577 0.005332 0.000275 -0.001201 0.004085 0.002024 0.999989
10007.366593000 -0.011952 0.001773 -0.000130 -0.001202 0.001146 0.000267 0.999999
10007.399926000 -0.010802 0.002231 0.000581 -0.000465 0.001619 0.000373 0.999999
10007.433259000 -0.008688 0.002346 -0.000150 -0.000485 -0.000398 -0.000092 1.000000
10007.466592000 -0.008871 0.001713 0.000607 -0.000639 0.000333 0.000077 1.000000
10007.499925000 -0.008872 0.001709 0.000621 0.000381 0.000688 0.000157 1.000000
10007.533258000 -0.006755 0.001831 -0.000119 -0.000105 -0.001085 -0.000779 0.999999
10007.566591000 -0.007535 0.002728 -0.000884 0.001391 -0.000232 -0.000054 0.999999
10007.599924000 -0.006569 0.002561 0.000540 0.001616 -0.000896 -0.000209 0.999998
10007.633257000 -0.006373 0.003120 -0.001628 0.002095 -0.001639 -0.000389 0.999996
10007.666590000 -0.014461 0.007473 -0.004005 0.006679 -0.002174 -0.000536 0.999975
10007.699923000 -0.006929 0.004740 -0.003085 0.004987 -0.001859 0.000054 0.999986
10007.733256000 -0.007882 0.005041 -0.003076 0.005029 -0.001307 -0.000353 0.999986
10007.766589000 -0.007875 0.005071 -0.003045 0.005330 -0.001402 0.000144 0.999985
10007.799922000 -0.007482 0.006481 -0.003002 0.006380 -0.001719 -0.000505 0.999978
10007.833255000 -0.007638 0.005849 -0.003667 0.005959 -0.001618 -0.000497 0.999981
10007.866588000 -0.008381 0.006864 -0.004318 0.006082 -0.001108 -0.000355 0.999981
10007.899921000 -0.007773 0.005287 -0.004316 0.005049 -0.001975 -0.000657 0.999985
10007.933254000 -0.008556 0.006259 -0.003552 0.005337 -0.000930 -0.000320 0.999985
10007.966587000 -0.007572 0.006038 -0.003495 0.004832 -0.001368 -0.001035 0.999987
10007.999920000 -0.016471 0.011076 -0.005569 0.007592 -0.001614 -0.002247 0.999967
10008.033253000 -0.009095 0.004354 -0.002882 0.002080 -0.000055 -0.001124 0.999997
10008.066586000 -0.007956 0.004728 -0.002087 0.002088 -0.000059 -0.001125 0.999997
10008.099919000 -0.008175 0.004013 -0.001436 0.001141 -0.000341 -0.000684 0.999999
10008.133252000 -0.009528 0.002963 -0.001563 0.000216 0.000494 -0.000910 0.999999
10008.166585000 -0.008798 0.001952 -0.000893 -0.000525 0.000717 -0.000272 1.000000
10008.199918000 -0.009025 0.001218 -0.000243 -0.001486 0.000441 0.000171 0.999999
10008.233251000 -0.009026 0.001218 -0.000249 -0.001588 -0.000114 -0.000044 0.999999
10008.266584000 -0.008518 -0.000532 0.001071 -0.002442 0.000161 0.001159 0.999996
10008.299917000 -0.009647 -0.000913 0.000311 -0.003135 0.000342 0.001773 0.999993
10008.333250000 -0.020334 -0.005618 0.003999 -0.006896 0.000280 0.006143 0.999957
10008.366583000 -0.009484 -0.004204 0.003062 -0.004473 0.000125 0.004446 0.999980
10008.399916000 -0.010760 -0.005390 0.003024 -0.004443 0.000082 0.004991 0.999978
10008.433249000 -0.010412 -0.004142 0.004522 -0.004048 -0.000044 0.005512 0.999977
10008.466582000 -0.010860 -0.006292 0.005240 -0.004638 0.000636 0.005747 0.999973
10008.499915000 -0.009678 -0.005905 0.006038 -0.004340 -0.000019 0.006106 0.999972
10008.533248000 -0.011435 -0.004883 0.006738 -0.002954 0.000746 0.005803 0.999979
10008.566581000 -0.010261 -0.004467 0.007533 -0.003179 0.001301 0.005983 0.999976
10008.599914000 -0.010082 -0.003849 0.008279 -0.002406 0.001124 0.005941 0.999979
10008.633247000 -0.011006 -0.003733 0.009744 -0.002458 0.002673 0.005844 0.999976
10008.666580000 -0.020886 -0.002885 0.021827 -0.001311 0.006614 0.009257 0.999934
10008.699913000 -0.010982 0.001076 0.012010 0.000346 0.004041 0.004004 0.999984
10008.733246000 -0.009878 0.000883 0.013514 0.000740 0.004379 0.002979 0.999986
10008.766579000 -0.010552 0.002322 0.013611 0.001505 0.005132 0.002647 0.999982
10008.799912000 -0.009429 0.002133 0.013696 0.001103 0.005051 0.001501 0.999986
10008.833245000 -0.009300 0.002076 0.013791 0.001061 0.004923 0.001474 0.999986
10008.866578000 -0.008016 0.003309 0.013812 0.001622 0.004254 0.000148 0.999990
10008.899911000 -0.008063 0.001873 0.013910 0.000990 0.004683 0.000290 0.999989
10008.933244000 -0.006120 0.000926 0.013141 0.000156 0.003333 -0.000686 0.999994
10008.966577000 -0.006031 0.000937 0.013181 0.000160 0.003258 -0.001275 0.999994
10008.999910000 -0.009453 -0.001169 0.023458 -0.001497 0.004449 -0.004312 0.999980
10009.033243000 -0.002599 -0.002971 0.010882 -0.002001 0.000845 -0.003135 0.999993
10009.066576000 -0.001745 -0.003082 0.009405 -0.001797 0.000016 -0.002813 0.999994
10009.099909000 -0.001916 -0.003741 0.008737 -0.002313 0.000542 -0.002650 0.999994
10009.133242000 -0.001335 -0.005950 0.008052 -0.003017 -0.000207 -0.001740 0.999994
10009.166575000 -0.000489 -0.006097 0.006602 -0.002997 -0.000144 -0.001717 0.999994
10009.199908000 -0.000876 -0.008164 0.006048 -0.003799 0.000447 0.000123 0.999993
10009.233241000 0.000176 -0.007623 0.005278 -0.002935 -0.000143 0.001075 0.999995
10009.266574000 -0.001039 -0.008237 0.003326 -0.002800 0.000725 0.002971 0.999991
10009.299907000 -0.000170 -0.009770 0.003396 -0.003060 0.000717 0.004636 0.999984
10009.333240000 -0.000047 -0.020408 0.003537 -0.005173 0.003215 0.016429 0.999846
10009.366573000 -0.000968 -0.010585 0.000165 -0.001859 0.002886 0.011341 0.999930
10009.399906000 -0.000772 -0.012012 0.000339 -0.002141 0.003210 0.013116 0.999907
10009.433239000 -0.000475 -0.011385 -0.000384 -0.001605 0.003490 0.014314 0.999890
10009.466572000 -0.000123 -0.012805 -0.000211 -0.001678 0.003802 0.015498 0.999871
10009.499905000 0.000285 -0.012801 -0.000152 -0.002341 0.003689 0.015993 0.999863
10009.533238000 0.000835 -0.013411 0.000670 -0.002116 0.003546 0.016444 0.999856
10009.566571000 0.001433 -0.013988 0.001508 -0.002785 0.003772 0.016370 0.999855
10009.599904000 0.001870 -0.013144 0.002179 -0.002272 0.003304 0.015579 0.999871
10009.633237000 0.001735 -0.015192 0.003344 -0.003604 0.003861 0.014953 0.999874
10009.666570000 0.007526 -0.028200 0.011538 -0.007428 0.004846 0.026167 0.999618
10009.699903000 0.003609 -0.013987 0.009183 -0.003863 0.001771 0.010879 0.999932
10009.733236000 0.005363 -0.014700 0.010730 -0.004884 0.001109 0.008563 0.999951
10009.766569000 0.005632 -0.013450 0.012821 -0.004572 -0.000069 0.006780 0.999967
10009.799902000 0.006335 -0.013217 0.016527 -0.005434 -0.000763 0.004073 0.999977
10009.833235000 0.006778 -0.013228 0.018870 -0.005574 -0.001181 0.001449 0.999983
10009.866568000 0.006943 -0.012390 0.021802 -0.005949 -0.002774 -0.001759 0.999977
10009.899901000 0.007247 -0.011997 0.025564 -0.006618 -0.003241 -0.004875 0.999961
10009.933234000 0.007352 -0.011529 0.029360 -0.007331 -0.004444 -0.008586 0.999926
10009.966567000 0.006946 -0.009641 0.032845 -0.007926 -0.005459 -0.012348 0.999877
10009.966567000 0.000000 -0.000000 0.000000 -0.000000 -0.000000 0.000000 1.000000
