10000.000000000 0.000000 0.000000 0.000000 0.000000 0.000000 0.000000 1.000000
10000.033333000 -0.011104 0.016296 0.003339 0.005740 0.000399 -0.009400 0.999939
10000.066666000 -0.012963 0.024552 0.008377 0.008636 -0.001745 -0.016444 0.999826
10000.099999000 -0.013052 0.032513 0.014750 0.011488 -0.004929 -0.025062 0.999608
10000.133332000 -0.011371 0.040179 0.022457 0.013753 -0.009375 -0.034507 0.999266
10000.166665000 -0.008728 0.048047 0.031181 0.016387 -0.015310 -0.044853 0.998742
10000.199998000 -0.005277 0.055419 0.040222 0.019414 -0.021955 -0.055997 0.998001
10000.233331000 -0.001017 0.062296 0.049580 0.021943 -0.029187 -0.067030 0.997083
10000.266664000 0.002282 0.068971 0.057921 0.024221 -0.036490 -0.077823 0.996005
10000.299997000 0.005427 0.074949 0.065561 0.025486 -0.044322 -0.088479 0.994765
10000.333330000 0.008420 0.080230 0.072500 0.027223 -0.052644 -0.097882 0.993432
10000.366663000 0.010254 0.088594 0.080907 0.027770 -0.067498 -0.112335 0.990986
10000.399996000 0.010056 0.091877 0.083393 0.026871 -0.075116 -0.116983 0.989924
10000.433329000 0.008745 0.094263 0.084161 0.025938 -0.081522 -0.120395 0.989033
10000.466662000 0.006472 0.096447 0.083911 0.023539 -0.087516 -0.122347 0.988341
10000.499995000 0.004855 0.097439 0.083277 0.021719 -0.093194 -0.123666 0.987699
10000.533328000 0.002932 0.097036 0.081243 0.018444 -0.098400 -0.124037 0.987214
10000.566661000 0.001970 0.096835 0.080225 0.015848 -0.103142 -0.123724 0.986815
10000.599994000 0.001512 0.094744 0.078123 0.012213 -0.107608 -0.122983 0.986482
10000.633327000 0.002823 0.092359 0.077356 0.008676 -0.111969 -0.122229 0.986128
10000.666660000 0.005752 0.088982 0.077221 0.005548 -0.116476 -0.120939 0.985787
10000.699993000 0.017423 0.079454 0.079871 0.000071 -0.124205 -0.120140 0.984957
10000.733326000 0.026165 0.073304 0.082655 -0.002036 -0.128222 -0.120749 0.984365
10000.766659000 0.035956 0.065644 0.086712 -0.005034 -0.131888 -0.121439 0.983785
10000.799992000 0.047277 0.058703 0.091147 -0.006439 -0.135513 -0.121879 0.983230
10000.833325000 0.060215 0.050771 0.096216 -0.008022 -0.139833 -0.123556 0.982403
10000.866658000 0.073153 0.042839 0.101285 -0.009183 -0.142922 -0.124388 0.981843
10000.899991000 0.087052 0.035108 0.107370 -0.010266 -0.146031 -0.125747 0.981202
10000.933324000 0.100798 0.026680 0.112756 -0.011469 -0.149183 -0.127143 0.980534
10000.966657000 0.114698 0.018949 0.118842 -0.011769 -0.152702 -0.128456 0.979818
10000.999990000 0.126827 0.011512 0.123594 -0.012113 -0.154778 -0.129481 0.979353
10001.033323000 0.150758 -0.000636 0.131885 -0.011152 -0.158957 -0.131227 0.978462
10001.066656000 0.161182 -0.005370 0.135748 -0.010084 -0.160238 -0.131284 0.978257
10001.099989000 0.170645 -0.010306 0.138593 -0.009782 -0.161887 -0.131558 0.977952
10001.133322000 0.177922 -0.014767 0.141444 -0.009270 -0.161560 -0.131394 0.978033
10001.166655000 0.185768 -0.018711 0.143656 -0.008676 -0.161971 -0.131362 0.977974
10001.199988000 0.193614 -0.022655 0.145868 -0.009113 -0.162595 -0.131572 0.977839
10001.233321000 0.199274 -0.026125 0.148085 -0.008995 -0.161541 -0.130802 0.978118
10001.266654000 0.205175 -0.030609 0.151259 -0.010334 -0.161132 -0.130976 0.978149
10001.299987000 0.210683 -0.034777 0.152776 -0.011831 -0.160042 -0.131041 0.978302
10001.333320000 0.215207 -0.039283 0.156272 -0.013728 -0.158158 -0.131015 0.978587
10001.366653000 0.225304 -0.049806 0.164537 -0.020064 -0.155144 -0.131574 0.978885
10001.399986000 0.229500 -0.055845 0.169629 -0.024692 -0.152667 -0.132435 0.979053
10001.433319000 0.234505 -0.062379 0.175038 -0.029497 -0.150710 -0.132888 0.979161
10001.466652000 0.239510 -0.068914 0.180446 -0.034507 -0.148632 -0.133872 0.979181
10001.499985000 0.243794 -0.076663 0.185793 -0.040598 -0.146074 -0.134383 0.979263
10001.533318000 0.248231 -0.083716 0.191841 -0.046289 -0.143665 -0.134830 0.979305
10001.566651000 0.252908 -0.091782 0.198845 -0.052146 -0.141740 -0.135405 0.979212
10001.599984000 0.257498 -0.098138 0.205593 -0.056915 -0.139086 -0.135578 0.979303
10001.633317000 0.262744 -0.105686 0.211958 -0.062059 -0.137432 -0.136058 0.979157
10001.666650000 0.267181 -0.112738 0.218006 -0.066746 -0.135368 -0.135791 0.979174
10001.699983000 0.277999 -0.126303 0.229140 -0.074263 -0.132602 -0.134723 0.979159
10001.733316000 0.284534 -0.132118 0.234926 -0.076441 -0.132185 -0.133903 0.979160
10001.766649000 0.290107 -0.138134 0.239695 -0.078627 -0.131760 -0.133081 0.979156
10001.799982000 0.296248 -0.143632 0.243825 -0.079788 -0.131220 -0.132588 0.979201
10001.833315000 0.303919 -0.148411 0.248333 -0.080184 -0.131603 -0.131686 0.979239
10001.866648000 0.311350 -0.152176 0.251885 -0.079800 -0.132352 -0.131293 0.979223
10001.899981000 0.319348 -0.155423 0.254797 -0.078381 -0.132993 -0.131228 0.979259
10001.933314000 0.327347 -0.158670 0.257709 -0.076816 -0.133085 -0.130983 0.979403
10001.966647000 0.335673 -0.160384 0.259026 -0.074290 -0.133651 -0.131780 0.979414
10001.999980000 0.344961 -0.161898 0.261360 -0.071028 -0.134530 -0.133072 0.979361
10002.033313000 0.366377 -0.162335 0.262832 -0.063482 -0.136153 -0.138135 0.978954
10002.066646000 0.377128 -0.161280 0.262292 -0.058513 -0.137173 -0.141867 0.978588
10002.099979000 0.389409 -0.159506 0.262130 -0.053491 -0.138173 -0.146132 0.978106
10002.133312000 0.401385 -0.159126 0.260567 -0.048762 -0.139012 -0.150963 0.977501
10002.166645000 0.414649 -0.157012 0.258426 -0.043524 -0.140611 -0.155902 0.976744
10002.199978000 0.426952 -0.155100 0.255267 -0.038422 -0.141531 -0.161252 0.975956
10002.233311000 0.440720 -0.154877 0.252042 -0.034836 -0.142955 -0.166465 0.975008
10002.266644000 0.453526 -0.154854 0.247799 -0.031097 -0.144958 -0.171795 0.973913
10002.299977000 0.466179 -0.155529 0.242855 -0.028085 -0.146647 -0.177193 0.972784
10002.333310000 0.480057 -0.156878 0.236888 -0.025309 -0.149844 -0.182438 0.971402
10002.366643000 0.505911 -0.164098 0.222730 -0.023854 -0.156732 -0.191054 0.968692
10002.399976000 0.518696 -0.170464 0.214855 -0.024333 -0.160674 -0.194888 0.967270
10002.433309000 0.531088 -0.176513 0.205324 -0.025424 -0.164835 -0.197779 0.965954
10002.466642000 0.543568 -0.184273 0.196048 -0.027456 -0.169559 -0.200449 0.964529
10002.499975000 0.555239 -0.191537 0.186456 -0.029278 -0.174248 -0.201942 0.963328
10002.533308000 0.566910 -0.198801 0.176863 -0.031036 -0.178817 -0.203401 0.962128
10002.566641000 0.577051 -0.206785 0.166892 -0.033435 -0.182583 -0.203698 0.961277
10002.599974000 0.587914 -0.213553 0.156983 -0.035286 -0.186890 -0.203999 0.960319
10002.633307000 0.597312 -0.218633 0.147141 -0.036245 -0.190033 -0.203250 0.959825
10002.666640000 0.606710 -0.223713 0.137299 -0.037302 -0.193080 -0.201937 0.959453
10002.699973000 0.623691 -0.229598 0.119466 -0.037597 -0.197487 -0.197341 0.959501
10002.733306000 0.631034 -0.229389 0.110520 -0.036463 -0.198573 -0.193904 0.960021
10002.766639000 0.637153 -0.228505 0.102597 -0.035299 -0.198833 -0.190845 0.960624
10002.799972000 0.643425 -0.226924 0.095374 -0.033707 -0.199701 -0.187820 0.961097
10002.833305000 0.649763 -0.222936 0.088597 -0.031117 -0.200009 -0.185551 0.961561
10002.866638000 0.654876 -0.218273 0.082843 -0.028551 -0.200371 -0.183304 0.961996
10002.899971000 0.660863 -0.211698 0.077850 -0.024954 -0.201500 -0.182647 0.961985
10002.933304000 0.665473 -0.205145 0.073181 -0.021888 -0.201924 -0.183092 0.961886
10002.966637000 0.670629 -0.198212 0.070868 -0.018727 -0.203198 -0.185367 0.961249
10002.999970000 0.675698 -0.189568 0.068300 -0.014976 -0.204538 -0.189185 0.960286
10003.033303000 0.685158 -0.171226 0.066545 -0.007254 -0.208818 -0.203826 0.956450
10003.066636000 0.690358 -0.162023 0.067675 -0.003695 -0.212026 -0.214249 0.953482
10003.099969000 0.696278 -0.151606 0.068866 0.000440 -0.215573 -0.226270 0.949911
10003.133302000 0.701630 -0.141706 0.070696 0.004260 -0.219222 -0.239497 0.945814
10003.166635000 0.707704 -0.130591 0.072588 0.008334 -0.223125 -0.253773 0.941140
10003.199968000 0.713777 -0.119477 0.074479 0.013169 -0.227027 -0.268298 0.936110
10003.233301000 0.720419 -0.107844 0.075731 0.017930 -0.230665 -0.283220 0.930730
10003.266634000 0.727629 -0.095693 0.076344 0.023227 -0.234638 -0.297840 0.925039
10003.299967000 0.734685 -0.084239 0.076256 0.027997 -0.237979 -0.311755 0.919451
10003.333300000 0.743840 -0.071548 0.075907 0.033661 -0.242205 -0.324715 0.913654
10003.366633000 0.761625 -0.046407 0.069854 0.045200 -0.248070 -0.346862 0.903385
10003.399966000 0.772441 -0.034431 0.064146 0.050771 -0.250501 -0.355789 0.898936
10003.433299000 0.783584 -0.020923 0.056841 0.056910 -0.252788 -0.362301 0.895320
10003.466632000 0.794990 -0.008291 0.047496 0.062739 -0.253990 -0.367199 0.892591
10003.499965000 0.807795 0.004502 0.034831 0.068903 -0.255042 -0.369399 0.890927
10003.533298000 0.821583 0.017634 0.020187 0.074674 -0.255944 -0.369180 0.890294
10003.566631000 0.836202 0.030408 0.002864 0.080543 -0.255797 -0.365875 0.891188
10003.599964000 0.852219 0.043343 -0.017779 0.086377 -0.255713 -0.359563 0.893233
10003.633297000 0.869635 0.056438 -0.041742 0.092321 -0.255102 -0.349608 0.896757
10003.666630000 0.887729 0.068479 -0.069085 0.098176 -0.254086 -0.335965 0.901626
