10006.299937000 10000.00 -0.000 0.000 -0.0000 0.00000 0.000000 0.000000 1.000000
10006.333270000 0.011411 -0.016121 -0.003143 -0.005740 -0.000400 0.009400 0.999939
10006.366603000 0.002113 -0.008276 -0.004903 -0.002919 0.002158 0.007031 0.999969
10006.399936000 0.000430 -0.008093 -0.006191 -0.002891 0.003211 0.008598 0.999954
10006.433269000 -0.001284 -0.007978 -0.007463 -0.002333 0.004498 0.009410 0.999943
10006.466602000 -0.002176 -0.008365 -0.008384 -0.002748 0.005987 0.010299 0.999925
10006.499935000 -0.002973 -0.008075 -0.008599 -0.003162 0.006696 0.011100 0.999911
10006.533268000 -0.003803 -0.007818 -0.008799 -0.002705 0.007309 0.010977 0.999909
10006.566601000 -0.002778 -0.007542 -0.007772 -0.002469 0.007397 0.010741 0.999912
10006.599934000 -0.002657 -0.006871 -0.007052 -0.001510 0.008006 0.010565 0.999911
10006.633267000 -0.002566 -0.006192 -0.006330 -0.002083 0.008424 0.009337 0.999919
10006.666600000 -0.000950 -0.009132 -0.007728 -0.001303 0.015225 0.014222 0.999782
10006.699933000 0.000610 -0.003319 -0.002367 0.000320 0.007851 0.004453 0.999959
10006.733266000 0.001715 -0.002061 -0.000900 0.000407 0.006609 0.003240 0.999973
10006.766599000 0.002749 -0.001560 -0.000106 0.001791 0.006324 0.001662 0.999977
10006.799932000 0.001900 -0.000529 0.000335 0.001205 0.005922 0.001090 0.999981
10006.833265000 0.002112 0.000978 0.001607 0.002616 0.005600 0.000008 0.999981
10006.866598000 0.001065 0.000484 0.000794 0.001936 0.005037 -0.000602 0.999985
10006.899931000 0.000361 0.002243 0.001958 0.002952 0.004880 -0.001135 0.999983
10006.933264000 -0.001652 0.002035 0.001065 0.002867 0.004765 -0.001135 0.999984
10006.966597000 -0.003542 0.002588 0.000866 0.002387 0.004854 -0.001619 0.999984
10006.999930000 -0.013877 0.006411 0.000570 0.004367 0.008374 -0.001367 0.999954
10007.033263000 -0.010363 0.003813 -0.000275 0.001668 0.004284 0.000408 0.999989
10007.066596000 -0.012040 0.004992 -0.001065 0.002598 0.004043 0.000372 0.999988
10007.099929000 -0.013408 0.003911 -0.000956 0.001004 0.003809 0.000334 0.999992
10007.133262000 -0.015347 0.004423 -0.000941 0.001262 0.004541 0.001563 0.999988
10007.166595000 -0.015360 0.004403 -0.000834 0.000880 0.003250 0.000748 0.999994
10007.199928000 -0.016510 0.003912 -0.001438 0.000877 0.003267 0.001288 0.999993
10007.233261000 -0.016355 0.004595 -0.000654 0.000995 0.003327 0.001310 0.999993
10007.266594000 -0.016550 0.003827 -0.001201 0.000051 0.003580 0.001375 0.999993
10007.299927000 -0.014455 0.003986 -0.000410 0.000233 0.002137 0.001036 0.999997
10007.333260000 -0.027577 0.005332 0.000275 -0.001201 0.004085 0.002024 0.999989
10007.366593000 -0.011952 0.001773 -0.000130 -0.001202 0.001146 0.000267 0.999999
10007.399926000 -0.010802 0.002231 0.000581 -0.000465 0.001619 0.000373 0.999999
10007.433259000 -0.008688 0.002346 -0.000150 -0.000485 -0.000398 -0.000092 1.000000
10007.466592000 -0.008871 0.001713 0.000607 -0.000639 0.000333 0.000077 1.000000
10007.499925000 -0.008872 0.001709 0.000621 0.000381 0.000688 0.000157 1.000000
10007.533258000 -0.006755 0.001831 -0.000119 -0.000105 -0.001085 -0.000779 0.999999
10007.566591000 -0.007535 0.002728 -0.000884 0.001391 -0.000232 -0.000054 0.999999
10007.599924000 -0.006569 0.002561 0.000540 0.001616 -0.000896 -0.000209 0.999998
10007.633257000 -0.006373 0.003120 -0.001628 0.002095 -0.001639 -0.000389 0.999996
10007.666590000 -0.014461 0.007473 -0.004005 0.006679 -0.002174 -0.000536 0.999975
10007.699923000 -0.006929 0.004740 -0.003085 0.004987 -0.001859 0.000054 0.999986
10007.733256000 -0.007882 0.005041 -0.003076 0.005029 -0.001307 -0.000353 0.999986
10007.766589000 -0.007875 0.005071 -0.003045 0.005330 -0.001402 0.000144 0.999985
10007.799922000 -0.007482 0.006481 -0.003002 0.006380 -0.001719 -0.000505 0.999978
10007.833255000 -0.007638 0.005849 -0.003667 0.005959 -0.001618 -0.000497 0.999981
10007.866588000 -0.008381 0.006864 -0.004318 0.006082 -0.001108 -0.000355 0.999981
10007.899921000 -0.007773 0.005287 -0.004316 0.005049 -0.001975 -0.000657 0.999985
10007.933254000 -0.008556 0.006259 -0.003552 0.005337 -0.000930 -0.000320 0.999985
10007.966587000 -0.007572 0.006038 -0.003495 0.004832 -0.001368 -0.001035 0.999987
10007.999920000 -0.016471 0.011076 -0.005569 0.007592 -0.001614 -0.002247 0.999967
10008.033253000 -0.009095 0.004354 -0.002882 0.002080 -0.000055 -0.001124 0.999997
10008.066586000 -0.007956 0.004728 -0.002087 0.002088 -0.000059 -0.001125 0.999997
10008.099919000 -0.008175 0.004013 -0.001436 0.001141 -0.000341 -0.000684 0.999999
10008.133252000 -0.009528 0.002963 -0.001563 0.000216 0.000494 -0.000910 0.999999
10008.166585000 -0.008798 0.001952 -0.000893 -0.000525 0.000717 -0.000272 1.000000
10008.199918000 -0.009025 0.001218 -0.000243 -0.001486 0.000441 0.000171 0.999999
10008.233251000 -0.009026 0.001218 -0.000249 -0.001588 -0.000114 -0.000044 0.999999
10008.266584000 -0.008518 -0.000532 0.001071 -0.002442 0.000161 0.001159 0.999996
10008.299917000 -0.009647 -0.000913 0.000311 -0.003135 0.000342 0.001773 0.999993
10008.333250000 -0.020334 -0.005618 0.003999 -0.006896 0.000280 0.006143 0.999957
10008.366583000 -0.009484 -0.004204 0.003062 -0.004473 0.000125 0.004446 0.999980
10008.399916000 -0.010760 -0.005390 0.003024 -0.004443 0.000082 0.004991 0.999978
10008.433249000 -0.010412 -0.004142 0.004522 -0.004048 -0.000044 0.005512 0.999977
10008.466582000 -0.010860 -0.006292 0.005240 -0.004638 0.000636 0.005747 0.999973
10008.499915000 -0.009678 -0.005905 0.006038 -0.004340 -0.000019 0.006106 0.999972
10008.533248000 -0.011435 -0.004883 0.006738 -0.002954 0.000746 0.005803 0.999979
10008.566581000 -0.010261 -0.004467 0.007533 -0.003179 0.001301 0.005983 0.999976
10008.599914000 -0.010082 -0.003849 0.008279 -0.002406 0.001124 0.005941 0.999979
10008.633247000 -0.011006 -0.003733 0.009744 -0.002458 0.002673 0.005844 0.999976
10008.666580000 -0.020886 -0.002885 0.021827 -0.001311 0.006614 0.009257 0.999934
10008.699913000 -0.010982 0.001076 0.012010 0.000346 0.004041 0.004004 0.999984
10008.733246000 -0.009878 0.000883 0.013514 0.000740 0.004379 0.002979 0.999986
10008.766579000 -0.010552 0.002322 0.013611 0.001505 0.005132 0.002647 0.999982
10008.799912000 -0.009429 0.002133 0.013696 0.001103 0.005051 0.001501 0.999986
10008.833245000 -0.009300 0.002076 0.013791 0.001061 0.004923 0.001474 0.999986
10008.866578000 -0.008016 0.003309 0.013812 0.001622 0.004254 0.000148 0.999990
10008.899911000 -0.008063 0.001873 0.013910 0.000990 0.004683 0.000290 0.999989
10008.933244000 -0.006120 0.000926 0.013141 0.000156 0.003333 -0.000686 0.999994
10008.966577000 -0.006031 0.000937 0.013181 0.000160 0.003258 -0.001275 0.999994
10008.999910000 -0.009453 -0.001169 0.023458 -0.001497 0.004449 -0.004312 0.999980
10009.033243000 -0.002599 -0.002971 0.010882 -0.002001 0.000845 -0.003135 0.999993
10009.066576000 -0.001745 -0.003082 0.009405 -0.001797 0.000016 -0.002813 0.999994
10009.099909000 -0.001916 -0.003741 0.008737 -0.002313 0.000542 -0.002650 0.999994
10009.133242000 -0.001335 -0.005950 0.008052 -0.003017 -0.000207 -0.001740 0.999994
10009.166575000 -0.000489 -0.006097 0.006602 -0.002997 -0.000144 -0.001717 0.999994
10009.199908000 -0.000876 -0.008164 0.006048 -0.003799 0.000447 0.000123 0.999993
10009.233241000 0.000176 -0.007623 0.005278 -0.002935 -0.000143 0.001075 0.999995
10009.266574000 -0.001039 -0.008237 0.003326 -0.002800 0.000725 0.002971 0.999991
10009.299907000 -0.000170 -0.009770 0.003396 -0.003060 0.000717 0.004636 0.999984
10009.333240000 -0.000047 -0.020408 0.003537 -0.005173 0.003215 0.016429 0.999846
10009.366573000 -0.000968 -0.010585 0.000165 -0.001859 0.002886 0.011341 0.999930
10009.399906000 -0.000772 -0.012012 0.000339 -0.002141 0.003210 0.013116 0.999907
10009.433239000 -0.000475 -0.011385 -0.000384 -0.001605 0.003490 0.014314 0.999890
10009.466572000 -0.000123 -0.012805 -0.000211 -0.001678 0.003802 0.015498 0.999871
10009.499905000 0.000285 -0.012801 -0.000152 -0.002341 0.003689 0.015993 0.999863
10009.533238000 0.000835 -0.013411 0.000670 -0.002116 0.003546 0.016444 0.999856
10009.566571000 0.001433 -0.013988 0.001508 -0.002785 0.003772 0.016370 0.999855
10009.599904000 0.001870 -0.013144 0.002179 -0.002272 0.003304 0.015579 0.999871
10009.633237000 0.001735 -0.015192 0.003344 -0.003604 0.003861 0.014953 0.999874
10009.666570000 0.007526 -0.028200 0.011538 -0.007428 0.004846 0.026167 0.999618
10009.699903000 0.003609 -0.013987 0.009183 -0.003863 0.001771 0.010879 0.999932
10009.733236000 0.005363 -0.014700 0.010730 -0.004884 0.001109 0.008563 0.999951
10009.766569000 0.005632 -0.013450 0.012821 -0.004572 -0.000069 0.006780 0.999967
10009.799902000 0.006335 -0.013217 0.016527 -0.005434 -0.000763 0.004073 0.999977
10009.833235000 0.006778 -0.013228 0.018870 -0.005574 -0.001181 0.001449 0.999983
10009.866568000 0.006943 -0.012390 0.021802 -0.005949 -0.002774 -0.001759 0.999977
10009.899901000 0.007247 -0.011997 0.025564 -0.006618 -0.003241 -0.004875 0.999961
10009.933234000 0.007352 -0.011529 0.029360 -0.007331 -0.004444 -0.008586 0.999926
10009.966567000 0.006946 -0.009641 0.032845 -0.007926 -0.005459 -0.012348 0.999877
10009.966567000 0.000000 -0.000000 0.000000 -0.000000 -0.000000 0.000000 1.000000
