10000.000000000 0.000000 0.000000 0.000000 0.000000 -0.000000 0.000000 1.000000
10000.033333000 0.010439 0.003247 -0.001869 0.002361 -0.004880 -0.001859 0.999984
10000.066666000 0.020741 0.007083 -0.002940 0.004284 -0.009443 -0.003997 0.999938
10000.099999000 0.030332 0.009880 -0.003367 0.005834 -0.013635 -0.005900 0.999873
10000.133332000 0.040883 0.012957 -0.003836 0.007276 -0.018288 -0.008629 0.999769
10000.166665000 0.051433 0.016034 -0.004305 0.008740 -0.022927 -0.011331 0.999635
10000.199998000 0.061025 0.018831 -0.004731 0.009838 -0.027168 -0.014354 0.999479
10000.233331000 0.071823 0.021150 -0.004598 0.010830 -0.031849 -0.017624 0.999279
10000.266664000 0.081526 0.023777 -0.003625 0.011666 -0.036174 -0.021170 0.999053
10000.299997000 0.091366 0.025815 -0.003449 0.012160 -0.040013 -0.023944 0.998838
10000.333330000 0.111045 0.029892 -0.003098 0.013434 -0.048633 -0.031092 0.998242
10000.366663000 0.120884 0.031931 -0.002922 0.013987 -0.052395 -0.033784 0.997957
10000.399996000 0.129628 0.034278 -0.001906 0.014796 -0.056211 -0.036968 0.997625
10000.433329000 0.139467 0.036317 -0.001730 0.015795 -0.060298 -0.039790 0.997262
10000.466662000 0.148099 0.038834 -0.002114 0.016922 -0.063931 -0.042324 0.996913
10000.499995000 0.156731 0.041352 -0.002498 0.018289 -0.067528 -0.044264 0.996567
10000.533328000 0.165364 0.043869 -0.002882 0.019665 -0.071110 -0.046180 0.996205
10000.566661000 0.173996 0.046387 -0.003266 0.021274 -0.074668 -0.047512 0.995849
10000.599994000 0.181421 0.049383 -0.004209 0.022999 -0.077803 -0.048580 0.995519
10000.633327000 0.189941 0.052071 -0.005993 0.025301 -0.081568 -0.049438 0.995119
10000.666660000 0.204295 0.059581 -0.009085 0.030915 -0.087876 -0.048635 0.994463
10000.699993000 0.211360 0.063507 -0.012030 0.033926 -0.090687 -0.047764 0.994155
10000.733326000 0.218425 0.067432 -0.014976 0.037641 -0.093881 -0.047004 0.993761
10000.766659000 0.225603 0.071187 -0.016522 0.041627 -0.097250 -0.046258 0.993313
10000.799992000 0.232916 0.074354 -0.018865 0.045253 -0.100233 -0.045877 0.992875
10000.833325000 0.241300 0.077630 -0.019851 0.049540 -0.104160 -0.046407 0.992241
10000.866658000 0.249684 0.080906 -0.020837 0.054345 -0.107520 -0.047055 0.991601
10000.899991000 0.258564 0.082665 -0.020619 0.058624 -0.110598 -0.049154 0.990916
10000.933324000 0.268764 0.083775 -0.018441 0.063403 -0.114775 -0.052727 0.989963
10000.966657000 0.280170 0.084406 -0.015703 0.067789 -0.119089 -0.057367 0.988904
10000.999990000 0.307212 0.082543 -0.005945 0.077649 -0.127964 -0.071707 0.986131
10001.033323000 0.321889 0.079770 0.001119 0.082125 -0.132520 -0.081359 0.984416
10001.066656000 0.337062 0.075479 0.009388 0.086392 -0.137872 -0.091583 0.982416
10001.099989000 0.352235 0.071188 0.017657 0.090725 -0.142808 -0.102173 0.980273
10001.133322000 0.366585 0.066030 0.025172 0.094309 -0.147955 -0.113095 0.977970
10001.166655000 0.379591 0.061938 0.032923 0.098710 -0.153148 -0.123861 0.975428
10001.199988000 0.391912 0.056391 0.039124 0.102043 -0.158274 -0.134054 0.972916
10001.233321000 0.402201 0.050454 0.044010 0.104539 -0.164006 -0.143919 0.970289
10001.266654000 0.409005 0.045365 0.046419 0.106786 -0.169222 -0.152949 0.967764
10001.299987000 0.413531 0.040645 0.046913 0.108371 -0.174244 -0.160660 0.965445
10001.333320000 0.410618 0.031428 0.038164 0.108210 -0.183451 -0.172922 0.961631
10001.366653000 0.403753 0.028556 0.029074 0.107624 -0.187888 -0.177023 0.960093
10001.399986000 0.394610 0.026053 0.018068 0.105534 -0.191943 -0.180643 0.958847
10001.433319000 0.383189 0.023920 0.005145 0.103357 -0.195457 -0.183404 0.957850
10001.466652000 0.370696 0.021677 -0.009135 0.100392 -0.198714 -0.185221 0.957145
10001.499985000 0.356612 0.021261 -0.023780 0.097371 -0.201367 -0.186452 0.956664
10001.533318000 0.343624 0.020535 -0.039265 0.093831 -0.203705 -0.187382 0.956341
10001.566651000 0.331459 0.020678 -0.053995 0.090582 -0.205442 -0.187632 0.956234
10001.599984000 0.321076 0.021969 -0.068014 0.087513 -0.206538 -0.187591 0.956291
10001.633317000 0.311763 0.023369 -0.080676 0.084534 -0.207290 -0.187373 0.956439
10001.666650000 0.304633 0.027048 -0.099666 0.079888 -0.207572 -0.186426 0.956962
10001.699983000 0.305471 0.030394 -0.105757 0.078508 -0.206694 -0.186252 0.957301
10001.733316000 0.309547 0.033651 -0.109974 0.078274 -0.205628 -0.185681 0.957660
10001.766649000 0.315901 0.036538 -0.112274 0.077401 -0.204832 -0.185330 0.957970
10001.799982000 0.325108 0.040682 -0.112506 0.077800 -0.204174 -0.185000 0.958142
10001.833315000 0.334563 0.044068 -0.112136 0.077995 -0.202746 -0.184888 0.958450
10001.866648000 0.347392 0.046775 -0.110688 0.078878 -0.202499 -0.184934 0.958422
10001.899981000 0.360332 0.049313 -0.107841 0.079462 -0.202560 -0.185118 0.958325
10001.933314000 0.374480 0.051371 -0.104435 0.079983 -0.203318 -0.185521 0.958043
10001.966647000 0.387917 0.052391 -0.100383 0.080785 -0.204811 -0.186058 0.957554
10001.999980000 0.416630 0.051846 -0.091312 0.082499 -0.211687 -0.188236 0.955484
10002.033313000 0.430698 0.050760 -0.086852 0.083455 -0.216735 -0.189374 0.954043
10002.066646000 0.443097 0.048356 -0.081705 0.083905 -0.221701 -0.190618 0.952614
10002.099979000 0.455632 0.045364 -0.077354 0.084425 -0.227974 -0.192988 0.950608
10002.133312000 0.467456 0.041334 -0.072359 0.084676 -0.234604 -0.194728 0.948616
10002.166645000 0.479279 0.037303 -0.067364 0.084638 -0.241934 -0.196364 0.946438
10002.199978000 0.489569 0.031366 -0.062477 0.083791 -0.248718 -0.198448 0.944318
10002.233311000 0.499722 0.026017 -0.056794 0.082975 -0.256552 -0.200776 0.941799
10002.266644000 0.508342 0.018762 -0.051220 0.081158 -0.263235 -0.203117 0.939609
10002.299977000 0.516713 0.012266 -0.046249 0.079388 -0.270311 -0.204753 0.937393
10002.333310000 0.528884 -0.002466 -0.033294 0.073816 -0.282498 -0.209843 0.933119
10002.366643000 0.533667 -0.010840 -0.027550 0.070171 -0.287746 -0.212029 0.931301
10002.399976000 0.538066 -0.017867 -0.021610 0.066574 -0.292327 -0.214073 0.929670
10002.433309000 0.540794 -0.026212 -0.014984 0.062592 -0.296903 -0.216754 0.927873
10002.466642000 0.543275 -0.033799 -0.008959 0.058786 -0.300505 -0.218676 0.926511
10002.499975000 0.544796 -0.041665 -0.002892 0.054928 -0.303548 -0.220972 0.925210
10002.533308000 0.546069 -0.048773 0.002572 0.051863 -0.306243 -0.222889 0.924038
10002.566641000 0.546958 -0.054533 0.008232 0.050047 -0.308266 -0.224192 0.923150
10002.599974000 0.547984 -0.060882 0.013094 0.048626 -0.309935 -0.225689 0.922301
10002.633307000 0.547554 -0.065993 0.016793 0.048353 -0.310672 -0.226480 0.921874
10002.666640000 0.548116 -0.074139 0.022903 0.051818 -0.311031 -0.226632 0.921527
10002.699973000 0.548149 -0.077454 0.025355 0.055019 -0.310180 -0.226087 0.921762
10002.733306000 0.548645 -0.078971 0.026560 0.059682 -0.309370 -0.224974 0.922017
10002.766639000 0.547934 -0.080009 0.027205 0.065332 -0.307219 -0.223139 0.922799
10002.799972000 0.548182 -0.080768 0.027808 0.071799 -0.305146 -0.220553 0.923627
10002.833305000 0.547934 -0.080009 0.027205 0.078921 -0.302298 -0.217564 0.924691
10002.866638000 0.548645 -0.078971 0.026560 0.086369 -0.299753 -0.214578 0.925551
10002.899971000 0.548149 -0.077454 0.025355 0.093585 -0.296057 -0.210530 0.926968
10002.933304000 0.548612 -0.075657 0.024108 0.100551 -0.293346 -0.206416 0.928025
10002.966637000 0.547868 -0.073381 0.022301 0.106871 -0.289499 -0.201902 0.929519
10002.999970000 0.548050 -0.067511 0.017998 0.117032 -0.282243 -0.191425 0.932737
10003.033303000 0.548265 -0.064955 0.016148 0.120847 -0.278939 -0.185959 0.934349
10003.066636000 0.547272 -0.061920 0.013739 0.124250 -0.274918 -0.180171 0.936227
10003.099969000 0.547487 -0.059365 0.011889 0.126428 -0.271891 -0.174660 0.937862
10003.133302000 0.547950 -0.057568 0.010641 0.127847 -0.269224 -0.169143 0.939449
10003.166635000 0.547702 -0.056809 0.010039 0.129202 -0.266183 -0.164094 0.941024
10003.199968000 0.547454 -0.056050 0.009436 0.129814 -0.263488 -0.159020 0.942568
10003.233301000 0.547950 -0.057568 0.010641 0.129996 -0.261450 -0.154666 0.943834
10003.266634000 0.547736 -0.060124 0.012491 0.130504 -0.259096 -0.150625 0.945066
10003.299967000 0.548017 -0.064196 0.015546 0.130571 -0.257371 -0.147252 0.946059
10003.333300000 0.548645 -0.078971 0.026560 0.129763 -0.254727 -0.142530 0.947608
10003.366633000 0.548744 -0.088914 0.033917 0.129349 -0.253826 -0.141391 0.948077
10003.399966000 0.549091 -0.099615 0.041877 0.129414 -0.252951 -0.140499 0.948434
10003.433299000 0.550646 -0.110796 0.050397 0.128792 -0.252981 -0.140306 0.948539
10003.466632000 0.551952 -0.121218 0.058314 0.129023 -0.252668 -0.140572 0.948552
10003.499965000 0.554217 -0.131360 0.066188 0.128755 -0.252985 -0.141069 0.948430
10003.533298000 0.555987 -0.139985 0.072857 0.128772 -0.252971 -0.141438 0.948377
10003.566631000 0.558930 -0.145774 0.077634 0.129132 -0.253258 -0.142128 0.948148
10003.599964000 0.563296 -0.149487 0.081121 0.129457 -0.254222 -0.142926 0.947726
10003.633297000 0.567628 -0.149886 0.082155 0.129471 -0.255060 -0.143799 0.947367
10003.666630000 0.578824 -0.139141 0.076136 0.130603 -0.256679 -0.144842 0.946615
10003.699963000 0.586646 -0.127720 0.069040 0.131586 -0.258126 -0.145140 0.946039
10003.733296000 0.593476 -0.113263 0.059534 0.132343 -0.258736 -0.145387 0.945729
10003.766629000 0.600520 -0.096250 0.048179 0.133407 -0.259408 -0.145166 0.945429
10003.799962000 0.607069 -0.077721 0.035618 0.134336 -0.259674 -0.144928 0.945261
10003.833295000 0.613122 -0.057674 0.021853 0.135134 -0.259554 -0.144675 0.945219
10003.866628000 0.617967 -0.037148 0.007528 0.135999 -0.259232 -0.143993 0.945288
10003.899961000 0.621142 -0.017940 -0.006110 0.136047 -0.258444 -0.143872 0.945515
10003.933294000 0.622399 0.000708 -0.019662 0.136039 -0.257160 -0.143318 0.945951
10003.966627000 0.621986 0.018039 -0.032526 0.136307 -0.255063 -0.142575 0.946592
10003.999960000 0.613305 0.044591 -0.053612 0.135390 -0.249348 -0.142051 0.948323
10004.033293000 0.605036 0.053814 -0.061832 0.134825 -0.245313 -0.141269 0.949572
10004.066626000 0.595842 0.059442 -0.067558 0.133688 -0.241489 -0.141038 0.950746
10004.099959000 0.585226 0.062994 -0.071994 0.132582 -0.237086 -0.140697 0.952059
10004.133292000 0.573683 0.062951 -0.073934 0.131117 -0.232936 -0.140471 0.953319
10004.166625000 0.561925 0.060353 -0.074025 0.129575 -0.228742 -0.140238 0.954579
10004.199958000 0.551160 0.054721 -0.071706 0.127858 -0.225085 -0.140113 0.955697
10004.233291000 0.541386 0.046053 -0.066977 0.126119 -0.222235 -0.140465 0.956543
10004.266624000 0.532357 0.035110 -0.060441 0.124348 -0.219693 -0.140501 0.957357
10004.299957000 0.526238 0.021692 -0.051580 0.122440 -0.218657 -0.140812 0.957794
10004.333290000 0.523229 -0.014088 -0.025681 0.118856 -0.221427 -0.142193 0.957405
10004.366623000 0.525841 -0.034931 -0.009847 0.117357 -0.224754 -0.143147 0.956672
10004.399956000 0.530157 -0.057771 0.007751 0.115529 -0.229490 -0.144434 0.955576
10004.433289000 0.536639 -0.080810 0.025867 0.113997 -0.235121 -0.145802 0.954183
10004.466622000 0.545536 -0.104807 0.045102 0.112222 -0.242289 -0.147501 0.952337
10004.499955000 0.554432 -0.128804 0.064338 0.110474 -0.250079 -0.149302 0.950245
10004.533288000 0.563792 -0.151005 0.082326 0.108779 -0.258090 -0.151125 0.948007
10004.566621000 0.573863 -0.172166 0.099669 0.107231 -0.266711 -0.153003 0.945493
10004.599954000 0.582478 -0.192090 0.115849 0.104696 -0.275008 -0.155138 0.943049
10004.633287000 0.591060 -0.208700 0.129577 0.102904 -0.283187 -0.157025 0.940510
10004.666620000 0.603082 -0.232616 0.149287 0.098747 -0.296586 -0.160539 0.936223
10004.699953000 0.606522 -0.239923 0.155268 0.096392 -0.301683 -0.162158 0.934559
10004.733286000 0.608258 -0.245234 0.159485 0.093352 -0.305854 -0.163889 0.933209
10004.766619000 0.610458 -0.248747 0.162455 0.090818 -0.310051 -0.165464 0.931795
10004.799952000 0.611450 -0.251782 0.164865 0.088304 -0.313034 -0.166855 0.930791
10004.833285000 0.611483 -0.255096 0.167317 0.085182 -0.315538 -0.168406 0.929957
10004.866618000 0.612723 -0.258889 0.170329 0.082214 -0.317893 -0.169893 0.929151
10004.899951000 0.613500 -0.264479 0.174589 0.079016 -0.319894 -0.171422 0.928460
10004.933284000 0.615021 -0.272346 0.180656 0.076183 -0.322042 -0.172854 0.927689
10004.966617000 0.618742 -0.283725 0.189692 0.072884 -0.324786 -0.174581 0.926673
10004.999950000 0.628697 -0.317386 0.216242 0.066087 -0.330464 -0.178209 0.924482
10005.033283000 0.635179 -0.340425 0.234358 0.062254 -0.333794 -0.180317 0.923142
10005.066616000 0.643365 -0.365460 0.254238 0.059017 -0.337647 -0.182311 0.921561
10005.099949000 0.652046 -0.392013 0.275324 0.055089 -0.341744 -0.184657 0.919825
10005.133282000 0.660976 -0.419324 0.297011 0.051514 -0.346023 -0.186926 0.917972
10005.166615000 0.669409 -0.445118 0.317494 0.048613 -0.350104 -0.188906 0.916176
10005.199948000 0.677347 -0.469395 0.336772 0.045353 -0.354035 -0.191034 0.914390
10005.233281000 0.684292 -0.490637 0.353640 0.042768 -0.357765 -0.192859 0.912678
10005.266614000 0.690956 -0.507806 0.367454 0.040426 -0.361271 -0.194553 0.911042
10005.299947000 0.694925 -0.519944 0.377093 0.038491 -0.364237 -0.195977 0.909639
10005.333280000 0.696661 -0.525255 0.381310 0.035557 -0.367826 -0.197982 0.907878
10005.366613000 0.694429 -0.518427 0.375888 0.035090 -0.368830 -0.197919 0.907503
10005.399946000 0.690460 -0.506289 0.366249 0.034764 -0.369230 -0.198144 0.907304
10005.433279000 0.685635 -0.491704 0.353403 0.034419 -0.369039 -0.198262 0.907368
10005.466612000 0.679434 -0.472738 0.338342 0.034745 -0.368640 -0.198037 0.907568
10005.499945000 0.673233 -0.453772 0.323281 0.034912 -0.368255 -0.197420 0.907852
10005.533278000 0.666536 -0.433288 0.307015 0.035564 -0.367457 -0.196972 0.908247
10005.566611000 0.660335 -0.414322 0.291955 0.036030 -0.366456 -0.197036 0.908619
10005.599944000 0.654878 -0.397632 0.278701 0.036030 -0.366456 -0.197036 0.908619
10005.633277000 0.650277 -0.383388 0.268654 0.036702 -0.366245 -0.196695 0.908751
10005.666610000 0.645924 -0.369902 0.259210 0.037040 -0.366801 -0.197586 0.908320
10005.699943000 0.646172 -0.370661 0.259812 0.036548 -0.367584 -0.198427 0.907840
10005.733276000 0.647524 -0.374624 0.264224 0.036403 -0.368558 -0.199152 0.907292
10005.766609000 0.650005 -0.382211 0.270248 0.035913 -0.369344 -0.199997 0.906806
10005.799942000 0.653093 -0.391485 0.278877 0.035770 -0.370322 -0.200725 0.906251
10005.833275000 0.656814 -0.402865 0.287914 0.035282 -0.371111 -0.201573 0.905759
10005.866608000 0.660534 -0.414244 0.296950 0.035282 -0.371111 -0.201573 0.905759
10005.899941000 0.664255 -0.425624 0.305986 0.035120 -0.371126 -0.201177 0.905847
10005.933274000 0.667616 -0.436075 0.313021 0.035262 -0.370147 -0.200448 0.906404
10005.966607000 0.670480 -0.445009 0.318851 0.035731 -0.368769 -0.199495 0.907157
10005.999940000 0.672873 -0.452843 0.321279 0.037823 -0.363137 -0.194203 0.910487
10006.033273000 0.672401 -0.451744 0.317878 0.039782 -0.358886 -0.190692 0.912828
10006.066606000 0.671185 -0.448369 0.312669 0.042086 -0.354282 -0.187011 0.915281
10006.099939000 0.669361 -0.443306 0.304856 0.044056 -0.349550 -0.183495 0.917716
10006.133272000 0.666769 -0.435549 0.297432 0.047209 -0.344806 -0.179981 0.920047
10006.166605000 0.663817 -0.426864 0.288007 0.050156 -0.339919 -0.177014 0.922283
10006.199938000 0.660592 -0.417001 0.280175 0.053290 -0.336138 -0.174647 0.923943
10006.233271000 0.656983 -0.405792 0.272538 0.057506 -0.332088 -0.173135 0.925438
10006.266604000 0.653735 -0.395511 0.266903 0.061034 -0.329657 -0.173062 0.926094
10006.299937000 0.650213 -0.384054 0.262862 0.065221 -0.327844 -0.173720 0.926329
10006.333270000 0.644611 -0.364855 0.262787 0.073685 -0.327838 -0.180509 0.924397
10006.366603000 0.642393 -0.356525 0.267551 0.078297 -0.329831 -0.186205 0.922176
10006.399936000 0.640535 -0.349123 0.274316 0.083197 -0.332642 -0.193423 0.919247
10006.433269000 0.639038 -0.342651 0.283083 0.087597 -0.336426 -0.201660 0.915684
10006.466602000 0.637652 -0.336349 0.293250 0.092364 -0.341535 -0.210676 0.911284
10006.499935000 0.636514 -0.330806 0.304019 0.097618 -0.347247 -0.220311 0.906285
10006.533268000 0.635624 -0.326021 0.315391 0.102262 -0.353364 -0.230014 0.900983
10006.566601000 0.634623 -0.321066 0.325363 0.106572 -0.359467 -0.239555 0.895567
10006.599934000 0.633757 -0.316699 0.334538 0.109795 -0.365841 -0.249306 0.889917
10006.633267000 0.633028 -0.312921 0.342916 0.112955 -0.372802 -0.257758 0.884206
10006.666600000 0.631394 -0.305860 0.352481 0.115460 -0.384912 -0.271511 0.874525
10006.699933000 0.630601 -0.302748 0.355066 0.114758 -0.391161 -0.276424 0.870295
10006.733266000 0.629833 -0.300054 0.355455 0.113841 -0.396418 -0.280154 0.866837
10006.766599000 0.628953 -0.297189 0.354445 0.111173 -0.401200 -0.283018 0.864049
10006.799932000 0.628456 -0.295672 0.353240 0.108891 -0.405847 -0.285096 0.861482
10006.833265000 0.628233 -0.295332 0.350441 0.105042 -0.409917 -0.286769 0.859475
10006.866598000 0.628121 -0.295161 0.349042 0.101685 -0.413748 -0.287570 0.857774
10006.899931000 0.628529 -0.296926 0.346651 0.097278 -0.417193 -0.288309 0.856367
10006.933264000 0.629297 -0.299621 0.346262 0.092974 -0.420551 -0.288992 0.854972
10006.966597000 0.630562 -0.303832 0.347077 0.088848 -0.424155 -0.289058 0.853606
10006.999930000 0.634691 -0.316977 0.353723 0.082116 -0.430143 -0.290474 0.850799
10007.033263000 0.637556 -0.325910 0.359553 0.079627 -0.433265 -0.291887 0.848966
10007.066596000 0.639958 -0.336641 0.366630 0.076402 -0.435904 -0.293647 0.847302
10007.099929000 0.643430 -0.347262 0.375064 0.074578 -0.438808 -0.294656 0.845614
10007.133262000 0.647399 -0.359400 0.384703 0.072858 -0.442154 -0.296867 0.843245
10007.166595000 0.651368 -0.371539 0.394342 0.071482 -0.444576 -0.298122 0.841645
10007.199928000 0.655448 -0.383847 0.405380 0.070342 -0.446969 -0.299827 0.839865
10007.233261000 0.659665 -0.396744 0.415622 0.069094 -0.449370 -0.301604 0.838050
10007.266594000 0.663746 -0.409053 0.426660 0.068589 -0.452257 -0.303024 0.836024
10007.299927000 0.667466 -0.420433 0.435697 0.068215 -0.453901 -0.304141 0.834757
10007.333260000 0.676193 -0.440527 0.453277 0.068893 -0.457533 -0.305561 0.832196
10007.366593000 0.679993 -0.448763 0.461260 0.069665 -0.458835 -0.305312 0.831506
10007.399926000 0.683681 -0.456828 0.467844 0.069729 -0.460296 -0.305521 0.830615
10007.433259000 0.685913 -0.463656 0.473266 0.070211 -0.460120 -0.305194 0.830793
10007.466592000 0.689104 -0.470204 0.478645 0.070676 -0.460586 -0.304987 0.830571
10007.499925000 0.692296 -0.476752 0.484025 0.070222 -0.461030 -0.305341 0.830233
10007.533258000 0.694032 -0.482062 0.488242 0.070281 -0.460216 -0.304569 0.830963
10007.566591000 0.695057 -0.488411 0.493104 0.069171 -0.459603 -0.305148 0.831183
10007.599924000 0.696930 -0.494310 0.496524 0.068005 -0.458379 -0.305655 0.831769
10007.633257000 0.696748 -0.500180 0.500826 0.066585 -0.456400 -0.306179 0.832778
10007.666590000 0.695921 -0.513717 0.510679 0.061442 -0.452569 -0.308629 0.834359
10007.699923000 0.694069 -0.520905 0.515669 0.057878 -0.449469 -0.310812 0.835478
10007.733256000 0.692465 -0.528852 0.521261 0.053923 -0.446828 -0.312698 0.836455
10007.766589000 0.690861 -0.536799 0.526854 0.049967 -0.443974 -0.315120 0.837311
10007.799922000 0.688434 -0.545614 0.531692 0.044941 -0.440540 -0.317437 0.838534
10007.833255000 0.685870 -0.553840 0.537327 0.040238 -0.437305 -0.319567 0.839656
10007.866588000 0.682596 -0.563105 0.543607 0.035329 -0.434437 -0.321878 0.840483
10007.899921000 0.679896 -0.570743 0.550039 0.031435 -0.431168 -0.323445 0.841718
10007.933254000 0.677581 -0.579728 0.556277 0.027105 -0.428663 -0.325443 0.842378
10007.966587000 0.675018 -0.587955 0.561912 0.023036 -0.425960 -0.326601 0.843421
10007.999920000 0.672058 -0.604607 0.573700 0.016202 -0.422157 -0.327892 0.844990
10008.033253000 0.671525 -0.612444 0.580649 0.013988 -0.421445 -0.327819 0.845413
10008.066586000 0.670879 -0.620111 0.586199 0.011768 -0.420725 -0.327746 0.845834
10008.099919000 0.671194 -0.627498 0.591706 0.010627 -0.420070 -0.327643 0.846214
10008.133252000 0.672579 -0.634776 0.598570 0.009900 -0.420427 -0.326969 0.846306
10008.166585000 0.674675 -0.641016 0.604789 0.009996 -0.421208 -0.326525 0.846088
10008.199918000 0.677730 -0.646975 0.610965 0.011181 -0.422064 -0.326048 0.845831
10008.233251000 0.680786 -0.652935 0.617142 0.012543 -0.422485 -0.325339 0.845875
10008.266584000 0.685511 -0.657577 0.622630 0.015046 -0.423399 -0.325288 0.845396
10008.299917000 0.690349 -0.662388 0.629518 0.018336 -0.424679 -0.325463 0.844622
10008.333250000 0.704820 -0.670614 0.643081 0.026677 -0.427029 -0.327714 0.842341
10008.366583000 0.713246 -0.673548 0.649196 0.032302 -0.428473 -0.329545 0.840694
10008.399916000 0.722742 -0.676373 0.656668 0.038148 -0.429836 -0.331832 0.838852
10008.433249000 0.732512 -0.680374 0.662546 0.043927 -0.430922 -0.334706 0.836868
10008.466582000 0.744063 -0.683228 0.669135 0.050071 -0.432743 -0.337536 0.834444
10008.499915000 0.755502 -0.685912 0.674325 0.056340 -0.433874 -0.340742 0.832150
10008.533248000 0.767574 -0.690701 0.679923 0.061061 -0.435165 -0.344324 0.829665
10008.566581000 0.779534 -0.695320 0.684121 0.065853 -0.436963 -0.347976 0.826825
10008.599914000 0.791630 -0.700527 0.687523 0.070046 -0.438329 -0.351903 0.824091
10008.633247000 0.805070 -0.706802 0.690687 0.073691 -0.440977 -0.355820 0.820671
10008.666580000 0.830711 -0.722853 0.693115 0.076491 -0.446160 -0.363303 0.814310
10008.699913000 0.843161 -0.733387 0.692982 0.076526 -0.449012 -0.367021 0.811066
10008.733246000 0.856458 -0.743472 0.691406 0.075655 -0.452057 -0.370099 0.808051
10008.766579000 0.869180 -0.755184 0.689679 0.073735 -0.455439 -0.373300 0.804852
10008.799912000 0.881655 -0.766137 0.687349 0.071644 -0.458975 -0.375377 0.802061
10008.833245000 0.894129 -0.777090 0.685020 0.069621 -0.462413 -0.377394 0.799313
10008.866578000 0.905532 -0.788152 0.681333 0.066787 -0.465186 -0.378554 0.797395
10008.899911000 0.917758 -0.798346 0.678401 0.064359 -0.468521 -0.379554 0.795164
10008.933244000 0.929352 -0.806435 0.675061 0.062648 -0.471153 -0.379294 0.793868
10008.966577000 0.940946 -0.814523 0.671721 0.060684 -0.473756 -0.378559 0.792822
10008.999910000 0.962845 -0.826071 0.666421 0.058142 -0.478102 -0.374693 0.792239
10009.033243000 0.973861 -0.828491 0.663817 0.057911 -0.479700 -0.371299 0.792888
10009.066576000 0.983534 -0.829845 0.661450 0.057980 -0.480540 -0.368206 0.793816
10009.099909000 0.993071 -0.830610 0.659880 0.058343 -0.481973 -0.365020 0.794392
10009.133242000 1.003047 -0.829159 0.659259 0.059976 -0.483008 -0.362169 0.794946
10009.166575000 1.011679 -0.826642 0.658875 0.061581 -0.484079 -0.359346 0.795453
10009.199908000 1.020998 -0.822668 0.660042 0.064501 -0.485789 -0.357630 0.794953
10009.233241000 1.029110 -0.818215 0.660650 0.067407 -0.486653 -0.357048 0.794445
10009.266574000 1.036238 -0.813624 0.663497 0.070818 -0.488024 -0.358091 0.792835
10009.299907000 1.043941 -0.807405 0.666496 0.075249 -0.489352 -0.360318 0.790596
10009.333240000 1.057021 -0.793763 0.674970 0.086208 -0.492447 -0.370962 0.782593
10009.366573000 1.062646 -0.787098 0.681048 0.092171 -0.494383 -0.379144 0.776749
10009.399906000 1.069094 -0.779565 0.687880 0.099093 -0.496433 -0.388534 0.769920
10009.433239000 1.074582 -0.772311 0.694754 0.106068 -0.498271 -0.399061 0.762382
10009.466572000 1.080894 -0.764189 0.702384 0.113539 -0.500131 -0.410392 0.754027
10009.499905000 1.087205 -0.756068 0.710013 0.121773 -0.501989 -0.421643 0.745249
10009.533238000 1.094476 -0.747666 0.717599 0.130092 -0.503449 -0.433207 0.736170
10009.566571000 1.102705 -0.738985 0.725143 0.138731 -0.505230 -0.444284 0.726711
10009.599904000 1.111071 -0.730892 0.731890 0.146767 -0.506414 -0.454858 0.717711
10009.633237000 1.121467 -0.722410 0.739950 0.155151 -0.508566 -0.464274 0.708335
10009.666570000 1.145185 -0.705443 0.751551 0.171411 -0.511193 -0.479606 0.692299
10009.699903000 1.159962 -0.698196 0.756254 0.178786 -0.512372 -0.485434 0.685467
10009.733236000 1.176410 -0.689631 0.760268 0.185974 -0.513947 -0.488975 0.679835
10009.766569000 1.194089 -0.681962 0.762646 0.192594 -0.514858 -0.491205 0.675682
10009.799902000 1.214917 -0.674632 0.763302 0.198733 -0.516215 -0.491001 0.673012
10009.833235000 1.237800 -0.667330 0.763075 0.203809 -0.517860 -0.488855 0.671791
10009.866568000 1.262874 -0.660645 0.761169 0.208246 -0.519252 -0.484016 0.672860
10009.899901000 1.291097 -0.654298 0.757541 0.211728 -0.521269 -0.476605 0.675497
10009.933234000 1.322470 -0.648289 0.752191 0.214307 -0.523541 -0.466008 0.680304
10009.966567000 1.356170 -0.643486 0.744365 0.215752 -0.526103 -0.452231 0.687135
