10000.000000000 -0.000000 0.000000 -0.000000 0.000000 0.000000 0.000000 1.000000
10000.033333000 0.011411 -0.016122 -0.003144 -0.005740 -0.000399 0.009400 0.999939
10000.066666000 0.002114 -0.008277 -0.004902 -0.002919 0.002157 0.007031 0.999969
10000.099999000 0.000430 -0.008092 -0.006191 -0.002891 0.003211 0.008598 0.999954
10000.133332000 -0.001283 -0.007977 -0.007464 -0.002333 0.004498 0.009410 0.999943
10000.166665000 -0.002176 -0.008365 -0.008384 -0.002747 0.005987 0.010300 0.999925
10000.199998000 -0.002972 -0.008076 -0.008599 -0.003163 0.006695 0.011101 0.999911
10000.233331000 -0.003804 -0.007819 -0.008799 -0.002705 0.007310 0.010977 0.999909
10000.266664000 -0.002779 -0.007542 -0.007773 -0.002470 0.007397 0.010740 0.999912
10000.299997000 -0.002657 -0.006870 -0.007052 -0.001511 0.008006 0.010566 0.999911
10000.333330000 -0.002566 -0.006192 -0.006330 -0.002081 0.008423 0.009337 0.999919
10000.366663000 -0.000950 -0.009132 -0.007727 -0.001303 0.015225 0.014222 0.999782
10000.399996000 0.000610 -0.003319 -0.002368 0.000319 0.007851 0.004453 0.999959
10000.433329000 0.001715 -0.002061 -0.000901 0.000407 0.006609 0.003240 0.999973
10000.466662000 0.002749 -0.001559 -0.000106 0.001792 0.006324 0.001663 0.999977
10000.499995000 0.001899 -0.000530 0.000336 0.001204 0.005922 0.001089 0.999981
10000.533328000 0.002112 0.000978 0.001606 0.002615 0.005600 0.000008 0.999981
10000.566661000 0.001066 0.000484 0.000795 0.001936 0.005037 -0.000602 0.999985
10000.599994000 0.000361 0.002243 0.001959 0.002953 0.004879 -0.001136 0.999983
10000.633327000 -0.001651 0.002034 0.001064 0.002867 0.004766 -0.001134 0.999984
10000.666660000 -0.003543 0.002589 0.000866 0.002386 0.004854 -0.001620 0.999984
10000.699993000 -0.013877 0.006412 0.000571 0.004367 0.008374 -0.001368 0.999954
10000.733326000 -0.010363 0.003813 -0.000275 0.001668 0.004283 0.000409 0.999989
10000.766659000 -0.012039 0.004991 -0.001066 0.002598 0.004044 0.000372 0.999988
10000.799992000 -0.013409 0.003911 -0.000956 0.001003 0.003808 0.000333 0.999992
10000.833325000 -0.015348 0.004424 -0.000942 0.001263 0.004542 0.001563 0.999988
10000.866658000 -0.015360 0.004402 -0.000834 0.000880 0.003250 0.000749 0.999994
10000.899991000 -0.016511 0.003913 -0.001437 0.000877 0.003266 0.001288 0.999993
10000.933324000 -0.016354 0.004596 -0.000654 0.000995 0.003327 0.001310 0.999993
10000.966657000 -0.016551 0.003826 -0.001201 0.000051 0.003580 0.001374 0.999993
10000.999990000 -0.014455 0.003986 -0.000409 0.000232 0.002137 0.001036 0.999997
10001.033323000 -0.027577 0.005331 0.000276 -0.001201 0.004085 0.002025 0.999989
10001.066656000 -0.011951 0.001772 -0.000131 -0.001202 0.001145 0.000267 0.999999
10001.099989000 -0.010802 0.002233 0.000581 -0.000465 0.001620 0.000373 0.999999
10001.133322000 -0.008687 0.002345 -0.000149 -0.000485 -0.000399 -0.000091 1.000000
10001.166655000 -0.008872 0.001713 0.000607 -0.000640 0.000334 0.000076 1.000000
10001.199988000 -0.008871 0.001709 0.000620 0.000381 0.000688 0.000158 1.000000
10001.233321000 -0.006755 0.001831 -0.000118 -0.000104 -0.001085 -0.000780 0.999999
10001.266654000 -0.007535 0.002728 -0.000884 0.001391 -0.000231 -0.000054 0.999999
10001.299987000 -0.006569 0.002562 0.000540 0.001616 -0.000895 -0.000209 0.999998
10001.333320000 -0.006373 0.003119 -0.001628 0.002095 -0.001640 -0.000389 0.999996
10001.366653000 -0.014460 0.007474 -0.004004 0.006680 -0.002174 -0.000535 0.999975
10001.399986000 -0.006929 0.004740 -0.003085 0.004986 -0.001859 0.000053 0.999986
10001.433319000 -0.007882 0.005041 -0.003077 0.005030 -0.001307 -0.000353 0.999986
10001.466652000 -0.007875 0.005072 -0.003044 0.005329 -0.001401 0.000144 0.999985
10001.499985000 -0.007482 0.006480 -0.003002 0.006380 -0.001719 -0.000504 0.999978
10001.533318000 -0.007639 0.005850 -0.003667 0.005960 -0.001619 -0.000497 0.999981
10001.566651000 -0.008380 0.006863 -0.004319 0.006082 -0.001109 -0.000355 0.999981
10001.599984000 -0.007773 0.005287 -0.004315 0.005049 -0.001975 -0.000657 0.999985
10001.633317000 -0.008557 0.006259 -0.003553 0.005337 -0.000929 -0.000320 0.999985
10001.666650000 -0.007572 0.006037 -0.003496 0.004832 -0.001369 -0.001036 0.999987
10001.699983000 -0.016471 0.011077 -0.005570 0.007592 -0.001614 -0.002246 0.999967
10001.733316000 -0.009096 0.004354 -0.002882 0.002080 -0.000054 -0.001123 0.999997
10001.766649000 -0.007956 0.004728 -0.002086 0.002089 -0.000060 -0.001126 0.999997
10001.799982000 -0.008175 0.004013 -0.001437 0.001140 -0.000341 -0.000684 0.999999
10001.833315000 -0.009528 0.002963 -0.001563 0.000216 0.000495 -0.000910 0.999999
10001.866648000 -0.008798 0.001951 -0.000893 -0.000525 0.000717 -0.000272 1.000000
10001.899981000 -0.009025 0.001218 -0.000243 -0.001485 0.000442 0.000171 0.999999
10001.933314000 -0.009026 0.001218 -0.000248 -0.001588 -0.000115 -0.000043 0.999999
10001.966647000 -0.008518 -0.000534 0.001071 -0.002443 0.000161 0.001159 0.999996
10001.999980000 -0.009648 -0.000912 0.000311 -0.003134 0.000342 0.001774 0.999993
10002.033313000 -0.020334 -0.005618 0.003999 -0.006896 0.000280 0.006143 0.999957
10002.066646000 -0.009484 -0.004204 0.003062 -0.004474 0.000125 0.004445 0.999980
10002.099979000 -0.010760 -0.005391 0.003025 -0.004443 0.000083 0.004989 0.999978
10002.133312000 -0.010412 -0.004141 0.004521 -0.004048 -0.000045 0.005512 0.999977
10002.166645000 -0.010860 -0.006293 0.005239 -0.004638 0.000637 0.005748 0.999973
10002.199978000 -0.009677 -0.005906 0.006039 -0.004340 -0.000019 0.006106 0.999972
10002.233311000 -0.011436 -0.004882 0.006738 -0.002955 0.000745 0.005803 0.999979
10002.266644000 -0.010261 -0.004468 0.007533 -0.003179 0.001301 0.005983 0.999976
10002.299977000 -0.010082 -0.003848 0.008280 -0.002406 0.001123 0.005940 0.999979
10002.333310000 -0.011007 -0.003734 0.009743 -0.002459 0.002673 0.005844 0.999976
10002.366643000 -0.020887 -0.002885 0.021827 -0.001310 0.006614 0.009256 0.999934
10002.399976000 -0.010982 0.001077 0.012010 0.000346 0.004042 0.004005 0.999984
10002.433309000 -0.009879 0.000883 0.013514 0.000741 0.004379 0.002979 0.999986
10002.466642000 -0.010552 0.002322 0.013612 0.001505 0.005132 0.002646 0.999982
10002.499975000 -0.009429 0.002133 0.013694 0.001104 0.005051 0.001501 0.999986
10002.533308000 -0.009299 0.002076 0.013792 0.001060 0.004923 0.001475 0.999986
10002.566641000 -0.008017 0.003309 0.013813 0.001622 0.004254 0.000147 0.999990
10002.599974000 -0.008063 0.001872 0.013910 0.000989 0.004682 0.000291 0.999989
10002.633307000 -0.006119 0.000926 0.013141 0.000157 0.003333 -0.000687 0.999994
10002.666640000 -0.006031 0.000937 0.013181 0.000159 0.003258 -0.001275 0.999994
10002.699973000 -0.009452 -0.001169 0.023458 -0.001496 0.004450 -0.004312 0.999980
10002.733306000 -0.002600 -0.002970 0.010882 -0.002001 0.000845 -0.003136 0.999993
10002.766639000 -0.001744 -0.003083 0.009405 -0.001797 0.000016 -0.002813 0.999994
10002.799972000 -0.001916 -0.003741 0.008738 -0.002313 0.000543 -0.002649 0.999994
10002.833305000 -0.001336 -0.005949 0.008052 -0.003016 -0.000207 -0.001740 0.999994
10002.866638000 -0.000489 -0.006097 0.006602 -0.002997 -0.000145 -0.001717 0.999994
10002.899971000 -0.000876 -0.008164 0.006048 -0.003799 0.000448 0.000123 0.999993
10002.933304000 0.000176 -0.007623 0.005277 -0.002935 -0.000143 0.001075 0.999995
10002.966637000 -0.001038 -0.008237 0.003327 -0.002800 0.000726 0.002971 0.999991
10002.999970000 -0.000171 -0.009769 0.003397 -0.003060 0.000717 0.004636 0.999984
10003.033303000 -0.000047 -0.020408 0.003537 -0.005173 0.003214 0.016429 0.999846
10003.066636000 -0.000968 -0.010585 0.000165 -0.001860 0.002887 0.011340 0.999930
10003.099969000 -0.000771 -0.012011 0.000338 -0.002141 0.003209 0.013117 0.999907
10003.133302000 -0.000475 -0.011386 -0.000383 -0.001605 0.003491 0.014313 0.999890
10003.166635000 -0.000123 -0.012805 -0.000211 -0.001678 0.003801 0.015498 0.999871
10003.199968000 0.000286 -0.012801 -0.000151 -0.002342 0.003689 0.015993 0.999863
10003.233301000 0.000835 -0.013411 0.000670 -0.002116 0.003546 0.016445 0.999856
10003.266634000 0.001433 -0.013988 0.001509 -0.002785 0.003772 0.016370 0.999855
10003.299967000 0.001871 -0.013143 0.002179 -0.002272 0.003304 0.015578 0.999871
10003.333300000 0.001734 -0.015192 0.003344 -0.003603 0.003862 0.014953 0.999874
10003.366633000 0.007526 -0.028200 0.011539 -0.007429 0.004844 0.026167 0.999618
10003.399966000 0.003609 -0.013987 0.009183 -0.003863 0.001771 0.010880 0.999932
10003.433299000 0.005364 -0.014700 0.010730 -0.004885 0.001108 0.008562 0.999951
10003.466632000 0.005631 -0.013450 0.012821 -0.004571 -0.000067 0.006779 0.999967
10003.499965000 0.006336 -0.013217 0.016528 -0.005434 -0.000764 0.004074 0.999977
10003.533298000 0.006778 -0.013228 0.018870 -0.005574 -0.001182 0.001448 0.999983
10003.566631000 0.006942 -0.012390 0.021801 -0.005950 -0.002773 -0.001759 0.999977
10003.599964000 0.007247 -0.011997 0.025565 -0.006618 -0.003241 -0.004874 0.999961
10003.633297000 0.007353 -0.011529 0.029361 -0.007331 -0.004444 -0.008587 0.999926
10003.666630000 0.006947 -0.009641 0.032845 -0.007926 -0.005460 -0.012349 0.999877
10003.666630000 -0.000000 0.000000 -0.000000 -0.000000 0.000000 -0.000000 1.000000
