10000.000000000 0.000000 0.000000 0.000000 0.000000 0.000000 0.000000 1.000000
10000.033333000 -0.009858 -0.014432 0.072491 -0.017173 -0.038331 -0.096980 0.994400
10000.066666000 -0.021443 -0.027100 0.136000 -0.026064 -0.078620 -0.205490 0.975148
10000.099999000 -0.032549 -0.039231 0.192525 -0.025365 -0.120469 -0.315103 0.941039
10000.133332000 -0.044958 -0.050273 0.240754 -0.017714 -0.158540 -0.405797 0.899933
10000.166665000 -0.057759 -0.061198 0.283180 -0.006472 -0.192299 -0.475306 0.858524
10000.199998000 -0.071209 -0.071111 0.318604 0.005011 -0.220017 -0.523408 0.823172
10000.233331000 -0.085664 -0.080490 0.348392 0.014179 -0.240740 -0.554742 0.796307
10000.266664000 -0.101305 -0.089067 0.373492 0.021480 -0.256409 -0.575345 0.776383
10000.299997000 -0.117422 -0.098374 0.393385 0.025016 -0.266662 -0.590261 0.761483
10000.333330000 -0.152564 -0.114900 0.421740 0.024451 -0.270897 -0.600244 0.752146
10000.366663000 -0.171844 -0.122556 0.431219 0.020181 -0.266621 -0.599983 0.754007
10000.399996000 -0.192053 -0.131401 0.436904 0.013365 -0.257959 -0.595201 0.760929
10000.433329000 -0.212827 -0.139461 0.441108 0.005191 -0.245978 -0.584817 0.772954
10000.466662000 -0.235805 -0.148500 0.443482 -0.005773 -0.230052 -0.569110 0.789403
10000.499995000 -0.258797 -0.157832 0.444913 -0.016823 -0.212835 -0.547704 0.808974
10000.533328000 -0.283584 -0.166933 0.445012 -0.029314 -0.191782 -0.515247 0.834794
10000.566661000 -0.308749 -0.176910 0.445421 -0.040415 -0.170168 -0.474253 0.862840
10000.599994000 -0.336592 -0.187900 0.446531 -0.051736 -0.147904 -0.427234 0.890460
10000.633327000 -0.364869 -0.199894 0.447853 -0.060807 -0.125175 -0.371534 0.917930
10000.666660000 -0.425507 -0.224590 0.454254 -0.070781 -0.084178 -0.256689 0.960216
10000.699993000 -0.457461 -0.238593 0.460839 -0.072182 -0.067817 -0.207245 0.973263
10000.733326000 -0.490169 -0.254152 0.468287 -0.073543 -0.053387 -0.163738 0.982309
10000.766659000 -0.523733 -0.269052 0.476673 -0.072898 -0.041456 -0.126499 0.988415
10000.799992000 -0.556787 -0.285549 0.484591 -0.072828 -0.032557 -0.099113 0.991873
10000.833325000 -0.588966 -0.302061 0.493661 -0.072295 -0.024776 -0.075073 0.994245
10000.866658000 -0.620678 -0.318103 0.501419 -0.071202 -0.019498 -0.058583 0.995549
10000.899991000 -0.651986 -0.335821 0.508513 -0.071465 -0.015924 -0.047916 0.996164
10000.933324000 -0.682112 -0.353248 0.514601 -0.070965 -0.012674 -0.038269 0.996664
10000.966657000 -0.710074 -0.369345 0.519492 -0.070241 -0.012178 -0.035881 0.996810
10000.999990000 -0.759363 -0.403091 0.522473 -0.070265 -0.014234 -0.041671 0.996556
10001.033323000 -0.781512 -0.420136 0.520792 -0.070566 -0.015863 -0.046692 0.996287
10001.066656000 -0.801141 -0.436386 0.517711 -0.071177 -0.018397 -0.054732 0.995791
10001.099989000 -0.818347 -0.452995 0.513645 -0.071426 -0.022250 -0.066329 0.994989
10001.133322000 -0.834357 -0.468949 0.509332 -0.072904 -0.024373 -0.073215 0.994349
10001.166655000 -0.848068 -0.485233 0.504062 -0.073807 -0.026766 -0.080728 0.993639
10001.199988000 -0.861868 -0.501372 0.498739 -0.075806 -0.026586 -0.080850 0.993484
10001.233321000 -0.873434 -0.517014 0.494241 -0.078340 -0.026138 -0.080300 0.993344
10001.266654000 -0.884086 -0.532983 0.489895 -0.081258 -0.023457 -0.072879 0.993748
10001.299987000 -0.894664 -0.548129 0.487366 -0.084821 -0.018303 -0.057484 0.994568
10001.333320000 -0.912337 -0.579183 0.486951 -0.092945 -0.001041 -0.002721 0.995667
10001.366653000 -0.920432 -0.594758 0.488932 -0.097458 0.012039 0.040585 0.994339
10001.399986000 -0.927649 -0.609836 0.492806 -0.100118 0.026770 0.090285 0.990509
10001.433319000 -0.935309 -0.624989 0.498939 -0.101129 0.045149 0.152725 0.982044
10001.466652000 -0.941964 -0.640397 0.505293 -0.100597 0.062960 0.213441 0.969721
10001.499985000 -0.948558 -0.655492 0.512530 -0.097168 0.080874 0.272349 0.953857
10001.533318000 -0.954665 -0.671491 0.521267 -0.092721 0.097634 0.325390 0.935944
10001.566651000 -0.960368 -0.686500 0.529619 -0.088073 0.110906 0.365333 0.920041
10001.599984000 -0.966411 -0.702549 0.538429 -0.082791 0.122941 0.398886 0.904943
10001.633317000 -0.972040 -0.719442 0.547201 -0.078799 0.131223 0.421137 0.893988
10001.666650000 -0.982596 -0.752463 0.563696 -0.075768 0.136046 0.432238 0.888212
10001.699983000 -0.987176 -0.770017 0.573072 -0.077365 0.132932 0.424486 0.892275
10001.733316000 -0.992734 -0.788031 0.580467 -0.079111 0.128049 0.410659 0.899280
10001.766649000 -0.997933 -0.804585 0.588366 -0.080827 0.120969 0.389449 0.909485
10001.799982000 -1.003571 -0.822371 0.595623 -0.083388 0.113857 0.369260 0.918548
10001.833315000 -1.010992 -0.840036 0.601683 -0.084500 0.107092 0.347829 0.927581
10001.866648000 -1.017232 -0.856429 0.608699 -0.085890 0.100477 0.327386 0.935599
10001.899981000 -1.025949 -0.873615 0.614537 -0.085154 0.098243 0.318513 0.938960
10001.933314000 -1.035661 -0.888956 0.620939 -0.082347 0.100128 0.321603 0.937958
10001.966647000 -1.045411 -0.904699 0.626247 -0.079021 0.104571 0.332704 0.933878
10001.999980000 -1.070321 -0.933960 0.636383 -0.064405 0.130307 0.396762 0.906340
10002.033313000 -1.084432 -0.947095 0.640763 -0.053308 0.148722 0.436781 0.885586
10002.066646000 -1.099933 -0.960298 0.646250 -0.039518 0.170148 0.477312 0.861197
10002.099979000 -1.116065 -0.972771 0.650372 -0.024665 0.191894 0.511365 0.837302
10002.133312000 -1.132487 -0.984908 0.655608 -0.008969 0.213404 0.537598 0.815700
10002.166645000 -1.149754 -0.997110 0.659550 0.006203 0.234361 0.559133 0.795240
10002.199978000 -1.166124 -1.009131 0.664740 0.021065 0.254606 0.575655 0.776758
10002.233311000 -1.182940 -1.020719 0.670915 0.035259 0.273643 0.587651 0.760620
10002.266644000 -1.198535 -1.032713 0.675620 0.047941 0.290798 0.596884 0.746236
10002.299977000 -1.212645 -1.044658 0.682600 0.058910 0.305785 0.603350 0.734163
10002.333310000 -1.237866 -1.070418 0.696864 0.075471 0.330557 0.613183 0.713472
10002.366643000 -1.247410 -1.083826 0.703917 0.080684 0.339530 0.617703 0.704736
10002.399976000 -1.256402 -1.097655 0.711357 0.084409 0.347488 0.622572 0.696083
10002.433309000 -1.263869 -1.112034 0.719391 0.087214 0.355075 0.628104 0.686877
10002.466642000 -1.270913 -1.127754 0.727918 0.089036 0.362757 0.634855 0.676342
10002.499975000 -1.276781 -1.143310 0.735450 0.089546 0.369597 0.642825 0.664948
10002.533308000 -1.282619 -1.159016 0.741925 0.089487 0.376637 0.651937 0.652009
10002.566641000 -1.287591 -1.175703 0.747787 0.088717 0.383655 0.661599 0.638142
10002.599974000 -1.291850 -1.193938 0.753006 0.087275 0.391611 0.673272 0.621071
10002.633307000 -1.295912 -1.211474 0.757290 0.085934 0.400445 0.685215 0.602278
10002.666640000 -1.303507 -1.248753 0.759565 0.082459 0.418556 0.709589 0.560798
10002.699973000 -1.307449 -1.268252 0.758986 0.081163 0.429102 0.721189 0.537745
10002.733306000 -1.311837 -1.289275 0.756799 0.080149 0.439560 0.731422 0.515156
10002.766639000 -1.316687 -1.309153 0.754277 0.079421 0.449615 0.739758 0.494263
10002.799972000 -1.321590 -1.329419 0.750637 0.078891 0.459257 0.746102 0.475595
10002.833305000 -1.327630 -1.348994 0.747554 0.078946 0.468725 0.751295 0.457843
10002.866638000 -1.334491 -1.368639 0.743661 0.079434 0.477298 0.754471 0.443453
10002.899971000 -1.343080 -1.387112 0.740482 0.080264 0.485482 0.756197 0.431314
10002.933304000 -1.352089 -1.406164 0.738566 0.081229 0.493026 0.757030 0.420991
10002.966637000 -1.362768 -1.423532 0.736683 0.082922 0.499819 0.756569 0.413411
10002.999970000 -1.388370 -1.453707 0.738250 0.087294 0.512040 0.752114 0.405610
10003.033303000 -1.403379 -1.467243 0.740711 0.090097 0.517382 0.748752 0.404437
10003.066636000 -1.419539 -1.480536 0.745036 0.093055 0.522574 0.744746 0.404488
10003.099969000 -1.436464 -1.492284 0.749823 0.096116 0.526888 0.740972 0.405107
10003.133302000 -1.453371 -1.503574 0.755615 0.099186 0.531291 0.736776 0.406268
10003.166635000 -1.470216 -1.514874 0.761353 0.102087 0.534915 0.733427 0.406852
10003.199968000 -1.486267 -1.526118 0.768265 0.104699 0.538338 0.730220 0.407442
10003.233301000 -1.502333 -1.537371 0.775083 0.106156 0.541471 0.727235 0.408251
10003.266634000 -1.517784 -1.550216 0.781407 0.107275 0.544156 0.725730 0.407066
10003.299967000 -1.530935 -1.562879 0.787748 0.107691 0.546573 0.724832 0.405314
10003.333300000 -1.551788 -1.591632 0.798307 0.105111 0.549668 0.727425 0.397076
10003.366633000 -1.559516 -1.607562 0.802683 0.102337 0.550990 0.730322 0.390599
10003.399966000 -1.566342 -1.623986 0.807143 0.099048 0.551802 0.734278 0.382806
10003.433299000 -1.572560 -1.641645 0.812042 0.095374 0.552880 0.738791 0.373385
10003.466632000 -1.577581 -1.658766 0.816806 0.091065 0.553522 0.743865 0.363298
10003.499965000 -1.582589 -1.675868 0.821498 0.086811 0.553976 0.749548 0.351785
10003.533298000 -1.587588 -1.692743 0.827146 0.082849 0.554653 0.755003 0.339806
10003.566631000 -1.593518 -1.708465 0.834423 0.079077 0.555753 0.760038 0.327457
10003.599964000 -1.600695 -1.724257 0.842950 0.076127 0.557195 0.764818 0.314311
10003.633297000 -1.608477 -1.738440 0.851959 0.073305 0.558422 0.768831 0.302804
10003.666630000 -1.629312 -1.761509 0.876617 0.070197 0.562539 0.774329 0.281133
10003.699963000 -1.642666 -1.770788 0.891358 0.070088 0.565336 0.775517 0.272134
10003.733296000 -1.658159 -1.779899 0.907111 0.070098 0.568626 0.775653 0.264789
10003.766629000 -1.674198 -1.787377 0.923294 0.070313 0.571981 0.775322 0.258398
10003.799962000 -1.690237 -1.794848 0.939455 0.070481 0.575423 0.774662 0.252625
10003.833295000 -1.707191 -1.801923 0.955551 0.070993 0.579087 0.773295 0.248260
10003.866628000 -1.724484 -1.810274 0.971081 0.071145 0.583435 0.771258 0.244344
10003.899961000 -1.741447 -1.818170 0.985156 0.071299 0.587322 0.769195 0.241473
10003.933294000 -1.757408 -1.827520 0.996649 0.070231 0.591285 0.767008 0.239057
10003.966627000 -1.772485 -1.837951 1.006498 0.068958 0.595244 0.764736 0.236871
10003.999960000 -1.797798 -1.864323 1.017491 0.064164 0.602567 0.760431 0.233542
10004.033293000 -1.807373 -1.880314 1.019768 0.060666 0.606424 0.758364 0.231199
10004.066626000 -1.816923 -1.897895 1.018273 0.056797 0.609609 0.756534 0.229798
10004.099959000 -1.824552 -1.916467 1.016158 0.053265 0.612935 0.755136 0.226371
10004.133292000 -1.831308 -1.936120 1.012313 0.050387 0.615880 0.754107 0.222434
10004.166625000 -1.837137 -1.956611 1.007739 0.048396 0.618611 0.753771 0.216352
10004.199958000 -1.842136 -1.977436 1.003202 0.047086 0.621635 0.753559 0.208572
10004.233291000 -1.847047 -1.998242 0.998663 0.047056 0.624090 0.753975 0.199546
10004.266624000 -1.851481 -2.019940 0.995604 0.047593 0.626922 0.754420 0.188560
10004.299957000 -1.856399 -2.040354 0.992039 0.049616 0.629445 0.755197 0.176109
10004.333290000 -1.865897 -2.080107 0.993346 0.053858 0.635256 0.756023 0.148251
10004.366623000 -1.870247 -2.099029 0.996780 0.054924 0.638494 0.755774 0.134588
10004.399956000 -1.876511 -2.116964 1.000836 0.055097 0.641808 0.754987 0.122641
10004.433289000 -1.881719 -2.134460 1.006966 0.053798 0.645212 0.753811 0.112138
10004.466622000 -1.888752 -2.150444 1.014590 0.051688 0.648630 0.752258 0.103516
10004.499955000 -1.894880 -2.166820 1.022466 0.048114 0.652023 0.750497 0.096465
10004.533288000 -1.902561 -2.181293 1.030528 0.044317 0.654885 0.748878 0.091342
10004.566621000 -1.910146 -2.195313 1.039524 0.040069 0.657747 0.747030 0.087801
10004.599954000 -1.917474 -2.208871 1.047307 0.035946 0.659552 0.745926 0.085404
10004.633287000 -1.926615 -2.221421 1.055639 0.032918 0.661261 0.744698 0.084119
10004.666620000 -1.944658 -2.244183 1.069453 0.030696 0.662212 0.744055 0.083155
10004.699953000 -1.954505 -2.254126 1.074552 0.031707 0.661560 0.744594 0.083144
10004.733286000 -1.963091 -2.263942 1.078614 0.033210 0.660474 0.745430 0.083698
10004.766619000 -1.972102 -2.272457 1.082210 0.036133 0.659080 0.746465 0.084252
10004.799952000 -1.978962 -2.280872 1.085608 0.038596 0.657558 0.747609 0.084908
10004.833285000 -1.984498 -2.289226 1.087896 0.041483 0.655873 0.748866 0.085502
10004.866618000 -1.988430 -2.295736 1.090597 0.044001 0.654316 0.749999 0.086231
10004.899951000 -1.988936 -2.302068 1.091928 0.045738 0.652659 0.751255 0.086949
10004.933284000 -1.987586 -2.308520 1.094623 0.046894 0.651310 0.752247 0.087867
10004.966617000 -1.982279 -2.313953 1.095795 0.047196 0.650211 0.753137 0.088218
10004.999950000 -1.959695 -2.324381 1.100095 0.044401 0.649056 0.754357 0.087751
10005.033283000 -1.942506 -2.329732 1.102265 0.041137 0.649169 0.754496 0.087305
10005.066616000 -1.924128 -2.334150 1.105253 0.037753 0.649490 0.754517 0.086269
10005.099949000 -1.902572 -2.339154 1.107402 0.033446 0.649959 0.754473 0.084888
10005.133282000 -1.881497 -2.344897 1.109826 0.029015 0.650701 0.754148 0.083708
10005.166615000 -1.859995 -2.349430 1.112904 0.024244 0.651491 0.753791 0.082282
10005.199948000 -1.840156 -2.355662 1.115551 0.019650 0.652408 0.753269 0.081013
10005.233281000 -1.821819 -2.362617 1.118291 0.015182 0.653246 0.752764 0.079910
10005.266614000 -1.806987 -2.370152 1.121430 0.011351 0.654385 0.751931 0.079065
10005.299947000 -1.795371 -2.378803 1.124037 0.008307 0.655257 0.751316 0.078061
10005.333280000 -1.785313 -2.398849 1.129020 0.005054 0.656922 0.749972 0.077265
10005.366613000 -1.787623 -2.411545 1.133003 0.005169 0.657901 0.749125 0.077147
10005.399946000 -1.793697 -2.424098 1.135864 0.006067 0.658513 0.748542 0.077522
10005.433279000 -1.802612 -2.438479 1.139680 0.007732 0.659418 0.747691 0.077889
10005.466612000 -1.811962 -2.453715 1.143693 0.009287 0.660121 0.747024 0.078162
10005.499945000 -1.823902 -2.469567 1.149074 0.011600 0.661177 0.746012 0.078586
10005.533278000 -1.834388 -2.486627 1.156129 0.013336 0.662254 0.744995 0.078893
10005.566611000 -1.845205 -2.504451 1.163501 0.014983 0.663546 0.743758 0.079410
10005.599944000 -1.853372 -2.522724 1.173095 0.016194 0.664944 0.742467 0.079559
10005.633277000 -1.859556 -2.541188 1.183944 0.016577 0.666593 0.740946 0.079858
10005.666610000 -1.858782 -2.580270 1.211987 0.014546 0.670975 0.737105 0.079107
10005.699943000 -1.852473 -2.600525 1.228969 0.011932 0.673566 0.734818 0.078798
10005.733276000 -1.843710 -2.621366 1.247205 0.008987 0.676263 0.732451 0.078118
10005.766609000 -1.832176 -2.640916 1.265972 0.005557 0.679022 0.730010 0.077361
10005.799942000 -1.818653 -2.661041 1.285029 0.001685 0.681712 0.727607 0.076511
10005.833275000 -1.805198 -2.680807 1.305037 -0.001965 0.684435 0.725128 0.075729
10005.866608000 -1.791026 -2.699288 1.323466 -0.005289 0.686852 0.722898 0.075003
10005.899941000 -1.777819 -2.716898 1.342638 -0.008261 0.689356 0.720550 0.074349
10005.933274000 -1.766100 -2.733864 1.359195 -0.010535 0.691348 0.718657 0.073887
10005.966607000 -1.756007 -2.749277 1.375376 -0.011660 0.693362 0.716770 0.073170
10005.999940000 -1.746401 -2.776751 1.400737 -0.010373 0.696080 0.714181 0.072881
10006.033273000 -1.745882 -2.788595 1.409824 -0.007641 0.696897 0.713430 0.072755
10006.066606000 -1.748430 -2.798448 1.416972 -0.004394 0.697503 0.712835 0.073045
10006.099939000 -1.752587 -2.807200 1.422508 -0.000280 0.697689 0.712619 0.073517
10006.133272000 -1.758064 -2.814639 1.426581 0.004407 0.697558 0.712699 0.073847
10006.166605000 -1.764037 -2.821760 1.428408 0.009013 0.697067 0.713062 0.074566
10006.199938000 -1.769527 -2.827889 1.429943 0.013440 0.696246 0.713702 0.075437
10006.233271000 -1.775949 -2.834384 1.429556 0.017809 0.695196 0.714517 0.076496
10006.266604000 -1.780830 -2.839524 1.428582 0.021338 0.693912 0.715509 0.077958
10006.299937000 -1.784535 -2.844628 1.426378 0.024638 0.692307 0.716812 0.079278
10006.333270000 -1.785531 -2.854763 1.420684 0.027426 0.688594 0.719887 0.082750
10006.366603000 -1.781910 -2.860270 1.417415 0.027244 0.686528 0.721652 0.084590
10006.399936000 -1.776838 -2.864825 1.415037 0.026393 0.684447 0.723471 0.086167
10006.433269000 -1.768217 -2.871138 1.411877 0.024352 0.682236 0.725468 0.087507
10006.466602000 -1.758327 -2.876344 1.410510 0.022075 0.680236 0.727290 0.088551
10006.499935000 -1.745142 -2.880812 1.411110 0.018923 0.678431 0.729001 0.089056
10006.533268000 -1.730795 -2.885497 1.411992 0.015586 0.676805 0.730633 0.088698
10006.566601000 -1.714010 -2.890267 1.415930 0.012093 0.675673 0.731872 0.087654
10006.599934000 -1.694942 -2.893608 1.422583 0.008652 0.675034 0.732802 0.085183
10006.633267000 -1.672931 -2.898024 1.432220 0.004828 0.675088 0.733170 0.081824
10006.666600000 -1.625131 -2.904420 1.461082 0.000032 0.677407 0.732327 0.069406
10006.699933000 -1.598765 -2.907314 1.479549 -0.001057 0.679599 0.731092 0.060405
10006.733266000 -1.571834 -2.910166 1.501301 -0.000635 0.682512 0.729185 0.049672
10006.766599000 -1.543934 -2.912931 1.524055 0.001306 0.685765 0.726889 0.036840
10006.799932000 -1.516062 -2.915440 1.547786 0.004858 0.689312 0.724100 0.022462
10006.833265000 -1.489072 -2.917479 1.571470 0.010515 0.692888 0.720939 0.006546
10006.866598000 -1.462022 -2.919645 1.595097 0.017631 0.696387 0.717373 -0.010515
10006.899931000 -1.435914 -2.921926 1.617579 0.025808 0.699635 0.713484 -0.028007
10006.933264000 -1.412173 -2.924630 1.639325 0.034351 0.702685 0.709258 -0.044793
10006.966597000 -1.389878 -2.926942 1.657611 0.042573 0.705073 0.705289 -0.060235
10006.999930000 -1.354121 -2.933229 1.685393 0.054016 0.708527 0.698788 -0.082264
10007.033263000 -1.339357 -2.936515 1.693158 0.055404 0.709695 0.696808 -0.087877
10007.066596000 -1.326759 -2.940807 1.699177 0.054579 0.710634 0.695604 -0.090306
10007.099929000 -1.317019 -2.944640 1.702857 0.051560 0.711317 0.695187 -0.089910
10007.133262000 -1.309310 -2.948963 1.703597 0.046465 0.711708 0.695530 -0.086894
10007.166595000 -1.302284 -2.953419 1.703057 0.040169 0.711937 0.696242 -0.082331
10007.199928000 -1.297338 -2.957638 1.701461 0.032837 0.712152 0.697129 -0.075973
10007.233261000 -1.293271 -2.961781 1.698867 0.024793 0.711955 0.698413 -0.068740
10007.266594000 -1.289223 -2.966081 1.696216 0.016768 0.711763 0.699544 -0.061244
10007.299927000 -1.285971 -2.969817 1.693497 0.009856 0.711476 0.700494 -0.054887
10007.333260000 -1.279485 -2.977077 1.688888 -0.001111 0.710627 0.702124 -0.045051
10007.366593000 -1.276236 -2.980175 1.687960 -0.003671 0.710380 0.702492 -0.043029
10007.399926000 -1.272204 -2.983238 1.687969 -0.005442 0.710257 0.702676 -0.041851
10007.433259000 -1.268980 -2.985933 1.687967 -0.006239 0.710173 0.702764 -0.041697
10007.466592000 -1.265407 -2.987367 1.688466 -0.005592 0.710157 0.702704 -0.043048
10007.499925000 -1.260919 -2.988721 1.690027 -0.004844 0.710265 0.702495 -0.044736
10007.533258000 -1.256079 -2.989224 1.691277 -0.003407 0.710435 0.702147 -0.047531
10007.566591000 -1.251707 -2.988531 1.691930 -0.002318 0.710624 0.701812 -0.049677
10007.599924000 -1.246034 -2.987329 1.692474 -0.000849 0.710828 0.701383 -0.052775
10007.633257000 -1.240319 -2.985675 1.693875 -0.000261 0.711020 0.701016 -0.055013
10007.666590000 -1.226919 -2.978962 1.693224 -0.001325 0.711575 0.700187 -0.058295
10007.699923000 -1.219722 -2.973972 1.693356 -0.002861 0.711906 0.699752 -0.059408
10007.733256000 -1.212104 -2.968501 1.692137 -0.005150 0.712015 0.699593 -0.059813
10007.766589000 -1.204159 -2.962168 1.690571 -0.007986 0.712100 0.699492 -0.059679
10007.799922000 -1.196143 -2.956231 1.688102 -0.010517 0.712000 0.699551 -0.059782
10007.833255000 -1.188788 -2.948717 1.685963 -0.013227 0.711830 0.699707 -0.059442
10007.866588000 -1.180372 -2.942272 1.682180 -0.016076 0.711373 0.700138 -0.059138
10007.899921000 -1.172607 -2.934161 1.678870 -0.018969 0.710659 0.700873 -0.058151
10007.933254000 -1.164288 -2.927808 1.674991 -0.021047 0.709789 0.701713 -0.057927
10007.966587000 -1.157777 -2.921056 1.670006 -0.023150 0.708664 0.702871 -0.056855
10007.999920000 -1.144020 -2.909012 1.659696 -0.025204 0.705542 0.706026 -0.055701
10008.033253000 -1.137547 -2.902492 1.653806 -0.025683 0.703558 0.708042 -0.054980
10008.066586000 -1.132837 -2.897898 1.647493 -0.025817 0.701321 0.710352 -0.053691
10008.099919000 -1.127665 -2.892410 1.640898 -0.025302 0.699073 0.712635 -0.052989
10008.133252000 -1.123373 -2.886486 1.634254 -0.024733 0.696782 0.714967 -0.052020
10008.166585000 -1.119555 -2.881917 1.626878 -0.023784 0.694262 0.717491 -0.051400
10008.199918000 -1.117135 -2.875251 1.619886 -0.022751 0.691991 0.719781 -0.050463
10008.233251000 -1.114655 -2.868539 1.612888 -0.021800 0.689756 0.722003 -0.049732
10008.266584000 -1.113197 -2.861241 1.606646 -0.020736 0.687656 0.724074 -0.049149
10008.299917000 -1.113082 -2.852245 1.599828 -0.019863 0.685666 0.726028 -0.048478
10008.333250000 -1.114510 -2.832498 1.586364 -0.018350 0.682222 0.729352 -0.047776
10008.366583000 -1.115965 -2.821231 1.580654 -0.018069 0.680966 0.730558 -0.047376
10008.399916000 -1.119243 -2.809327 1.574766 -0.017500 0.679720 0.731734 -0.047334
10008.433249000 -1.122439 -2.797009 1.569814 -0.017362 0.678871 0.732547 -0.046996
10008.466582000 -1.126650 -2.784336 1.564540 -0.017171 0.677950 0.733423 -0.046675
10008.499915000 -1.132063 -2.771687 1.560655 -0.016966 0.677357 0.733998 -0.046320
10008.533248000 -1.137832 -2.760279 1.556148 -0.017126 0.676848 0.734526 -0.045345
10008.566581000 -1.144495 -2.748238 1.552400 -0.016885 0.676550 0.734850 -0.044602
10008.599914000 -1.151999 -2.737954 1.549243 -0.016597 0.676462 0.734995 -0.043655
10008.633247000 -1.158816 -2.728958 1.546618 -0.016549 0.676498 0.735048 -0.042200
10008.666580000 -1.176751 -2.716165 1.541363 -0.015286 0.676686 0.735104 -0.038527
10008.699913000 -1.185746 -2.711844 1.539519 -0.014461 0.676864 0.735066 -0.036389
10008.733246000 -1.194846 -2.708395 1.538044 -0.013696 0.677098 0.734969 -0.034239
10008.766579000 -1.204645 -2.705789 1.536887 -0.013217 0.677434 0.734794 -0.031420
10008.799912000 -1.213364 -2.703567 1.535938 -0.012043 0.677575 0.734759 -0.029590
10008.833245000 -1.223173 -2.702217 1.534298 -0.011256 0.677584 0.734848 -0.027431
10008.866578000 -1.231303 -2.701121 1.533826 -0.010640 0.677504 0.734991 -0.025757
10008.899911000 -1.240183 -2.698902 1.532774 -0.010041 0.677104 0.735418 -0.024282
10008.933244000 -1.247512 -2.696152 1.531708 -0.009763 0.676491 0.736014 -0.023416
10008.966577000 -1.254591 -2.692583 1.530114 -0.009569 0.675474 0.736962 -0.023025
10008.999910000 -1.264707 -2.680976 1.527442 -0.010129 0.672435 0.739676 -0.024643
10009.033243000 -1.267624 -2.672343 1.525117 -0.010822 0.670069 0.741738 -0.026748
10009.066576000 -1.269705 -2.664042 1.522955 -0.011708 0.667481 0.743947 -0.029584
10009.099909000 -1.270009 -2.654240 1.520220 -0.012899 0.664430 0.746501 -0.033219
10009.133242000 -1.268234 -2.644723 1.517239 -0.014299 0.661087 0.749215 -0.037887
10009.166575000 -1.265528 -2.635478 1.514519 -0.015821 0.657393 0.752145 -0.043156
10009.199908000 -1.261547 -2.626130 1.510681 -0.017454 0.653325 0.755281 -0.049112
10009.233241000 -1.254701 -2.617760 1.507157 -0.019413 0.649133 0.758366 -0.055946
10009.266574000 -1.246275 -2.611291 1.503398 -0.021508 0.644784 0.761420 -0.063489
10009.299907000 -1.235639 -2.604889 1.498712 -0.023744 0.640309 0.764398 -0.071673
10009.333240000 -1.207276 -2.598874 1.488966 -0.028445 0.631610 0.769563 -0.089625
10009.366573000 -1.190170 -2.598220 1.483259 -0.030813 0.627545 0.771638 -0.099058
10009.399906000 -1.171423 -2.599330 1.477364 -0.033230 0.623728 0.773330 -0.108718
10009.433239000 -1.151729 -2.601109 1.470642 -0.035488 0.620066 0.774813 -0.118000
10009.466572000 -1.130231 -2.604453 1.462351 -0.037697 0.616567 0.776048 -0.127172
10009.499905000 -1.108660 -2.607823 1.453989 -0.039776 0.613561 0.776858 -0.135840
10009.533238000 -1.085935 -2.611071 1.444530 -0.041729 0.610614 0.777559 -0.144261
10009.566571000 -1.064279 -2.614367 1.433911 -0.043418 0.608241 0.777919 -0.151656
10009.599904000 -1.042236 -2.617179 1.422070 -0.044939 0.605919 0.778277 -0.158518
10009.633237000 -1.021082 -2.619935 1.409124 -0.046126 0.604232 0.778399 -0.163922
10009.666570000 -0.982062 -2.620391 1.377922 -0.047897 0.601203 0.778834 -0.172275
10009.699903000 -0.963698 -2.618569 1.361652 -0.048534 0.600215 0.778895 -0.175239
10009.733236000 -0.946370 -2.614528 1.343585 -0.048933 0.599304 0.779113 -0.177265
10009.766569000 -0.930141 -2.609717 1.326401 -0.049119 0.598653 0.779322 -0.178491
10009.799902000 -0.915033 -2.602662 1.308208 -0.049185 0.597826 0.779717 -0.179518
10009.833235000 -0.900799 -2.594169 1.292652 -0.049300 0.597369 0.779868 -0.180349
10009.866568000 -0.885862 -2.583202 1.278297 -0.049443 0.596841 0.780035 -0.181332
10009.899901000 -0.872747 -2.570727 1.265528 -0.049556 0.596155 0.780325 -0.182309
10009.933234000 -0.859203 -2.556281 1.255098 -0.049831 0.595544 0.780467 -0.183614
10009.966567000 -0.845434 -2.539872 1.247224 -0.050125 0.594575 0.780699 -0.185679
10009.999900000 -0.819231 -2.500168 1.243752 -0.051368 0.592500 0.780741 -0.191702
10010.033233000 -0.805930 -2.477609 1.247408 -0.052266 0.591181 0.780639 -0.195899
10010.066566000 -0.793661 -2.453558 1.253720 -0.053152 0.589650 0.780562 -0.200527
10010.099899000 -0.782548 -2.429325 1.262079 -0.054147 0.587868 0.780585 -0.205346
10010.133232000 -0.771810 -2.404702 1.273498 -0.055129 0.586165 0.780489 -0.210258
10010.166565000 -0.763498 -2.379887 1.286060 -0.055920 0.584271 0.780540 -0.215076
10010.199898000 -0.756421 -2.355268 1.299683 -0.056550 0.582190 0.780835 -0.219440
10010.233231000 -0.752311 -2.332129 1.315153 -0.056987 0.580199 0.781236 -0.223141
10010.266564000 -0.750834 -2.310430 1.329958 -0.057081 0.578029 0.782007 -0.226030
10010.299897000 -0.753270 -2.290590 1.344569 -0.056706 0.575732 0.783296 -0.227517
10010.333230000 -0.765859 -2.259242 1.370778 -0.055053 0.571291 0.786990 -0.226367
10010.366563000 -0.777452 -2.247881 1.383367 -0.053521 0.569221 0.789558 -0.222981
10010.399896000 -0.792192 -2.237601 1.393176 -0.051671 0.566967 0.792618 -0.218258
10010.433229000 -0.808609 -2.229359 1.401689 -0.049577 0.564946 0.795846 -0.212149
10010.466562000 -0.826391 -2.221936 1.409427 -0.047232 0.563328 0.799052 -0.204809
10010.499895000 -0.846092 -2.214275 1.416016 -0.044681 0.562047 0.802284 -0.196081
10010.533228000 -0.865881 -2.207353 1.420800 -0.042040 0.561046 0.805404 -0.186507
10010.566561000 -0.886064 -2.199288 1.423881 -0.039550 0.560461 0.808227 -0.176319
10010.599894000 -0.906510 -2.190254 1.424460 -0.036771 0.560496 0.810739 -0.164905
10010.633227000 -0.925361 -2.179553 1.424420 -0.034124 0.561242 0.812594 -0.153404
10010.666560000 -0.959077 -2.160442 1.422777 -0.027417 0.567672 0.812260 -0.131263
10010.699893000 -0.973553 -2.143597 1.417997 -0.024978 0.570957 0.811913 -0.119089
10010.733226000 -0.985684 -2.123966 1.410951 -0.022594 0.574844 0.810889 -0.107255
10010.766559000 -0.997168 -2.102990 1.402406 -0.019975 0.579229 0.809355 -0.095075
10010.799892000 -1.008316 -2.081219 1.393947 -0.017083 0.584329 0.807192 -0.081909
10010.833225000 -1.017152 -2.056926 1.384046 -0.014558 0.589443 0.804680 -0.069538
10010.866558000 -1.025008 -2.033360 1.373175 -0.011652 0.594621 0.801948 -0.056297
10010.899891000 -1.032504 -2.008931 1.361888 -0.008395 0.599647 0.799082 -0.042665
10010.933224000 -1.040035 -1.984496 1.350682 -0.004909 0.604735 0.795905 -0.028416
10010.966557000 -1.046741 -1.960146 1.339357 -0.001413 0.609044 0.793014 -0.013834
10010.999890000 -1.059203 -1.912654 1.317231 0.006782 0.614357 0.788781 0.018558
10011.033223000 -1.066159 -1.890980 1.306843 0.011414 0.615710 0.787046 0.036448
10011.066556000 -1.073890 -1.868315 1.296801 0.016802 0.615728 0.785767 0.056284
10011.099889000 -1.082721 -1.846493 1.286703 0.022851 0.614502 0.784692 0.078257
10011.133222000 -1.091803 -1.825358 1.277078 0.029128 0.612171 0.783660 0.101367
10011.166555000 -1.101509 -1.805088 1.268473 0.035929 0.609284 0.781937 0.126711
10011.199888000 -1.112670 -1.783199 1.259269 0.043195 0.605563 0.779530 0.154148
10011.233221000 -1.122825 -1.762641 1.250399 0.050001 0.601070 0.776627 0.181838
10011.266554000 -1.135070 -1.740894 1.242279 0.057577 0.597141 0.771793 0.210816
10011.299887000 -1.148469 -1.718776 1.234958 0.065300 0.593081 0.765752 0.240028
10011.333220000 -1.176221 -1.671341 1.220542 0.081008 0.586396 0.750168 0.294663
10011.366553000 -1.191151 -1.647176 1.213479 0.088440 0.583564 0.741748 0.318499
10011.399886000 -1.206728 -1.621786 1.205847 0.095753 0.581318 0.733000 0.340017
10011.433219000 -1.222685 -1.597226 1.198588 0.102498 0.579226 0.724682 0.358925
10011.466552000 -1.238308 -1.572175 1.190011 0.108698 0.576808 0.716903 0.376202
10011.499885000 -1.253817 -1.547532 1.180655 0.114143 0.574458 0.709901 0.391166
10011.533218000 -1.268956 -1.523925 1.171505 0.118929 0.571867 0.703674 0.404557
10011.566551000 -1.283925 -1.500310 1.159937 0.123245 0.568341 0.698045 0.417770
10011.599884000 -1.297420 -1.480010 1.147781 0.126559 0.564849 0.693407 0.429086
10011.633217000 -1.310552 -1.459526 1.133497 0.129443 0.559928 0.689258 0.441190
10011.666550000 -1.330735 -1.426462 1.100347 0.132446 0.547210 0.682942 0.465414
10011.699883000 -1.337587 -1.410882 1.082006 0.133531 0.538738 0.680398 0.478529
10011.733216000 -1.345174 -1.399033 1.060582 0.133713 0.529001 0.678060 0.492456
10011.766549000 -1.349078 -1.386902 1.037823 0.132976 0.517636 0.675812 0.507591
10011.799882000 -1.352626 -1.376212 1.014578 0.131686 0.505384 0.673662 0.522901
10011.833215000 -1.354849 -1.366211 0.988261 0.129498 0.491294 0.671078 0.539922
10011.866548000 -1.354685 -1.356221 0.962109 0.126280 0.476083 0.667997 0.557833
10011.899881000 -1.353106 -1.346106 0.933854 0.121981 0.459471 0.664571 0.576500
10011.933214000 -1.350322 -1.335845 0.905832 0.116833 0.442448 0.660463 0.595297
10011.966547000 -1.346638 -1.325252 0.877718 0.110841 0.425482 0.655158 0.614368
10011.999880000 -1.334149 -1.301731 0.815456 0.095697 0.389473 0.643583 0.651885
10012.033213000 -1.325955 -1.286885 0.783075 0.087704 0.371861 0.637248 0.669285
10012.066546000 -1.316428 -1.270497 0.751354 0.079529 0.354945 0.629512 0.686588
10012.099879000 -1.307339 -1.255438 0.721732 0.071601 0.340595 0.622301 0.701149
10012.133212000 -1.296706 -1.238710 0.690901 0.063840 0.326676 0.614524 0.715239
10012.166545000 -1.285093 -1.222006 0.662946 0.056532 0.314359 0.607251 0.727481
10012.199878000 -1.274563 -1.204697 0.634853 0.050448 0.303398 0.599470 0.738946
10012.233211000 -1.263720 -1.187356 0.610921 0.045095 0.294383 0.592887 0.748191
10012.266544000 -1.252750 -1.169877 0.588002 0.040966 0.286742 0.586588 0.756317
10012.299877000 -1.242864 -1.152851 0.568709 0.037790 0.280701 0.581058 0.762988
10012.333210000 -1.226574 -1.120266 0.543759 0.035752 0.274867 0.571934 0.772050
10012.366543000 -1.218952 -1.104351 0.535278 0.036031 0.273283 0.568656 0.775015
10012.399876000 -1.211993 -1.089711 0.528544 0.037257 0.272744 0.566048 0.777053
10012.433209000 -1.204913 -1.075228 0.525465 0.039302 0.273405 0.563524 0.778554
10012.466542000 -1.198387 -1.060403 0.522315 0.041856 0.274275 0.560845 0.780048
10012.499875000 -1.192527 -1.045612 0.519140 0.044897 0.275070 0.556846 0.782460
10012.533208000 -1.187622 -1.030497 0.516151 0.048824 0.276463 0.552406 0.784877
10012.566541000 -1.180652 -1.015115 0.511438 0.052262 0.276289 0.546901 0.788564
10012.599874000 -1.173456 -0.998859 0.504491 0.055955 0.275306 0.539208 0.793933
10012.633207000 -1.167026 -0.982535 0.494285 0.059546 0.273254 0.529938 0.800595
10012.666540000 -1.149010 -0.946702 0.461506 0.064249 0.262628 0.504225 0.820156
10012.699873000 -1.139737 -0.926996 0.439783 0.066220 0.255182 0.488381 0.831854
10012.733206000 -1.129137 -0.908324 0.414656 0.067227 0.246399 0.471295 0.844185
10012.766539000 -1.118570 -0.888321 0.386553 0.068084 0.236984 0.453301 0.856575
10012.799872000 -1.106782 -0.868164 0.357440 0.068299 0.226707 0.434469 0.869008
10012.833205000 -1.095327 -0.849635 0.326741 0.067610 0.216936 0.417480 0.879817
10012.866538000 -1.083751 -0.831510 0.295250 0.066192 0.207169 0.401146 0.889821
10012.899871000 -1.072868 -0.814052 0.265477 0.064535 0.198500 0.386327 0.898435
10012.933204000 -1.061461 -0.798899 0.235306 0.061042 0.189990 0.373683 0.905836
10012.966537000 -1.052108 -0.785233 0.208002 0.057145 0.183188 0.364366 0.911271
10012.999870000 -1.034734 -0.763852 0.159974 0.045031 0.172229 0.354415 0.917987
10013.033203000 -1.027898 -0.756251 0.140562 0.037472 0.168435 0.353976 0.919199
10013.066536000 -1.021771 -0.750001 0.122826 0.028799 0.165404 0.356206 0.919201
10013.099869000 -1.016778 -0.745552 0.107820 0.019772 0.163389 0.361123 0.917880
10013.133202000 -1.012957 -0.742948 0.095917 0.010467 0.162278 0.368409 0.915331
10013.166535000 -1.009133 -0.739498 0.085743 0.001100 0.160962 0.375775 0.912624
10013.199868000 -1.007000 -0.737368 0.076084 -0.007647 0.160659 0.385302 0.908665
10013.233201000 -1.005332 -0.735182 0.069716 -0.015720 0.160948 0.395660 0.904048
10013.266534000 -1.004898 -0.733531 0.063518 -0.022803 0.161073 0.404915 0.899766
10013.299867000 -1.005322 -0.731189 0.058253 -0.029014 0.161264 0.413630 0.895579
10013.333200000 -1.008190 -0.721401 0.050954 -0.036109 0.160146 0.420711 0.892218
10013.366533000 -1.009761 -0.715334 0.047407 -0.038157 0.158492 0.418998 0.893233
10013.399866000 -1.011248 -0.708776 0.044664 -0.038932 0.156441 0.414504 0.895654
10013.433199000 -1.012475 -0.701344 0.041584 -0.038645 0.154277 0.408109 0.898973
10013.466532000 -1.013256 -0.692791 0.039099 -0.037512 0.151836 0.399738 0.903188
10013.499865000 -1.011862 -0.684075 0.036564 -0.035749 0.148955 0.389380 0.908250
10013.533198000 -1.008228 -0.675156 0.033965 -0.033792 0.146179 0.379208 0.913067
10013.566531000 -1.003251 -0.666030 0.030098 -0.031365 0.143407 0.368787 0.917849
10013.599864000 -0.995436 -0.657640 0.027741 -0.029384 0.140856 0.359568 0.921958
10013.633197000 -0.984128 -0.649286 0.023110 -0.027275 0.138351 0.350501 0.925886
10013.666530000 -0.950924 -0.633662 0.012975 -0.024856 0.134164 0.337108 0.931526
10013.699863000 -0.929071 -0.626823 0.006687 -0.024734 0.132684 0.333289 0.933114
10013.733196000 -0.904880 -0.619525 0.001300 -0.024682 0.131473 0.330091 0.934422
10013.766529000 -0.879520 -0.612086 -0.005299 -0.025274 0.130452 0.328051 0.935268
10013.799862000 -0.852278 -0.604823 -0.010608 -0.026059 0.129887 0.327362 0.935566
10013.833195000 -0.824662 -0.596794 -0.016364 -0.026829 0.129476 0.327109 0.935690
10013.866528000 -0.797947 -0.588079 -0.021353 -0.027570 0.129924 0.328947 0.934962
10013.899861000 -0.771783 -0.577282 -0.025073 -0.027998 0.130300 0.330411 0.934380
10013.933194000 -0.747767 -0.565576 -0.026902 -0.027901 0.131747 0.334323 0.932787
10013.966527000 -0.726408 -0.551956 -0.028542 -0.026984 0.133606 0.337956 0.931239
10013.999860000 -0.693586 -0.519739 -0.025095 -0.023351 0.139095 0.348062 0.926801
10014.033193000 -0.682825 -0.499987 -0.020374 -0.020100 0.142868 0.353995 0.924052
10014.066526000 -0.674159 -0.479585 -0.013835 -0.016683 0.146395 0.359097 0.921596
10014.099859000 -0.667979 -0.456087 -0.005294 -0.012663 0.150002 0.363673 0.919283
10014.133192000 -0.664076 -0.432827 0.003321 -0.008491 0.153824 0.368277 0.916863
10014.166525000 -0.660131 -0.408481 0.014728 -0.004618 0.157241 0.372085 0.914771
10014.199858000 -0.656346 -0.384127 0.026189 -0.000689 0.160656 0.375568 0.912764
10014.233191000 -0.653407 -0.358707 0.039363 0.002903 0.163927 0.378974 0.910768
10014.266524000 -0.648893 -0.334320 0.053945 0.006112 0.166649 0.381652 0.909138
10014.299857000 -0.642418 -0.310184 0.068818 0.008444 0.169033 0.383920 0.907724
10014.333190000 -0.622748 -0.263273 0.100633 0.011672 0.172051 0.386646 0.905962
10014.366523000 -0.609539 -0.241403 0.116382 0.012398 0.173002 0.387713 0.905315
10014.399856000 -0.593685 -0.220486 0.132661 0.012412 0.173290 0.388065 0.905109
10014.433189000 -0.575811 -0.200892 0.148038 0.011717 0.172980 0.387836 0.905275
10014.466522000 -0.556133 -0.182229 0.162972 0.010379 0.172060 0.386968 0.905839
10014.499855000 -0.535586 -0.164842 0.176193 0.008786 0.170772 0.385315 0.906803
10014.533188000 -0.514143 -0.147854 0.189585 0.006691 0.168768 0.382449 0.908408
10014.566521000 -0.491369 -0.131251 0.199782 0.004615 0.165779 0.377719 0.910947
10014.599854000 -0.469050 -0.116467 0.207665 0.002013 0.162233 0.372322 0.913812
10014.633187000 -0.445356 -0.101298 0.214324 -0.000332 0.157394 0.363954 0.918022
10014.666520000 -0.400964 -0.077534 0.218296 -0.005799 0.146764 0.343228 0.927697
10014.699853000 -0.379296 -0.065864 0.216468 -0.007897 0.140160 0.328910 0.933869
10014.733186000 -0.359560 -0.054119 0.212578 -0.009166 0.133505 0.313680 0.940052
10014.766519000 -0.339923 -0.044104 0.206939 -0.010671 0.126109 0.297092 0.946424
10014.799852000 -0.322288 -0.033883 0.200116 -0.011188 0.119420 0.281029 0.952175
10014.833185000 -0.306555 -0.022200 0.192049 -0.010524 0.112540 0.263341 0.958058
10014.866518000 -0.291585 -0.010946 0.184815 -0.009664 0.106217 0.247287 0.963054
10014.899851000 -0.280455 0.001928 0.177709 -0.007146 0.101037 0.232186 0.967383
10014.933184000 -0.272062 0.015355 0.170098 -0.004225 0.096302 0.217854 0.971209
10014.966517000 -0.264618 0.030668 0.164523 -0.000452 0.092294 0.206002 0.974189
10014.999850000 -0.258459 0.064125 0.157154 0.008790 0.086991 0.188455 0.978182
10015.033183000 -0.260039 0.083560 0.155417 0.014566 0.085708 0.182147 0.979420
10015.066516000 -0.262922 0.104342 0.155755 0.020709 0.085489 0.178411 0.980016
10015.099849000 -0.267335 0.126575 0.157482 0.027729 0.085360 0.174342 0.980586
10015.133182000 -0.271163 0.149128 0.157263 0.034168 0.085001 0.171006 0.981002
10015.166515000 -0.275944 0.171799 0.158842 0.040973 0.085520 0.169117 0.981023
10015.199848000 -0.280649 0.195885 0.161514 0.048335 0.086056 0.166833 0.981033
10015.233181000 -0.285023 0.221438 0.164010 0.056909 0.086380 0.163551 0.981097
10015.266514000 -0.285769 0.242506 0.163493 0.062216 0.085828 0.159850 0.981433
10015.299847000 -0.283027 0.264228 0.162482 0.068094 0.084440 0.155171 0.981914
10015.333180000 -0.269482 0.306987 0.157037 0.079406 0.079951 0.143219 0.983255
10015.366513000 -0.259381 0.326069 0.151930 0.084430 0.077062 0.136149 0.984071
10015.399846000 -0.245514 0.344805 0.146983 0.089312 0.073312 0.127608 0.985071
10015.433179000 -0.230183 0.360639 0.139971 0.092977 0.069244 0.118996 0.986104
10015.466512000 -0.214063 0.375702 0.133300 0.096483 0.065040 0.110579 0.987033
10015.499845000 -0.196256 0.389705 0.126094 0.099315 0.060071 0.100977 0.988095
10015.533178000 -0.178408 0.400327 0.119182 0.101075 0.055204 0.092030 0.989074
10015.566511000 -0.160322 0.409950 0.112834 0.102579 0.049954 0.082387 0.990048
10015.599844000 -0.142406 0.416555 0.107741 0.103321 0.044315 0.072209 0.991033
10015.633177000 -0.125886 0.421165 0.102317 0.103139 0.038736 0.062433 0.991950
10015.666510000 -0.098940 0.422739 0.097276 0.100589 0.027749 0.043295 0.993598
10015.699843000 -0.089588 0.419999 0.097405 0.098288 0.022552 0.034154 0.994316
10015.733176000 -0.081476 0.414451 0.097815 0.095085 0.017177 0.024572 0.995018
10015.766509000 -0.073479 0.408661 0.100405 0.091682 0.011019 0.013534 0.995635
10015.799842000 -0.067710 0.400354 0.103097 0.087645 0.005374 0.003148 0.996132
10015.833175000 -0.063487 0.390957 0.107291 0.083123 -0.000740 -0.008255 0.996505
10015.866508000 -0.058448 0.381824 0.112560 0.078799 -0.007467 -0.021103 0.996639
10015.899841000 -0.054407 0.371816 0.117983 0.074249 -0.014125 -0.033945 0.996562
10015.933174000 -0.050924 0.361140 0.123812 0.069581 -0.021045 -0.047727 0.996212
10015.966507000 -0.046901 0.351148 0.129235 0.065182 -0.028572 -0.062852 0.995482
10015.999840000 -0.036808 0.334339 0.140974 0.058169 -0.044710 -0.095812 0.992692
10016.033173000 -0.032466 0.326775 0.146608 0.055325 -0.052701 -0.112862 0.990668
10016.066506000 -0.025873 0.320806 0.152621 0.053394 -0.061316 -0.130420 0.988119
10016.099839000 -0.019761 0.314269 0.157519 0.051510 -0.069512 -0.147703 0.985240
10016.133172000 -0.012770 0.307399 0.161703 0.050000 -0.078002 -0.165842 0.981790
10016.166505000 -0.005600 0.302040 0.164942 0.049080 -0.086054 -0.182321 0.978235
10016.199838000 0.001049 0.295602 0.167611 0.048071 -0.093705 -0.198269 0.974473
10016.233171000 0.009368 0.289684 0.170111 0.047635 -0.101298 -0.213668 0.970472
10016.266504000 0.015957 0.282366 0.170173 0.046787 -0.107964 -0.227937 0.966540
10016.299837000 0.023189 0.275577 0.169853 0.046171 -0.113958 -0.240343 0.962869
10016.333170000 0.036776 0.258097 0.164319 0.043728 -0.123856 -0.261910 0.956112
10016.366503000 0.043708 0.248627 0.159601 0.042250 -0.127557 -0.270540 0.953285
10016.399836000 0.049293 0.237997 0.154296 0.040168 -0.130368 -0.277659 0.950945
10016.433169000 0.056138 0.227581 0.147889 0.038313 -0.133138 -0.284618 0.948577
10016.466502000 0.062667 0.215849 0.140972 0.035997 -0.135287 -0.290738 0.946506
10016.499835000 0.068542 0.205070 0.133664 0.033776 -0.136888 -0.295566 0.944861
10016.533168000 0.075401 0.194670 0.127200 0.031797 -0.138184 -0.299886 0.943378
10016.566501000 0.082673 0.185102 0.120331 0.030100 -0.139490 -0.303971 0.941933
10016.599834000 0.090897 0.175647 0.114586 0.028688 -0.141134 -0.308621 0.940219
10016.633167000 0.099408 0.167335 0.109426 0.027545 -0.142523 -0.312449 0.938778
10016.666500000 0.117785 0.152718 0.102633 0.026164 -0.145778 -0.320314 0.935662
10016.699833000 0.128083 0.147882 0.101228 0.026431 -0.147899 -0.324576 0.933851
10016.733166000 0.138364 0.143367 0.100897 0.026825 -0.150085 -0.328792 0.932014
10016.766499000 0.147986 0.140462 0.100921 0.027575 -0.152266 -0.332653 0.930267
10016.799832000 0.158345 0.137135 0.103297 0.028492 -0.154846 -0.337233 0.928162
10016.833165000 0.167677 0.134344 0.105681 0.029548 -0.157715 -0.342204 0.925823
10016.866498000 0.176139 0.131618 0.107709 0.030445 -0.160285 -0.346618 0.923709
10016.899831000 0.184143 0.128619 0.111132 0.031504 -0.163454 -0.352176 0.921012
10016.933164000 0.189976 0.125370 0.114696 0.032148 -0.166115 -0.356973 0.918664
10016.966497000 0.194550 0.121575 0.118465 0.032680 -0.169094 -0.362461 0.915948
10016.999830000 0.198342 0.111572 0.126038 0.032927 -0.175351 -0.374961 0.909710
10017.033163000 0.197561 0.105258 0.129870 0.032597 -0.178669 -0.381965 0.906155
10017.066496000 0.194655 0.098360 0.132982 0.031798 -0.181477 -0.388428 0.902873
10017.099829000 0.191366 0.091063 0.137318 0.031289 -0.184617 -0.395302 0.899263
10017.133162000 0.186691 0.082514 0.139996 0.030143 -0.187701 -0.402871 0.895296
10017.166495000 0.182044 0.074269 0.143553 0.029056 -0.190605 -0.410021 0.891464
10017.199828000 0.176590 0.066431 0.147036 0.028060 -0.193568 -0.417206 0.887515
10017.233161000 0.171537 0.056916 0.150152 0.026750 -0.196537 -0.424801 0.883290
10017.266494000 0.166973 0.048631 0.153851 0.025717 -0.199302 -0.431642 0.879376
10017.299827000 0.163269 0.039730 0.156626 0.024404 -0.202028 -0.438872 0.875203
10017.333160000 0.159869 0.024146 0.163390 0.022914 -0.206890 -0.450747 0.868043
10017.366493000 0.160644 0.015978 0.166945 0.022145 -0.209360 -0.456893 0.864249
10017.399826000 0.161781 0.008557 0.170161 0.021433 -0.211534 -0.462287 0.860863
10017.433159000 0.164491 -0.000256 0.173987 0.020807 -0.213713 -0.467680 0.857420
10017.466492000 0.169396 -0.009058 0.177736 0.020644 -0.216403 -0.473414 0.853594
10017.499825000 0.174920 -0.018458 0.182847 0.020327 -0.219287 -0.479864 0.849253
10017.533158000 0.181385 -0.028567 0.187333 0.020299 -0.222349 -0.486290 0.844790
10017.566491000 0.188954 -0.041304 0.192720 0.020025 -0.225837 -0.493823 0.839485
10017.599824000 0.197370 -0.054326 0.198289 0.020145 -0.229528 -0.501174 0.834108
10017.633157000 0.207020 -0.069963 0.203901 0.020245 -0.233846 -0.509925 0.827576
10017.666490000 0.229063 -0.107203 0.218543 0.021045 -0.244528 -0.530302 0.811507
10017.699823000 0.241521 -0.128938 0.226756 0.021781 -0.250819 -0.541764 0.801939
10017.733156000 0.253277 -0.152484 0.235623 0.022341 -0.257288 -0.553688 0.791665
10017.766489000 0.265926 -0.175941 0.245698 0.023515 -0.264379 -0.565587 0.780809
10017.799822000 0.278162 -0.200548 0.255263 0.024492 -0.271563 -0.577896 0.769214
10017.833155000 0.289530 -0.224812 0.264461 0.025427 -0.278440 -0.589434 0.757886
10017.866488000 0.300260 -0.247666 0.274186 0.026538 -0.285440 -0.600450 0.746511
10017.899821000 0.309720 -0.270905 0.284120 0.027386 -0.292034 -0.611131 0.735177
10017.933154000 0.319046 -0.291636 0.294036 0.028491 -0.298703 -0.621305 0.723840
10017.966487000 0.325950 -0.309968 0.304170 0.029199 -0.304510 -0.630614 0.713265
10017.999820000 0.334729 -0.340752 0.322802 0.029829 -0.315101 -0.648273 0.692505
10018.033153000 0.335933 -0.351470 0.331598 0.029751 -0.319575 -0.656275 0.682854
10018.066486000 0.335728 -0.361169 0.339184 0.029184 -0.323481 -0.664058 0.673450
10018.099819000 0.333688 -0.368527 0.346125 0.028452 -0.326648 -0.671761 0.664251
10018.133152000 0.330307 -0.375516 0.351151 0.027381 -0.329519 -0.678967 0.655493
10018.166485000 0.325620 -0.380745 0.355810 0.026127 -0.331971 -0.686143 0.646777
10018.199818000 0.321352 -0.385445 0.359116 0.024943 -0.334233 -0.692951 0.638345
10018.233151000 0.314729 -0.391421 0.359486 0.022935 -0.335742 -0.699651 0.630270
10018.266484000 0.308806 -0.396476 0.358913 0.021493 -0.336778 -0.705966 0.622681
10018.299817000 0.303461 -0.403275 0.356568 0.019867 -0.338034 -0.712202 0.614904
10018.333150000 0.289447 -0.420379 0.344170 0.016194 -0.338531 -0.724346 0.600381
10018.366483000 0.282346 -0.431905 0.332411 0.013830 -0.337486 -0.730274 0.593812
10018.399816000 0.276723 -0.444436 0.321488 0.012167 -0.337413 -0.735484 0.587425
10018.433149000 0.271315 -0.457273 0.308395 0.010417 -0.336365 -0.740145 0.582182
10018.466482000 0.265819 -0.473072 0.293650 0.008483 -0.335878 -0.745143 0.576086
10018.499815000 0.261532 -0.488136 0.278330 0.006837 -0.334975 -0.748954 0.571675
10018.533148000 0.258638 -0.505484 0.262327 0.005326 -0.334507 -0.753039 0.566576
10018.566481000 0.257120 -0.522218 0.246575 0.004131 -0.334093 -0.756204 0.562601
10018.599814000 0.256312 -0.539810 0.232443 0.003229 -0.334058 -0.759149 0.558648
10018.633147000 0.257900 -0.556281 0.217437 0.002774 -0.334084 -0.760731 0.556479
10018.666480000 0.264490 -0.589122 0.194338 0.002901 -0.335691 -0.763514 0.551679
10018.699813000 0.270796 -0.605385 0.184892 0.003712 -0.337252 -0.763867 0.550231
10018.733146000 0.278523 -0.620221 0.177037 0.004661 -0.338644 -0.763460 0.549934
10018.766479000 0.285871 -0.635179 0.171523 0.005796 -0.340458 -0.763250 0.549094
10018.799812000 0.294232 -0.650046 0.166941 0.007047 -0.342235 -0.762631 0.548835
10018.833145000 0.301719 -0.664195 0.163188 0.008117 -0.343453 -0.761545 0.549566
10018.866478000 0.307805 -0.678115 0.161501 0.009056 -0.344694 -0.760855 0.549730
10018.899811000 0.313846 -0.691683 0.160633 0.009904 -0.345526 -0.759612 0.550911
10018.933144000 0.317302 -0.706263 0.160332 0.010250 -0.345671 -0.758754 0.551995
10018.966477000 0.318867 -0.719429 0.161543 0.010337 -0.345326 -0.757801 0.553517
10018.999810000 0.312737 -0.746540 0.166794 0.008818 -0.342217 -0.756765 0.556880
10019.033143000 0.305091 -0.760103 0.171702 0.007416 -0.339845 -0.756822 0.558275
10019.066476000 0.294538 -0.773083 0.175156 0.005591 -0.336657 -0.756454 0.560721
10019.099809000 0.282319 -0.786651 0.181087 0.003715 -0.333729 -0.756664 0.562202
10019.133142000 0.267245 -0.799242 0.186601 0.001679 -0.330607 -0.756914 0.563718
10019.166475000 0.250764 -0.812410 0.192263 -0.000277 -0.327910 -0.757736 0.564191
10019.199808000 0.233342 -0.825581 0.199342 -0.001844 -0.325849 -0.758632 0.564178
10019.233141000 0.213737 -0.838102 0.205904 -0.003179 -0.324376 -0.760076 0.563076
10019.266474000 0.192195 -0.849944 0.212136 -0.004220 -0.323447 -0.761732 0.561363
10019.299807000 0.172114 -0.861245 0.218248 -0.004252 -0.324176 -0.763502 0.558530
10019.333140000 0.127916 -0.882394 0.232075 -0.001832 -0.330373 -0.768997 0.547260
10019.366473000 0.106066 -0.893045 0.237836 0.000744 -0.335932 -0.772084 0.539476
10019.399806000 0.083183 -0.902860 0.244416 0.003847 -0.342687 -0.775084 0.530844
10019.433139000 0.060797 -0.912241 0.249593 0.007214 -0.350000 -0.777887 0.521862
10019.466472000 0.037599 -0.921223 0.254535 0.010982 -0.358114 -0.780725 0.511959
10019.499805000 0.014679 -0.930226 0.258687 0.014770 -0.366477 -0.783285 0.501938
10019.533138000 -0.009843 -0.939492 0.262462 -0.018055 0.374767 0.786063 -0.491253
10019.566471000 -0.034084 -0.949008 0.265220 -0.021109 0.382705 0.788636 -0.480775
10019.599804000 -0.058141 -0.957608 0.267805 -0.023419 0.389754 0.791218 -0.470656
10019.633137000 -0.083447 -0.967135 0.269834 -0.024777 0.395695 0.794734 -0.459575
10019.666470000 -0.136056 -0.986801 0.270613 -0.024455 0.402738 0.804019 -0.436758
10019.699803000 -0.162334 -0.996865 0.270439 -0.022896 0.403798 0.810034 -0.424579
10019.733136000 -0.188606 -1.007166 0.269440 -0.020696 0.403530 0.816689 -0.412012
10019.766469000 -0.214831 -1.017123 0.269358 -0.018060 0.402247 0.824001 -0.398615
10019.799802000 -0.241200 -1.026749 0.270033 -0.015382 0.400935 0.831713 -0.383754
10019.833135000 -0.266185 -1.037642 0.272179 -0.012801 0.399522 0.839349 -0.368390
10019.866468000 -0.290560 -1.047182 0.275026 -0.010533 0.398365 0.846794 -0.352326
10019.899801000 -0.313204 -1.055936 0.281165 -0.008919 0.398302 0.853374 -0.336198
10019.933134000 -0.333824 -1.064815 0.289323 -0.007787 0.399140 0.859178 -0.320064
10019.966467000 -0.353875 -1.073695 0.300840 -0.007414 0.401737 0.863685 -0.304304
10019.999800000 -0.385720 -1.088333 0.333621 -0.008983 0.412231 0.867028 -0.279728
10020.033133000 -0.398800 -1.095151 0.354021 -0.010672 0.419960 0.866224 -0.270509
10020.066466000 -0.409413 -1.102167 0.379018 -0.013106 0.429851 0.863538 -0.263360
10020.099799000 -0.418722 -1.108817 0.403833 -0.015562 0.439614 0.860106 -0.258292
10020.133132000 -0.426198 -1.115223 0.430625 -0.018465 0.450187 0.855337 -0.255712
10020.166465000 -0.431927 -1.122326 0.457805 -0.021540 0.460930 0.849947 -0.254301
10020.199798000 -0.436904 -1.130376 0.484479 -0.024503 0.470971 0.844401 -0.254112
10020.233131000 -0.440071 -1.140111 0.510521 -0.027652 0.480609 0.838567 -0.255060
10020.266464000 -0.441899 -1.150098 0.534590 -0.030627 0.488702 0.833006 -0.257553
10020.299797000 -0.443848 -1.161384 0.555881 -0.033251 0.495360 0.828034 -0.260524
10020.333130000 -0.443863 -1.189029 0.589711 -0.037339 0.502525 0.820646 -0.269470
10020.366463000 -0.443011 -1.205269 0.602247 -0.038815 0.503280 0.818116 -0.275480
10020.399796000 -0.441620 -1.224366 0.611558 -0.039774 0.502345 0.816466 -0.281870
10020.433129000 -0.439823 -1.242896 0.619602 -0.040342 0.499743 0.815471 -0.289200
10020.466462000 -0.438059 -1.262148 0.625927 -0.040537 0.496122 0.814998 -0.296644
10020.499795000 -0.436337 -1.281971 0.631197 -0.040487 0.491514 0.814727 -0.304949
10020.533128000 -0.433574 -1.302598 0.635598 -0.040172 0.486090 0.814618 -0.313848
10020.566461000 -0.430747 -1.322748 0.640915 -0.039812 0.480648 0.814384 -0.322756
10020.599794000 -0.428459 -1.343492 0.647620 -0.039129 0.474898 0.814295 -0.331459
10020.633127000 -0.426739 -1.362585 0.654745 -0.038329 0.468951 0.814172 -0.340205
10020.666460000 -0.422070 -1.398304 0.675442 -0.037245 0.459330 0.812934 -0.356043
10020.699793000 -0.419321 -1.414945 0.689160 -0.036967 0.455499 0.811704 -0.363718
10020.733126000 -0.417812 -1.431205 0.704918 -0.036647 0.452373 0.810995 -0.369193
10020.766459000 -0.416908 -1.445488 0.722049 -0.036385 0.449522 0.810129 -0.374562
10020.799792000 -0.415047 -1.459991 0.739451 -0.036155 0.446814 0.809183 -0.379833
10020.833125000 -0.413084 -1.474082 0.757682 -0.036087 0.444724 0.808255 -0.384242
10020.866458000 -0.411128 -1.487818 0.776639 -0.036036 0.442891 0.807467 -0.388002
10020.899791000 -0.409266 -1.501878 0.794973 -0.035844 0.441123 0.806939 -0.391122
10020.933124000 -0.407788 -1.517192 0.813520 -0.035582 0.439905 0.806578 -0.393254
10020.966457000 -0.405988 -1.531862 0.830031 -0.035129 0.438086 0.806722 -0.395027
10020.999790000 -0.400423 -1.563969 0.859272 -0.033933 0.434322 0.807382 -0.397928
10021.033123000 -0.397637 -1.580897 0.872140 -0.032929 0.432023 0.808310 -0.398632
10021.066456000 -0.395242 -1.599680 0.882292 -0.031759 0.429598 0.809835 -0.398252
10021.099789000 -0.392793 -1.617509 0.891671 -0.030420 0.426895 0.811667 -0.397532
10021.133122000 -0.391175 -1.635642 0.899632 -0.028890 0.424408 0.814125 -0.395276
10021.166455000 -0.388388 -1.654807 0.906485 -0.027594 0.422516 0.816667 -0.392140
10021.199788000 -0.386701 -1.674017 0.912195 -0.025770 0.420170 0.820021 -0.387762
10021.233121000 -0.385150 -1.693270 0.917804 -0.024271 0.419059 0.823488 -0.381664
10021.266454000 -0.384920 -1.713305 0.922370 -0.022697 0.418212 0.827800 -0.373271
10021.299787000 -0.384096 -1.732612 0.927415 -0.021485 0.418684 0.831819 -0.363758
10021.333120000 -0.385303 -1.771108 0.935424 -0.019185 0.421720 0.840991 -0.338406
10021.366453000 -0.387327 -1.789536 0.940257 -0.018486 0.425346 0.845457 -0.322400
10021.399786000 -0.390534 -1.808299 0.945145 -0.017938 0.430142 0.850008 -0.303549
10021.433119000 -0.393269 -1.825649 0.950544 -0.017940 0.436551 0.853227 -0.284789
10021.466452000 -0.399093 -1.842456 0.955724 -0.017808 0.443821 0.856002 -0.264511
10021.499785000 -0.404898 -1.858649 0.961876 -0.018010 0.453056 0.857348 -0.243661
10021.533118000 -0.412534 -1.873784 0.968601 -0.018289 0.463547 0.857388 -0.222881
10021.566451000 -0.422071 -1.887408 0.976917 -0.018492 0.475147 0.856159 -0.202201
10021.599784000 -0.432849 -1.901468 0.985265 -0.018708 0.487917 0.853364 -0.182640
