10000.000000000 0.000000 0.000000 0.000000 0.000000 0.000000 0.000000 1.000000
10000.033333000 -0.009840 -0.014404 0.072512 -0.017162 -0.038341 -0.096967 0.994401
10000.066666000 -0.021355 -0.027038 0.136066 -0.026031 -0.078667 -0.205466 0.975150
10000.099999000 -0.032810 -0.039265 0.192334 -0.025406 -0.120304 -0.315166 0.941038
10000.133332000 -0.044717 -0.050039 0.240987 -0.017569 -0.158678 -0.405684 0.899963
10000.166665000 -0.057383 -0.060709 0.283467 -0.006140 -0.192430 -0.475188 0.858563
10000.199998000 -0.070836 -0.070689 0.318915 0.005347 -0.220150 -0.523303 0.823200
10000.233331000 -0.085298 -0.080047 0.348634 0.014524 -0.240838 -0.554639 0.796342
10000.266664000 -0.100938 -0.088649 0.373757 0.021840 -0.256508 -0.575256 0.776406
10000.299997000 -0.117087 -0.097979 0.393664 0.025371 -0.266758 -0.590176 0.761504
10000.333330000 -0.152210 -0.114515 0.422003 0.024829 -0.270993 -0.600167 0.752161
10000.366663000 -0.171488 -0.122179 0.431421 0.020545 -0.266709 -0.599895 0.754036
10000.399996000 -0.191752 -0.131057 0.437142 0.013703 -0.258056 -0.595107 0.760965
10000.433329000 -0.212563 -0.139154 0.441433 0.005528 -0.246101 -0.584734 0.772975
10000.466662000 -0.235556 -0.148215 0.443820 -0.005449 -0.230189 -0.569027 0.789425
10000.499995000 -0.258526 -0.157560 0.445229 -0.016487 -0.212983 -0.547643 0.808983
10000.533328000 -0.283374 -0.166687 0.445365 -0.029025 -0.191938 -0.515157 0.834824
10000.566661000 -0.308578 -0.176663 0.445901 -0.040137 -0.170368 -0.474149 0.862871
10000.599994000 -0.336441 -0.187644 0.447078 -0.051456 -0.148130 -0.427120 0.890493
10000.633327000 -0.364738 -0.199632 0.448449 -0.060541 -0.125420 -0.371396 0.917970
10000.666660000 -0.425538 -0.224684 0.454821 -0.070875 -0.084386 -0.256681 0.960193
10000.699993000 -0.457309 -0.238551 0.461515 -0.072177 -0.068171 -0.207107 0.973268
10000.733326000 -0.490082 -0.254222 0.468925 -0.073642 -0.053736 -0.163722 0.982285
10000.766659000 -0.523570 -0.269096 0.477448 -0.073001 -0.041843 -0.126426 0.988401
10000.799992000 -0.556660 -0.285625 0.485362 -0.072969 -0.032930 -0.099010 0.991861
10000.833325000 -0.588898 -0.302178 0.494486 -0.072437 -0.025123 -0.075021 0.994230
10000.866658000 -0.620626 -0.318246 0.502266 -0.071357 -0.019837 -0.058526 0.995535
10000.899991000 -0.651744 -0.335914 0.509378 -0.071577 -0.016335 -0.047923 0.996149
10000.933324000 -0.681867 -0.353244 0.515468 -0.071011 -0.013091 -0.038308 0.996654
10000.966657000 -0.709673 -0.369645 0.520788 -0.070515 -0.012768 -0.035706 0.996790
10000.999990000 -0.758974 -0.403381 0.523573 -0.070478 -0.014762 -0.041612 0.996536
10001.033323000 -0.780913 -0.420555 0.521763 -0.070885 -0.016492 -0.046442 0.996266
10001.066656000 -0.800502 -0.436756 0.518699 -0.071441 -0.019040 -0.054519 0.995772
10001.099989000 -0.817579 -0.453454 0.514494 -0.071748 -0.022915 -0.065974 0.994975
10001.133322000 -0.833685 -0.469348 0.510092 -0.073188 -0.024988 -0.072900 0.994336
10001.166655000 -0.847318 -0.485684 0.504871 -0.074092 -0.027419 -0.080438 0.993624
10001.199988000 -0.861193 -0.501834 0.499473 -0.076083 -0.027195 -0.080612 0.993465
10001.233321000 -0.872717 -0.517499 0.494985 -0.078619 -0.026764 -0.080047 0.993325
10001.266654000 -0.883366 -0.533516 0.490644 -0.081562 -0.024071 -0.072639 0.993726
10001.299987000 -0.894021 -0.548709 0.488090 -0.085158 -0.018873 -0.057257 0.994542
10001.333320000 -0.911723 -0.579812 0.487743 -0.093305 -0.001598 -0.002550 0.995633
10001.366653000 -0.919820 -0.595497 0.489805 -0.097893 0.011490 0.040750 0.994296
10001.399986000 -0.926894 -0.610353 0.493539 -0.100493 0.026192 0.090489 0.990468
10001.433319000 -0.934672 -0.625634 0.499642 -0.101554 0.044642 0.152764 0.982017
10001.466652000 -0.941456 -0.641197 0.506065 -0.101125 0.062560 0.213532 0.969672
10001.499985000 -0.947890 -0.656188 0.513382 -0.097697 0.080414 0.272378 0.953834
10001.533318000 -0.953927 -0.672521 0.522321 -0.093462 0.097250 0.325548 0.935856
10001.566651000 -0.959666 -0.686853 0.530354 -0.088482 0.110384 0.365228 0.920106
10001.599984000 -0.965720 -0.702808 0.539139 -0.083169 0.122404 0.398754 0.905039
10001.633317000 -0.971494 -0.720164 0.548238 -0.079396 0.130939 0.421196 0.893949
10001.666650000 -0.982168 -0.752815 0.564179 -0.076158 0.135653 0.432112 0.888301
10001.699983000 -0.986079 -0.770045 0.574373 -0.077806 0.132098 0.424098 0.892546
10001.733316000 -0.991754 -0.788147 0.581856 -0.079581 0.127281 0.410268 0.899526
10001.766649000 -0.996898 -0.804661 0.589768 -0.081276 0.120138 0.389073 0.909716
10001.799982000 -1.002616 -0.822364 0.596859 -0.083768 0.113002 0.368851 0.918783
10001.833315000 -1.010112 -0.839943 0.602843 -0.084803 0.106210 0.347385 0.927821
10001.866648000 -1.016055 -0.856513 0.610102 -0.086375 0.099511 0.326979 0.935800
10001.899981000 -1.025057 -0.873386 0.615883 -0.085380 0.097335 0.318080 0.939181
10001.933314000 -1.034898 -0.888671 0.622161 -0.082512 0.099321 0.321156 0.938182
10001.966647000 -1.044604 -0.904339 0.627407 -0.079175 0.103676 0.332238 0.934131
10001.999980000 -1.069459 -0.933674 0.637778 -0.064753 0.129425 0.396331 0.906630
10002.033313000 -1.083900 -0.946848 0.641899 -0.053550 0.148055 0.436414 0.885864
10002.066646000 -1.099505 -0.960043 0.647344 -0.039774 0.169543 0.476929 0.861517
10002.099979000 -1.115728 -0.972591 0.651585 -0.024937 0.191378 0.511043 0.837608
10002.133312000 -1.132400 -0.984756 0.656774 -0.009259 0.212989 0.537145 0.816103
10002.166645000 -1.149107 -0.996851 0.660774 0.005856 0.233724 0.558931 0.795572
10002.199978000 -1.166605 -1.009319 0.666480 0.020837 0.254722 0.575236 0.777037
10002.233311000 -1.183141 -1.020727 0.672609 0.034979 0.273593 0.587211 0.760991
10002.266644000 -1.199574 -1.033166 0.677034 0.047696 0.291024 0.596348 0.746592
10002.299977000 -1.213402 -1.045086 0.683783 0.058622 0.305816 0.602959 0.734493
10002.333310000 -1.239032 -1.070730 0.698311 0.075358 0.330766 0.612666 0.713831
10002.366643000 -1.248543 -1.084362 0.705500 0.080543 0.339840 0.617295 0.704960
10002.399976000 -1.257522 -1.097817 0.712566 0.084299 0.347515 0.622037 0.696560
10002.433309000 -1.265032 -1.112238 0.720583 0.087102 0.355108 0.627566 0.687366
10002.466642000 -1.272041 -1.127813 0.729145 0.088947 0.362781 0.634331 0.676832
10002.499975000 -1.277933 -1.143648 0.736548 0.089431 0.369631 0.642388 0.665367
10002.533308000 -1.283309 -1.158868 0.742440 0.089396 0.376252 0.651727 0.652453
10002.566641000 -1.288800 -1.175848 0.748910 0.088678 0.383616 0.661164 0.638621
10002.599974000 -1.293060 -1.194025 0.754119 0.087269 0.391574 0.672886 0.621514
10002.633307000 -1.297128 -1.211580 0.758455 0.085913 0.400411 0.684823 0.602750
10002.666640000 -1.304744 -1.248793 0.760761 0.082474 0.418550 0.709249 0.561231
10002.699973000 -1.308696 -1.268498 0.760070 0.081126 0.429068 0.720851 0.538232
10002.733306000 -1.313361 -1.289403 0.757988 0.080235 0.439564 0.731001 0.515736
10002.766639000 -1.318138 -1.309261 0.755462 0.079496 0.449610 0.739378 0.494825
10002.799972000 -1.323202 -1.329792 0.751715 0.078964 0.459281 0.745699 0.476192
10002.833305000 -1.329200 -1.349412 0.748463 0.079038 0.468680 0.750962 0.458418
10002.866638000 -1.336100 -1.369068 0.744691 0.079536 0.477299 0.754103 0.444059
10002.899971000 -1.344702 -1.387557 0.741625 0.080361 0.485522 0.755814 0.431921
10002.933304000 -1.353720 -1.406629 0.739673 0.081333 0.493055 0.756667 0.421589
10002.966637000 -1.364666 -1.424245 0.737695 0.083072 0.499846 0.756216 0.413993
10002.999970000 -1.390317 -1.454463 0.739137 0.087391 0.512034 0.751738 0.406293
10003.033303000 -1.405345 -1.467765 0.741697 0.090222 0.517402 0.748371 0.405087
10003.066636000 -1.421401 -1.481241 0.745884 0.093040 0.522553 0.744354 0.405239
10003.099969000 -1.438429 -1.493005 0.750368 0.096149 0.526790 0.740648 0.405818
10003.133302000 -1.455543 -1.504141 0.756572 0.099288 0.531295 0.736354 0.407002
10003.166635000 -1.472258 -1.515561 0.761916 0.102123 0.534821 0.733086 0.407581
10003.199968000 -1.488386 -1.526762 0.768836 0.104748 0.538244 0.729865 0.408189
10003.233301000 -1.504452 -1.537983 0.775706 0.106198 0.541383 0.726878 0.408993
10003.266634000 -1.519933 -1.550802 0.782038 0.107315 0.544065 0.725367 0.407824
10003.299967000 -1.533067 -1.563473 0.788326 0.107713 0.546475 0.724476 0.406075
10003.333300000 -1.553992 -1.592335 0.798908 0.105119 0.549591 0.727077 0.397817
10003.366633000 -1.561769 -1.608311 0.803238 0.102328 0.550911 0.729969 0.391371
10003.399966000 -1.568674 -1.624779 0.807648 0.099045 0.551724 0.733932 0.383582
10003.433299000 -1.574957 -1.642449 0.812289 0.095383 0.552723 0.738502 0.374184
10003.466632000 -1.580052 -1.659565 0.817106 0.091093 0.553386 0.743577 0.364087
10003.499965000 -1.585214 -1.676767 0.821826 0.086850 0.553865 0.749244 0.352595
10003.533298000 -1.590133 -1.693530 0.827347 0.082855 0.554511 0.754729 0.340641
10003.566631000 -1.596146 -1.709454 0.834570 0.079044 0.555617 0.759768 0.328321
10003.599964000 -1.603384 -1.725204 0.843155 0.076122 0.557077 0.764554 0.315162
10003.633297000 -1.611362 -1.739354 0.852186 0.073366 0.558327 0.768558 0.303656
10003.666630000 -1.632223 -1.762554 0.876730 0.070211 0.562423 0.774107 0.281973
10003.699963000 -1.645610 -1.771882 0.891367 0.070052 0.565228 0.775293 0.273005
10003.733296000 -1.661227 -1.780934 0.907186 0.070132 0.568532 0.775427 0.265643
10003.766629000 -1.677184 -1.788460 0.923315 0.070270 0.571885 0.775106 0.259268
10003.799962000 -1.693197 -1.795850 0.939450 0.070419 0.575318 0.774457 0.253507
10003.833295000 -1.710146 -1.802856 0.955635 0.070933 0.579004 0.773078 0.249145
10003.866628000 -1.727468 -1.811199 0.971187 0.071083 0.583360 0.771040 0.245227
10003.899961000 -1.744469 -1.819079 0.985186 0.071240 0.587230 0.768992 0.242357
10003.933294000 -1.760467 -1.828419 0.996739 0.070185 0.591217 0.766790 0.239939
10003.966627000 -1.775473 -1.838770 1.006573 0.068879 0.595177 0.764517 0.237767
10003.999960000 -1.800892 -1.865156 1.017559 0.064108 0.602502 0.760214 0.234429
10004.033293000 -1.810426 -1.881076 1.019852 0.060600 0.606367 0.758146 0.232082
10004.066626000 -1.820066 -1.898699 1.018316 0.056743 0.609548 0.756315 0.230693
10004.099959000 -1.827625 -1.917197 1.016229 0.053201 0.612882 0.754920 0.227247
10004.133292000 -1.834419 -1.936874 1.012324 0.050330 0.615823 0.753898 0.223306
10004.166625000 -1.840352 -1.957427 1.007809 0.048356 0.618576 0.753548 0.217234
10004.199958000 -1.845499 -1.978327 1.003200 0.047066 0.621590 0.753344 0.209486
10004.233291000 -1.850414 -1.999078 0.998620 0.047041 0.624045 0.753772 0.200456
10004.266624000 -1.854904 -2.020829 0.995552 0.047580 0.626882 0.754224 0.189478
10004.299957000 -1.859872 -2.041260 0.991986 0.049609 0.629414 0.755008 0.177030
10004.333290000 -1.869445 -2.080964 0.993292 0.053869 0.635237 0.755855 0.149178
10004.366623000 -1.873784 -2.099838 0.996708 0.054927 0.638478 0.755621 0.135521
10004.399956000 -1.880166 -2.117887 1.000799 0.055109 0.641806 0.754835 0.123582
10004.433289000 -1.885431 -2.135340 1.006937 0.053825 0.645217 0.753664 0.113084
10004.466622000 -1.892410 -2.151299 1.014563 0.051690 0.648642 0.752117 0.104460
10004.499955000 -1.898626 -2.167653 1.022479 0.048140 0.652050 0.750350 0.097408
10004.533288000 -1.906386 -2.182145 1.030482 0.044347 0.654906 0.748740 0.092299
10004.566621000 -1.913965 -2.196138 1.039429 0.040077 0.657763 0.746900 0.088776
10004.599954000 -1.921292 -2.209677 1.047305 0.035965 0.659587 0.745785 0.086348
10004.633287000 -1.930507 -2.222228 1.055592 0.032933 0.661289 0.744561 0.085093
10004.666620000 -1.948536 -2.244950 1.069567 0.030693 0.662265 0.743900 0.084113
10004.699953000 -1.958334 -2.254812 1.074607 0.031686 0.661609 0.744444 0.084105
10004.733286000 -1.966963 -2.264576 1.078637 0.033194 0.660511 0.745288 0.084667
10004.766619000 -1.975899 -2.273004 1.082291 0.036107 0.659123 0.746320 0.085204
10004.799952000 -1.982737 -2.281380 1.085699 0.038562 0.657601 0.747464 0.085856
10004.833285000 -1.988332 -2.289790 1.087985 0.041445 0.655914 0.748722 0.086456
10004.866618000 -1.992279 -2.296273 1.090691 0.043963 0.654353 0.749859 0.087183
10004.899951000 -1.992794 -2.302597 1.092065 0.045694 0.652703 0.751108 0.087907
10004.933284000 -1.991471 -2.309086 1.094712 0.046843 0.651345 0.752107 0.088827
10004.966617000 -1.986128 -2.314492 1.095843 0.047133 0.650236 0.753005 0.089187
10004.999950000 -1.963677 -2.325011 1.100232 0.044357 0.649095 0.754211 0.088732
10005.033283000 -1.946522 -2.330386 1.102411 0.041097 0.649207 0.754352 0.088284
10005.066616000 -1.928040 -2.334805 1.105443 0.037696 0.649537 0.754367 0.087244
10005.099949000 -1.906566 -2.339900 1.107691 0.033401 0.650017 0.754314 0.085865
10005.133282000 -1.885456 -2.345702 1.110081 0.028960 0.650754 0.753995 0.084690
10005.166615000 -1.864052 -2.350266 1.113211 0.024214 0.651554 0.753631 0.083256
10005.199948000 -1.844233 -2.356543 1.115921 0.019613 0.652482 0.753099 0.082003
10005.233281000 -1.825899 -2.363473 1.118653 0.015150 0.653313 0.752601 0.080897
10005.266614000 -1.811081 -2.371098 1.121823 0.011314 0.654460 0.751761 0.080057
10005.299947000 -1.799459 -2.379809 1.124508 0.008264 0.655351 0.751131 0.079055
10005.333280000 -1.789440 -2.399900 1.129492 0.005011 0.657017 0.749784 0.078280
10005.366613000 -1.791762 -2.412674 1.133467 0.005119 0.657989 0.748943 0.078154
10005.399946000 -1.797838 -2.425209 1.136313 0.006012 0.658600 0.748359 0.078536
10005.433279000 -1.806755 -2.439555 1.140190 0.007680 0.659517 0.747499 0.078889
10005.466612000 -1.816164 -2.454794 1.144099 0.009235 0.660196 0.746852 0.079178
10005.499945000 -1.827935 -2.470612 1.149576 0.011514 0.661274 0.745824 0.079563
10005.533278000 -1.838433 -2.487589 1.156535 0.013243 0.662328 0.744826 0.079876
10005.566611000 -1.849248 -2.505508 1.163802 0.014878 0.663599 0.743608 0.080388
10005.599944000 -1.857450 -2.523747 1.173417 0.016090 0.664996 0.742318 0.080534
10005.633277000 -1.863508 -2.542308 1.184316 0.016437 0.666659 0.740786 0.080816
10005.666610000 -1.862823 -2.581241 1.212357 0.014407 0.671038 0.736945 0.080071
10005.699943000 -1.856428 -2.601698 1.229420 0.011788 0.673644 0.734648 0.079733
10005.733276000 -1.847839 -2.622429 1.247437 0.008849 0.676299 0.732314 0.079101
10005.766609000 -1.836294 -2.642344 1.266309 0.005384 0.679067 0.729859 0.078395
10005.799942000 -1.822742 -2.662327 1.285323 0.001502 0.681747 0.727466 0.077532
10005.833275000 -1.809263 -2.682101 1.305538 -0.002159 0.684505 0.724956 0.076733
10005.866608000 -1.795209 -2.700614 1.323973 -0.005483 0.686918 0.722725 0.076040
10005.899941000 -1.781974 -2.718307 1.343126 -0.008464 0.689412 0.720386 0.075383
10005.933274000 -1.770488 -2.735224 1.359803 -0.010718 0.691417 0.718475 0.074974
10005.966607000 -1.760411 -2.750610 1.376079 -0.011845 0.693443 0.716578 0.074251
10005.999940000 -1.750916 -2.778084 1.401440 -0.010557 0.696150 0.713995 0.073992
10006.033273000 -1.750334 -2.789913 1.410615 -0.007849 0.696977 0.713237 0.073856
10006.066606000 -1.752852 -2.799747 1.417840 -0.004615 0.697596 0.712630 0.074145
10006.099939000 -1.757066 -2.808483 1.423309 -0.000495 0.697768 0.712425 0.074628
10006.133272000 -1.762530 -2.815905 1.427386 0.004182 0.697631 0.712513 0.074956
10006.166605000 -1.768467 -2.822994 1.429387 0.008768 0.697160 0.712856 0.075674
10006.199938000 -1.773776 -2.829096 1.430801 0.013177 0.696323 0.713518 0.076504
10006.233271000 -1.780200 -2.835541 1.430410 0.017550 0.695275 0.714332 0.077553
10006.266604000 -1.785188 -2.840766 1.429412 0.021083 0.693980 0.715333 0.079029
10006.299937000 -1.788845 -2.845811 1.427217 0.024376 0.692380 0.716632 0.080339
10006.333270000 -1.790020 -2.856040 1.421495 0.027183 0.688654 0.719715 0.083835
10006.366603000 -1.786070 -2.861315 1.418268 0.026942 0.686602 0.721472 0.085616
10006.399936000 -1.781169 -2.866033 1.415927 0.026137 0.684516 0.723289 0.087221
10006.433269000 -1.772701 -2.872301 1.412821 0.024102 0.682308 0.725275 0.088603
10006.466602000 -1.762994 -2.877672 1.411722 0.021848 0.680345 0.727056 0.089682
10006.499935000 -1.749973 -2.882321 1.412206 0.018710 0.678519 0.728780 0.090231
10006.533268000 -1.735241 -2.886785 1.413341 0.015313 0.676934 0.730386 0.089787
10006.566601000 -1.718613 -2.891674 1.417212 0.011838 0.675788 0.731633 0.088785
10006.599934000 -1.699754 -2.895265 1.423709 0.008405 0.675125 0.732580 0.086383
10006.633267000 -1.677364 -2.899586 1.433723 0.004529 0.675235 0.732909 0.082956
10006.666600000 -1.629922 -2.906232 1.462488 -0.000220 0.677531 0.732098 0.070596
10006.699933000 -1.603430 -2.909090 1.480930 -0.001330 0.679721 0.730881 0.061576
10006.733266000 -1.576541 -2.911926 1.502799 -0.000892 0.682660 0.728965 0.050839
10006.766599000 -1.548698 -2.914778 1.525460 0.001031 0.685894 0.726706 0.038039
10006.799932000 -1.520474 -2.917173 1.549369 0.004501 0.689463 0.723921 0.023621
10006.833265000 -1.493770 -2.919218 1.573249 0.010243 0.693076 0.720750 0.007715
10006.866598000 -1.466505 -2.921347 1.596880 0.017309 0.696584 0.717205 -0.009374
10006.899931000 -1.440775 -2.923886 1.619307 0.025564 0.699818 0.713360 -0.026810
10006.933264000 -1.417093 -2.926479 1.641202 0.034107 0.702895 0.709136 -0.043602
10006.966597000 -1.394834 -2.928772 1.659591 0.042354 0.705308 0.705168 -0.059034
10006.999930000 -1.359103 -2.935316 1.687305 0.053787 0.708739 0.698731 -0.081064
10007.033263000 -1.344047 -2.938280 1.695252 0.055117 0.709941 0.696723 -0.086734
10007.066596000 -1.331860 -2.943026 1.701062 0.054369 0.710829 0.695583 -0.089053
10007.099929000 -1.322041 -2.946747 1.704818 0.051330 0.711528 0.695148 -0.088669
10007.133262000 -1.314389 -2.951189 1.705535 0.046249 0.711910 0.695495 -0.085632
10007.166595000 -1.307430 -2.955699 1.704987 0.039958 0.712129 0.696209 -0.081048
10007.199928000 -1.302499 -2.960105 1.703327 0.032626 0.712328 0.697100 -0.074672
10007.233261000 -1.298472 -2.964248 1.700743 0.024597 0.712126 0.698372 -0.067436
10007.266594000 -1.294503 -2.968603 1.698115 0.016595 0.711934 0.699489 -0.059921
10007.299927000 -1.291112 -2.972359 1.695401 0.009650 0.711649 0.700422 -0.053585
10007.333260000 -1.284649 -2.979654 1.690789 -0.001306 0.710795 0.702037 -0.043733
10007.366593000 -1.281434 -2.982841 1.689843 -0.003867 0.710544 0.702406 -0.041698
10007.399926000 -1.277410 -2.985905 1.689852 -0.005632 0.710414 0.702594 -0.040523
10007.433259000 -1.274223 -2.988583 1.689887 -0.006406 0.710337 0.702674 -0.040362
10007.466592000 -1.270565 -2.990200 1.690341 -0.005801 0.710315 0.702625 -0.041687
10007.499925000 -1.266287 -2.991295 1.691930 -0.004957 0.710415 0.702428 -0.043382
10007.533258000 -1.261565 -2.991969 1.693114 -0.003504 0.710566 0.702108 -0.046131
10007.566591000 -1.257017 -2.991190 1.693832 -0.002452 0.710775 0.701755 -0.048295
10007.599924000 -1.251451 -2.990014 1.694350 -0.000958 0.710966 0.701347 -0.051372
10007.633257000 -1.245754 -2.988297 1.695780 -0.000366 0.711161 0.700982 -0.053611
10007.666590000 -1.232304 -2.981580 1.695124 -0.001422 0.711709 0.700165 -0.056894
10007.699923000 -1.225130 -2.976605 1.695303 -0.002951 0.712049 0.699724 -0.058002
10007.733256000 -1.217431 -2.971128 1.694100 -0.005257 0.712162 0.699560 -0.058426
10007.766589000 -1.209436 -2.964751 1.692523 -0.008095 0.712242 0.699463 -0.058293
10007.799922000 -1.201415 -2.958828 1.690063 -0.010636 0.712144 0.699521 -0.058384
10007.833255000 -1.194170 -2.951389 1.687946 -0.013280 0.711973 0.699677 -0.058043
10007.866588000 -1.185759 -2.945036 1.684009 -0.016122 0.711485 0.700140 -0.057734
10007.899921000 -1.177849 -2.936715 1.680787 -0.019037 0.710795 0.700849 -0.056740
10007.933254000 -1.169683 -2.930475 1.676974 -0.021098 0.709933 0.701684 -0.056477
10007.966587000 -1.163086 -2.923752 1.671898 -0.023199 0.708785 0.702860 -0.055443
10007.999920000 -1.149383 -2.911776 1.661704 -0.025234 0.705683 0.705995 -0.054267
10008.033253000 -1.142787 -2.905267 1.655752 -0.025745 0.703686 0.708022 -0.053551
10008.066586000 -1.138122 -2.900661 1.649549 -0.025848 0.701463 0.710319 -0.052238
10008.099919000 -1.132982 -2.895173 1.642879 -0.025335 0.699205 0.712614 -0.051491
10008.133252000 -1.128557 -2.889169 1.636356 -0.024812 0.696936 0.714920 -0.050530
10008.166585000 -1.124897 -2.884795 1.628826 -0.023822 0.694380 0.717483 -0.049876
10008.199918000 -1.122540 -2.878142 1.621802 -0.022717 0.692098 0.719782 -0.048964
10008.233251000 -1.119829 -2.871143 1.615007 -0.021850 0.689912 0.721955 -0.048209
10008.266584000 -1.118388 -2.863988 1.608593 -0.020789 0.687778 0.724060 -0.047610
10008.299917000 -1.118209 -2.854838 1.601907 -0.019920 0.685817 0.725987 -0.046930
10008.333250000 -1.119504 -2.835073 1.588462 -0.018434 0.682371 0.729309 -0.046243
10008.366583000 -1.121036 -2.823974 1.582661 -0.018129 0.681089 0.730539 -0.045843
10008.399916000 -1.124256 -2.811962 1.576888 -0.017575 0.679883 0.731679 -0.045785
10008.433249000 -1.127453 -2.799638 1.571911 -0.017421 0.679028 0.732498 -0.045438
10008.466582000 -1.131608 -2.786926 1.566641 -0.017234 0.678114 0.733368 -0.045119
10008.499915000 -1.137077 -2.774308 1.562664 -0.016998 0.677489 0.733973 -0.044763
10008.533248000 -1.142529 -2.762696 1.558343 -0.017264 0.677039 0.734439 -0.043822
10008.566581000 -1.149244 -2.750733 1.554514 -0.017031 0.676724 0.734780 -0.043058
10008.599914000 -1.156614 -2.740312 1.551416 -0.016769 0.676656 0.734900 -0.042152
10008.633247000 -1.163613 -2.731380 1.548720 -0.016707 0.676679 0.734965 -0.040663
10008.666580000 -1.180848 -2.718610 1.543458 -0.015561 0.676875 0.734997 -0.037104
10008.699913000 -1.190319 -2.714075 1.541643 -0.014632 0.677057 0.734957 -0.034892
10008.733246000 -1.199224 -2.710763 1.540160 -0.013960 0.677299 0.734844 -0.032796
10008.766579000 -1.208864 -2.707999 1.539035 -0.013568 0.677648 0.734649 -0.030003
10008.799912000 -1.217887 -2.705878 1.537979 -0.012337 0.677762 0.734640 -0.028131
10008.833245000 -1.226799 -2.704622 1.536336 -0.011679 0.677781 0.734707 -0.026126
10008.866578000 -1.235459 -2.703564 1.535775 -0.010981 0.677683 0.734868 -0.024389
10008.899911000 -1.244715 -2.701051 1.534792 -0.010355 0.677302 0.735276 -0.022890
10008.933244000 -1.251946 -2.698338 1.533717 -0.010165 0.676695 0.735864 -0.022021
10008.966577000 -1.258703 -2.694811 1.532081 -0.010033 0.675677 0.736810 -0.021701
10008.999910000 -1.268940 -2.683227 1.529386 -0.010555 0.672649 0.739518 -0.023348
10009.033243000 -1.271706 -2.674519 1.527108 -0.011334 0.670308 0.741560 -0.025441
10009.066576000 -1.273918 -2.666313 1.524982 -0.012206 0.667722 0.743775 -0.028252
10009.099909000 -1.274187 -2.656329 1.522202 -0.013407 0.664674 0.746332 -0.031889
10009.133242000 -1.272391 -2.646809 1.519214 -0.014803 0.661333 0.749054 -0.036567
10009.166575000 -1.269743 -2.637715 1.516389 -0.016319 0.657615 0.752015 -0.041841
10009.199908000 -1.265755 -2.628239 1.512611 -0.017925 0.653583 0.755133 -0.047765
10009.233241000 -1.258936 -2.619922 1.509014 -0.019865 0.649387 0.758234 -0.054616
10009.266574000 -1.250398 -2.613434 1.505360 -0.022046 0.645055 0.761284 -0.062156
10009.299907000 -1.239742 -2.607023 1.500673 -0.024283 0.640584 0.764274 -0.070334
10009.333240000 -1.211589 -2.600935 1.491080 -0.028853 0.631950 0.769426 -0.088265
10009.366573000 -1.194489 -2.600360 1.485447 -0.031234 0.627879 0.771524 -0.097691
10009.399906000 -1.175730 -2.601552 1.479600 -0.033685 0.624090 0.773211 -0.107336
10009.433239000 -1.156003 -2.603220 1.472970 -0.035945 0.620427 0.774709 -0.116638
10009.466572000 -1.134677 -2.606777 1.464615 -0.038173 0.616926 0.775982 -0.125685
10009.499905000 -1.113023 -2.610205 1.456455 -0.040161 0.613983 0.776748 -0.134444
10009.533238000 -1.090233 -2.613296 1.447128 -0.042171 0.611039 0.777458 -0.142874
10009.566571000 -1.068565 -2.616696 1.436531 -0.043848 0.608675 0.777826 -0.150263
10009.599904000 -1.046453 -2.619345 1.424730 -0.045370 0.606352 0.778187 -0.157171
10009.633237000 -1.025317 -2.622732 1.412005 -0.046538 0.604722 0.778297 -0.162475
10009.666570000 -0.986215 -2.622977 1.381020 -0.048337 0.601708 0.778725 -0.170871
10009.699903000 -0.967720 -2.621234 1.364698 -0.048994 0.600717 0.778795 -0.173830
10009.733236000 -0.950275 -2.617456 1.346208 -0.049361 0.599739 0.779057 -0.175916
10009.766569000 -0.934109 -2.612616 1.329219 -0.049515 0.599113 0.779260 -0.177104
10009.799902000 -0.918949 -2.605706 1.310861 -0.049565 0.598261 0.779679 -0.178123
10009.833235000 -0.904631 -2.597255 1.295338 -0.049697 0.597808 0.779826 -0.178962
10009.866568000 -0.889626 -2.586328 1.280946 -0.049838 0.597268 0.780002 -0.179956
10009.899901000 -0.876451 -2.573892 1.268196 -0.049962 0.596580 0.780298 -0.180920
10009.933234000 -0.862880 -2.559458 1.257788 -0.050220 0.595971 0.780442 -0.182226
10009.966567000 -0.848993 -2.543038 1.249961 -0.050547 0.595011 0.780663 -0.184313
10009.999900000 -0.822855 -2.503367 1.246533 -0.051710 0.592936 0.780726 -0.190315
10010.033233000 -0.809458 -2.480791 1.250138 -0.052644 0.591611 0.780635 -0.194508
10010.066566000 -0.797119 -2.456832 1.256380 -0.053522 0.590063 0.780570 -0.199175
10010.099899000 -0.786099 -2.432524 1.264927 -0.054472 0.588324 0.780581 -0.203962
10010.133232000 -0.775275 -2.407842 1.276246 -0.055498 0.586595 0.780516 -0.208860
10010.166565000 -0.767017 -2.383085 1.288768 -0.056231 0.584680 0.780588 -0.213707
10010.199898000 -0.759956 -2.358435 1.302499 -0.056837 0.582637 0.780865 -0.218070
10010.233231000 -0.755791 -2.335349 1.317938 -0.057334 0.580648 0.781276 -0.221738
10010.266564000 -0.754427 -2.313429 1.333009 -0.057281 0.578525 0.782013 -0.224685
10010.299897000 -0.756803 -2.293644 1.347529 -0.056965 0.576209 0.783320 -0.226160
10010.333230000 -0.769501 -2.262045 1.373977 -0.055317 0.571829 0.786977 -0.224986
10010.366563000 -0.780995 -2.250748 1.386400 -0.053852 0.569706 0.789580 -0.221582
10010.399896000 -0.795801 -2.240381 1.396143 -0.051960 0.567422 0.792655 -0.216866
10010.433229000 -0.812205 -2.232102 1.404693 -0.049904 0.565437 0.795851 -0.210743
10010.466562000 -0.829897 -2.224658 1.412378 -0.047644 0.563804 0.799039 -0.203449
10010.499895000 -0.849586 -2.216943 1.418890 -0.045116 0.562484 0.802285 -0.194716
10010.533228000 -0.869467 -2.210001 1.423680 -0.042397 0.561502 0.805391 -0.185101
10010.566561000 -0.889597 -2.201858 1.426647 -0.039912 0.560846 0.808226 -0.175013
10010.599894000 -0.909956 -2.192816 1.427158 -0.037249 0.560868 0.810729 -0.163579
10010.633227000 -0.928722 -2.182379 1.426770 -0.034012 0.561278 0.812762 -0.152406
10010.666560000 -0.962694 -2.162467 1.425495 -0.028155 0.568178 0.812184 -0.129377
10010.699893000 -0.977105 -2.145841 1.420924 -0.025939 0.571674 0.811724 -0.116704
10010.733226000 -0.989152 -2.126098 1.413782 -0.023643 0.575500 0.810709 -0.104842
10010.766559000 -1.000615 -2.104953 1.405102 -0.020756 0.579596 0.809326 -0.092895
10010.799892000 -1.011729 -2.083276 1.396712 -0.017983 0.584666 0.807167 -0.079524
10010.833225000 -1.021173 -2.057338 1.387575 -0.015252 0.590003 0.804446 -0.067314
10010.866558000 -1.029062 -2.034020 1.376786 -0.012085 0.595340 0.801552 -0.054208
10010.899891000 -1.036556 -2.009395 1.365613 -0.008718 0.600367 0.798648 -0.040554
10010.933224000 -1.043620 -1.984653 1.354037 -0.005441 0.605375 0.795484 -0.026386
10010.966557000 -1.050020 -1.960363 1.342490 -0.002003 0.609602 0.792617 -0.011831
10010.999890000 -1.062064 -1.912477 1.320113 0.006227 0.614780 0.788409 0.020439
10011.033223000 -1.068540 -1.890563 1.309811 0.010562 0.616173 0.786608 0.038312
10011.066556000 -1.075256 -1.868145 1.299574 0.015614 0.616137 0.785356 0.057851
10011.099889000 -1.084148 -1.846596 1.289404 0.021693 0.614861 0.784285 0.079833
10011.133222000 -1.093104 -1.825872 1.279522 0.027855 0.612438 0.783294 0.102924
10011.166555000 -1.102524 -1.804889 1.271072 0.034635 0.609542 0.781557 0.128172
10011.199888000 -1.114050 -1.783613 1.261424 0.041845 0.605704 0.779167 0.155790
10011.233221000 -1.123275 -1.762473 1.252727 0.048482 0.601148 0.776324 0.183279
10011.266554000 -1.135502 -1.740987 1.244110 0.056098 0.597068 0.771568 0.212240
10011.299887000 -1.149032 -1.719491 1.236873 0.063716 0.593108 0.765437 0.241391
10011.333220000 -1.176759 -1.671103 1.222492 0.079724 0.586210 0.749913 0.296030
10011.366553000 -1.191686 -1.647162 1.215141 0.087121 0.583258 0.741539 0.319907
10011.399886000 -1.207476 -1.620421 1.207285 0.094795 0.580819 0.732817 0.341528
10011.433219000 -1.223461 -1.595947 1.199808 0.101572 0.578621 0.724544 0.360439
10011.466552000 -1.239007 -1.571104 1.191250 0.107622 0.576283 0.716697 0.377705
10011.499885000 -1.254415 -1.546241 1.181906 0.113122 0.573911 0.709675 0.392672
10011.533218000 -1.269331 -1.522728 1.172806 0.117835 0.571329 0.703409 0.406096
10011.566551000 -1.284533 -1.499294 1.160793 0.122128 0.567709 0.697891 0.419212
10011.599884000 -1.297806 -1.478993 1.148852 0.125480 0.564255 0.693209 0.430503
10011.633217000 -1.310808 -1.458474 1.134697 0.128410 0.559352 0.689016 0.442598
10011.666550000 -1.330833 -1.425762 1.101476 0.131277 0.546648 0.682684 0.466780
10011.699883000 -1.337392 -1.409429 1.083375 0.132480 0.538160 0.680065 0.479942
10011.733216000 -1.345411 -1.398465 1.061095 0.132641 0.528199 0.677923 0.493794
10011.766549000 -1.349340 -1.386411 1.038358 0.131971 0.516820 0.675661 0.508883
10011.799882000 -1.352669 -1.375665 1.014909 0.130601 0.504473 0.673544 0.524203
10011.833215000 -1.354680 -1.365508 0.989165 0.128548 0.490535 0.670901 0.541057
10011.866548000 -1.354481 -1.355551 0.962950 0.125257 0.475306 0.667761 0.559007
10011.899881000 -1.352753 -1.345175 0.934587 0.121014 0.458563 0.664380 0.577645
10011.933214000 -1.349791 -1.334688 0.906761 0.115935 0.441573 0.660210 0.596401
10011.966547000 -1.345755 -1.325653 0.876581 0.109144 0.423905 0.655197 0.615718
10011.999880000 -1.332772 -1.302338 0.813095 0.093931 0.387393 0.643846 0.653121
10012.033213000 -1.340622 -1.302342 0.810140 0.085483 0.386898 0.630538 0.667401
10012.066546000 -1.331657 -1.286471 0.777519 0.077240 0.369881 0.623261 0.684666
10012.099879000 -1.321977 -1.273238 0.747033 0.068069 0.355402 0.616244 0.699499
10012.133212000 -1.318185 -1.259260 0.724100 0.060961 0.346372 0.606366 0.713183
10012.166545000 -1.315500 -1.247451 0.706395 0.053654 0.340726 0.596424 0.724779
10012.199878000 -1.316568 -1.234842 0.690496 0.047882 0.337701 0.584960 0.735858
10012.233211000 -1.310745 -1.219951 0.668928 0.042569 0.331247 0.577354 0.745067
10012.266544000 -1.302023 -1.204026 0.645462 0.038235 0.324341 0.570924 0.753251
10012.299877000 -1.290596 -1.187729 0.622818 0.034277 0.316952 0.566261 0.760075
10012.333210000 -1.276590 -1.157314 0.596484 0.031820 0.311964 0.556908 0.769103
10012.366543000 -1.268321 -1.141885 0.586350 0.031720 0.309915 0.553864 0.772128
10012.399876000 -1.261419 -1.127844 0.577989 0.032739 0.309236 0.551262 0.774217
10012.433209000 -1.254617 -1.113690 0.573957 0.034738 0.310031 0.548563 0.775727
10012.466542000 -1.248534 -1.098630 0.570426 0.037557 0.311136 0.545570 0.777262
10012.499875000 -1.242082 -1.084812 0.565048 0.039972 0.311480 0.541712 0.779699
10012.533208000 -1.237158 -1.069840 0.560952 0.043781 0.312791 0.537057 0.782186
10012.566541000 -1.230402 -1.054992 0.554966 0.046949 0.312543 0.531491 0.785894
10012.599874000 -1.223398 -1.039294 0.546609 0.050256 0.311458 0.523675 0.791348
10012.633207000 -1.217197 -1.023581 0.535101 0.053384 0.309252 0.514312 0.798121
10012.666540000 -1.200824 -0.990109 0.499599 0.056756 0.298551 0.488624 0.817859
10012.699873000 -1.192453 -0.971715 0.476389 0.057951 0.290951 0.472892 0.829676
10012.733206000 -1.183011 -0.954756 0.449380 0.058025 0.281974 0.455938 0.842166
10012.766539000 -1.173721 -0.936568 0.419875 0.057919 0.272444 0.438039 0.854717
10012.799872000 -1.163270 -0.918226 0.389011 0.057201 0.261971 0.419404 0.867294
10012.833205000 -1.153330 -0.901752 0.356475 0.055639 0.251990 0.402714 0.878195
10012.866538000 -1.143189 -0.885351 0.323730 0.053547 0.242084 0.386608 0.888292
10012.899871000 -1.133684 -0.869797 0.292583 0.051146 0.233252 0.372006 0.896989
10012.933204000 -1.123765 -0.856509 0.261134 0.047075 0.224633 0.359682 0.904407
10012.966537000 -1.115671 -0.844747 0.232713 0.042578 0.217801 0.350531 0.909878
10012.999870000 -1.100527 -0.826172 0.182360 0.029988 0.206692 0.341154 0.916511
10013.033203000 -1.094646 -0.819830 0.162233 0.022324 0.202984 0.340991 0.917619
10013.066536000 -1.089440 -0.814715 0.143962 0.013694 0.200131 0.343563 0.917455
10013.099869000 -1.085164 -0.811077 0.128318 0.004873 0.198226 0.348781 0.915988
10013.133202000 -1.081991 -0.809257 0.116140 -0.004166 0.197343 0.356407 0.913243
10013.166535000 -1.078663 -0.806483 0.105600 -0.013289 0.196242 0.364060 0.910370
10013.199868000 -1.076964 -0.804857 0.095642 -0.021633 0.196130 0.373878 0.906245
10013.233201000 -1.075692 -0.803230 0.089193 -0.029348 0.196695 0.384431 0.901478
10013.266534000 -1.075561 -0.801792 0.082869 -0.035997 0.196990 0.393911 0.897069
10013.299867000 -1.076277 -0.799954 0.077576 -0.041921 0.197425 0.402826 0.892747
10013.333200000 -1.079320 -0.790474 0.069885 -0.048723 0.196423 0.410155 0.889279
10013.366533000 -1.081152 -0.784660 0.066157 -0.050858 0.194843 0.408538 0.890251
10013.399866000 -1.082700 -0.778196 0.063092 -0.051822 0.192721 0.404110 0.892675
10013.433199000 -1.083994 -0.770831 0.059574 -0.051778 0.190445 0.397752 0.896015
10013.466532000 -1.084836 -0.762668 0.056849 -0.051103 0.187952 0.389412 0.900234
10013.499865000 -1.083462 -0.753989 0.053684 -0.049729 0.184874 0.379068 0.905349
10013.533198000 -1.079997 -0.745395 0.050526 -0.048235 0.182018 0.368883 0.910202
10013.566531000 -1.074876 -0.736791 0.045928 -0.046373 0.179015 0.358476 0.915040
10013.599864000 -1.067102 -0.728561 0.042658 -0.044737 0.176294 0.349250 0.919208
10013.633197000 -1.055947 -0.720785 0.037036 -0.043056 0.173644 0.340181 0.923185
10013.666530000 -1.023099 -0.706161 0.024129 -0.041145 0.169169 0.326796 0.928921
10013.699863000 -1.001544 -0.700061 0.016211 -0.041185 0.167626 0.322993 0.930527
10013.733196000 -0.977496 -0.693389 0.009063 -0.041244 0.166321 0.319860 0.931840
10013.766529000 -0.952452 -0.686809 0.000745 -0.041953 0.165305 0.317764 0.932706
10013.799862000 -0.925444 -0.680230 -0.006497 -0.042740 0.164696 0.317186 0.932975
10013.833195000 -0.898078 -0.673006 -0.014110 -0.043528 0.164308 0.316956 0.933085
10013.866528000 -0.871478 -0.664860 -0.021160 -0.044138 0.164724 0.318846 0.932338
10013.899861000 -0.845384 -0.654927 -0.026783 -0.044601 0.165169 0.320233 0.931762
10013.933194000 -0.821247 -0.643431 -0.030647 -0.044233 0.166614 0.324130 0.930174
10013.966527000 -0.800011 -0.629940 -0.034272 -0.042999 0.168567 0.327772 0.928602
10013.999860000 -0.766673 -0.598986 -0.034268 -0.039267 0.174301 0.337564 0.924191
10014.033193000 -0.755388 -0.579110 -0.031324 -0.035738 0.178129 0.343297 0.921488
10014.066526000 -0.746043 -0.558309 -0.026317 -0.032038 0.181670 0.348239 0.919075
10014.099859000 -0.739047 -0.534496 -0.019550 -0.027822 0.185300 0.352623 0.916813
10014.133192000 -0.734341 -0.510788 -0.012538 -0.023419 0.189116 0.357050 0.914441
10014.166525000 -0.729521 -0.485952 -0.002679 -0.019369 0.192606 0.360612 0.912407
10014.199858000 -0.724790 -0.461001 0.007113 -0.015244 0.196022 0.363910 0.910446
10014.233191000 -0.720827 -0.434895 0.018669 -0.011471 0.199332 0.367129 0.908489
10014.266524000 -0.715061 -0.410014 0.031405 -0.008221 0.201996 0.369626 0.906922
10014.299857000 -0.707595 -0.385059 0.044717 -0.005727 0.204459 0.371781 0.905507
10014.333190000 -0.685370 -0.336489 0.072783 -0.002268 0.207391 0.374395 0.903777
10014.366523000 -0.671075 -0.314099 0.086516 -0.001525 0.208378 0.375408 0.903131
10014.399856000 -0.654317 -0.292693 0.100768 -0.001502 0.208791 0.375729 0.902902
10014.433189000 -0.635364 -0.272570 0.114012 -0.002203 0.208481 0.375546 0.903048
10014.466522000 -0.614467 -0.253245 0.126597 -0.003522 0.207419 0.374761 0.903614
10014.499855000 -0.593149 -0.236024 0.137801 -0.005479 0.206331 0.373025 0.904572
10014.533188000 -0.570984 -0.218897 0.149089 -0.007806 0.204465 0.370324 0.906087
10014.566521000 -0.547580 -0.202255 0.157188 -0.010170 0.201528 0.365683 0.908603
10014.599854000 -0.524375 -0.187304 0.162709 -0.012999 0.197718 0.360490 0.911475
10014.633187000 -0.501047 -0.172358 0.167806 -0.015709 0.193335 0.352228 0.915593
10014.666520000 -0.456254 -0.148664 0.167921 -0.021814 0.182350 0.331955 0.925245
10014.699853000 -0.434418 -0.137581 0.164165 -0.024615 0.175465 0.317883 0.931427
10014.733186000 -0.414869 -0.126327 0.158611 -0.026464 0.168587 0.302808 0.937649
10014.766519000 -0.395520 -0.117022 0.151347 -0.028681 0.160955 0.286425 0.944051
10014.799852000 -0.377790 -0.107751 0.142803 -0.030048 0.153814 0.270556 0.949862
10014.833185000 -0.363220 -0.096415 0.133794 -0.029771 0.147000 0.252958 0.955781
10014.866518000 -0.348035 -0.085893 0.124747 -0.029630 0.140090 0.237079 0.960880
10014.899851000 -0.337616 -0.073886 0.116566 -0.027796 0.134853 0.221974 0.965282
10014.933184000 -0.329930 -0.060202 0.108076 -0.024915 0.129935 0.207761 0.969191
10014.966517000 -0.322546 -0.045837 0.101163 -0.021866 0.125677 0.195859 0.972300
10014.999850000 -0.316107 -0.013596 0.091200 -0.013651 0.119844 0.178109 0.976590
10015.033183000 -0.317330 0.005861 0.088305 -0.008044 0.118262 0.171674 0.977997
10015.066516000 -0.321056 0.026926 0.088288 -0.001775 0.118466 0.167760 0.978682
10015.099849000 -0.324658 0.048983 0.088664 0.004881 0.118002 0.163485 0.979451
10015.133182000 -0.329040 0.072652 0.088521 0.012001 0.117878 0.159867 0.980002
10015.166515000 -0.332892 0.095765 0.088645 0.018840 0.117976 0.157841 0.980211
10015.199848000 -0.337701 0.119336 0.090435 0.025862 0.118749 0.155439 0.980341
10015.233181000 -0.341145 0.144068 0.091315 0.033697 0.118787 0.151778 0.980672
10015.266514000 -0.341804 0.166310 0.089712 0.039600 0.118077 0.148003 0.981114
10015.299847000 -0.338963 0.186853 0.087810 0.044883 0.116747 0.143080 0.981776
10015.333180000 -0.326075 0.229813 0.079446 0.056264 0.112154 0.131061 0.983402
10015.366513000 -0.316087 0.248252 0.072596 0.060933 0.109097 0.123950 0.984389
10015.399846000 -0.302262 0.266416 0.065863 0.065505 0.105105 0.115359 0.985573
10015.433179000 -0.287134 0.281668 0.056925 0.068872 0.100753 0.106744 0.986768
10015.466512000 -0.270993 0.296031 0.048372 0.072032 0.096216 0.098295 0.987873
10015.499845000 -0.253963 0.309372 0.039637 0.074595 0.091226 0.088870 0.989048
10015.533178000 -0.236388 0.319365 0.031107 0.076057 0.086113 0.080003 0.990151
10015.566511000 -0.218301 0.328159 0.023118 0.077129 0.080517 0.070432 0.991266
10015.599844000 -0.201033 0.334388 0.016715 0.077631 0.074755 0.060457 0.992336
10015.633177000 -0.184722 0.338393 0.010093 0.077082 0.068915 0.050866 0.993339
10015.666510000 -0.158177 0.339138 0.003431 0.073812 0.057491 0.032102 0.995096
10015.699843000 -0.148509 0.336863 0.002996 0.071384 0.051949 0.023204 0.995825
10015.733176000 -0.140277 0.331027 0.003186 0.067755 0.046288 0.013852 0.996531
10015.766509000 -0.132314 0.325399 0.005677 0.064040 0.039905 0.003105 0.997144
10015.799842000 -0.126104 0.316811 0.008431 0.059477 0.033854 -0.007068 0.997630
10015.833175000 -0.121862 0.307664 0.012876 0.054606 0.027507 -0.018134 0.997964
10015.866508000 -0.116530 0.298653 0.018332 0.049807 0.020415 -0.030668 0.998079
10015.899841000 -0.112481 0.289122 0.024112 0.044948 0.013503 -0.043153 0.997966
10015.933174000 -0.108690 0.278597 0.030298 0.039767 0.006171 -0.056594 0.997586
10015.966507000 -0.104638 0.269039 0.036077 0.034995 -0.001682 -0.071354 0.996836
10015.999840000 -0.093938 0.252679 0.048114 0.026941 -0.018848 -0.103589 0.994077
10016.033173000 -0.089187 0.245109 0.053862 0.023450 -0.027473 -0.120283 0.992082
10016.066506000 -0.082444 0.239314 0.059764 0.020972 -0.036588 -0.137514 0.989602
10016.099839000 -0.076055 0.233243 0.064792 0.018762 -0.045384 -0.154419 0.986784
10016.133172000 -0.068874 0.225874 0.068828 0.016396 -0.054578 -0.172171 0.983417
10016.166505000 -0.061632 0.220922 0.071886 0.015192 -0.063134 -0.188312 0.979960
10016.199838000 -0.054874 0.214635 0.074620 0.013827 -0.071363 -0.203955 0.976278
10016.233171000 -0.046665 0.208938 0.076920 0.013072 -0.079407 -0.219012 0.972398
10016.266504000 -0.040021 0.201252 0.076898 0.011705 -0.086712 -0.232962 0.968542
10016.299837000 -0.032808 0.194476 0.076625 0.010888 -0.093183 -0.245170 0.964930
10016.333170000 -0.019732 0.176381 0.071231 0.007867 -0.103911 -0.266263 0.958251
10016.366503000 -0.013154 0.166537 0.066762 0.006203 -0.107970 -0.274721 0.955423
10016.399836000 -0.007971 0.155700 0.061547 0.004044 -0.110985 -0.281757 0.953037
10016.433169000 -0.001762 0.144549 0.055663 0.001899 -0.114058 -0.288477 0.950667
10016.466502000 0.004277 0.132374 0.049027 -0.000519 -0.116443 -0.294472 0.948539
10016.499835000 0.009538 0.121189 0.041914 -0.002823 -0.118167 -0.299166 0.946852
10016.533168000 0.015874 0.110280 0.035769 -0.004908 -0.119631 -0.303383 0.945316
10016.566501000 0.022595 0.100224 0.029096 -0.006693 -0.121086 -0.307356 0.943836
10016.599834000 0.030350 0.090326 0.023399 -0.008209 -0.122895 -0.311903 0.942096
10016.633167000 0.038433 0.081647 0.018283 -0.009405 -0.124421 -0.315650 0.940636
10016.666500000 0.056148 0.066242 0.011260 -0.011019 -0.127977 -0.323323 0.937530
10016.699833000 0.066244 0.061239 0.009604 -0.010804 -0.130263 -0.327535 0.935754
10016.733166000 0.076467 0.056596 0.008930 -0.010482 -0.132634 -0.331675 0.933965
10016.766499000 0.085983 0.053477 0.008663 -0.009827 -0.134981 -0.335479 0.932275
10016.799832000 0.096473 0.050171 0.010623 -0.008985 -0.137774 -0.340002 0.930234
10016.833165000 0.105960 0.047368 0.012664 -0.008002 -0.140890 -0.344912 0.927966
10016.866498000 0.114341 0.044551 0.014224 -0.007263 -0.143587 -0.349239 0.925938
10016.899831000 0.122471 0.041601 0.017295 -0.006318 -0.146985 -0.354696 0.923334
10016.933164000 0.128482 0.038477 0.020769 -0.005763 -0.149876 -0.359416 0.921045
10016.966497000 0.133170 0.034842 0.024422 -0.005340 -0.153060 -0.364803 0.918402
10016.999830000 0.137245 0.025211 0.032388 -0.005330 -0.159860 -0.377088 0.912262
10017.033163000 0.136641 0.019175 0.036597 -0.005767 -0.163481 -0.383947 0.908749
10017.066496000 0.133832 0.012434 0.040327 -0.006707 -0.166587 -0.390279 0.905476
10017.099829000 0.130683 0.005527 0.045187 -0.007304 -0.169986 -0.397020 0.901902
10017.133162000 0.126056 -0.002824 0.048634 -0.008602 -0.173399 -0.404428 0.897941
10017.166495000 0.121605 -0.010656 0.052811 -0.009746 -0.176591 -0.411437 0.894114
10017.199828000 0.116222 -0.018226 0.057139 -0.010871 -0.179876 -0.418484 0.890167
10017.233161000 0.111245 -0.027475 0.060990 -0.012314 -0.183158 -0.425903 0.885950
10017.266494000 0.106777 -0.035494 0.065528 -0.013466 -0.186241 -0.432606 0.882034
10017.299827000 0.103182 -0.044087 0.068880 -0.014850 -0.189264 -0.439680 0.877861
10017.333160000 0.099892 -0.059304 0.076880 -0.016567 -0.194675 -0.451309 0.870717
10017.366493000 0.100845 -0.067118 0.080831 -0.017341 -0.197425 -0.457328 0.866933
10017.399826000 0.102037 -0.074440 0.084293 -0.018179 -0.199821 -0.462602 0.863563
10017.433159000 0.104857 -0.083005 0.088425 -0.018853 -0.202240 -0.467888 0.860130
10017.466492000 0.109853 -0.091661 0.092453 -0.019098 -0.205211 -0.473501 0.856341
10017.499825000 0.115492 -0.100909 0.097843 -0.019535 -0.208412 -0.479816 0.852032
10017.533158000 0.122167 -0.110703 0.102475 -0.019564 -0.211775 -0.486122 0.847617
10017.566491000 0.129810 -0.123286 0.108116 -0.019980 -0.215621 -0.493496 0.842360
10017.599824000 0.138325 -0.136152 0.113766 -0.020004 -0.219642 -0.500666 0.837073
10017.633157000 0.148121 -0.151785 0.119865 -0.020008 -0.224443 -0.509277 0.830579
10017.666490000 0.170582 -0.188156 0.135271 -0.019327 -0.236152 -0.529234 0.814721
10017.699823000 0.183041 -0.209772 0.143969 -0.018811 -0.243025 -0.540428 0.805309
10017.733156000 0.195057 -0.232519 0.153539 -0.018221 -0.250127 -0.552107 0.795162
10017.766489000 0.207937 -0.255661 0.164103 -0.017210 -0.257865 -0.563701 0.784506
10017.799822000 0.220334 -0.279777 0.174323 -0.016310 -0.265706 -0.575739 0.773084
10017.833155000 0.231875 -0.303738 0.184346 -0.015465 -0.273285 -0.587029 0.761888
10017.866488000 0.242770 -0.325740 0.194611 -0.014300 -0.280797 -0.597715 0.750789
10017.899821000 0.252383 -0.348475 0.205483 -0.013488 -0.288039 -0.608147 0.739601
10017.933154000 0.262055 -0.368656 0.215568 -0.012403 -0.295193 -0.618087 0.728474
10017.966487000 0.269419 -0.386359 0.226341 -0.011632 -0.301573 -0.627162 0.718043
10017.999820000 0.278836 -0.416112 0.246138 -0.011018 -0.313251 -0.644362 0.697531
10018.033153000 0.280463 -0.426314 0.255549 -0.011057 -0.318260 -0.652154 0.687957
10018.066486000 0.280500 -0.435515 0.263642 -0.011622 -0.322619 -0.659743 0.678617
10018.099819000 0.279040 -0.442397 0.271441 -0.012238 -0.326416 -0.667210 0.669428
10018.133152000 0.275820 -0.449026 0.276952 -0.013329 -0.329711 -0.674210 0.660722
10018.166485000 0.271557 -0.453840 0.282388 -0.014438 -0.332690 -0.681215 0.651963
10018.199818000 0.267417 -0.458461 0.286269 -0.015634 -0.335432 -0.687880 0.643477
10018.233151000 0.260678 -0.464294 0.287170 -0.017668 -0.337281 -0.694414 0.635389
10018.266484000 0.254642 -0.469577 0.287413 -0.019130 -0.338796 -0.700650 0.627647
10018.299817000 0.249179 -0.476432 0.285895 -0.020695 -0.340508 -0.706722 0.619814
10018.333150000 0.233802 -0.494364 0.274776 -0.024612 -0.341572 -0.718740 0.605092
10018.366483000 0.226180 -0.507334 0.265699 -0.027035 -0.341634 -0.724400 0.598164
10018.399816000 0.219034 -0.519569 0.253867 -0.028749 -0.340910 -0.729807 0.591892
10018.433149000 0.211953 -0.533722 0.241062 -0.030945 -0.339903 -0.734570 0.586443
10018.466482000 0.205730 -0.550135 0.227924 -0.032702 -0.339875 -0.739395 0.580268
10018.499815000 0.200454 -0.565669 0.213760 -0.034202 -0.339141 -0.743152 0.575794
10018.533148000 0.196281 -0.584017 0.198949 -0.035756 -0.338941 -0.747184 0.570576
10018.566481000 0.193803 -0.601475 0.184397 -0.036848 -0.338771 -0.750241 0.566582
10018.599814000 0.191859 -0.619807 0.171511 -0.037706 -0.338942 -0.753157 0.562540
10018.633147000 0.192137 -0.637318 0.157156 -0.038283 -0.339019 -0.754717 0.560359
10018.666480000 0.196801 -0.671696 0.135660 -0.038185 -0.340878 -0.757428 0.555560
10018.699813000 0.202520 -0.688428 0.126978 -0.037243 -0.342537 -0.757730 0.554190
10018.733146000 0.209531 -0.703774 0.119487 -0.036305 -0.343910 -0.757297 0.553994
10018.766479000 0.216361 -0.719132 0.114494 -0.035131 -0.345768 -0.757067 0.553226
10018.799812000 0.224158 -0.734409 0.110215 -0.033908 -0.347522 -0.756434 0.553070
10018.833145000 0.231333 -0.748807 0.106933 -0.032778 -0.348717 -0.755350 0.553867
10018.866478000 0.237071 -0.762909 0.105630 -0.031862 -0.349922 -0.754653 0.554110
10018.899811000 0.242804 -0.776639 0.105152 -0.031044 -0.350676 -0.753425 0.555349
10018.933144000 0.246012 -0.791265 0.105485 -0.030734 -0.350767 -0.752565 0.556474
10018.966477000 0.247600 -0.804317 0.107523 -0.030571 -0.350386 -0.751660 0.557944
10018.999810000 0.241428 -0.830929 0.114579 -0.032143 -0.347110 -0.750680 0.561214
10019.033143000 0.233816 -0.844188 0.120698 -0.033628 -0.344703 -0.750778 0.562478
10019.066476000 0.223579 -0.856541 0.125562 -0.035340 -0.341412 -0.750458 0.564803
10019.099809000 0.211622 -0.869589 0.133180 -0.037184 -0.338488 -0.750735 0.566074
10019.133142000 0.196605 -0.881739 0.140188 -0.039329 -0.335300 -0.751019 0.567448
10019.166475000 0.180356 -0.894320 0.147646 -0.041268 -0.332625 -0.751884 0.567739
10019.199808000 0.163262 -0.906715 0.156402 -0.042831 -0.330558 -0.752784 0.567638
10019.233141000 0.143913 -0.918610 0.164936 -0.044174 -0.329194 -0.754227 0.566411
10019.266474000 0.122544 -0.929664 0.172852 -0.045224 -0.328274 -0.755883 0.564652
10019.299807000 0.102851 -0.940330 0.181098 -0.045152 -0.329236 -0.757631 0.561747
10019.333140000 0.059326 -0.959846 0.198617 -0.042584 -0.335921 -0.762927 0.550714
10019.366473000 0.037622 -0.970030 0.206246 -0.039976 -0.341829 -0.765895 0.543102
10019.399806000 0.015204 -0.978908 0.214696 -0.036733 -0.348936 -0.768671 0.534827
10019.433139000 -0.006985 -0.987529 0.221716 -0.033227 -0.356603 -0.771316 0.526119
10019.466472000 -0.029749 -0.995842 0.228634 -0.029216 -0.365177 -0.773947 0.516525
10019.499805000 -0.052971 -1.004340 0.234504 -0.025434 -0.373847 -0.776382 0.506777
10019.533138000 -0.077177 -1.012790 0.240337 0.021979 0.382566 0.778845 -0.496548
10019.566471000 -0.101832 -1.021938 0.244989 0.018901 0.390854 0.781313 -0.486236
10019.599804000 -0.125575 -1.029946 0.249380 0.016283 0.398286 0.783724 -0.476319
10019.633137000 -0.150810 -1.038764 0.253515 0.014781 0.404665 0.786987 -0.465489
10019.666470000 -0.203640 -1.057459 0.258467 0.014786 0.412628 0.795893 -0.442801
10019.699803000 -0.230024 -1.067082 0.260467 0.016161 0.414218 0.801743 -0.430548
10019.733136000 -0.256534 -1.076725 0.261669 0.018171 0.414490 0.808247 -0.417857
10019.766469000 -0.282942 -1.086047 0.263886 0.020634 0.413810 0.815400 -0.404300
10019.799802000 -0.309302 -1.095696 0.266872 0.023133 0.413215 0.822926 -0.389243
10019.833135000 -0.334318 -1.106085 0.270723 0.025510 0.412389 0.830431 -0.373724
10019.866468000 -0.358720 -1.114902 0.275446 0.027532 0.411871 0.837722 -0.357527
10019.899801000 -0.381090 -1.122677 0.283525 0.028866 0.412466 0.844120 -0.341321
10019.933134000 -0.401246 -1.130617 0.293452 0.029698 0.413942 0.849730 -0.325158
10019.966467000 -0.420710 -1.138595 0.306490 0.029782 0.417117 0.854033 -0.309442
10019.999800000 -0.450748 -1.150821 0.341999 0.027712 0.428459 0.856909 -0.285241
10020.033133000 -0.462746 -1.156084 0.363428 0.025780 0.436418 0.855889 -0.276277
10020.066466000 -0.471927 -1.161639 0.389118 0.023156 0.446415 0.852949 -0.269546
10020.099799000 -0.479827 -1.166628 0.414841 0.020516 0.456253 0.849270 -0.264863
10020.133132000 -0.485828 -1.171476 0.442345 0.017525 0.466779 0.844264 -0.262734
10020.166465000 -0.489878 -1.176750 0.469743 0.014272 0.477339 0.838698 -0.261781
10020.199798000 -0.493354 -1.183467 0.497371 0.011246 0.487317 0.832917 -0.262001
10020.233131000 -0.495076 -1.191591 0.523900 0.008018 0.496720 0.826940 -0.263392
10020.266464000 -0.495601 -1.200181 0.548570 0.005022 0.504603 0.821254 -0.266258
10020.299797000 -0.496347 -1.210209 0.570631 0.002368 0.511063 0.816186 -0.269534
10020.333130000 -0.494799 -1.235969 0.605859 -0.001619 0.517767 0.808803 -0.278840
10020.366463000 -0.493401 -1.251459 0.619234 -0.002999 0.518285 0.806341 -0.284932
10020.399796000 -0.491747 -1.270067 0.629581 -0.003829 0.517138 0.804791 -0.291316
10020.433129000 -0.489708 -1.288149 0.638546 -0.004218 0.514289 0.803941 -0.298611
10020.466462000 -0.487828 -1.306974 0.646064 -0.004265 0.510487 0.803616 -0.305918
10020.499795000 -0.486127 -1.326591 0.652065 -0.004001 0.505561 0.803573 -0.314106
10020.533128000 -0.483372 -1.346982 0.657449 -0.003475 0.499869 0.803676 -0.322838
10020.566461000 -0.480446 -1.366814 0.663880 -0.002918 0.494184 0.803632 -0.331586
10020.599794000 -0.478091 -1.387301 0.671655 -0.002015 0.488196 0.803750 -0.340069
10020.633127000 -0.476245 -1.405910 0.679700 -0.001022 0.481956 0.803854 -0.348621
10020.666460000 -0.470724 -1.440449 0.701992 0.000332 0.471813 0.802992 -0.364138
10020.699793000 -0.467509 -1.456104 0.716783 0.000831 0.467770 0.801885 -0.371714
10020.733126000 -0.465300 -1.471460 0.733371 0.001247 0.464469 0.801306 -0.377061
10020.766459000 -0.463532 -1.484803 0.751146 0.001599 0.461424 0.800553 -0.382361
10020.799792000 -0.460926 -1.498149 0.769635 0.002032 0.458608 0.799654 -0.387593
10020.833125000 -0.457752 -1.510875 0.788192 0.001972 0.456192 0.798854 -0.392068
10020.866458000 -0.454802 -1.523461 0.807732 0.002063 0.454198 0.798143 -0.395813
10020.899791000 -0.452037 -1.536488 0.827022 0.002336 0.452444 0.797628 -0.398847
10020.933124000 -0.449498 -1.550316 0.846121 0.002517 0.450999 0.797342 -0.401047
10020.966457000 -0.446845 -1.563901 0.863390 0.002946 0.449133 0.797543 -0.402735
10020.999790000 -0.439963 -1.594487 0.893990 0.004181 0.445300 0.798316 -0.405440
10021.033123000 -0.436486 -1.610636 0.907795 0.005241 0.443052 0.799198 -0.406153
10021.066456000 -0.434044 -1.628853 0.918597 0.006499 0.440546 0.800857 -0.405592
10021.099789000 -0.431239 -1.646233 0.928768 0.007852 0.437905 0.802725 -0.404734
10021.133122000 -0.429560 -1.664022 0.938027 0.009453 0.435705 0.805145 -0.402261
10021.166455000 -0.426019 -1.682633 0.945520 0.010480 0.433887 0.807618 -0.399231
10021.199788000 -0.424727 -1.701398 0.951906 0.012433 0.431576 0.811080 -0.394636
10021.233121000 -0.423068 -1.720343 0.958653 0.013867 0.430782 0.814452 -0.388463
10021.266454000 -0.422424 -1.740167 0.965034 0.015200 0.430630 0.818508 -0.379962
10021.299787000 -0.421539 -1.759197 0.971136 0.016213 0.431510 0.822419 -0.370356
10021.333120000 -0.422846 -1.797148 0.981232 0.018087 0.435460 0.831291 -0.344967
10021.366453000 -0.424881 -1.815415 0.987448 0.018539 0.439779 0.835467 -0.329007
10021.399786000 -0.427890 -1.833645 0.993263 0.018618 0.445120 0.839782 -0.310303
10021.433119000 -0.430493 -1.850598 0.999801 0.018207 0.452172 0.842680 -0.291718
10021.466452000 -0.436261 -1.867057 1.006362 0.017916 0.460144 0.845084 -0.271624
10021.499785000 -0.441954 -1.882773 1.013756 0.017245 0.470014 0.846029 -0.251046
10021.533118000 -0.449362 -1.897399 1.021807 0.016452 0.481121 0.845619 -0.230608
10021.566451000 -0.458516 -1.910332 1.031376 0.015701 0.493256 0.843926 -0.210333
10021.599784000 -0.468946 -1.923692 1.041067 0.014938 0.506485 0.840649 -0.191202
