10000.000000000 0.000000 0.000000 0.000000 0.000000 0.000000 0.000000 1.000000
10000.033333000 0.010447 0.003323 -0.001793 0.002258 -0.004460 -0.001609 0.999986
10000.066666000 0.020481 0.007229 -0.002833 0.004188 -0.008958 -0.003759 0.999944
10000.099999000 0.031313 0.010531 -0.003226 0.005918 -0.013655 -0.005896 0.999872
10000.133332000 0.041779 0.013696 -0.003828 0.007371 -0.018281 -0.008599 0.999769
10000.166665000 0.051323 0.016524 -0.004035 0.008728 -0.022511 -0.011065 0.999647
10000.199998000 0.062022 0.019881 -0.004461 0.010036 -0.027215 -0.014321 0.999477
10000.233331000 0.071925 0.022035 -0.004117 0.010920 -0.031505 -0.017306 0.999294
10000.266664000 0.081213 0.025677 -0.003725 0.012134 -0.035669 -0.020769 0.999074
10000.299997000 0.089999 0.027563 -0.003563 0.012648 -0.039472 -0.023500 0.998864
10000.333330000 0.109559 0.032003 -0.003015 0.014037 -0.048081 -0.030618 0.998275
10000.366663000 0.118316 0.033720 -0.002729 0.014575 -0.051803 -0.033312 0.997995
10000.399996000 0.126280 0.037072 -0.002457 0.015739 -0.055303 -0.036333 0.997684
10000.433329000 0.135082 0.039424 -0.002017 0.016763 -0.058967 -0.038875 0.997362
10000.466662000 0.143654 0.041532 -0.002377 0.017754 -0.062582 -0.041475 0.997020
10000.499995000 0.152328 0.044413 -0.002638 0.019222 -0.066192 -0.043391 0.996678
10000.533328000 0.160951 0.047087 -0.003097 0.020624 -0.069769 -0.045265 0.996322
10000.566661000 0.169492 0.049597 -0.003431 0.022210 -0.073291 -0.046586 0.995974
10000.599994000 0.178220 0.053020 -0.004282 0.024141 -0.076922 -0.047869 0.995595
10000.633327000 0.186592 0.055307 -0.006110 0.026141 -0.080258 -0.048509 0.995250
10000.666660000 0.202793 0.063545 -0.008435 0.031901 -0.087047 -0.048028 0.994534
10000.699993000 0.210760 0.067267 -0.010866 0.034844 -0.090317 -0.047489 0.994170
10000.733326000 0.218813 0.070898 -0.013272 0.038296 -0.093622 -0.046864 0.993767
10000.766659000 0.226807 0.075023 -0.014828 0.042300 -0.096965 -0.046118 0.993319
10000.799992000 0.235015 0.078628 -0.017168 0.046132 -0.100320 -0.045920 0.992824
10000.833325000 0.243203 0.081852 -0.018180 0.050255 -0.103804 -0.046256 0.992250
10000.866658000 0.251975 0.084534 -0.018309 0.054845 -0.107395 -0.047052 0.991587
10000.899991000 0.260398 0.086306 -0.018484 0.059252 -0.110713 -0.049318 0.990858
10000.933324000 0.269586 0.087832 -0.016638 0.064160 -0.114390 -0.052566 0.989967
10000.966657000 0.279592 0.088812 -0.014366 0.068802 -0.118483 -0.057036 0.988926
10000.999990000 0.300454 0.087065 -0.005298 0.079032 -0.126209 -0.070738 0.986317
10001.033323000 0.310520 0.084254 0.000561 0.083754 -0.129865 -0.079946 0.984748
10001.066656000 0.321976 0.081541 0.007345 0.088725 -0.134108 -0.089598 0.982912
10001.099989000 0.333686 0.078119 0.014626 0.093651 -0.138507 -0.099953 0.980844
10001.133322000 0.345153 0.073160 0.021768 0.097721 -0.143033 -0.110487 0.978665
10001.166655000 0.357108 0.068485 0.028029 0.101555 -0.147888 -0.121286 0.976271
10001.199988000 0.367659 0.063937 0.035259 0.105391 -0.152709 -0.131308 0.973823
10001.233321000 0.378538 0.058120 0.039999 0.107788 -0.158263 -0.141097 0.971301
10001.266654000 0.387948 0.052193 0.043240 0.109391 -0.163693 -0.150375 0.968827
10001.299987000 0.398215 0.046351 0.044864 0.110228 -0.169853 -0.158671 0.966345
10001.333320000 0.416417 0.034895 0.042577 0.108660 -0.184272 -0.172889 0.961429
10001.366653000 0.424805 0.030363 0.037833 0.106435 -0.192466 -0.178483 0.959048
10001.399986000 0.432934 0.026336 0.031385 0.103436 -0.200785 -0.183558 0.956709
10001.433319000 0.441033 0.022194 0.023849 0.099977 -0.209705 -0.188104 0.954278
10001.466652000 0.449389 0.019975 0.014545 0.096027 -0.219084 -0.191922 0.951812
10001.499985000 0.457587 0.018570 0.005588 0.092595 -0.228240 -0.195152 0.949341
10001.533318000 0.466869 0.016122 -0.004058 0.088775 -0.237911 -0.198168 0.946703
10001.566651000 0.475963 0.014815 -0.014133 0.084898 -0.246915 -0.200456 0.944268
10001.599984000 0.487070 0.014653 -0.023989 0.081976 -0.256331 -0.202582 0.941560
10001.633317000 0.499887 0.015613 -0.032261 0.080514 -0.265567 -0.204097 0.938795
10001.666650000 0.529279 0.019357 -0.045287 0.080252 -0.282357 -0.205869 0.933516
10001.699983000 0.544887 0.022383 -0.050068 0.081907 -0.289233 -0.206555 0.931112
10001.733316000 0.562909 0.027517 -0.053897 0.085379 -0.295787 -0.206584 0.928732
10001.766649000 0.580596 0.031745 -0.056518 0.088262 -0.302074 -0.206446 0.926467
10001.799982000 0.599264 0.036517 -0.058553 0.092312 -0.307509 -0.206119 0.924355
10001.833315000 0.618035 0.041995 -0.058863 0.096641 -0.312802 -0.205844 0.922195
10001.866648000 0.636104 0.048459 -0.058814 0.101864 -0.317088 -0.205030 0.920348
10001.899981000 0.653966 0.053926 -0.057829 0.106309 -0.321689 -0.204520 0.918360
10001.933314000 0.669984 0.059496 -0.057069 0.110612 -0.325209 -0.203725 0.916788
10001.966647000 0.684943 0.064333 -0.055958 0.114465 -0.328535 -0.203041 0.915280
10001.999980000 0.710791 0.075325 -0.052597 0.121875 -0.334492 -0.201888 0.912416
10002.033313000 0.721526 0.080506 -0.050686 0.125159 -0.337502 -0.201079 0.911040
10002.066646000 0.730139 0.084348 -0.049635 0.127170 -0.340032 -0.200631 0.909919
10002.099979000 0.737954 0.088012 -0.048299 0.128872 -0.342535 -0.200063 0.908866
10002.133312000 0.744939 0.090173 -0.048546 0.130222 -0.344460 -0.199677 0.908030
10002.166645000 0.751225 0.092575 -0.048435 0.131565 -0.346614 -0.199151 0.907132
10002.199978000 0.758386 0.094820 -0.049097 0.132555 -0.348685 -0.198962 0.906235
10002.233311000 0.765337 0.096289 -0.050535 0.133098 -0.350482 -0.198962 0.905462
10002.266644000 0.772950 0.097064 -0.053398 0.133755 -0.352032 -0.198782 0.904803
10002.299977000 0.781183 0.096812 -0.057732 0.133792 -0.353474 -0.199118 0.904161
10002.333310000 0.802833 0.096686 -0.069566 0.133983 -0.355620 -0.199449 0.903218
10002.366643000 0.815050 0.094380 -0.077731 0.133340 -0.356232 -0.200358 0.902871
10002.399976000 0.828959 0.093367 -0.086876 0.133440 -0.357112 -0.200858 0.902397
10002.433309000 0.841513 0.092445 -0.097267 0.133002 -0.357261 -0.201141 0.902340
10002.466642000 0.855182 0.091827 -0.108621 0.132525 -0.357406 -0.201989 0.902163
10002.499975000 0.867255 0.088585 -0.117598 0.131362 -0.358038 -0.202738 0.901915
10002.533308000 0.877955 0.086528 -0.128047 0.129953 -0.358542 -0.203495 0.901748
10002.566641000 0.887439 0.085037 -0.138154 0.128480 -0.359006 -0.204424 0.901564
10002.599974000 0.895215 0.083114 -0.146442 0.126704 -0.359515 -0.204864 0.901513
10002.633307000 0.901206 0.079511 -0.154518 0.123940 -0.360653 -0.205733 0.901245
10002.666640000 0.901063 0.075730 -0.164448 0.118073 -0.363374 -0.207416 0.900553
10002.699973000 0.896342 0.073399 -0.167423 0.114372 -0.364978 -0.208275 0.900184
10002.733306000 0.889490 0.072357 -0.169406 0.110758 -0.366354 -0.209220 0.899858
10002.766639000 0.881563 0.071136 -0.168889 0.107327 -0.367699 -0.210171 0.899504
10002.799972000 0.871529 0.069640 -0.167960 0.104415 -0.368042 -0.211060 0.899498
10002.833305000 0.860843 0.068486 -0.165886 0.101989 -0.367789 -0.211695 0.899730
10002.866638000 0.849499 0.066382 -0.163305 0.100370 -0.365888 -0.211704 0.900685
10002.899971000 0.837976 0.064401 -0.160396 0.099942 -0.362670 -0.211918 0.901983
10002.933304000 0.826805 0.060544 -0.156798 0.100467 -0.357967 -0.211841 0.903819
10002.966637000 0.818116 0.056948 -0.154226 0.102982 -0.351094 -0.210900 0.906448
10002.999970000 0.802446 0.046833 -0.149537 0.113124 -0.330562 -0.208380 0.913515
10003.033303000 0.797884 0.040647 -0.146535 0.120584 -0.318161 -0.206784 0.917319
10003.066636000 0.793488 0.033623 -0.144021 0.129002 -0.304090 -0.204880 0.921364
10003.099969000 0.791968 0.026839 -0.142795 0.137832 -0.290008 -0.203275 0.924974
10003.133302000 0.790376 0.018736 -0.141733 0.146463 -0.275760 -0.202152 0.928245
10003.166635000 0.788872 0.012503 -0.140428 0.155223 -0.262024 -0.200631 0.931127
10003.199968000 0.788141 0.005001 -0.139483 0.163047 -0.249215 -0.199986 0.933442
10003.233301000 0.787288 -0.001252 -0.139003 0.170114 -0.237523 -0.199399 0.935352
10003.266634000 0.785763 -0.007287 -0.138283 0.176321 -0.226852 -0.198764 0.936986
10003.299967000 0.784398 -0.014021 -0.138596 0.180883 -0.218030 -0.198561 0.938253
10003.333300000 0.775470 -0.021697 -0.137713 0.187399 -0.204424 -0.198142 0.940123
10003.366633000 0.769282 -0.024753 -0.137621 0.188864 -0.199693 -0.197667 0.940947
10003.399966000 0.761221 -0.026417 -0.138037 0.189401 -0.195990 -0.197318 0.941690
10003.433299000 0.754805 -0.028084 -0.138585 0.189216 -0.193475 -0.197053 0.942303
10003.466632000 0.744584 -0.030464 -0.138070 0.188025 -0.191461 -0.196324 0.943105
10003.499965000 0.736236 -0.031467 -0.137843 0.186693 -0.190339 -0.196013 0.943661
10003.533298000 0.726261 -0.033096 -0.135383 0.184852 -0.189981 -0.196042 0.944089
10003.566631000 0.716108 -0.035824 -0.132779 0.182434 -0.189798 -0.195838 0.944638
10003.599964000 0.707409 -0.037894 -0.130508 0.180128 -0.189860 -0.195592 0.945120
10003.633297000 0.698115 -0.041267 -0.127737 0.177437 -0.189883 -0.195444 0.945654
10003.666630000 0.679842 -0.050759 -0.120042 0.172094 -0.189893 -0.195560 0.946615
10003.699963000 0.671271 -0.057911 -0.115072 0.169443 -0.189575 -0.195672 0.947134
10003.733296000 0.663443 -0.065922 -0.109188 0.166863 -0.189177 -0.195733 0.947659
10003.766629000 0.656272 -0.073186 -0.102082 0.164937 -0.188856 -0.196130 0.947978
10003.799962000 0.649727 -0.081614 -0.095901 0.162674 -0.188441 -0.196512 0.948372
10003.833295000 0.645120 -0.092190 -0.088317 0.160255 -0.188371 -0.196989 0.948699
10003.866628000 0.639171 -0.102272 -0.080593 0.157977 -0.188192 -0.197886 0.948930
10003.899961000 0.632928 -0.112312 -0.072778 0.156000 -0.187384 -0.198083 0.949376
10003.933294000 0.627531 -0.121910 -0.064854 0.154013 -0.187162 -0.198944 0.949564
10003.966627000 0.621106 -0.132911 -0.058345 0.151371 -0.186633 -0.199812 0.949911
10003.999960000 0.612511 -0.153352 -0.043726 0.146794 -0.186357 -0.200802 0.950474
10004.033293000 0.605897 -0.163017 -0.037679 0.144303 -0.185937 -0.201719 0.950744
10004.066626000 0.601144 -0.172132 -0.030707 0.141761 -0.186087 -0.202408 0.950950
10004.099959000 0.595661 -0.180518 -0.024688 0.139445 -0.185694 -0.202815 0.951283
10004.133292000 0.590505 -0.189564 -0.018334 0.136824 -0.185672 -0.203442 0.951534
10004.166625000 0.584296 -0.198729 -0.012193 0.133850 -0.185525 -0.204168 0.951830
10004.199958000 0.577945 -0.207629 -0.006520 0.130830 -0.185263 -0.204867 0.952151
10004.233291000 0.570610 -0.215574 -0.000571 0.128200 -0.184225 -0.204644 0.952758
10004.266624000 0.563266 -0.224248 0.006009 0.125170 -0.183771 -0.205205 0.953127
10004.299957000 0.555475 -0.232212 0.011863 0.122259 -0.183000 -0.205681 0.953551
10004.333290000 0.538221 -0.252915 0.023419 0.114510 -0.181114 -0.206917 0.954605
10004.366623000 0.528283 -0.262323 0.030418 0.111045 -0.179617 -0.207219 0.955231
10004.399956000 0.518084 -0.271754 0.037634 0.107532 -0.178117 -0.207508 0.955851
10004.433289000 0.508445 -0.280966 0.045481 0.104105 -0.176739 -0.207828 0.956417
10004.466622000 0.499623 -0.291001 0.052063 0.100445 -0.175659 -0.208365 0.956890
10004.499955000 0.492037 -0.300171 0.058466 0.096936 -0.174710 -0.208827 0.957325
10004.533288000 0.484763 -0.308726 0.065661 0.093765 -0.173965 -0.209354 0.957661
10004.566621000 0.479750 -0.317726 0.070674 0.090389 -0.173733 -0.210137 0.957856
10004.599954000 0.477776 -0.326820 0.076921 0.087577 -0.174411 -0.211189 0.957763
10004.633287000 0.476492 -0.335107 0.082162 0.084815 -0.175412 -0.212331 0.957577
10004.666620000 0.483250 -0.349492 0.089308 0.080689 -0.180062 -0.215561 0.956348
10004.699953000 0.490683 -0.355897 0.093463 0.079329 -0.183690 -0.217513 0.955329
10004.733286000 0.499400 -0.361115 0.096045 0.078460 -0.187607 -0.219557 0.954171
10004.766619000 0.511227 -0.367438 0.099723 0.077610 -0.192741 -0.222028 0.952644
10004.799952000 0.523262 -0.371695 0.102932 0.077399 -0.197632 -0.224106 0.951172
10004.833285000 0.537317 -0.374229 0.107455 0.078140 -0.203301 -0.226299 0.949395
10004.866618000 0.551764 -0.380477 0.113366 0.077885 -0.209411 -0.228598 0.947536
10004.899951000 0.564230 -0.383627 0.118448 0.078364 -0.214642 -0.230661 0.945824
10004.933284000 0.576343 -0.385908 0.125013 0.079285 -0.219941 -0.232574 0.944060
10004.966617000 0.587785 -0.387869 0.132669 0.080319 -0.225096 -0.234387 0.942307
10004.999950000 0.604943 -0.392226 0.151728 0.081948 -0.234189 -0.237362 0.939201
10005.033283000 0.608753 -0.394324 0.161922 0.082423 -0.237452 -0.238616 0.938022
10005.066616000 0.610217 -0.396153 0.172992 0.082802 -0.240149 -0.239592 0.937053
10005.099949000 0.611081 -0.398251 0.184798 0.083096 -0.242790 -0.240607 0.936086
10005.133282000 0.611076 -0.400297 0.197520 0.083398 -0.245364 -0.241522 0.935151
10005.166615000 0.609186 -0.403136 0.211339 0.083290 -0.247680 -0.242450 0.934310
10005.199948000 0.607235 -0.405380 0.224460 0.083331 -0.249789 -0.243277 0.933530
10005.233281000 0.604764 -0.406890 0.238080 0.083623 -0.251827 -0.243959 0.932778
10005.266614000 0.603253 -0.409612 0.251333 0.083561 -0.254215 -0.244834 0.931906
10005.299947000 0.599949 -0.412059 0.264101 0.083366 -0.255985 -0.245626 0.931230
10005.333280000 0.597078 -0.418124 0.287490 0.082714 -0.260576 -0.247628 0.929483
10005.366613000 0.596894 -0.420859 0.299261 0.082635 -0.263323 -0.248655 0.928441
10005.399946000 0.597683 -0.424321 0.309812 0.082310 -0.266247 -0.249888 0.927304
10005.433279000 0.598085 -0.427826 0.320285 0.081944 -0.269079 -0.251142 0.926180
10005.466612000 0.598007 -0.431243 0.330225 0.081505 -0.271780 -0.252287 0.925118
10005.499945000 0.598301 -0.435291 0.340339 0.080821 -0.274661 -0.253701 0.923940
10005.533278000 0.600732 -0.438798 0.350533 0.080590 -0.278185 -0.255049 0.922534
10005.566611000 0.601112 -0.442188 0.360631 0.080211 -0.281144 -0.256316 0.921318
10005.599944000 0.603093 -0.445506 0.370988 0.080090 -0.284752 -0.257620 0.919855
10005.633277000 0.604674 -0.447763 0.382550 0.080435 -0.288376 -0.258721 0.918386
10005.666610000 0.607015 -0.451978 0.406738 0.081232 -0.295720 -0.260973 0.915338
10005.699943000 0.607872 -0.454712 0.420266 0.081560 -0.299760 -0.262079 0.913678
10005.733276000 0.608150 -0.456875 0.433003 0.082056 -0.303526 -0.262962 0.912135
10005.766609000 0.606597 -0.458331 0.445826 0.082216 -0.307223 -0.263653 0.910682
10005.799942000 0.606774 -0.460111 0.458890 0.082832 -0.311095 -0.264615 0.909031
10005.833275000 0.607313 -0.462545 0.472297 0.083231 -0.315333 -0.265815 0.907182
10005.866608000 0.608051 -0.464200 0.485272 0.083944 -0.319487 -0.266809 0.905370
10005.899941000 0.608927 -0.466354 0.497409 0.084433 -0.323672 -0.267905 0.903512
10005.933274000 0.609758 -0.468856 0.508708 0.084611 -0.327620 -0.269071 0.901725
10005.966607000 0.610717 -0.472726 0.519042 0.084570 -0.331172 -0.270563 0.899983
10005.999940000 0.614149 -0.482771 0.538003 0.082579 -0.339372 -0.273464 0.896228
10006.033273000 0.616413 -0.487998 0.545074 0.081739 -0.342692 -0.275329 0.894469
10006.066606000 0.618337 -0.493880 0.551539 0.080289 -0.345869 -0.276885 0.892896
10006.099939000 0.620385 -0.500489 0.557375 0.078430 -0.349355 -0.279296 0.890951
10006.133272000 0.623851 -0.507355 0.562466 0.076623 -0.352721 -0.281093 0.889215
10006.166605000 0.626426 -0.514906 0.566862 0.074252 -0.356038 -0.283731 0.887255
10006.199938000 0.629295 -0.522722 0.570329 0.071514 -0.359229 -0.286032 0.885452
10006.233271000 0.632300 -0.530886 0.575224 0.068794 -0.362970 -0.288466 0.883350
10006.266604000 0.635229 -0.538713 0.578455 0.065631 -0.366564 -0.290577 0.881413
10006.299937000 0.637200 -0.546799 0.581643 0.062206 -0.369860 -0.292796 0.879548
10006.333270000 0.640901 -0.563170 0.588574 0.054906 -0.376985 -0.297022 0.875583
10006.366603000 0.641969 -0.571320 0.593055 0.050980 -0.380753 -0.298955 0.873530
10006.399936000 0.642843 -0.579670 0.597650 0.046998 -0.384688 -0.301191 0.871258
10006.433269000 0.643993 -0.586895 0.603106 0.043871 -0.388778 -0.303435 0.868823
10006.466602000 0.645810 -0.594581 0.607353 0.040301 -0.392713 -0.305329 0.866560
10006.499935000 0.647574 -0.601368 0.612074 0.037574 -0.396316 -0.307419 0.864300
10006.533268000 0.649879 -0.607769 0.617903 0.035713 -0.399960 -0.309479 0.861962
10006.566601000 0.652401 -0.614504 0.623174 0.033945 -0.403107 -0.311412 0.859869
10006.599934000 0.656268 -0.620273 0.628545 0.033603 -0.406243 -0.313756 0.857551
10006.633267000 0.660006 -0.626308 0.634324 0.033641 -0.409062 -0.316309 0.855269
10006.666600000 0.673106 -0.634736 0.647458 0.038919 -0.413926 -0.321378 0.850804
10006.699933000 0.681196 -0.637653 0.653151 0.043375 -0.415444 -0.324008 0.848848
10006.733266000 0.689328 -0.641530 0.659765 0.047974 -0.416913 -0.327055 0.846710
10006.766599000 0.699230 -0.644881 0.665844 0.054023 -0.418025 -0.329676 0.844778
10006.799932000 0.709738 -0.648574 0.671073 0.059434 -0.419156 -0.332917 0.842581
10006.833265000 0.720955 -0.652021 0.675983 0.065232 -0.419919 -0.335787 0.840630
10006.866598000 0.732249 -0.656018 0.680275 0.070942 -0.420420 -0.339156 0.838563
10006.899931000 0.744468 -0.659782 0.684402 0.076448 -0.421452 -0.342268 0.836293
10006.933264000 0.757281 -0.664332 0.686647 0.081215 -0.422379 -0.345707 0.833958
10006.966597000 0.769590 -0.670617 0.689320 0.084283 -0.423757 -0.349108 0.831535
10006.999930000 0.796801 -0.685576 0.690848 0.088398 -0.428594 -0.356358 0.825531
10007.033263000 0.811123 -0.694975 0.689722 0.088590 -0.431410 -0.360215 0.822364
10007.066596000 0.825025 -0.704074 0.687997 0.088249 -0.434777 -0.363246 0.819289
10007.099929000 0.838078 -0.714407 0.686372 0.086831 -0.437976 -0.366063 0.816477
10007.133262000 0.851162 -0.724632 0.683627 0.085070 -0.441591 -0.368569 0.813583
10007.166595000 0.864927 -0.735125 0.679677 0.082742 -0.444807 -0.370809 0.811049
10007.199928000 0.877749 -0.744369 0.676280 0.080751 -0.448305 -0.372336 0.808621
10007.233261000 0.889950 -0.753925 0.672775 0.078018 -0.451649 -0.372970 0.806734
10007.266594000 0.902369 -0.761857 0.668372 0.076244 -0.454345 -0.372801 0.805467
10007.299927000 0.913645 -0.769281 0.664595 0.073912 -0.457282 -0.371914 0.804432
10007.333260000 0.936546 -0.779669 0.657971 0.071384 -0.461679 -0.367665 0.804101
10007.366593000 0.945552 -0.782055 0.655682 0.071039 -0.462833 -0.364407 0.804951
10007.399926000 0.955364 -0.783093 0.652976 0.070755 -0.464031 -0.361057 0.805796
10007.433259000 0.964790 -0.783640 0.650926 0.071002 -0.465170 -0.357311 0.806787
10007.466592000 0.973803 -0.782403 0.650188 0.072303 -0.466309 -0.354049 0.807451
10007.499925000 0.982031 -0.779639 0.649697 0.073941 -0.467351 -0.351288 0.807906
10007.533258000 0.989725 -0.776721 0.649629 0.076131 -0.468144 -0.349947 0.807826
10007.566591000 0.997748 -0.771676 0.650528 0.079118 -0.469419 -0.349456 0.807011
10007.599924000 1.005337 -0.766764 0.653106 0.083112 -0.470902 -0.350771 0.805173
10007.633257000 1.012710 -0.760585 0.656037 0.087531 -0.472398 -0.353773 0.802510
10007.666590000 1.028800 -0.744431 0.666151 0.100070 -0.475901 -0.366187 0.793354
10007.699923000 1.037061 -0.736499 0.672536 0.107038 -0.478104 -0.375649 0.786668
10007.733256000 1.044057 -0.728506 0.680281 0.114706 -0.480419 -0.386404 0.778930
10007.766589000 1.051347 -0.719843 0.686556 0.122494 -0.482054 -0.398048 0.770829
10007.799922000 1.059006 -0.710875 0.695014 0.130850 -0.484283 -0.409976 0.761753
10007.833255000 1.065753 -0.702931 0.702801 0.138814 -0.485925 -0.422479 0.752409
10007.866588000 1.073155 -0.694615 0.712273 0.147308 -0.487793 -0.433955 0.742995
10007.899921000 1.079141 -0.687677 0.718240 0.154510 -0.488969 -0.445193 0.734056
10007.933254000 1.084807 -0.680586 0.723563 0.161275 -0.489386 -0.455309 0.726075
10007.966587000 1.092167 -0.675020 0.728139 0.166972 -0.490123 -0.463513 0.719066
10007.999920000 1.103797 -0.665264 0.735259 0.175500 -0.490723 -0.475311 0.708851
10008.033253000 1.110089 -0.662433 0.737201 0.178159 -0.490940 -0.478433 0.705932
10008.066586000 1.115265 -0.660279 0.737433 0.179603 -0.490861 -0.480143 0.704457
10008.099919000 1.122053 -0.659128 0.737529 0.180519 -0.491157 -0.480628 0.703687
10008.133252000 1.128585 -0.657324 0.737087 0.181231 -0.491457 -0.479527 0.704045
10008.166585000 1.136091 -0.655897 0.736066 0.181663 -0.491771 -0.477435 0.705135
10008.199918000 1.145038 -0.654525 0.733520 0.182160 -0.491816 -0.474852 0.706718
10008.233251000 1.154696 -0.652434 0.731483 0.183138 -0.492347 -0.471303 0.708469
10008.266584000 1.165116 -0.650573 0.729000 0.184047 -0.493080 -0.467250 0.710406
10008.299917000 1.177062 -0.646860 0.725696 0.185978 -0.493609 -0.463018 0.712304
10008.333250000 1.206633 -0.636034 0.722099 0.193133 -0.496074 -0.453615 0.714734
10008.366583000 1.223822 -0.628298 0.720223 0.197949 -0.497462 -0.448502 0.715677
10008.399916000 1.241767 -0.621185 0.719604 0.203572 -0.499155 -0.444037 0.715705
10008.433249000 1.259673 -0.613351 0.717913 0.209001 -0.500735 -0.439608 0.715772
10008.466582000 1.279475 -0.605724 0.716221 0.214994 -0.502268 -0.435981 0.715140
10008.499915000 1.300284 -0.598235 0.716523 0.221053 -0.504452 -0.431794 0.714295
10008.533248000 1.315713 -0.592376 0.714138 0.226118 -0.505891 -0.428803 0.713493
10008.566581000 1.334166 -0.586844 0.713454 0.231683 -0.507461 -0.426211 0.712146
10008.599914000 1.349508 -0.584240 0.712521 0.235306 -0.509196 -0.424051 0.711008
10008.633247000 1.364743 -0.583217 0.711277 0.238749 -0.510882 -0.422812 0.709386
10008.666580000 1.387750 -0.586606 0.708966 0.242201 -0.513495 -0.421435 0.707145
10008.699913000 1.396236 -0.592880 0.706593 0.241735 -0.514885 -0.422035 0.705935
10008.733246000 1.403380 -0.599325 0.704591 0.240606 -0.515845 -0.422768 0.705181
10008.766579000 1.409398 -0.609034 0.702283 0.238556 -0.517109 -0.423990 0.704217
10008.799912000 1.413370 -0.620773 0.700250 0.235784 -0.518366 -0.425857 0.703099
10008.833245000 1.416061 -0.633614 0.698832 0.232481 -0.519702 -0.427983 0.701921
10008.866578000 1.417288 -0.648642 0.696565 0.228052 -0.520953 -0.430376 0.700983
10008.899911000 1.419989 -0.663706 0.693737 0.224040 -0.521834 -0.433088 0.699950
10008.933244000 1.420216 -0.679586 0.691667 0.219858 -0.523111 -0.435858 0.698602
10008.966577000 1.421767 -0.696730 0.689052 0.214980 -0.524497 -0.438508 0.697422
10008.999910000 1.424324 -0.730758 0.683691 0.206135 -0.526936 -0.444428 0.694501
10009.033243000 1.427563 -0.747980 0.681386 0.202029 -0.528416 -0.447217 0.692789
10009.066576000 1.431158 -0.763586 0.679119 0.198110 -0.529789 -0.449392 0.691465
10009.099909000 1.435879 -0.778785 0.678845 0.195133 -0.531563 -0.451692 0.689448
10009.133242000 1.441227 -0.794260 0.678755 0.192144 -0.533376 -0.453797 0.687502
10009.166575000 1.446463 -0.808921 0.679443 0.189826 -0.535139 -0.456236 0.685157
10009.199908000 1.452836 -0.822744 0.679318 0.187616 -0.537040 -0.457838 0.683207
10009.233241000 1.458906 -0.835707 0.680840 0.185533 -0.538972 -0.459291 0.681277
10009.266574000 1.466531 -0.847444 0.683987 0.184150 -0.541339 -0.460142 0.679198
10009.299907000 1.473792 -0.858669 0.687640 0.182775 -0.543615 -0.461043 0.677138
10009.333240000 1.492792 -0.878695 0.697038 0.181183 -0.548758 -0.461543 0.673064
10009.366573000 1.502377 -0.885433 0.703371 0.181318 -0.551408 -0.461111 0.671155
10009.399906000 1.512640 -0.892486 0.710500 0.181287 -0.554142 -0.460572 0.669279
10009.433239000 1.522806 -0.897552 0.716442 0.181568 -0.556423 -0.459914 0.667762
10009.466572000 1.533644 -0.902382 0.723170 0.181930 -0.558877 -0.459030 0.666220
10009.499905000 1.545749 -0.906936 0.728181 0.182288 -0.561048 -0.458029 0.664986
10009.533238000 1.556954 -0.909950 0.733083 0.182908 -0.562915 -0.457050 0.663910
10009.566571000 1.570681 -0.912877 0.735249 0.183466 -0.564383 -0.456095 0.663166
10009.599904000 1.582657 -0.914978 0.735607 0.183994 -0.565231 -0.455444 0.662745
10009.633237000 1.594871 -0.916507 0.736310 0.184547 -0.565912 -0.454824 0.662436
10009.666570000 1.616902 -0.919808 0.730581 0.185341 -0.565821 -0.454450 0.662549
10009.699903000 1.628225 -0.920943 0.724642 0.185464 -0.565034 -0.454611 0.663075
10009.733236000 1.639218 -0.922274 0.716519 0.185606 -0.563876 -0.455015 0.663743
10009.766569000 1.649174 -0.923213 0.707189 0.185497 -0.562299 -0.455543 0.664749
10009.799902000 1.659392 -0.924176 0.698001 0.185531 -0.560874 -0.456015 0.665620
10009.833235000 1.670020 -0.926166 0.688986 0.185475 -0.559613 -0.456598 0.666296
10009.866568000 1.679788 -0.927425 0.679934 0.185424 -0.558280 -0.457010 0.667145
10009.899901000 1.689192 -0.930268 0.670932 0.185132 -0.557070 -0.457729 0.667745
10009.933234000 1.700104 -0.932496 0.662996 0.185027 -0.556131 -0.458105 0.668299
10009.966567000 1.710319 -0.935717 0.657398 0.184996 -0.555847 -0.458161 0.668505
10009.999900000 1.729996 -0.944172 0.652613 0.184947 -0.556646 -0.458116 0.667884
10010.033233000 1.741201 -0.949110 0.653266 0.185267 -0.557817 -0.457774 0.667052
10010.066566000 1.751486 -0.954182 0.656065 0.185590 -0.559352 -0.457260 0.666029
10010.099899000 1.762970 -0.959121 0.661391 0.186025 -0.561313 -0.456566 0.664732
10010.133232000 1.773574 -0.964511 0.667232 0.186463 -0.563425 -0.455816 0.663336
10010.166565000 1.784537 -0.969964 0.672234 0.186558 -0.565408 -0.454865 0.662275
10010.199898000 1.796640 -0.973514 0.675488 0.186793 -0.566981 -0.454050 0.661423
10010.233231000 1.808786 -0.978475 0.682415 0.186954 -0.568982 -0.453300 0.660171
10010.266564000 1.818825 -0.981145 0.688161 0.187331 -0.570503 -0.452604 0.659229
10010.299897000 1.831237 -0.983085 0.691344 0.187568 -0.571432 -0.452050 0.658737
10010.333230000 1.853189 -0.982653 0.697421 0.188048 -0.572392 -0.451151 0.658383
10010.366563000 1.864167 -0.979829 0.698155 0.188327 -0.571962 -0.451016 0.658769
10010.399896000 1.874653 -0.977394 0.698722 0.188356 -0.571426 -0.451066 0.659192
10010.433229000 1.885982 -0.975875 0.698096 0.188101 -0.570738 -0.451142 0.659808
10010.466562000 1.896146 -0.972163 0.696896 0.187928 -0.569582 -0.451405 0.660676
10010.499895000 1.905851 -0.968742 0.694878 0.187572 -0.568351 -0.451820 0.661553
10010.533228000 1.915634 -0.966308 0.692311 0.187175 -0.567016 -0.452463 0.662372
10010.566561000 1.922821 -0.964563 0.691644 0.186399 -0.565922 -0.453210 0.663015
10010.599894000 1.930291 -0.963855 0.689843 0.185528 -0.564847 -0.453993 0.663639
10010.633227000 1.935604 -0.962100 0.687745 0.184635 -0.563496 -0.454991 0.664353
10010.666560000 1.942437 -0.963721 0.689985 0.182186 -0.562339 -0.456832 0.664746
10010.699893000 1.944787 -0.967058 0.691824 0.180738 -0.562073 -0.457975 0.664580
10010.733226000 1.946309 -0.971497 0.695469 0.179095 -0.562191 -0.459055 0.664180
10010.766559000 1.947528 -0.976724 0.699625 0.177517 -0.562512 -0.460059 0.663636
10010.799892000 1.948902 -0.983203 0.704941 0.175703 -0.563040 -0.461330 0.662789
10010.833225000 1.949363 -0.989781 0.709918 0.173849 -0.563457 -0.462689 0.661975
10010.866558000 1.952068 -0.997640 0.716168 0.171896 -0.564495 -0.463593 0.660968
10010.899891000 1.954943 -1.006103 0.722330 0.169843 -0.565411 -0.464779 0.659882
10010.933224000 1.957095 -1.014595 0.729144 0.167934 -0.566306 -0.466031 0.658719
10010.966557000 1.961488 -1.024478 0.736404 0.165787 -0.567361 -0.467248 0.657491
10010.999890000 1.976822 -1.041648 0.749698 0.162032 -0.569350 -0.469162 0.655342
10011.033223000 1.986418 -1.049627 0.756361 0.160370 -0.570260 -0.469939 0.654402
10011.066556000 1.997043 -1.058730 0.764051 0.158704 -0.571389 -0.470666 0.653301
10011.099889000 2.009084 -1.064563 0.769831 0.157625 -0.572004 -0.471184 0.652650
10011.133222000 2.021211 -1.071069 0.775774 0.156354 -0.572759 -0.471653 0.651954
10011.166555000 2.033932 -1.076085 0.779357 0.155575 -0.573085 -0.472228 0.651437
10011.199888000 2.047306 -1.079818 0.783071 0.154974 -0.573364 -0.472548 0.651103
10011.233221000 2.059860 -1.081768 0.786510 0.154700 -0.573695 -0.472502 0.650909
10011.266554000 2.071903 -1.082490 0.788277 0.154677 -0.573713 -0.472433 0.650950
10011.299887000 2.083143 -1.081055 0.789548 0.155062 -0.573600 -0.472214 0.651116
10011.333220000 2.102430 -1.075004 0.787136 0.156287 -0.572952 -0.471251 0.652091
10011.366553000 2.110912 -1.068989 0.784585 0.157361 -0.572388 -0.470517 0.652857
10011.399886000 2.117837 -1.060535 0.780630 0.158877 -0.571639 -0.469508 0.653872
10011.433219000 2.125580 -1.051991 0.773909 0.160228 -0.570517 -0.468736 0.655076
10011.466552000 2.134153 -1.046368 0.768958 0.161334 -0.569876 -0.467848 0.655995
10011.499885000 2.139612 -1.041651 0.766782 0.162503 -0.569467 -0.467227 0.656505
10011.533218000 2.144878 -1.031787 0.759729 0.163878 -0.568150 -0.466332 0.657939
10011.566551000 2.150921 -1.023810 0.754080 0.165302 -0.567062 -0.465843 0.658868
10011.599884000 2.157115 -1.015791 0.746900 0.166548 -0.565632 -0.465420 0.660080
10011.633217000 2.162842 -1.005930 0.739792 0.167677 -0.564014 -0.464765 0.661639
10011.666550000 2.176153 -0.992848 0.728432 0.168786 -0.561231 -0.464597 0.663838
10011.699883000 2.186746 -0.988410 0.722899 0.168921 -0.559911 -0.464815 0.664765
10011.733216000 2.195422 -0.986401 0.719677 0.168558 -0.558847 -0.465276 0.665430
10011.766549000 2.205136 -0.985835 0.717354 0.167998 -0.557942 -0.465974 0.665842
10011.799882000 2.214557 -0.983347 0.715467 0.167757 -0.557002 -0.466465 0.666346
10011.833215000 2.224245 -0.983505 0.714577 0.166973 -0.556312 -0.467028 0.666725
10011.866548000 2.234434 -0.982153 0.714563 0.166634 -0.555640 -0.467522 0.667024
10011.899881000 2.243962 -0.981127 0.716587 0.166182 -0.555329 -0.467795 0.667204
10011.933214000 2.253103 -0.979717 0.719200 0.166123 -0.555173 -0.467929 0.667254
10011.966547000 2.261030 -0.978250 0.722536 0.165880 -0.555143 -0.468085 0.667231
10011.999880000 2.281476 -0.974809 0.731215 0.165891 -0.556233 -0.466942 0.667121
10012.033213000 2.281160 -0.968956 0.741132 0.167130 -0.556847 -0.466092 0.666894
10012.066546000 2.287586 -0.964945 0.749409 0.168306 -0.557786 -0.465346 0.666334
10012.099879000 2.294826 -0.960033 0.758256 0.169905 -0.558942 -0.464337 0.665663
10012.133212000 2.305029 -0.953869 0.764686 0.171348 -0.559947 -0.463092 0.665316
10012.166545000 2.311747 -0.945389 0.773206 0.173357 -0.560971 -0.461412 0.665100
10012.199878000 2.313525 -0.936396 0.783346 0.175787 -0.561947 -0.459751 0.664789
10012.233211000 2.321469 -0.926991 0.789885 0.178118 -0.562696 -0.458049 0.664709
10012.266544000 2.335866 -0.918143 0.792415 0.180021 -0.563299 -0.456291 0.664895
10012.299877000 2.345345 -0.907267 0.795573 0.182465 -0.563501 -0.454627 0.665197
10012.333210000 2.367737 -0.884759 0.797344 0.187259 -0.563286 -0.451362 0.666269
10012.366543000 2.381102 -0.873276 0.794865 0.189545 -0.562713 -0.449825 0.667146
10012.399876000 2.397293 -0.863242 0.791604 0.191874 -0.562085 -0.448683 0.667779
10012.433209000 2.411611 -0.852167 0.784977 0.193956 -0.560867 -0.447850 0.668760
10012.466542000 2.424542 -0.843895 0.776161 0.194584 -0.559969 -0.446117 0.670486
10012.499875000 2.441522 -0.830986 0.767180 0.196530 -0.558589 -0.444670 0.672028
10012.533208000 2.454773 -0.820448 0.759424 0.198412 -0.557125 -0.444109 0.673061
10012.566541000 2.471251 -0.808513 0.750440 0.200386 -0.555662 -0.443034 0.674393
10012.599874000 2.486669 -0.797105 0.741576 0.202188 -0.554158 -0.442264 0.675597
10012.633207000 2.500921 -0.785141 0.732095 0.203985 -0.552472 -0.441543 0.676908
10012.666540000 2.529743 -0.761583 0.716690 0.207594 -0.549924 -0.439418 0.679265
10012.699873000 2.541929 -0.751530 0.710251 0.209310 -0.548658 -0.439008 0.680027
10012.733206000 2.553754 -0.742593 0.704287 0.210995 -0.547538 -0.438728 0.680588
10012.766539000 2.569614 -0.733244 0.695505 0.212047 -0.546522 -0.437858 0.681639
10012.799872000 2.573762 -0.725188 0.692773 0.213849 -0.545433 -0.438017 0.681845
10012.833205000 2.586846 -0.717137 0.684545 0.214989 -0.544260 -0.437637 0.682668
10012.866538000 2.587152 -0.711806 0.676222 0.214993 -0.543184 -0.436977 0.683945
10012.899871000 2.599805 -0.701201 0.671302 0.217338 -0.541949 -0.437215 0.684031
10012.933204000 2.602521 -0.694006 0.666183 0.218283 -0.540869 -0.437034 0.684700
10012.966537000 2.601693 -0.685888 0.660251 0.219079 -0.539571 -0.436823 0.685604
10012.999870000 2.595038 -0.673261 0.647766 0.219823 -0.536965 -0.436781 0.687436
10013.033203000 2.588675 -0.667326 0.641402 0.220030 -0.535543 -0.436893 0.688407
10013.066536000 2.580589 -0.662661 0.634363 0.219941 -0.534051 -0.437201 0.689399
10013.099869000 2.570988 -0.657740 0.628120 0.219916 -0.532592 -0.437631 0.690262
10013.133202000 2.559847 -0.653763 0.621278 0.219649 -0.531033 -0.438091 0.691255
10013.166535000 2.549033 -0.659839 0.619751 0.219303 -0.530264 -0.440344 0.690524
10013.199868000 2.535952 -0.656097 0.613749 0.218951 -0.528721 -0.440987 0.691408
10013.233201000 2.522437 -0.652651 0.610821 0.218548 -0.527669 -0.441217 0.692192
10013.266534000 2.508369 -0.648597 0.607067 0.218371 -0.526324 -0.441698 0.692965
10013.299867000 2.492819 -0.645938 0.605631 0.217858 -0.525424 -0.442044 0.693588
10013.333200000 2.462565 -0.638339 0.607054 0.217682 -0.523855 -0.442508 0.694533
10013.366533000 2.448135 -0.634651 0.609923 0.217698 -0.523428 -0.442565 0.694815
10013.399866000 2.433876 -0.630841 0.614992 0.217860 -0.523270 -0.442577 0.694875
10013.433199000 2.420987 -0.628055 0.620953 0.218045 -0.523300 -0.442561 0.694804
10013.466532000 2.408026 -0.624798 0.627947 0.218179 -0.523524 -0.442350 0.694727
10013.499865000 2.397538 -0.621786 0.636839 0.218567 -0.524116 -0.441910 0.694440
10013.533198000 2.384282 -0.618884 0.649577 0.219510 -0.524919 -0.441772 0.693624
10013.566531000 2.381659 -0.617545 0.656688 0.219721 -0.525826 -0.441345 0.693141
10013.599864000 2.375672 -0.615970 0.668362 0.220322 -0.527106 -0.440764 0.692347
10013.633197000 2.373128 -0.614470 0.680670 0.220974 -0.528692 -0.439934 0.691457
10013.666530000 2.375860 -0.613560 0.707168 0.222908 -0.532367 -0.438403 0.688985
10013.699863000 2.381438 -0.614591 0.721065 0.223711 -0.534639 -0.437403 0.687600
10013.733196000 2.388883 -0.615494 0.735234 0.224681 -0.536984 -0.436271 0.686173
10013.766529000 2.398328 -0.615995 0.749395 0.225774 -0.539379 -0.435067 0.684699
10013.799862000 2.408864 -0.616758 0.762577 0.226871 -0.541668 -0.433898 0.683270
10013.833195000 2.421232 -0.617145 0.775210 0.228140 -0.543763 -0.432842 0.681852
10013.866528000 2.433408 -0.616677 0.787803 0.229355 -0.545934 -0.431547 0.680529
10013.899861000 2.446496 -0.615837 0.800022 0.230701 -0.547961 -0.430257 0.679261
10013.933194000 2.461294 -0.614396 0.810679 0.232062 -0.549790 -0.428938 0.678152
10013.966527000 2.477928 -0.611502 0.816775 0.232850 -0.551237 -0.427428 0.677661
10013.999860000 2.500719 -0.601412 0.830151 0.235874 -0.553073 -0.424951 0.676676
10014.033193000 2.509667 -0.594374 0.834740 0.237395 -0.553489 -0.423844 0.676498
10014.066526000 2.514496 -0.591481 0.834765 0.237895 -0.553624 -0.422987 0.676748
10014.099859000 2.523062 -0.584762 0.837032 0.239394 -0.553701 -0.422184 0.676658
10014.133192000 2.531404 -0.578925 0.837291 0.240517 -0.553553 -0.421524 0.676792
10014.166525000 2.538930 -0.573565 0.835697 0.241443 -0.553216 -0.420948 0.677097
10014.199858000 2.547238 -0.570511 0.833041 0.242109 -0.552851 -0.420778 0.677263
10014.233191000 2.555145 -0.569570 0.829473 0.242526 -0.552449 -0.420860 0.677391
10014.266524000 2.563264 -0.571047 0.825219 0.242544 -0.552153 -0.421157 0.677441
10014.299857000 2.571900 -0.576123 0.820787 0.241807 -0.552212 -0.421263 0.677590
10014.333190000 2.591634 -0.598371 0.807966 0.239044 -0.552459 -0.423478 0.676988
10014.366523000 2.602445 -0.613300 0.801997 0.237136 -0.552879 -0.424752 0.676518
10014.399856000 2.610971 -0.632632 0.793969 0.234482 -0.553334 -0.426407 0.676030
10014.433189000 2.621879 -0.656923 0.787624 0.231215 -0.554289 -0.428622 0.674971
10014.466522000 2.632092 -0.683454 0.781299 0.227682 -0.555438 -0.430976 0.673728
10014.499855000 2.641465 -0.710585 0.775561 0.223926 -0.556724 -0.432727 0.672802
10014.533188000 2.647739 -0.738895 0.771395 0.220336 -0.558062 -0.435194 0.671286
10014.566521000 2.653520 -0.768332 0.768011 0.216577 -0.559538 -0.437643 0.669687
10014.599854000 2.656464 -0.796454 0.766458 0.212965 -0.561068 -0.439739 0.668191
10014.633187000 2.661638 -0.823093 0.763280 0.209145 -0.562631 -0.441167 0.667141
10014.666520000 2.653137 -0.874771 0.770384 0.202375 -0.566307 -0.445123 0.663480
10014.699853000 2.647423 -0.895316 0.773781 0.199195 -0.568077 -0.446239 0.662179
10014.733186000 2.636478 -0.915140 0.782398 0.196555 -0.570154 -0.447381 0.660409
10014.766519000 2.622578 -0.933750 0.792971 0.193882 -0.572243 -0.448553 0.658595
10014.799852000 2.606979 -0.953125 0.804912 0.191238 -0.574594 -0.449850 0.656434
10014.833185000 2.592157 -0.970148 0.817870 0.188786 -0.576927 -0.450908 0.654368
10014.866518000 2.576209 -0.986227 0.832299 0.186542 -0.579293 -0.451879 0.652248
10014.899851000 2.561283 -1.003092 0.846709 0.184048 -0.581858 -0.452766 0.650054
10014.933184000 2.546837 -1.018169 0.861721 0.181901 -0.584264 -0.453744 0.647815
10014.966517000 2.534882 -1.035155 0.877447 0.179627 -0.586882 -0.454643 0.645449
10014.999850000 2.516246 -1.070413 0.907228 0.174908 -0.592184 -0.456804 0.640356
10015.033183000 2.509798 -1.088994 0.921444 0.172524 -0.594752 -0.457849 0.637871
10015.066516000 2.505465 -1.105620 0.935424 0.170498 -0.597196 -0.458621 0.635574
10015.099849000 2.503391 -1.124006 0.948513 0.168318 -0.599676 -0.459525 0.633163
10015.133182000 2.501516 -1.142314 0.961344 0.166268 -0.602134 -0.460337 0.630776
10015.166515000 2.500235 -1.158917 0.971914 0.164411 -0.604178 -0.461117 0.628737
10015.199848000 2.496427 -1.174995 0.984406 0.162660 -0.606381 -0.461861 0.626521
10015.233181000 2.494292 -1.191153 0.994714 0.160988 -0.608575 -0.462437 0.624397
10015.266514000 2.490887 -1.206831 1.003058 0.159315 -0.610513 -0.463042 0.622483
10015.299847000 2.486331 -1.219717 1.010825 0.157990 -0.612318 -0.463451 0.620741
10015.333180000 2.469990 -1.242761 1.023694 0.155820 -0.615835 -0.464121 0.617300
10015.366513000 2.458643 -1.251745 1.028283 0.154942 -0.617374 -0.464087 0.616007
10015.399846000 2.445286 -1.259648 1.031680 0.154031 -0.618811 -0.464235 0.614681
10015.433179000 2.428626 -1.265184 1.034326 0.153449 -0.620102 -0.464182 0.613565
10015.466512000 2.409539 -1.269423 1.036200 0.152956 -0.621232 -0.464102 0.612604
10015.499845000 2.390510 -1.274133 1.037926 0.152232 -0.622400 -0.464252 0.611485
10015.533178000 2.370828 -1.277405 1.038011 0.151713 -0.623305 -0.464407 0.610574
10015.566511000 2.349675 -1.279798 1.037281 0.151032 -0.624027 -0.464724 0.609763
10015.599844000 2.328578 -1.281624 1.037237 0.150335 -0.624714 -0.465002 0.609020
10015.633177000 2.306882 -1.281685 1.036189 0.149678 -0.625122 -0.465334 0.608509
10015.666510000 2.262527 -1.281887 1.034225 0.147985 -0.625537 -0.466668 0.607474
10015.699843000 2.240117 -1.281234 1.033471 0.146837 -0.625504 -0.467560 0.607101
10015.733176000 2.219366 -1.280501 1.032005 0.145721 -0.625237 -0.468580 0.606858
10015.766509000 2.197827 -1.277802 1.030269 0.144629 -0.624761 -0.469495 0.606902
10015.799842000 2.176088 -1.275272 1.027556 0.143456 -0.624014 -0.470740 0.606985
10015.833175000 2.154772 -1.273125 1.025376 0.142032 -0.623236 -0.472085 0.607075
10015.866508000 2.134473 -1.271384 1.022921 0.140725 -0.622416 -0.473451 0.607157
10015.899841000 2.115226 -1.266896 1.017615 0.139608 -0.620991 -0.474879 0.607758
10015.933174000 2.097174 -1.264292 1.012846 0.138287 -0.619706 -0.476313 0.608249
10015.966507000 2.080179 -1.261541 1.005017 0.136922 -0.617939 -0.477964 0.609060
10015.999840000 2.049760 -1.253473 0.986674 0.134727 -0.613885 -0.480897 0.611336
10016.033173000 2.035323 -1.250815 0.976050 0.133461 -0.611730 -0.482483 0.612523
10016.066506000 2.023078 -1.248627 0.964309 0.132207 -0.609454 -0.484084 0.613800
10016.099839000 2.010999 -1.246363 0.951951 0.131126 -0.607121 -0.485671 0.615088
10016.133172000 2.001224 -1.244302 0.938937 0.130199 -0.604699 -0.487184 0.616473
10016.166505000 1.990775 -1.243545 0.927467 0.129116 -0.602585 -0.488773 0.617512
10016.199838000 1.981453 -1.243661 0.914211 0.127929 -0.600336 -0.490331 0.618713
10016.233171000 1.974177 -1.245361 0.900905 0.126609 -0.598066 -0.492059 0.619811
10016.266504000 1.966806 -1.248925 0.888245 0.125120 -0.596065 -0.493750 0.620694
10016.299837000 1.959346 -1.254320 0.875999 0.123455 -0.594241 -0.495648 0.621264
10016.333170000 1.946241 -1.273499 0.855512 0.118878 -0.591475 -0.499887 0.621401
10016.366503000 1.940634 -1.286139 0.846617 0.116523 -0.590586 -0.502060 0.620941
10016.399836000 1.935836 -1.300674 0.841034 0.113919 -0.590242 -0.504160 0.620048
10016.433169000 1.929762 -1.315716 0.835405 0.111178 -0.589899 -0.506367 0.619072
10016.466502000 1.924740 -1.332340 0.832206 0.108411 -0.590024 -0.508493 0.617699
10016.499835000 1.921266 -1.348113 0.830476 0.106117 -0.590368 -0.510407 0.616190
10016.533168000 1.915656 -1.363730 0.829178 0.103629 -0.590734 -0.512355 0.614644
10016.566501000 1.911791 -1.379514 0.831804 0.101370 -0.591786 -0.513859 0.612750
10016.599834000 1.907544 -1.393765 0.835060 0.099240 -0.592757 -0.515348 0.610907
10016.633167000 1.903493 -1.407317 0.839890 0.097387 -0.594052 -0.516573 0.608909
10016.666500000 1.894416 -1.429328 0.859456 0.094541 -0.597986 -0.517868 0.604390
10016.699833000 1.890663 -1.436514 0.869805 0.093644 -0.599911 -0.518045 0.602467
10016.733166000 1.885344 -1.443515 0.883677 0.092683 -0.602224 -0.518217 0.600157
10016.766499000 1.880042 -1.448697 0.897918 0.092049 -0.604632 -0.518019 0.597999
10016.799832000 1.875420 -1.451927 0.911109 0.091659 -0.606801 -0.517710 0.596127
10016.833165000 1.868978 -1.454049 0.926301 0.091359 -0.609241 -0.517331 0.594010
10016.866498000 1.861418 -1.457550 0.940867 0.090695 -0.611606 -0.517141 0.591843
10016.899831000 1.854489 -1.458488 0.953037 0.090257 -0.613501 -0.516792 0.590251
10016.933164000 1.844429 -1.460842 0.966039 0.089418 -0.615540 -0.516769 0.588273
10016.966497000 1.834185 -1.463940 0.976747 0.088479 -0.617351 -0.516917 0.586384
10016.999830000 1.808148 -1.471411 0.995109 0.085700 -0.620236 -0.518231 0.582580
10017.033163000 1.793763 -1.474874 0.999359 0.084114 -0.620924 -0.519310 0.581116
10017.066496000 1.779037 -1.479596 1.001823 0.082307 -0.621326 -0.520721 0.579680
10017.099829000 1.762065 -1.484887 1.003840 0.080112 -0.621542 -0.522502 0.578151
10017.133162000 1.744200 -1.490481 1.004477 0.077821 -0.621635 -0.524395 0.576648
10017.166495000 1.726685 -1.496478 1.004757 0.075315 -0.621569 -0.526394 0.575230
10017.199828000 1.709320 -1.501452 1.004401 0.073077 -0.621338 -0.528506 0.573829
10017.233161000 1.689331 -1.507367 1.003349 0.070317 -0.620984 -0.530893 0.572352
10017.266494000 1.671982 -1.512345 1.001346 0.067782 -0.620339 -0.533193 0.571218
10017.299827000 1.654520 -1.516735 1.000195 0.065440 -0.619828 -0.535429 0.569954
10017.333160000 1.619838 -1.525933 0.998651 0.060408 -0.618765 -0.539975 0.567369
10017.366493000 1.604118 -1.528767 0.997621 0.058187 -0.618072 -0.542026 0.566401
10017.399826000 1.589491 -1.531476 0.996730 0.056152 -0.617379 -0.544111 0.565361
10017.433159000 1.575001 -1.534124 0.996623 0.054133 -0.616875 -0.545981 0.564305
10017.466492000 1.561584 -1.537377 0.996969 0.052177 -0.616620 -0.547626 0.563172
10017.499825000 1.547628 -1.540144 0.998216 0.050253 -0.616335 -0.549419 0.561912
10017.533158000 1.535945 -1.543398 0.998900 0.048644 -0.616283 -0.550815 0.560743
10017.566491000 1.523996 -1.547428 1.000612 0.046953 -0.616563 -0.552112 0.559302
10017.599824000 1.512614 -1.552344 1.002681 0.045399 -0.617093 -0.553314 0.557655
10017.633157000 1.501901 -1.557512 1.005309 0.043973 -0.617869 -0.554341 0.555887
10017.666490000 1.480701 -1.573640 1.013512 0.040992 -0.621044 -0.556052 0.550844
10017.699823000 1.470665 -1.582345 1.017451 0.039702 -0.622862 -0.556630 0.548297
10017.733156000 1.459628 -1.594095 1.022319 0.037901 -0.625103 -0.557405 0.545077
10017.766489000 1.450257 -1.604535 1.028643 0.036636 -0.627789 -0.557642 0.541824
10017.799822000 1.440778 -1.615643 1.033871 0.035333 -0.630442 -0.557915 0.538540
10017.833155000 1.431811 -1.627630 1.040569 0.033884 -0.633264 -0.558120 0.535099
10017.866488000 1.421553 -1.639009 1.047342 0.032540 -0.636221 -0.558315 0.531459
10017.899821000 1.411931 -1.650404 1.053551 0.030976 -0.638920 -0.558455 0.528157
10017.933154000 1.402766 -1.661688 1.059536 0.029474 -0.641461 -0.558787 0.524800
10017.966487000 1.393505 -1.672288 1.066828 0.028068 -0.644121 -0.559053 0.521325
10017.999820000 1.375335 -1.690632 1.080825 0.025203 -0.648706 -0.559785 0.514963
10018.033153000 1.366968 -1.698680 1.088033 0.023776 -0.650591 -0.560287 0.512098
10018.066486000 1.357346 -1.706437 1.094837 0.022186 -0.652243 -0.561079 0.509193
10018.099819000 1.349509 -1.713566 1.101080 0.020750 -0.653639 -0.561766 0.506700
10018.133152000 1.342179 -1.721374 1.106143 0.019047 -0.654546 -0.562795 0.504450
10018.166485000 1.335050 -1.730009 1.111577 0.017321 -0.655540 -0.563831 0.502057
10018.199818000 1.329570 -1.738759 1.118196 -0.015866 0.656776 0.564581 -0.499641
10018.233151000 1.324987 -1.748738 1.122306 -0.014174 0.657433 0.565699 -0.497560
10018.266484000 1.321566 -1.760018 1.127677 -0.012671 0.658346 0.566666 -0.495288
10018.299817000 1.318897 -1.773430 1.131808 -0.010947 0.659098 0.567835 -0.492984
10018.333150000 1.320270 -1.805623 1.140031 -0.007833 0.660891 0.569659 -0.488519
10018.366483000 1.322588 -1.824971 1.144141 -0.006249 0.661915 0.570580 -0.486075
10018.399816000 1.326992 -1.844816 1.148630 -0.005005 0.663034 0.571275 -0.483741
10018.433149000 1.332065 -1.867232 1.152556 -0.003552 0.664218 0.571985 -0.481285
10018.466482000 1.339667 -1.889061 1.155678 -0.002521 0.665253 0.572453 -0.479302
10018.499815000 1.347535 -1.912215 1.160732 -0.001414 0.666628 0.572759 -0.477024
10018.533148000 1.356003 -1.935512 1.165284 -0.000488 0.668048 0.572974 -0.474776
10018.566481000 1.366734 -1.958171 1.171224 0.000051 0.669559 0.572879 -0.472758
10018.599814000 1.376758 -1.980638 1.177410 0.000679 0.671182 0.572618 -0.470768
10018.633147000 1.388106 -2.002254 1.184374 0.001023 0.672901 0.572161 -0.468865
10018.666480000 1.410070 -2.041529 1.200940 0.001544 0.676358 0.570976 -0.465322
10018.699813000 1.421636 -2.058109 1.211059 0.001407 0.678446 0.569842 -0.463669
10018.733146000 1.431584 -2.074825 1.221434 0.001544 0.680371 0.568910 -0.461990
10018.766479000 1.441651 -2.090122 1.232238 0.001549 0.682335 0.567875 -0.460365
10018.799812000 1.450188 -2.104135 1.242112 0.001634 0.684099 0.566969 -0.458859
10018.833145000 1.457077 -2.117227 1.253576 0.001891 0.686042 0.565980 -0.457176
10018.866478000 1.462181 -2.130439 1.264233 0.002254 0.687845 0.565266 -0.455344
10018.899811000 1.464373 -2.142208 1.275401 0.002781 0.689556 0.564790 -0.453340
10018.933144000 1.464689 -2.153254 1.285758 0.003404 0.691229 0.564365 -0.451312
10018.966477000 1.462014 -2.163848 1.295303 0.004321 0.692747 0.564272 -0.449087
10018.999810000 1.447080 -2.185194 1.311732 0.007072 0.695309 0.565240 -0.443846
10019.033143000 1.433073 -2.195478 1.318115 0.009286 0.696240 0.566357 -0.440912
10019.066476000 1.419480 -2.205708 1.323165 0.011354 0.697001 0.567649 -0.437991
10019.099809000 1.402524 -2.213638 1.327425 0.013627 0.697584 0.569230 -0.434934
10019.133142000 1.383391 -2.223083 1.329885 0.016196 0.697897 0.571224 -0.431718
10019.166475000 1.363917 -2.229703 1.330985 0.018648 0.697988 0.573233 -0.428799
10019.199808000 1.343601 -2.235127 1.330487 0.021090 0.697810 0.575438 -0.426013
10019.233141000 1.323654 -2.238181 1.329485 0.023344 0.697541 0.577541 -0.423483
10019.266474000 1.304562 -2.239318 1.327084 0.025308 0.697071 0.579657 -0.421247
10019.299807000 1.285928 -2.238110 1.322735 0.027230 0.696260 0.581793 -0.419520
10019.333140000 1.253708 -2.226875 1.310087 0.030013 0.694015 0.585533 -0.417844
10019.366473000 1.240934 -2.218619 1.301598 0.030921 0.692535 0.587201 -0.417893
10019.399806000 1.230457 -2.206162 1.292439 0.031242 0.690947 0.588550 -0.418599
10019.433139000 1.221760 -2.192004 1.282968 0.031207 0.689296 0.589704 -0.419698
10019.466472000 1.214999 -2.177508 1.271194 0.031183 0.687228 0.590852 -0.421474
10019.499805000 1.210548 -2.162239 1.259112 0.030913 0.685089 0.591750 -0.423710
10019.533138000 1.207280 -2.145731 1.248274 0.030321 0.683140 0.592331 -0.426080
10019.566471000 1.205199 -2.128545 1.237290 0.029586 0.681149 0.592771 -0.428699
10019.599804000 1.206809 -2.112554 1.225116 0.028582 0.678939 0.593014 -0.431926
10019.633137000 1.208776 -2.097009 1.213194 0.027741 0.676733 0.593125 -0.435276
10019.666470000 1.217758 -2.066642 1.193420 0.024883 0.673100 0.592549 -0.441818
10019.699803000 1.225193 -2.053569 1.184568 0.023369 0.671487 0.591888 -0.445227
10019.733136000 1.233445 -2.041522 1.177316 0.021641 0.670192 0.591059 -0.448357
10019.766469000 1.240675 -2.030425 1.171151 0.020146 0.669064 0.590235 -0.451187
10019.799802000 1.250269 -2.019828 1.165208 0.018223 0.668022 0.589232 -0.454115
10019.833135000 1.258816 -2.010235 1.160080 0.016511 0.667130 0.588307 -0.456684
10019.866468000 1.266164 -2.002026 1.155335 0.015185 0.666273 0.587490 -0.459026
10019.899801000 1.271915 -1.994136 1.151208 0.013960 0.665520 0.586833 -0.460993
10019.933134000 1.276664 -1.986714 1.146601 0.012910 0.664653 0.586338 -0.462901
10019.966467000 1.279297 -1.980738 1.143229 0.012214 0.664003 0.586024 -0.464249
10019.999800000 1.275966 -1.970187 1.136145 0.011882 0.662548 0.586502 -0.465730
10020.033133000 1.271274 -1.965405 1.133031 0.011997 0.661859 0.587038 -0.466031
10020.066466000 1.264518 -1.960315 1.129679 0.012318 0.661069 0.587822 -0.466155
10020.099799000 1.256498 -1.956032 1.126011 0.012831 0.660233 0.588853 -0.466026
10020.133132000 1.246406 -1.951443 1.122175 0.013506 0.659337 0.590120 -0.465673
10020.166465000 1.234151 -1.947573 1.118202 0.014587 0.658355 0.591693 -0.465033
10020.199798000 1.220606 -1.943833 1.114392 0.015872 0.657358 0.593363 -0.464273
10020.233131000 1.207841 -1.939295 1.110017 0.016911 0.656275 0.595044 -0.463616
10020.266464000 1.192909 -1.934558 1.105150 0.018346 0.655008 0.596980 -0.462864
10020.299797000 1.176699 -1.930160 1.100338 0.020008 0.653708 0.599102 -0.461891
10020.333130000 1.146376 -1.920270 1.089106 0.023085 0.650761 0.603266 -0.460487
10020.366463000 1.131242 -1.914854 1.083101 0.024607 0.649166 0.605378 -0.459886
10020.399796000 1.116554 -1.908354 1.076850 0.025989 0.647491 0.607414 -0.459488
10020.433129000 1.102084 -1.901887 1.070529 0.027332 0.645790 0.609475 -0.459073
10020.466462000 1.089410 -1.894651 1.064199 0.028403 0.644078 0.611256 -0.459046
10020.499795000 1.076388 -1.887605 1.057552 0.029653 0.642251 0.613123 -0.459037
10020.533128000 1.064691 -1.880065 1.051154 0.030569 0.640496 0.614843 -0.459128
10020.566461000 1.055752 -1.872661 1.045134 0.031148 0.638885 0.616218 -0.459491
10020.599794000 1.046837 -1.865062 1.039105 0.031765 0.637221 0.617529 -0.459998
10020.633127000 1.039059 -1.857309 1.032707 0.032263 0.635494 0.618760 -0.460697
10020.666460000 1.029445 -1.842238 1.021058 0.032593 0.632369 0.620242 -0.462975
10020.699793000 1.026753 -1.834656 1.015568 0.032493 0.630917 0.620751 -0.464279
10020.733126000 1.026183 -1.827870 1.009479 0.032262 0.629417 0.621027 -0.465960
10020.766459000 1.026409 -1.820748 1.003463 0.032005 0.627945 0.621152 -0.467794
10020.799792000 1.027464 -1.812842 0.997119 0.031557 0.626363 0.621108 -0.469999
10020.833125000 1.029769 -1.805525 0.991865 0.030962 0.625074 0.620839 -0.472105
10020.866458000 1.032444 -1.797200 0.985774 0.030276 0.623569 0.620499 -0.474580
10020.899791000 1.036374 -1.789353 0.980036 0.029467 0.622187 0.619945 -0.477161
10020.933124000 1.040969 -1.780115 0.974196 0.028368 0.620759 0.619269 -0.479958
10020.966457000 1.045760 -1.771164 0.967700 0.027375 0.619168 0.618572 -0.482960
10020.999790000 1.054143 -1.749644 0.956411 0.025041 0.616182 0.616871 -0.489043
10021.033123000 1.057882 -1.738400 0.949794 0.023912 0.614420 0.616131 -0.492239
10021.066456000 1.062797 -1.727001 0.942731 0.022619 0.612604 0.615236 -0.495670
10021.099789000 1.067587 -1.716618 0.936009 0.021460 0.610859 0.614359 -0.498953
10021.133122000 1.072883 -1.705787 0.928483 -0.020095 -0.608986 -0.613507 0.502336
10021.166455000 1.077808 -1.694957 0.922631 -0.018716 -0.607423 -0.612487 0.505517
10021.199788000 1.083642 -1.685470 0.916932 -0.017245 -0.606006 -0.611467 0.508495
10021.233121000 1.090187 -1.675663 0.910825 -0.015721 -0.604474 -0.610344 0.511708
10021.266454000 1.096094 -1.667532 0.904599 -0.014398 -0.602986 -0.609412 0.514603
10021.299787000 1.104030 -1.661174 0.898744 -0.012950 -0.601757 -0.608309 0.517379
10021.333120000 1.119181 -1.652245 0.888723 -0.010358 -0.599779 -0.606393 0.521962
10021.366453000 1.128437 -1.650079 0.883971 -0.009049 -0.599063 -0.605385 0.523976
10021.399786000 1.137927 -1.651088 0.879845 -0.008072 -0.598636 -0.604487 0.525513
10021.433119000 1.149046 -1.653847 0.875933 -0.006969 -0.598404 -0.603578 0.526837
10021.466452000 1.160312 -1.658917 0.872303 -0.006081 -0.598345 -0.602860 0.527737
10021.499785000 1.172427 -1.667594 0.868715 -0.005481 -0.598515 -0.602261 0.528234
10021.533118000 1.185615 -1.678981 0.866147 -0.004941 -0.599051 -0.601685 0.528288
10021.566451000 1.200163 -1.693652 0.863549 -0.004549 -0.599767 -0.601215 0.528014
10021.599784000 1.216064 -1.711725 0.862762 -0.004206 -0.601045 -0.600708 0.527140
