10000.000000000 0.000000 0.000000 0.000000 0.000000 0.000000 0.000000 1.000000
10000.033333000 0.010508 0.003315 -0.001797 0.002258 -0.004479 -0.001613 0.999986
10000.066666000 0.020439 0.007267 -0.002840 0.004200 -0.008945 -0.003746 0.999944
10000.099999000 0.031231 0.010548 -0.003225 0.005923 -0.013631 -0.005883 0.999872
10000.133332000 0.041791 0.013722 -0.003841 0.007382 -0.018285 -0.008593 0.999769
10000.166665000 0.051307 0.016549 -0.004067 0.008737 -0.022506 -0.011073 0.999647
10000.199998000 0.062128 0.019872 -0.004463 0.010037 -0.027243 -0.014310 0.999476
10000.233331000 0.071866 0.022100 -0.004149 0.010919 -0.031480 -0.017256 0.999296
10000.266664000 0.081151 0.025717 -0.003744 0.012131 -0.035646 -0.020710 0.999076
10000.299997000 0.089913 0.027510 -0.003605 0.012615 -0.039442 -0.023440 0.998867
10000.333330000 0.109656 0.032159 -0.002958 0.014075 -0.048109 -0.030575 0.998275
10000.366663000 0.118569 0.033729 -0.002642 0.014566 -0.051879 -0.033279 0.997992
10000.399996000 0.126452 0.037084 -0.002372 0.015736 -0.055358 -0.036295 0.997683
10000.433329000 0.135269 0.039637 -0.001870 0.016820 -0.059030 -0.038826 0.997359
10000.466662000 0.143890 0.041552 -0.002244 0.017758 -0.062660 -0.041437 0.997016
10000.499995000 0.152617 0.044634 -0.002436 0.019283 -0.066283 -0.043344 0.996672
10000.533328000 0.161197 0.047285 -0.002885 0.020677 -0.069851 -0.045225 0.996317
10000.566661000 0.169714 0.050152 -0.003148 0.022364 -0.073367 -0.046537 0.995968
10000.599994000 0.178326 0.053718 -0.004059 0.024325 -0.076959 -0.047810 0.995590
10000.633327000 0.186635 0.056241 -0.005857 0.026393 -0.080275 -0.048444 0.995245
10000.666660000 0.202743 0.064283 -0.008313 0.032079 -0.087031 -0.047963 0.994533
10000.699993000 0.210789 0.067864 -0.010753 0.034985 -0.090327 -0.047409 0.994168
10000.733326000 0.218906 0.071431 -0.013160 0.038421 -0.093647 -0.046790 0.993763
10000.766659000 0.226833 0.075551 -0.014728 0.042414 -0.096977 -0.046034 0.993316
10000.799992000 0.235121 0.079215 -0.017021 0.046272 -0.100352 -0.045843 0.992818
10000.833325000 0.243267 0.082456 -0.018041 0.050396 -0.103827 -0.046177 0.992244
10000.866658000 0.252073 0.085098 -0.018158 0.054976 -0.107426 -0.046972 0.991580
10000.899991000 0.260579 0.086822 -0.018287 0.059377 -0.110765 -0.049249 0.990848
10000.933324000 0.269809 0.088263 -0.016449 0.064262 -0.114453 -0.052499 0.989957
10000.966657000 0.279859 0.089232 -0.014142 0.068901 -0.118559 -0.056966 0.988914
10000.999990000 0.300741 0.087502 -0.005050 0.079141 -0.126290 -0.070672 0.986303
10001.033323000 0.310658 0.084716 0.000752 0.083862 -0.129903 -0.079873 0.984740
10001.066656000 0.322178 0.082014 0.007544 0.088839 -0.134163 -0.089533 0.982900
10001.099989000 0.333755 0.078479 0.014753 0.093726 -0.138522 -0.099869 0.980843
10001.133322000 0.345311 0.073616 0.021915 0.097826 -0.143074 -0.110424 0.978656
10001.166655000 0.357284 0.068950 0.028200 0.101664 -0.147931 -0.121220 0.976262
10001.199988000 0.367965 0.064358 0.035420 0.105497 -0.152797 -0.131263 0.973804
10001.233321000 0.378840 0.058552 0.040167 0.107899 -0.158348 -0.141057 0.971281
10001.266654000 0.388351 0.052669 0.043378 0.109508 -0.163793 -0.150348 0.968801
10001.299987000 0.398394 0.046794 0.044976 0.110327 -0.169910 -0.158611 0.966334
10001.333320000 0.416879 0.035246 0.042742 0.108751 -0.184390 -0.172891 0.961396
10001.366653000 0.425086 0.031010 0.038111 0.106621 -0.192548 -0.178409 0.959024
10001.399986000 0.432994 0.027048 0.031621 0.103632 -0.200807 -0.183514 0.956692
10001.433319000 0.441001 0.023033 0.024007 0.100193 -0.209696 -0.188031 0.954271
10001.466652000 0.449371 0.020923 0.014656 0.096264 -0.219063 -0.191855 0.951807
10001.499985000 0.457574 0.019540 0.005830 0.092859 -0.228226 -0.195067 0.949336
10001.533318000 0.466815 0.017293 -0.003782 0.089094 -0.237882 -0.198076 0.946700
10001.566651000 0.475792 0.015992 -0.013853 0.085215 -0.246855 -0.200398 0.944268
10001.599984000 0.486819 0.015868 -0.023647 0.082310 -0.256255 -0.202543 0.941560
10001.633317000 0.499601 0.016881 -0.032240 0.080811 -0.265447 -0.204016 0.938821
10001.666650000 0.529022 0.020529 -0.045066 0.080560 -0.282260 -0.205863 0.933520
10001.699983000 0.544632 0.023533 -0.049937 0.082189 -0.289136 -0.206520 0.931126
10001.733316000 0.562653 0.028744 -0.053657 0.085691 -0.295706 -0.206545 0.928738
10001.766649000 0.580401 0.032807 -0.056272 0.088525 -0.302014 -0.206384 0.926475
10001.799982000 0.598932 0.037617 -0.058768 0.092514 -0.307375 -0.206007 0.924404
10001.833315000 0.617937 0.043150 -0.059007 0.096864 -0.312717 -0.205745 0.922222
10001.866648000 0.636011 0.049570 -0.058890 0.102088 -0.317009 -0.204954 0.920368
10001.899981000 0.653705 0.055065 -0.058007 0.106529 -0.321568 -0.204440 0.918395
10001.933314000 0.669767 0.060974 -0.057392 0.110892 -0.325062 -0.203601 0.916834
10001.966647000 0.685025 0.066013 -0.055938 0.114830 -0.328460 -0.202931 0.915285
10001.999980000 0.710385 0.076585 -0.053168 0.122064 -0.334307 -0.201736 0.912492
10002.033313000 0.721086 0.081864 -0.051237 0.125379 -0.337302 -0.200953 0.911112
10002.066646000 0.729476 0.085547 -0.050316 0.127341 -0.339786 -0.200518 0.910012
10002.099979000 0.737398 0.089233 -0.048996 0.129040 -0.342299 -0.199948 0.908956
10002.133312000 0.744487 0.091447 -0.049168 0.130410 -0.344238 -0.199561 0.908113
10002.166645000 0.750536 0.093651 -0.049314 0.131680 -0.346342 -0.199026 0.907247
10002.199978000 0.757838 0.095810 -0.050003 0.132643 -0.348454 -0.198834 0.906339
10002.233311000 0.764719 0.097239 -0.051451 0.133163 -0.350257 -0.198804 0.905574
10002.266644000 0.772322 0.098202 -0.054294 0.133883 -0.351771 -0.198665 0.904912
10002.299977000 0.780697 0.098051 -0.058459 0.133951 -0.353269 -0.198989 0.904247
10002.333310000 0.802247 0.097527 -0.070600 0.134006 -0.355396 -0.199300 0.903336
10002.366643000 0.813997 0.094844 -0.078751 0.133225 -0.356020 -0.200110 0.903026
10002.399976000 0.827747 0.093669 -0.087130 0.133407 -0.356921 -0.200797 0.902491
10002.433309000 0.840309 0.092491 -0.097416 0.132920 -0.357089 -0.201126 0.902423
10002.466642000 0.853881 0.090502 -0.108123 0.132208 -0.357383 -0.202040 0.902207
10002.499975000 0.865999 0.087240 -0.117191 0.131033 -0.358000 -0.202789 0.901966
10002.533308000 0.876789 0.084397 -0.127358 0.129488 -0.358604 -0.203626 0.901761
10002.566641000 0.886588 0.082881 -0.137710 0.127974 -0.359082 -0.204569 0.901573
10002.599974000 0.894305 0.080748 -0.146198 0.126131 -0.359583 -0.204976 0.901541
10002.633307000 0.899958 0.077043 -0.154325 0.123347 -0.360696 -0.205797 0.901294
10002.666640000 0.898980 0.073182 -0.164218 0.117491 -0.363347 -0.207463 0.900630
10002.699973000 0.894815 0.071462 -0.166323 0.114022 -0.365089 -0.208385 0.900158
10002.733306000 0.888023 0.070489 -0.168077 0.110446 -0.366487 -0.209340 0.899814
10002.766639000 0.880040 0.069072 -0.167743 0.106948 -0.367821 -0.210268 0.899476
10002.799972000 0.870162 0.067579 -0.166673 0.104050 -0.368192 -0.211171 0.899452
10002.833305000 0.859534 0.066431 -0.164598 0.101626 -0.367947 -0.211812 0.899679
10002.866638000 0.848285 0.064552 -0.161792 0.100084 -0.366081 -0.211840 0.900606
10002.899971000 0.836769 0.062559 -0.158856 0.099660 -0.362859 -0.212052 0.901906
10002.933304000 0.825620 0.058777 -0.155221 0.100208 -0.358160 -0.211977 0.903740
10002.966637000 0.817109 0.055397 -0.152533 0.102780 -0.351299 -0.211063 0.906354
10002.999970000 0.801572 0.045239 -0.148026 0.112891 -0.330774 -0.208532 0.913432
10003.033303000 0.796920 0.038945 -0.145129 0.120310 -0.318355 -0.206934 0.917253
10003.066636000 0.792671 0.031766 -0.142581 0.128698 -0.304318 -0.205057 0.921292
10003.099969000 0.791141 0.024797 -0.141520 0.137467 -0.290238 -0.203460 0.924916
10003.133302000 0.789569 0.016760 -0.140512 0.146109 -0.275980 -0.202352 0.928192
10003.166635000 0.788079 0.010516 -0.139127 0.154879 -0.262261 -0.200841 0.931072
10003.199968000 0.787397 0.003013 -0.138169 0.162709 -0.249467 -0.200200 0.933387
10003.233301000 0.786386 -0.003309 -0.137779 0.169757 -0.237755 -0.199607 0.935314
10003.266634000 0.784907 -0.009245 -0.136958 0.176003 -0.227098 -0.198990 0.936938
10003.299967000 0.783562 -0.016158 -0.137439 0.180503 -0.218273 -0.198797 0.938219
10003.333300000 0.774517 -0.023875 -0.136417 0.187028 -0.204672 -0.198388 0.940091
10003.366633000 0.768387 -0.026915 -0.136263 0.188505 -0.199960 -0.197917 0.940910
10003.399966000 0.760369 -0.028618 -0.136800 0.189024 -0.196252 -0.197572 0.941658
10003.433299000 0.753785 -0.030353 -0.136684 0.188893 -0.193798 -0.197310 0.942247
10003.466632000 0.743733 -0.032443 -0.136123 0.187780 -0.191786 -0.196595 0.943031
10003.499965000 0.734948 -0.033472 -0.136129 0.186405 -0.190586 -0.196262 0.943616
10003.533298000 0.725386 -0.035032 -0.135074 0.184391 -0.190122 -0.196231 0.944112
10003.566631000 0.715943 -0.037889 -0.132785 0.181895 -0.190037 -0.196025 0.944656
10003.599964000 0.706515 -0.040265 -0.131239 0.179394 -0.189895 -0.195759 0.945217
10003.633297000 0.697183 -0.043578 -0.128938 0.176655 -0.189860 -0.195588 0.945776
10003.666630000 0.679122 -0.053323 -0.122423 0.171089 -0.189755 -0.195700 0.946796
10003.699963000 0.671174 -0.060015 -0.117875 0.168488 -0.189455 -0.195798 0.947302
10003.733296000 0.663583 -0.068095 -0.111700 0.165948 -0.189162 -0.195890 0.947790
10003.766629000 0.656745 -0.075212 -0.104978 0.163992 -0.188823 -0.196279 0.948118
10003.799962000 0.650118 -0.083682 -0.098991 0.161688 -0.188369 -0.196657 0.948525
10003.833295000 0.644929 -0.094351 -0.091417 0.159249 -0.188211 -0.197158 0.948865
10003.866628000 0.639486 -0.104618 -0.084182 0.156867 -0.188068 -0.198106 0.949093
10003.899961000 0.633142 -0.114873 -0.076466 0.154812 -0.187236 -0.198276 0.949559
10003.933294000 0.627834 -0.124352 -0.068957 0.152771 -0.186984 -0.199124 0.949762
10003.966627000 0.621526 -0.135463 -0.062273 0.150135 -0.186490 -0.200011 0.950093
10003.999960000 0.612915 -0.155477 -0.047669 0.145622 -0.186166 -0.200919 0.950667
10004.033293000 0.606470 -0.164960 -0.041328 0.143206 -0.185797 -0.201866 0.950906
10004.066626000 0.601660 -0.174137 -0.034374 0.140638 -0.185942 -0.202537 0.951118
10004.099959000 0.595967 -0.182519 -0.028008 0.138361 -0.185552 -0.202931 0.951444
10004.133292000 0.590845 -0.191327 -0.021680 0.135786 -0.185514 -0.203542 0.951692
10004.166625000 0.584411 -0.200389 -0.015555 0.132826 -0.185322 -0.204234 0.951999
10004.199958000 0.577970 -0.209258 -0.009557 0.129852 -0.185086 -0.204899 0.952312
10004.233291000 0.570697 -0.217427 -0.003820 0.127136 -0.184043 -0.204708 0.952921
10004.266624000 0.563475 -0.226189 0.002804 0.124085 -0.183618 -0.205315 0.953275
10004.299957000 0.555922 -0.234213 0.009000 0.121196 -0.182935 -0.205807 0.953672
10004.333290000 0.538557 -0.254768 0.020614 0.113466 -0.181002 -0.207013 0.954730
10004.366623000 0.528801 -0.264575 0.027597 0.109899 -0.179568 -0.207382 0.955338
10004.399956000 0.519239 -0.274008 0.034987 0.106407 -0.178219 -0.207712 0.955914
10004.433289000 0.509550 -0.283341 0.043344 0.102996 -0.176916 -0.208022 0.956462
10004.466622000 0.500799 -0.292856 0.050128 0.099497 -0.175844 -0.208503 0.956925
10004.499955000 0.493320 -0.302257 0.056706 0.095947 -0.174964 -0.209022 0.957336
10004.533288000 0.486015 -0.310858 0.064195 0.092792 -0.174254 -0.209527 0.957666
10004.566621000 0.481043 -0.319944 0.069369 0.089404 -0.174054 -0.210306 0.957854
10004.599954000 0.479044 -0.329006 0.075628 0.086603 -0.174734 -0.211350 0.957758
10004.633287000 0.477646 -0.337254 0.080822 0.083838 -0.175705 -0.212501 0.957571
10004.666620000 0.485117 -0.351836 0.088199 0.079692 -0.180549 -0.215819 0.956281
10004.699953000 0.492494 -0.358230 0.092331 0.078342 -0.184185 -0.217768 0.955257
10004.733286000 0.501799 -0.363586 0.095160 0.077490 -0.188316 -0.219848 0.954044
10004.766619000 0.513985 -0.369641 0.099131 0.076775 -0.193587 -0.222295 0.952478
10004.799952000 0.526054 -0.374158 0.101868 0.076429 -0.198392 -0.224414 0.951019
10004.833285000 0.540343 -0.376593 0.106578 0.077210 -0.204145 -0.226576 0.949224
10004.866618000 0.554344 -0.384347 0.112225 0.076471 -0.210264 -0.228916 0.947385
10004.899951000 0.566490 -0.387265 0.117327 0.076994 -0.215387 -0.230913 0.945706
10004.933284000 0.578120 -0.389657 0.123687 0.077832 -0.220536 -0.232799 0.943987
10004.966617000 0.589383 -0.391709 0.131183 0.078794 -0.225630 -0.234591 0.942258
10004.999950000 0.606300 -0.395684 0.150151 0.080513 -0.234624 -0.237533 0.939174
10005.033283000 0.609919 -0.397858 0.160064 0.080925 -0.237833 -0.238766 0.938018
10005.066616000 0.611285 -0.400063 0.171040 0.081157 -0.240502 -0.239761 0.937063
10005.099949000 0.612617 -0.402192 0.182964 0.081480 -0.243336 -0.240769 0.936044
10005.133282000 0.612755 -0.404207 0.195783 0.081804 -0.245974 -0.241682 0.935091
10005.166615000 0.610552 -0.407020 0.209440 0.081649 -0.248183 -0.242569 0.934291
10005.199948000 0.608985 -0.408874 0.222829 0.081868 -0.250424 -0.243412 0.933454
10005.233281000 0.607061 -0.410388 0.236978 0.082232 -0.252687 -0.244135 0.932623
10005.266614000 0.605262 -0.413153 0.250040 0.082105 -0.254967 -0.245004 0.931785
10005.299947000 0.601674 -0.415408 0.262604 0.081928 -0.256622 -0.245784 0.931141
10005.333280000 0.599396 -0.421564 0.286589 0.081299 -0.261459 -0.247818 0.929310
10005.366613000 0.598965 -0.424263 0.298247 0.081193 -0.264129 -0.248824 0.928294
10005.399946000 0.599922 -0.427630 0.308904 0.080902 -0.267111 -0.250037 0.927140
10005.433279000 0.600770 -0.431270 0.319333 0.080504 -0.270097 -0.251337 0.925957
10005.466612000 0.600554 -0.434744 0.329212 0.080027 -0.272759 -0.252485 0.924905
10005.499945000 0.600607 -0.439045 0.339110 0.079258 -0.275671 -0.253934 0.923711
10005.533278000 0.603382 -0.442216 0.349705 0.079173 -0.279304 -0.255200 0.922277
10005.566611000 0.604080 -0.445770 0.359912 0.078750 -0.282369 -0.256505 0.921016
10005.599944000 0.605547 -0.449076 0.370014 0.078547 -0.285764 -0.257757 0.919636
10005.633277000 0.606544 -0.451669 0.380927 0.078658 -0.289174 -0.258879 0.918244
10005.666610000 0.608836 -0.455973 0.404704 0.079352 -0.296501 -0.261087 0.915218
10005.699943000 0.609209 -0.458472 0.417907 0.079690 -0.300302 -0.262167 0.913639
10005.733276000 0.609655 -0.460338 0.430615 0.080289 -0.304090 -0.263056 0.912077
10005.766609000 0.608230 -0.461928 0.443886 0.080385 -0.307805 -0.263762 0.910617
10005.799942000 0.607950 -0.463529 0.456690 0.080985 -0.311459 -0.264738 0.909037
10005.833275000 0.607931 -0.465990 0.469707 0.081286 -0.315499 -0.265935 0.907266
10005.866608000 0.609121 -0.467425 0.482939 0.082121 -0.319823 -0.266885 0.905396
10005.899941000 0.610164 -0.469921 0.495410 0.082435 -0.324022 -0.268010 0.903540
10005.933274000 0.610235 -0.472659 0.506652 0.082464 -0.327765 -0.269188 0.901836
10005.966607000 0.611404 -0.476776 0.517412 0.082325 -0.331423 -0.270658 0.900070
10005.999940000 0.612989 -0.485775 0.535029 0.080451 -0.338681 -0.273465 0.896683
10006.033273000 0.615009 -0.490582 0.541788 0.079733 -0.341829 -0.275341 0.894977
10006.066606000 0.617040 -0.496359 0.548371 0.078322 -0.345023 -0.276897 0.893394
10006.099939000 0.619274 -0.502996 0.554227 0.076423 -0.348563 -0.279269 0.891444
10006.133272000 0.622747 -0.509775 0.559312 0.074650 -0.351920 -0.281070 0.889708
10006.166605000 0.625315 -0.517182 0.563534 0.072311 -0.355191 -0.283714 0.887759
10006.199938000 0.628234 -0.524978 0.567059 0.069578 -0.358405 -0.286001 0.885951
10006.233271000 0.631363 -0.533144 0.571904 0.066842 -0.362158 -0.288400 0.883855
10006.266604000 0.634130 -0.541005 0.575013 0.063651 -0.365684 -0.290524 0.881941
10006.299937000 0.636141 -0.548888 0.578299 0.060341 -0.369004 -0.292761 0.880049
10006.333270000 0.639910 -0.565205 0.585716 0.053115 -0.376289 -0.296974 0.876009
10006.366603000 0.640721 -0.573366 0.590336 0.049161 -0.380066 -0.298859 0.873966
10006.399936000 0.642010 -0.581830 0.594883 0.045213 -0.384057 -0.301244 0.871613
10006.433269000 0.643302 -0.589044 0.600483 0.042092 -0.388265 -0.303529 0.869108
10006.466602000 0.645103 -0.596780 0.604821 0.038491 -0.392227 -0.305374 0.866847
10006.499935000 0.646849 -0.603443 0.609588 0.035804 -0.395828 -0.307436 0.864593
10006.533268000 0.649213 -0.609774 0.615314 0.033955 -0.399451 -0.309495 0.862264
10006.566601000 0.651756 -0.616506 0.620567 0.032178 -0.402596 -0.311421 0.860173
10006.599934000 0.655578 -0.622365 0.625992 0.031815 -0.405751 -0.313796 0.857838
10006.633267000 0.659291 -0.628468 0.631746 0.031811 -0.408571 -0.316351 0.855558
10006.666600000 0.672524 -0.636811 0.644598 0.037092 -0.413403 -0.321417 0.851125
10006.699933000 0.680535 -0.639757 0.650279 0.041523 -0.414918 -0.324047 0.849183
10006.733266000 0.688567 -0.643788 0.656940 0.046059 -0.416410 -0.327145 0.847028
10006.766599000 0.698515 -0.647142 0.663068 0.052121 -0.417553 -0.329781 0.845090
10006.799932000 0.709068 -0.650794 0.668299 0.057535 -0.418702 -0.332997 0.842906
10006.833265000 0.720439 -0.654167 0.673407 0.063382 -0.419551 -0.335832 0.840938
10006.866598000 0.731713 -0.658280 0.677532 0.069043 -0.420044 -0.339254 0.838870
10006.899931000 0.744007 -0.662117 0.681787 0.074549 -0.421143 -0.342394 0.836569
10006.933264000 0.756845 -0.666827 0.684154 0.079296 -0.422156 -0.345901 0.834175
10006.966597000 0.768908 -0.673302 0.686814 0.082282 -0.423501 -0.349335 0.831770
10006.999930000 0.796128 -0.688380 0.688264 0.086364 -0.428367 -0.356555 0.825779
10007.033263000 0.810838 -0.697633 0.686753 0.086595 -0.431148 -0.360428 0.822620
10007.066596000 0.824642 -0.707116 0.685102 0.086085 -0.434583 -0.363374 0.819565
10007.099929000 0.837744 -0.717482 0.683765 0.084713 -0.437893 -0.366203 0.816682
10007.133262000 0.850869 -0.727876 0.681305 0.082962 -0.441638 -0.368737 0.813699
10007.166595000 0.863945 -0.738572 0.677486 0.080587 -0.444793 -0.371030 0.811173
10007.199928000 0.876953 -0.747972 0.674287 0.078555 -0.448396 -0.372502 0.808710
10007.233261000 0.888815 -0.757773 0.670844 0.075734 -0.451728 -0.373163 0.806818
10007.266594000 0.901008 -0.765745 0.666486 0.073948 -0.454364 -0.373003 0.805577
10007.299927000 0.912307 -0.773201 0.662935 0.071628 -0.457366 -0.372102 0.804504
10007.333260000 0.934754 -0.784020 0.655968 0.068905 -0.461670 -0.367860 0.804234
10007.366593000 0.943959 -0.786403 0.653535 0.068541 -0.462802 -0.364534 0.805128
10007.399926000 0.953699 -0.787504 0.650853 0.068233 -0.463990 -0.361160 0.805991
10007.433259000 0.963064 -0.788168 0.648874 0.068438 -0.465145 -0.357397 0.806984
10007.466592000 0.972098 -0.786916 0.648197 0.069750 -0.466294 -0.354119 0.807654
10007.499925000 0.980407 -0.784277 0.647270 0.071318 -0.467252 -0.351357 0.808169
10007.533258000 0.987876 -0.781442 0.647708 0.073533 -0.468146 -0.350094 0.808002
10007.566591000 0.996044 -0.776384 0.647903 0.076513 -0.469278 -0.349653 0.807259
10007.599924000 1.003601 -0.771548 0.650568 0.080494 -0.470801 -0.350994 0.805401
10007.633257000 1.010689 -0.765585 0.653310 0.084785 -0.472229 -0.354046 0.802784
10007.666590000 1.026395 -0.749689 0.662975 0.097153 -0.475655 -0.366476 0.793732
10007.699923000 1.034825 -0.741452 0.669429 0.104275 -0.477911 -0.375914 0.787030
10007.733256000 1.041754 -0.733591 0.677029 0.111920 -0.480261 -0.386762 0.779255
10007.766589000 1.048581 -0.724988 0.682380 0.119607 -0.481660 -0.398530 0.771279
10007.799922000 1.055910 -0.716310 0.690272 0.127737 -0.483784 -0.410476 0.762329
10007.833255000 1.062516 -0.708426 0.697461 0.135609 -0.485352 -0.423036 0.753050
10007.866588000 1.069115 -0.700930 0.705153 0.143570 -0.486921 -0.434642 0.743897
10007.899921000 1.074980 -0.694338 0.710321 0.150542 -0.488042 -0.445917 0.735058
10007.933254000 1.081232 -0.687125 0.716166 0.157430 -0.488719 -0.455919 0.726986
10007.966587000 1.088194 -0.681871 0.720813 0.162997 -0.489502 -0.464190 0.719963
10007.999920000 1.099376 -0.672673 0.726625 0.171188 -0.489968 -0.476133 0.709875
10008.033253000 1.105702 -0.669899 0.728658 0.173845 -0.490245 -0.479233 0.706947
10008.066586000 1.111162 -0.667893 0.728659 0.175237 -0.490188 -0.480973 0.705459
10008.099919000 1.117831 -0.666795 0.728725 0.176121 -0.490480 -0.481421 0.704730
10008.133252000 1.124321 -0.664904 0.728155 0.176848 -0.490737 -0.480281 0.705147
10008.166585000 1.131808 -0.663342 0.727358 0.177394 -0.491069 -0.478184 0.706203
10008.199918000 1.140617 -0.661887 0.724762 0.177934 -0.491073 -0.475594 0.707811
10008.233251000 1.150057 -0.659765 0.722881 0.178950 -0.491621 -0.472015 0.709568
10008.266584000 1.160307 -0.657891 0.720429 0.179910 -0.492318 -0.467998 0.711500
10008.299917000 1.172336 -0.654219 0.716792 0.181831 -0.492785 -0.463795 0.713438
10008.333250000 1.201981 -0.643548 0.712999 0.188990 -0.495239 -0.454413 0.715912
10008.366583000 1.219293 -0.635920 0.710550 0.193765 -0.496540 -0.449372 0.716915
10008.399916000 1.237186 -0.629044 0.709669 0.199316 -0.498234 -0.444921 0.716995
10008.433249000 1.255117 -0.621341 0.707709 0.204715 -0.499805 -0.440498 0.717111
10008.466582000 1.274869 -0.613808 0.706066 0.210738 -0.501374 -0.436869 0.716491
10008.499915000 1.295703 -0.606271 0.706558 0.216883 -0.503606 -0.432673 0.715638
10008.533248000 1.311324 -0.600570 0.703597 0.221888 -0.504999 -0.429715 0.714903
10008.566581000 1.330033 -0.595060 0.702646 0.227476 -0.506571 -0.427131 0.713582
10008.599914000 1.345046 -0.592688 0.701862 0.231077 -0.508354 -0.424979 0.712441
10008.633247000 1.360331 -0.591678 0.700536 0.234545 -0.510050 -0.423734 0.710835
10008.666580000 1.383206 -0.595350 0.697791 0.237915 -0.512639 -0.422376 0.708658
10008.699913000 1.392083 -0.601035 0.696210 0.237743 -0.514136 -0.422916 0.707308
10008.733246000 1.399261 -0.607314 0.693925 0.236634 -0.515030 -0.423606 0.706616
10008.766579000 1.405084 -0.616641 0.691755 0.234718 -0.516228 -0.424822 0.705650
10008.799912000 1.408851 -0.628364 0.689964 0.231970 -0.517509 -0.426666 0.704507
10008.833245000 1.411300 -0.641123 0.688778 0.228711 -0.518835 -0.428770 0.703319
10008.866578000 1.412319 -0.656183 0.686289 0.224227 -0.520012 -0.431185 0.702417
10008.899911000 1.414949 -0.671335 0.683720 0.220215 -0.520940 -0.433889 0.701333
10008.933244000 1.414943 -0.687097 0.681899 0.216060 -0.522220 -0.436608 0.699984
10008.966577000 1.416189 -0.704503 0.679081 0.211051 -0.523565 -0.439277 0.698836
10008.999910000 1.418326 -0.738892 0.673989 0.202109 -0.526046 -0.445191 0.695868
10009.033243000 1.421648 -0.756276 0.671315 0.197924 -0.527499 -0.447986 0.694176
10009.066576000 1.425050 -0.773074 0.668457 0.193578 -0.528902 -0.450169 0.692920
10009.099909000 1.429792 -0.788421 0.668735 0.190592 -0.530776 -0.452413 0.690850
10009.133242000 1.434531 -0.802875 0.671155 0.188109 -0.532814 -0.454414 0.688645
10009.166575000 1.439389 -0.817853 0.673966 0.185667 -0.535062 -0.456490 0.686187
10009.199908000 1.444673 -0.831737 0.676173 0.183469 -0.537399 -0.457830 0.684056
10009.233241000 1.450775 -0.844879 0.677350 0.181265 -0.539305 -0.459235 0.682199
10009.266574000 1.458157 -0.856251 0.680622 0.179969 -0.541642 -0.460038 0.680147
10009.299907000 1.465398 -0.867384 0.684155 0.178597 -0.543875 -0.460923 0.678125
10009.333240000 1.484368 -0.887345 0.693562 0.177053 -0.548976 -0.461448 0.674050
10009.366573000 1.494043 -0.894125 0.699321 0.177144 -0.551540 -0.461047 0.672205
10009.399906000 1.504351 -0.901001 0.706459 0.177136 -0.554262 -0.460475 0.670358
10009.433239000 1.514282 -0.906144 0.712396 0.177377 -0.556548 -0.459797 0.668864
10009.466572000 1.525047 -0.910851 0.719097 0.177737 -0.558985 -0.458868 0.667372
10009.499905000 1.537066 -0.916020 0.723690 0.177959 -0.561145 -0.457955 0.666126
10009.533238000 1.548314 -0.918849 0.728493 0.178691 -0.562941 -0.457021 0.665056
10009.566571000 1.561587 -0.921687 0.731148 0.179201 -0.564544 -0.455903 0.664326
10009.599904000 1.573040 -0.924143 0.731980 0.179664 -0.565488 -0.455228 0.663861
10009.633237000 1.585402 -0.925721 0.732721 0.180230 -0.566190 -0.454585 0.663551
10009.666570000 1.606832 -0.928646 0.726715 0.181061 -0.566013 -0.454195 0.663742
10009.699903000 1.617637 -0.929637 0.721202 0.181239 -0.565252 -0.454323 0.664254
10009.733236000 1.627904 -0.931448 0.714038 0.181355 -0.564262 -0.454718 0.664793
10009.766569000 1.638015 -0.932218 0.705086 0.181335 -0.562761 -0.455196 0.665743
10009.799902000 1.647853 -0.933609 0.695624 0.181302 -0.561316 -0.455733 0.666605
10009.833235000 1.657865 -0.935564 0.686469 0.181193 -0.560029 -0.456296 0.667331
10009.866568000 1.667517 -0.936970 0.677687 0.181144 -0.558766 -0.456696 0.668129
10009.899901000 1.676818 -0.939961 0.669073 0.180859 -0.557633 -0.457384 0.668682
10009.933234000 1.687943 -0.942664 0.660807 0.180657 -0.556703 -0.457758 0.669255
10009.966567000 1.697330 -0.945284 0.656000 0.180872 -0.556407 -0.457861 0.669373
10009.999900000 1.716890 -0.953474 0.651281 0.180898 -0.557183 -0.457797 0.668764
10010.033233000 1.728400 -0.958503 0.651478 0.181180 -0.558312 -0.457448 0.667984
10010.066566000 1.738398 -0.963526 0.654680 0.181530 -0.559896 -0.456900 0.666938
10010.099899000 1.749761 -0.968015 0.659775 0.182047 -0.561768 -0.456186 0.665711
10010.133232000 1.760778 -0.973533 0.665383 0.182479 -0.563875 -0.455448 0.664314
10010.166565000 1.771898 -0.979561 0.672155 0.182744 -0.566106 -0.454746 0.662823
10010.199898000 1.783518 -0.982968 0.679458 0.183422 -0.568173 -0.453859 0.661474
10010.233231000 1.795881 -0.987899 0.687082 0.183681 -0.570303 -0.453070 0.660109
10010.266564000 1.806560 -0.990362 0.693167 0.184187 -0.571851 -0.452382 0.659099
10010.299897000 1.818720 -0.991926 0.698605 0.184589 -0.573052 -0.451647 0.658448
10010.333230000 1.840942 -0.990818 0.703115 0.185179 -0.573684 -0.450972 0.658194
10010.366563000 1.852608 -0.989231 0.703790 0.185217 -0.573347 -0.450888 0.658535
10010.399896000 1.862825 -0.986055 0.704007 0.185340 -0.572702 -0.450847 0.659090
10010.433229000 1.874083 -0.984903 0.702998 0.184953 -0.572010 -0.450937 0.659737
10010.466562000 1.884488 -0.980955 0.701523 0.184810 -0.570815 -0.451210 0.660625
10010.499895000 1.894015 -0.978042 0.699748 0.184390 -0.569650 -0.451687 0.661421
10010.533228000 1.903753 -0.975367 0.696694 0.184021 -0.568229 -0.452340 0.662299
10010.566561000 1.911451 -0.974031 0.695376 0.183169 -0.567098 -0.453123 0.662969
10010.599894000 1.918916 -0.973432 0.693563 0.182267 -0.566037 -0.453904 0.663590
10010.633227000 1.924685 -0.971991 0.692159 0.181380 -0.564812 -0.454879 0.664209
10010.666560000 1.931172 -0.973448 0.694300 0.178966 -0.563604 -0.456737 0.664615
10010.699893000 1.933672 -0.976929 0.696076 0.177488 -0.563351 -0.457883 0.664437
10010.733226000 1.935175 -0.981149 0.699564 0.175860 -0.563425 -0.458934 0.664082
10010.766559000 1.936460 -0.986295 0.703704 0.174283 -0.563749 -0.459923 0.663539
10010.799892000 1.937671 -0.992528 0.708955 0.172504 -0.564237 -0.461178 0.662717
10010.833225000 1.937858 -0.998986 0.714045 0.170671 -0.564648 -0.462541 0.661891
10010.866558000 1.939720 -1.006995 0.721649 0.168885 -0.565778 -0.463587 0.660652
10010.899891000 1.942320 -1.015324 0.727750 0.166840 -0.566664 -0.464770 0.659579
10010.933224000 1.944737 -1.024168 0.734730 0.164859 -0.567625 -0.466001 0.658382
10010.966557000 1.949409 -1.033897 0.742072 0.162852 -0.568651 -0.467336 0.657049
10010.999890000 1.963235 -1.051325 0.756849 0.159170 -0.570745 -0.469297 0.654733
10011.033223000 1.972426 -1.059153 0.763859 0.157604 -0.571642 -0.470135 0.653727
10011.066556000 1.983376 -1.068122 0.771639 0.156096 -0.572716 -0.470975 0.652543
10011.099889000 1.995405 -1.074164 0.777793 0.155021 -0.573405 -0.471518 0.651802
10011.133222000 2.007397 -1.080474 0.784053 0.153909 -0.574116 -0.472076 0.651035
10011.166555000 2.019837 -1.085846 0.788460 0.153184 -0.574531 -0.472723 0.650371
10011.199888000 2.032992 -1.089482 0.792872 0.152666 -0.574904 -0.473017 0.649949
10011.233221000 2.045591 -1.091679 0.796194 0.152360 -0.575210 -0.472998 0.649763
10011.266554000 2.057495 -1.092384 0.798128 0.152386 -0.575220 -0.472968 0.649771
10011.299887000 2.068651 -1.090943 0.799518 0.152806 -0.575110 -0.472782 0.649904
10011.333220000 2.087752 -1.083691 0.796547 0.154210 -0.574293 -0.471755 0.651040
10011.366553000 2.096150 -1.077723 0.794226 0.155371 -0.573732 -0.471095 0.651737
10011.399886000 2.103255 -1.068706 0.790135 0.157005 -0.572917 -0.470008 0.652846
10011.433219000 2.108773 -1.059207 0.783851 0.158460 -0.571707 -0.469157 0.654166
10011.466552000 2.117068 -1.052879 0.778557 0.159723 -0.570922 -0.468250 0.655194
10011.499885000 2.121792 -1.044749 0.773212 0.161127 -0.569979 -0.467628 0.656114
10011.533218000 2.127428 -1.035989 0.766612 0.162437 -0.568776 -0.466897 0.657355
10011.566551000 2.132773 -1.026722 0.760259 0.163853 -0.567572 -0.466128 0.658589
10011.599884000 2.139109 -1.018398 0.753536 0.165172 -0.566215 -0.465643 0.659769
10011.633217000 2.149527 -1.015777 0.741983 0.164797 -0.564752 -0.465072 0.661517
10011.666550000 2.162778 -1.002091 0.730094 0.165940 -0.561858 -0.464799 0.663884
10011.699883000 2.172720 -0.998478 0.725864 0.166047 -0.560701 -0.465031 0.664672
10011.733216000 2.181938 -0.997002 0.723058 0.165737 -0.559710 -0.465651 0.665151
10011.766549000 2.191637 -0.995701 0.720817 0.165297 -0.558756 -0.466239 0.665650
10011.799882000 2.200981 -0.993495 0.718859 0.164977 -0.557838 -0.466741 0.666148
10011.833215000 2.210927 -0.993961 0.718108 0.164198 -0.557177 -0.467340 0.666473
10011.866548000 2.220929 -0.992318 0.717987 0.163873 -0.556480 -0.467817 0.666801
10011.899881000 2.230882 -0.992542 0.720391 0.163346 -0.556275 -0.468264 0.666787
10011.933214000 2.239471 -0.990987 0.723187 0.163336 -0.556103 -0.468430 0.666817
10011.966547000 2.247409 -0.989627 0.726534 0.163163 -0.556051 -0.468641 0.666753
10011.999880000 2.265659 -0.988006 0.734115 0.162343 -0.557220 -0.467252 0.666953
10012.033213000 2.272560 -0.984048 0.742095 0.163186 -0.558070 -0.466473 0.666582
10012.066546000 2.279073 -0.980499 0.749652 0.164156 -0.558976 -0.465702 0.666124
10012.099879000 2.286073 -0.973948 0.758015 0.165804 -0.560006 -0.464342 0.665800
10012.133212000 2.291549 -0.966067 0.766851 0.167593 -0.561000 -0.462881 0.665532
10012.166545000 2.298442 -0.958331 0.775064 0.169568 -0.561988 -0.461435 0.665202
10012.199878000 2.305871 -0.950276 0.782572 0.171643 -0.562985 -0.459774 0.664977
10012.233211000 2.313902 -0.940652 0.789069 0.173957 -0.563750 -0.457956 0.664982
10012.266544000 2.322788 -0.930901 0.794191 0.176297 -0.564311 -0.456264 0.665053
10012.299877000 2.332097 -0.919833 0.797089 0.178764 -0.564472 -0.454604 0.665395
10012.333210000 2.354614 -0.897287 0.798816 0.183552 -0.564282 -0.451268 0.666522
10012.366543000 2.367792 -0.885530 0.796033 0.185890 -0.563647 -0.449722 0.667455
10012.399876000 2.383332 -0.875191 0.792336 0.188216 -0.562945 -0.448577 0.668166
10012.433209000 2.397960 -0.864268 0.785707 0.190249 -0.561764 -0.447697 0.669174
10012.466542000 2.410490 -0.857022 0.776862 0.190922 -0.560814 -0.446257 0.670739
10012.499875000 2.426959 -0.844252 0.768632 0.193056 -0.559439 -0.444974 0.672128
10012.533208000 2.441887 -0.832466 0.759029 0.194977 -0.557756 -0.444291 0.673423
10012.566541000 2.453790 -0.821452 0.753280 0.197346 -0.556395 -0.443697 0.674250
10012.599874000 2.469166 -0.810042 0.744268 0.199206 -0.554852 -0.442946 0.675466
10012.633207000 2.483328 -0.798379 0.734695 0.200972 -0.553177 -0.442306 0.676736
10012.666540000 2.511225 -0.774972 0.718564 0.204709 -0.550458 -0.440494 0.679011
10012.699873000 2.524840 -0.766280 0.712769 0.206356 -0.549375 -0.440208 0.679574
10012.733206000 2.542155 -0.757897 0.703711 0.207628 -0.548260 -0.439721 0.680402
10012.766539000 2.558291 -0.749208 0.695040 0.208818 -0.547191 -0.439128 0.681281
10012.799872000 2.562763 -0.740801 0.691968 0.210426 -0.546184 -0.438890 0.681748
10012.833205000 2.569325 -0.731572 0.687004 0.211855 -0.545121 -0.438418 0.682459
10012.866538000 2.569679 -0.725874 0.677714 0.211908 -0.543838 -0.437771 0.683880
10012.899871000 2.572933 -0.716997 0.672811 0.213099 -0.542843 -0.437194 0.684669
10012.933204000 2.575548 -0.709541 0.667821 0.213944 -0.541846 -0.436805 0.685443
10012.966537000 2.574723 -0.701466 0.661732 0.214768 -0.540494 -0.436641 0.686357
10012.999870000 2.567890 -0.688612 0.649184 0.215466 -0.537905 -0.436483 0.688269
10013.033203000 2.561637 -0.682670 0.642877 0.215604 -0.536527 -0.436526 0.689274
10013.066536000 2.554288 -0.679028 0.635956 0.215710 -0.535000 -0.437278 0.689951
10013.099869000 2.545452 -0.674270 0.629857 0.215623 -0.533610 -0.437593 0.690854
10013.133202000 2.529149 -0.669457 0.625420 0.215723 -0.531974 -0.438265 0.691658
10013.166535000 2.517066 -0.665312 0.620798 0.215509 -0.530656 -0.438582 0.692536
10013.199868000 2.503846 -0.661511 0.614811 0.215100 -0.529128 -0.439161 0.693464
10013.233201000 2.501566 -0.656367 0.612667 0.215452 -0.528246 -0.439650 0.693718
10013.266534000 2.487410 -0.652242 0.608936 0.215251 -0.526909 -0.440085 0.694520
10013.299867000 2.471964 -0.649637 0.607644 0.214742 -0.526070 -0.440410 0.695108
10013.333200000 2.441689 -0.641930 0.609181 0.214520 -0.524553 -0.440793 0.696080
10013.366533000 2.427276 -0.638296 0.612060 0.214530 -0.524130 -0.440882 0.696339
10013.399866000 2.412833 -0.634290 0.617046 0.214700 -0.523931 -0.440862 0.696449
10013.433199000 2.399911 -0.631417 0.623138 0.214873 -0.523997 -0.440799 0.696385
10013.466532000 2.386852 -0.627988 0.630163 0.215010 -0.524246 -0.440523 0.696330
10013.499865000 2.376160 -0.624855 0.638912 0.215397 -0.524803 -0.440114 0.696050
10013.533198000 2.361122 -0.621227 0.651352 0.216325 -0.525466 -0.439951 0.695365
10013.566531000 2.353799 -0.618971 0.661142 0.216888 -0.526377 -0.439520 0.694773
10013.599864000 2.347946 -0.617310 0.672884 0.217481 -0.527687 -0.438896 0.693988
10013.633197000 2.345347 -0.615722 0.684994 0.218165 -0.529232 -0.438118 0.693087
10013.666530000 2.347834 -0.614679 0.711046 0.220199 -0.532710 -0.436834 0.690586
10013.699863000 2.353278 -0.615362 0.724963 0.220981 -0.534996 -0.435710 0.689278
10013.733196000 2.360707 -0.616502 0.738880 0.222008 -0.537238 -0.434843 0.687749
10013.766529000 2.370055 -0.616745 0.752943 0.223123 -0.539613 -0.433583 0.686323
10013.799862000 2.380636 -0.617504 0.766047 0.224242 -0.541889 -0.432473 0.684865
10013.833195000 2.392742 -0.617435 0.778548 0.225593 -0.543880 -0.431469 0.683474
10013.866528000 2.404989 -0.616958 0.791118 0.226772 -0.546079 -0.430166 0.682150
10013.899861000 2.418120 -0.615994 0.803327 0.228149 -0.548117 -0.428845 0.680887
10013.933194000 2.431982 -0.614084 0.813460 0.229613 -0.549772 -0.427650 0.679812
10013.966527000 2.444110 -0.610901 0.822801 0.230939 -0.551307 -0.426338 0.678943
10013.999860000 2.467345 -0.600893 0.836056 0.234057 -0.553103 -0.423933 0.677920
10014.033193000 2.476966 -0.593902 0.840904 0.235574 -0.553604 -0.422725 0.677740
10014.066526000 2.485951 -0.587072 0.843221 0.237087 -0.553682 -0.421807 0.677720
10014.099859000 2.492974 -0.579985 0.844676 0.238463 -0.553671 -0.420967 0.677769
10014.133192000 2.501392 -0.574321 0.845012 0.239600 -0.553520 -0.420403 0.677841
10014.166525000 2.509177 -0.569089 0.843461 0.240531 -0.553179 -0.419856 0.678130
10014.199858000 2.517215 -0.565728 0.840827 0.241171 -0.552836 -0.419559 0.678365
10014.233191000 2.525046 -0.564596 0.837230 0.241574 -0.552432 -0.419561 0.678550
10014.266524000 2.533410 -0.566111 0.833104 0.241518 -0.552212 -0.419762 0.678624
10014.299857000 2.542207 -0.571284 0.828718 0.240743 -0.552284 -0.419873 0.678772
10014.333190000 2.562079 -0.593676 0.815957 0.238002 -0.552535 -0.422136 0.678131
10014.366523000 2.575490 -0.606037 0.811662 0.236812 -0.552889 -0.423468 0.677428
10014.399856000 2.585653 -0.626584 0.804309 0.234196 -0.553470 -0.425318 0.676703
10014.433189000 2.601816 -0.650296 0.794822 0.230582 -0.554328 -0.427156 0.676084
10014.466522000 2.612206 -0.677438 0.788618 0.227102 -0.555471 -0.429790 0.674654
10014.499855000 2.621210 -0.704459 0.782784 0.223349 -0.556729 -0.431581 0.673725
10014.533188000 2.627803 -0.732594 0.778846 0.219715 -0.558116 -0.433871 0.672300
10014.566521000 2.633662 -0.762026 0.775476 0.215972 -0.559588 -0.436354 0.670681
10014.599854000 2.636786 -0.790774 0.774092 0.212301 -0.561174 -0.438573 0.669078
10014.633187000 2.636565 -0.817782 0.773950 0.208884 -0.562774 -0.440440 0.667582
10014.666520000 2.627679 -0.870499 0.780973 0.202103 -0.566455 -0.444864 0.663611
10014.699853000 2.617678 -0.893100 0.788287 0.199153 -0.568512 -0.446539 0.661616
10014.733186000 2.613380 -0.911039 0.794135 0.196559 -0.570381 -0.447225 0.660318
10014.766519000 2.598804 -0.928272 0.804006 0.193954 -0.572320 -0.448204 0.658745
10014.799852000 2.582783 -0.946848 0.815464 0.191328 -0.574575 -0.449374 0.656750
10014.833185000 2.566339 -0.961081 0.827352 0.189009 -0.576666 -0.449985 0.655168
10014.866518000 2.555647 -0.976472 0.838460 0.186487 -0.578891 -0.450686 0.653445
10014.899851000 2.540988 -0.993630 0.852879 0.184040 -0.581440 -0.451657 0.651201
10014.933184000 2.526683 -1.008973 0.868138 0.181886 -0.583900 -0.452659 0.648905
10014.966517000 2.514742 -1.025708 0.883677 0.179669 -0.586458 -0.453545 0.646593
10014.999850000 2.495946 -1.060519 0.913434 0.174958 -0.591751 -0.455583 0.641611
10015.033183000 2.489827 -1.079032 0.927539 0.172553 -0.594325 -0.456574 0.639174
10015.066516000 2.485318 -1.095637 0.941554 0.170523 -0.596800 -0.457383 0.636830
10015.099849000 2.480320 -1.112822 0.955396 0.168673 -0.599115 -0.458317 0.634473
10015.133182000 2.474963 -1.130176 0.969009 0.166888 -0.601450 -0.459224 0.632075
10015.166515000 2.466837 -1.145632 0.982004 0.165307 -0.603535 -0.460119 0.629849
10015.199848000 2.465812 -1.162106 0.993624 0.163481 -0.605709 -0.460806 0.627732
10015.233181000 2.464120 -1.178054 1.003995 0.161867 -0.607899 -0.461310 0.625661
10015.266514000 2.459078 -1.192890 1.013144 0.160440 -0.609823 -0.461967 0.623668
10015.299847000 2.453587 -1.206062 1.021220 0.159062 -0.611665 -0.462404 0.621891
10015.333180000 2.431367 -1.226364 1.036016 0.157427 -0.615074 -0.463011 0.618483
10015.366513000 2.415360 -1.234596 1.041852 0.156617 -0.616645 -0.462994 0.617136
10015.399846000 2.400546 -1.242027 1.045655 0.155794 -0.618059 -0.463087 0.615859
10015.433179000 2.385194 -1.248965 1.047863 0.155004 -0.619362 -0.463164 0.614689
10015.466512000 2.368000 -1.253874 1.049218 0.154371 -0.620562 -0.463055 0.613720
10015.499845000 2.349128 -1.258527 1.050945 0.153657 -0.621746 -0.463147 0.612630
10015.533178000 2.328379 -1.261291 1.051320 0.153272 -0.622612 -0.463344 0.611698
10015.566511000 2.307517 -1.263347 1.050851 0.152712 -0.623343 -0.463607 0.610894
10015.599844000 2.286340 -1.265122 1.050620 0.152023 -0.624004 -0.463883 0.610181
10015.633177000 2.264611 -1.265493 1.049404 0.151299 -0.624399 -0.464238 0.609686
10015.666510000 2.220014 -1.266245 1.047605 0.149536 -0.624853 -0.465601 0.608616
10015.699843000 2.197881 -1.265046 1.046916 0.148530 -0.624796 -0.466443 0.608276
10015.733176000 2.177143 -1.264761 1.045079 0.147317 -0.624495 -0.467489 0.608077
10015.766509000 2.155512 -1.261780 1.043756 0.146315 -0.624064 -0.468341 0.608106
10015.799842000 2.133722 -1.259216 1.041137 0.145170 -0.623309 -0.469556 0.608218
10015.833175000 2.113726 -1.256891 1.037667 0.143797 -0.622329 -0.470943 0.608475
10015.866508000 2.093831 -1.254791 1.033995 0.142540 -0.621305 -0.472374 0.608707
10015.899841000 2.074468 -1.250017 1.028504 0.141429 -0.619823 -0.473761 0.609400
10015.933174000 2.056162 -1.247757 1.023921 0.140085 -0.618588 -0.475213 0.609834
10015.966507000 2.039224 -1.245063 1.015826 0.138671 -0.616790 -0.476846 0.610703
10015.999840000 2.008295 -1.237960 0.997555 0.136269 -0.612787 -0.479852 0.612916
10016.033173000 1.993867 -1.235493 0.987291 0.135035 -0.610677 -0.481465 0.614028
10016.066506000 1.981670 -1.233105 0.975321 0.133834 -0.608341 -0.483070 0.615348
10016.099839000 1.969467 -1.231013 0.963437 0.132692 -0.606111 -0.484591 0.616598
10016.133172000 1.959820 -1.229237 0.950118 0.131708 -0.603653 -0.486139 0.618001
10016.166505000 1.949549 -1.228471 0.938103 0.130541 -0.601426 -0.487728 0.619166
10016.199838000 1.940011 -1.228938 0.923484 0.129243 -0.598996 -0.489412 0.620464
10016.233171000 1.933171 -1.229991 0.912411 0.128104 -0.597018 -0.490887 0.621441
10016.266504000 1.925822 -1.233500 0.900024 0.126643 -0.595034 -0.492568 0.622312
10016.299837000 1.918475 -1.239434 0.887698 0.124885 -0.593239 -0.494523 0.622831
10016.333170000 1.905696 -1.258988 0.867419 0.120239 -0.590551 -0.498718 0.622954
10016.366503000 1.900281 -1.271783 0.858496 0.117870 -0.589673 -0.500923 0.622469
10016.399836000 1.895401 -1.286488 0.852616 0.115179 -0.589304 -0.503058 0.621600
10016.433169000 1.889366 -1.301929 0.846954 0.112313 -0.588972 -0.505257 0.620655
10016.466502000 1.885086 -1.318695 0.843363 0.109575 -0.589081 -0.507393 0.619297
10016.499835000 1.882211 -1.334323 0.841563 0.107417 -0.589398 -0.509309 0.617799
10016.533168000 1.876573 -1.349903 0.840191 0.104905 -0.589772 -0.511242 0.616275
10016.566501000 1.872999 -1.365883 0.842723 0.102605 -0.590838 -0.512767 0.614372
10016.599834000 1.868937 -1.380250 0.845959 0.100483 -0.591816 -0.514280 0.612514
10016.633167000 1.864727 -1.393510 0.850695 0.098637 -0.593080 -0.515470 0.610588
10016.666500000 1.855792 -1.415392 0.870019 0.095828 -0.596989 -0.516792 0.606091
10016.699833000 1.851511 -1.422680 0.881253 0.094915 -0.599052 -0.516935 0.604075
10016.733166000 1.846226 -1.429812 0.895303 0.093961 -0.601410 -0.517098 0.601737
10016.766499000 1.840906 -1.435069 0.909590 0.093296 -0.603827 -0.516878 0.599605
10016.799832000 1.835972 -1.438419 0.922561 0.092840 -0.605951 -0.516647 0.597729
10016.833165000 1.829445 -1.440944 0.938072 0.092453 -0.608450 -0.516249 0.595591
10016.866498000 1.823346 -1.444008 0.950512 0.091811 -0.610466 -0.516069 0.593780
10016.899831000 1.816482 -1.445188 0.961916 0.091279 -0.612232 -0.515779 0.592294
10016.933164000 1.806996 -1.446846 0.973321 0.090482 -0.613944 -0.515775 0.590646
10016.966497000 1.796673 -1.449942 0.983990 0.089530 -0.615747 -0.515924 0.588781
10016.999830000 1.770805 -1.457609 1.001887 0.086752 -0.618560 -0.517294 0.585033
10017.033163000 1.755895 -1.461269 1.006819 0.085142 -0.619360 -0.518370 0.583470
10017.066496000 1.740749 -1.466131 1.010011 0.083296 -0.619891 -0.519735 0.581956
10017.099829000 1.724057 -1.471253 1.012099 0.081147 -0.620120 -0.521459 0.580471
10017.133162000 1.706446 -1.476673 1.013039 0.078959 -0.620258 -0.523282 0.578983
10017.166495000 1.689056 -1.482846 1.013214 0.076453 -0.620172 -0.525314 0.577570
10017.199828000 1.671634 -1.487869 1.013195 0.074224 -0.619994 -0.527419 0.576132
10017.233161000 1.651044 -1.494087 1.013198 0.071411 -0.619823 -0.529783 0.574500
10017.266494000 1.635111 -1.498284 1.011311 0.069144 -0.619181 -0.531909 0.573504
10017.299827000 1.618683 -1.502682 1.009418 0.066895 -0.618530 -0.534141 0.572398
10017.333160000 1.584359 -1.511720 1.008017 0.061926 -0.617488 -0.538621 0.569878
10017.366493000 1.569289 -1.514436 1.006717 0.059809 -0.616737 -0.540666 0.568981
10017.399826000 1.553929 -1.517863 1.006040 0.057576 -0.616105 -0.542789 0.567873
10017.433159000 1.539861 -1.520384 1.005729 0.055673 -0.615570 -0.544608 0.566900
10017.466492000 1.526207 -1.523804 1.006174 0.053667 -0.615336 -0.546263 0.565755
10017.499825000 1.512328 -1.526612 1.007477 0.051742 -0.615058 -0.548031 0.564525
10017.533158000 1.500625 -1.530049 1.008190 0.050107 -0.615019 -0.549452 0.563333
10017.566491000 1.488751 -1.534003 1.010169 0.048482 -0.615349 -0.550728 0.561866
10017.599824000 1.477328 -1.539021 1.012247 0.046891 -0.615877 -0.551945 0.560226
10017.633157000 1.466418 -1.544309 1.015265 0.045491 -0.616712 -0.553035 0.558346
10017.666490000 1.445374 -1.560429 1.023060 0.042463 -0.619805 -0.554708 0.553478
10017.699823000 1.434844 -1.569932 1.027196 0.040938 -0.621700 -0.555405 0.550762
10017.733156000 1.424280 -1.581808 1.031695 0.039132 -0.623875 -0.556191 0.547631
10017.766489000 1.414999 -1.592260 1.038191 0.037902 -0.626602 -0.556424 0.544357
10017.799822000 1.405893 -1.603467 1.042995 0.036586 -0.629191 -0.556732 0.541137
10017.833155000 1.396921 -1.615606 1.049852 0.035124 -0.632055 -0.556956 0.537655
10017.866488000 1.386793 -1.627290 1.056329 0.033707 -0.634968 -0.557206 0.534042
10017.899821000 1.377447 -1.638661 1.062553 0.032208 -0.637683 -0.557333 0.530757
10017.933154000 1.368339 -1.649955 1.068700 0.030750 -0.640260 -0.557667 0.527379
10017.966487000 1.359150 -1.660641 1.075608 0.029289 -0.642842 -0.557951 0.524011
10017.999820000 1.340877 -1.679084 1.089701 0.026413 -0.647438 -0.558713 0.517654
10018.033153000 1.332939 -1.686966 1.096932 0.025053 -0.649343 -0.559143 0.514864
10018.066486000 1.323311 -1.694625 1.103916 0.023494 -0.651028 -0.559909 0.511969
10018.099819000 1.315344 -1.701925 1.110079 0.021998 -0.652404 -0.560629 0.509490
10018.133152000 1.308085 -1.709763 1.115312 0.020302 -0.653352 -0.561658 0.507207
10018.166485000 1.300934 -1.718441 1.120978 0.018574 -0.654401 -0.562681 0.504782
10018.199818000 1.295506 -1.727165 1.127616 0.017127 -0.655647 -0.563413 0.502394
10018.233151000 1.290693 -1.736890 1.132403 0.015514 -0.656431 -0.564454 0.500250
10018.266484000 1.287240 -1.748134 1.138061 -0.014050 0.657398 0.565434 -0.497910
10018.299817000 1.284519 -1.761480 1.142490 -0.012338 0.658220 0.566587 -0.495554
10018.333150000 1.286327 -1.793436 1.150771 -0.009355 0.660047 0.568377 -0.491118
10018.366483000 1.288844 -1.812737 1.154883 -0.007796 0.661086 0.569294 -0.488680
10018.399816000 1.293401 -1.832536 1.159383 -0.006566 0.662220 0.569999 -0.486336
10018.433149000 1.298664 -1.854842 1.163304 -0.005149 0.663414 0.570707 -0.483889
10018.466482000 1.306402 -1.876792 1.166213 -0.004057 0.664422 0.571214 -0.481913
10018.499815000 1.314190 -1.900011 1.171398 -0.002898 0.665836 0.571537 -0.479583
10018.533148000 1.323021 -1.923100 1.175979 -0.002054 0.667274 0.571718 -0.477368
10018.566481000 1.334008 -1.945766 1.181867 -0.001542 0.668793 0.571637 -0.475335
10018.599814000 1.344080 -1.968393 1.187983 -0.000811 0.670422 0.571425 -0.473294
10018.633147000 1.355169 -1.989924 1.195105 -0.000436 0.672176 0.570990 -0.471327
10018.666480000 1.377264 -2.029048 1.211728 0.000084 0.675657 0.569823 -0.467749
10018.699813000 1.388836 -2.045682 1.221406 0.000017 0.677669 0.568735 -0.466159
10018.733146000 1.398824 -2.062537 1.231627 0.000193 0.679580 0.567841 -0.464465
10018.766479000 1.408890 -2.077845 1.242440 0.000215 0.681550 0.566818 -0.462825
10018.799812000 1.417488 -2.091697 1.252430 0.000268 0.683341 0.565894 -0.461313
10018.833145000 1.424062 -2.104646 1.264326 0.000524 0.685355 0.564887 -0.459555
10018.866478000 1.429334 -2.117768 1.274999 0.000881 0.687167 0.564175 -0.457720
10018.899811000 1.431843 -2.129441 1.285936 0.001374 0.688847 0.563695 -0.455780
10018.933144000 1.432170 -2.140687 1.296198 0.002046 0.690513 0.563301 -0.453740
10018.966477000 1.429642 -2.151359 1.305627 0.002963 0.692018 0.563226 -0.451530
10018.999810000 1.414650 -2.172812 1.322376 0.005712 0.694644 0.564204 -0.446219
10019.033143000 1.401229 -2.183030 1.328886 0.007784 0.695616 0.565293 -0.443286
10019.066476000 1.387031 -2.193137 1.334314 0.009905 0.696426 0.566581 -0.440317
10019.099809000 1.370749 -2.201526 1.338002 0.012130 0.696943 0.568194 -0.437355
10019.133142000 1.352212 -2.211194 1.340504 0.014615 0.697266 0.570156 -0.434199
10019.166475000 1.333122 -2.217969 1.341505 0.017025 0.697340 0.572194 -0.431301
10019.199808000 1.312419 -2.223664 1.341089 0.019569 0.697175 0.574415 -0.428500
10019.233141000 1.292292 -2.226810 1.340209 0.021855 0.696928 0.576537 -0.425932
10019.266474000 1.273552 -2.227922 1.337879 0.023746 0.696477 0.578624 -0.423735
10019.299807000 1.254953 -2.226745 1.333554 0.025666 0.695672 0.580753 -0.422028
10019.333140000 1.222718 -2.215693 1.321010 0.028465 0.693440 0.584491 -0.420358
10019.366473000 1.209807 -2.207492 1.312609 0.029384 0.691970 0.586159 -0.420395
10019.399806000 1.199269 -2.195252 1.303335 0.029718 0.690358 0.587527 -0.421112
10019.433139000 1.190520 -2.181200 1.293972 0.029682 0.688720 0.588679 -0.422186
10019.466472000 1.183623 -2.166737 1.282234 0.029664 0.686652 0.589815 -0.423966
10019.499805000 1.178851 -2.151194 1.270607 0.029358 0.684583 0.590662 -0.426148
10019.533138000 1.175733 -2.135341 1.258880 0.028876 0.682479 0.591336 -0.428614
10019.566471000 1.173646 -2.118352 1.247786 0.028157 0.680456 0.591788 -0.431248
10019.599804000 1.174760 -2.102369 1.235591 0.027250 0.678235 0.592044 -0.434441
10019.633137000 1.176946 -2.086690 1.223723 0.026323 0.676041 0.592120 -0.437801
10019.666470000 1.185590 -2.056843 1.203250 0.023658 0.672263 0.591624 -0.444392
10019.699803000 1.193091 -2.043459 1.194626 0.022039 0.670689 0.590909 -0.447792
10019.733136000 1.201403 -2.031223 1.187529 0.020236 0.669419 0.590045 -0.450905
10019.766469000 1.208341 -2.020258 1.181209 0.018827 0.668253 0.589245 -0.453733
10019.799802000 1.217430 -2.009805 1.175092 0.017060 0.667159 0.588292 -0.456641
10019.833135000 1.225849 -2.000158 1.169979 0.015361 0.666267 0.587352 -0.459206
10019.866468000 1.233142 -1.991764 1.165449 0.014006 0.665443 0.586508 -0.461517
10019.899801000 1.239176 -1.983744 1.161304 0.012672 0.664698 0.585814 -0.463506
10019.933134000 1.243718 -1.976245 1.156762 0.011618 0.663831 0.585305 -0.465416
10019.966467000 1.246516 -1.970421 1.152772 0.010988 0.663060 0.585028 -0.466875
10019.999800000 1.243283 -1.959918 1.145031 0.010683 0.661471 0.585537 -0.468495
10020.033133000 1.238525 -1.955376 1.141618 0.010885 0.660717 0.586116 -0.468831
10020.066466000 1.231860 -1.950585 1.137800 0.011244 0.659856 0.586949 -0.468992
10020.099799000 1.223882 -1.946462 1.133830 0.011782 0.658967 0.587998 -0.468915
10020.133132000 1.213538 -1.941995 1.129979 0.012530 0.658052 0.589289 -0.468561
10020.166465000 1.201213 -1.938024 1.126133 0.013582 0.657080 0.590836 -0.467947
10020.199798000 1.187626 -1.934406 1.122524 0.014867 0.656118 0.592512 -0.467137
10020.233131000 1.174942 -1.929861 1.118060 0.015898 0.655011 0.594180 -0.466537
10020.266464000 1.160036 -1.925125 1.113364 0.017299 0.653773 0.596095 -0.465782
10020.299797000 1.143833 -1.920715 1.108733 0.018931 0.652500 0.598194 -0.464811
10020.333130000 1.113586 -1.910861 1.097855 0.021932 0.649618 0.602323 -0.463381
10020.366463000 1.098540 -1.905502 1.091730 0.023454 0.647995 0.604424 -0.462844
10020.399796000 1.083948 -1.898949 1.085749 0.024765 0.646371 0.606420 -0.462435
10020.433129000 1.069416 -1.892584 1.079420 0.026113 0.644666 0.608475 -0.462041
10020.466462000 1.056590 -1.885491 1.073145 0.027231 0.642953 0.610281 -0.461983
10020.499795000 1.043425 -1.878579 1.066475 0.028522 0.641111 0.612163 -0.461972
10020.533128000 1.031668 -1.871121 1.060112 0.029464 0.639355 0.613884 -0.462065
10020.566461000 1.022659 -1.863698 1.054301 0.030002 0.637779 0.615241 -0.462404
10020.599794000 1.013559 -1.856240 1.048175 0.030660 0.636087 0.616573 -0.462915
10020.633127000 1.005595 -1.848599 1.041690 0.031240 0.634324 0.617817 -0.463637
10020.666460000 0.995929 -1.833502 1.030203 0.031559 0.631214 0.619276 -0.465908
10020.699793000 0.993105 -1.826057 1.024689 0.031496 0.629759 0.619787 -0.467200
10020.733126000 0.992401 -1.819123 1.018799 0.031240 0.628293 0.620050 -0.468839
10020.766459000 0.992462 -1.811566 1.013205 0.030882 0.626864 0.620102 -0.470703
10020.799792000 0.993634 -1.803747 1.006196 0.030527 0.625143 0.620067 -0.473054
10020.833125000 0.995967 -1.796498 1.000850 0.029935 0.623846 0.619798 -0.475154
10020.866458000 0.998482 -1.788039 0.994922 0.029253 0.622355 0.619406 -0.477656
10020.899791000 1.002289 -1.780214 0.989066 0.028470 0.620941 0.618864 -0.480239
10020.933124000 1.006747 -1.770977 0.983210 0.027404 0.619507 0.618176 -0.483030
10020.966457000 1.011268 -1.761928 0.976868 0.026395 0.617946 0.617476 -0.485973
10020.999790000 1.020602 -1.739866 0.966105 0.023724 0.615100 0.615628 -0.492028
10021.033123000 1.024421 -1.728337 0.959913 0.022484 0.613426 0.614830 -0.495165
10021.066456000 1.029006 -1.717183 0.952447 0.021281 0.611518 0.613972 -0.498630
10021.099789000 1.034145 -1.706391 0.946329 -0.019944 -0.609921 -0.613017 0.501805
10021.133122000 1.039218 -1.695539 0.938749 -0.018618 -0.608012 -0.612156 0.505212
10021.166455000 1.044041 -1.684596 0.933068 -0.017238 -0.606468 -0.611095 0.508393
10021.199788000 1.049589 -1.675231 0.927044 -0.015878 -0.604965 -0.610112 0.511398
10021.233121000 1.056048 -1.665322 0.921049 -0.014347 -0.603442 -0.608968 0.514596
10021.266454000 1.062050 -1.656990 0.915061 -0.012952 -0.602005 -0.607983 0.517474
10021.299787000 1.069761 -1.650695 0.909026 -0.011583 -0.600723 -0.606907 0.520251
10021.333120000 1.084947 -1.641559 0.899042 -0.008934 -0.598753 -0.604948 0.524837
10021.366453000 1.094139 -1.639470 0.894204 -0.007641 -0.598022 -0.603992 0.526788
10021.399786000 1.103614 -1.640423 0.889809 -0.006658 -0.597530 -0.603143 0.528330
10021.433119000 1.114722 -1.643107 0.885878 -0.005559 -0.597297 -0.602237 0.529637
10021.466452000 1.125805 -1.648229 0.882363 -0.004724 -0.597266 -0.601526 0.530488
10021.499785000 1.137819 -1.656761 0.878986 -0.004103 -0.597477 -0.600908 0.530956
10021.533118000 1.151003 -1.668087 0.876327 -0.003564 -0.598005 -0.600343 0.531004
10021.566451000 1.165592 -1.682609 0.873744 -0.003171 -0.598723 -0.599866 0.530737
10021.599784000 1.181407 -1.700746 0.872581 -0.002888 -0.599940 -0.599403 0.529887
