10000.000000000 0.000000 0.000000 0.000000 0.000000 0.000000 0.000000 1.000000
10000.033333000 0.010444 0.003402 -0.001844 0.002296 -0.004459 -0.001614 0.999986
10000.066666000 0.020688 0.007360 -0.002905 0.004248 -0.009015 -0.003759 0.999943
10000.099999000 0.031309 0.010374 -0.003271 0.005902 -0.013654 -0.005899 0.999872
10000.133332000 0.041781 0.013545 -0.003758 0.007366 -0.018289 -0.008634 0.999768
10000.166665000 0.051410 0.016403 -0.004152 0.008724 -0.022530 -0.011107 0.999646
10000.199998000 0.061888 0.019588 -0.004531 0.009989 -0.027173 -0.014337 0.999478
10000.233331000 0.071776 0.021754 -0.004304 0.010878 -0.031452 -0.017363 0.999295
10000.266664000 0.081204 0.025221 -0.003938 0.012050 -0.035646 -0.020835 0.999075
10000.299997000 0.090032 0.026951 -0.003718 0.012526 -0.039472 -0.023584 0.998864
10000.333330000 0.109702 0.031083 -0.003294 0.013817 -0.048100 -0.030753 0.998273
10000.366663000 0.118473 0.032764 -0.002974 0.014349 -0.051833 -0.033450 0.997992
10000.399996000 0.126813 0.035801 -0.002612 0.015441 -0.055451 -0.036514 0.997674
10000.433329000 0.135726 0.037894 -0.002258 0.016387 -0.059143 -0.039083 0.997350
10000.466662000 0.144243 0.040047 -0.002665 0.017392 -0.062747 -0.041667 0.997008
10000.499995000 0.152904 0.042861 -0.002911 0.018843 -0.066357 -0.043584 0.996665
10000.533328000 0.161563 0.045211 -0.003347 0.020161 -0.069948 -0.045495 0.996309
10000.566661000 0.170083 0.047891 -0.003638 0.021806 -0.073470 -0.046819 0.995959
10000.599994000 0.178453 0.051178 -0.004648 0.023683 -0.076998 -0.048095 0.995589
10000.633327000 0.186894 0.053711 -0.006390 0.025777 -0.080354 -0.048746 0.995240
10000.666660000 0.203245 0.061284 -0.008843 0.031336 -0.087181 -0.048260 0.994529
10000.699993000 0.211340 0.064711 -0.011210 0.034211 -0.090501 -0.047735 0.994163
10000.733326000 0.219493 0.068202 -0.013614 0.037629 -0.093839 -0.047098 0.993761
10000.766659000 0.227522 0.072129 -0.015131 0.041600 -0.097193 -0.046371 0.993314
10000.799992000 0.235731 0.075708 -0.017432 0.045441 -0.100551 -0.046179 0.992820
10000.833325000 0.244024 0.078878 -0.018392 0.049556 -0.104072 -0.046518 0.992245
10000.866658000 0.252796 0.081450 -0.018612 0.054111 -0.107661 -0.047299 0.991587
10000.899991000 0.261399 0.083079 -0.018555 0.058515 -0.111050 -0.049593 0.990850
10000.933324000 0.270428 0.084642 -0.016813 0.063433 -0.114683 -0.052831 0.989966
10000.966657000 0.280546 0.085633 -0.014631 0.068081 -0.118798 -0.057323 0.988922
10000.999990000 0.301348 0.083805 -0.005614 0.078293 -0.126510 -0.071043 0.986315
10001.033323000 0.311436 0.081270 0.000335 0.083109 -0.130189 -0.080227 0.984737
10001.066656000 0.322867 0.078531 0.007039 0.088075 -0.134442 -0.089879 0.982899
10001.099989000 0.334501 0.075240 0.014287 0.093038 -0.138827 -0.100201 0.980832
10001.133322000 0.345820 0.070391 0.021399 0.097143 -0.143322 -0.110771 0.978648
10001.166655000 0.357716 0.065966 0.027762 0.101060 -0.148173 -0.121546 0.976247
10001.199988000 0.368490 0.061374 0.034871 0.104888 -0.153075 -0.131659 0.973772
10001.233321000 0.379688 0.055710 0.039710 0.107357 -0.158713 -0.141510 0.971216
10001.266654000 0.389449 0.050090 0.043189 0.109093 -0.164251 -0.150844 0.968693
10001.299987000 0.399460 0.044570 0.045153 0.110076 -0.170380 -0.159142 0.966192
10001.333320000 0.418165 0.033225 0.042929 0.108566 -0.184902 -0.173481 0.961212
10001.366653000 0.426474 0.028630 0.038019 0.106308 -0.193057 -0.179128 0.958823
10001.399986000 0.434590 0.024188 0.031589 0.103202 -0.201366 -0.184310 0.956468
10001.433319000 0.442609 0.019829 0.023779 0.099642 -0.210222 -0.188947 0.954032
10001.466652000 0.451176 0.016956 0.013923 0.095442 -0.219585 -0.192854 0.951567
10001.499985000 0.459481 0.014826 0.004838 0.091797 -0.228768 -0.196141 0.949088
10001.533318000 0.469007 0.011972 -0.005150 0.087816 -0.238449 -0.199229 0.946435
10001.566651000 0.478148 0.010345 -0.015029 0.083895 -0.247486 -0.201619 0.943961
10001.599984000 0.489051 0.009834 -0.024967 0.080870 -0.256840 -0.203822 0.941249
10001.633317000 0.501844 0.010549 -0.033274 0.079351 -0.266061 -0.205365 0.938478
10001.666650000 0.531289 0.014289 -0.046051 0.079150 -0.282871 -0.207246 0.933150
10001.699983000 0.547449 0.017701 -0.050836 0.080919 -0.289861 -0.207904 0.930703
10001.733316000 0.565652 0.022403 -0.054687 0.084289 -0.296480 -0.207917 0.928313
10001.766649000 0.583838 0.027089 -0.056518 0.087428 -0.302937 -0.207820 0.925957
10001.799982000 0.603039 0.032032 -0.058190 0.091593 -0.308537 -0.207507 0.923773
10001.833315000 0.622200 0.037497 -0.057649 0.096064 -0.314038 -0.207258 0.921518
10001.866648000 0.640892 0.044496 -0.057150 0.101495 -0.318467 -0.206404 0.919606
10001.899981000 0.659094 0.050270 -0.055670 0.106099 -0.323205 -0.205880 0.917548
10001.933314000 0.675868 0.056903 -0.054069 0.110809 -0.326896 -0.205049 0.915868
10001.966647000 0.691648 0.062551 -0.052087 0.114975 -0.330445 -0.204371 0.914232
10001.999980000 0.717363 0.074203 -0.048668 0.122553 -0.336382 -0.203040 0.911374
10002.033313000 0.728321 0.079936 -0.046080 0.126064 -0.339506 -0.202177 0.909928
10002.066646000 0.737398 0.084437 -0.044258 0.128335 -0.342170 -0.201695 0.908718
10002.099979000 0.745563 0.088616 -0.042400 0.130227 -0.344790 -0.201079 0.907595
10002.133312000 0.752902 0.091319 -0.042138 0.131764 -0.346793 -0.200678 0.906698
10002.166645000 0.759427 0.093706 -0.041797 0.133126 -0.349031 -0.200124 0.905762
10002.199978000 0.766906 0.095994 -0.042318 0.134134 -0.351197 -0.199926 0.904820
10002.233311000 0.773618 0.097442 -0.043594 0.134686 -0.352991 -0.199900 0.904045
10002.266644000 0.781548 0.098093 -0.046375 0.135326 -0.354594 -0.199773 0.903350
10002.299977000 0.789794 0.097573 -0.050666 0.135295 -0.356058 -0.200131 0.902699
10002.333310000 0.811331 0.096352 -0.063349 0.135125 -0.358116 -0.200503 0.901827
10002.366643000 0.823413 0.092599 -0.072261 0.134034 -0.358698 -0.201469 0.901543
10002.399976000 0.837470 0.090358 -0.081311 0.133885 -0.359612 -0.202197 0.901039
10002.433309000 0.850044 0.087746 -0.092068 0.133019 -0.359784 -0.202606 0.901006
10002.466642000 0.863294 0.083911 -0.103291 0.131835 -0.360043 -0.203657 0.900840
10002.499975000 0.875718 0.078881 -0.113613 0.130109 -0.360644 -0.204478 0.900664
10002.533308000 0.886669 0.074680 -0.124644 0.128165 -0.361202 -0.205414 0.900507
10002.566641000 0.895785 0.070808 -0.135329 0.126087 -0.361667 -0.206474 0.900371
10002.599974000 0.903408 0.068016 -0.144300 0.124047 -0.362092 -0.206955 0.900373
10002.633307000 0.908670 0.063624 -0.152707 0.121088 -0.363123 -0.207896 0.900144
10002.666640000 0.908716 0.058206 -0.163285 0.114784 -0.365829 -0.209658 0.899465
10002.699973000 0.904072 0.055813 -0.166027 0.111081 -0.367422 -0.210589 0.899063
10002.733306000 0.897248 0.054117 -0.168579 0.107248 -0.368751 -0.211536 0.898762
10002.766639000 0.888638 0.052433 -0.168679 0.103629 -0.369937 -0.212426 0.898489
10002.799972000 0.878711 0.050980 -0.167827 0.100699 -0.370235 -0.213347 0.898482
10002.833305000 0.867782 0.049651 -0.166206 0.098165 -0.369898 -0.213967 0.898753
10002.866638000 0.856235 0.047451 -0.163780 0.096483 -0.367954 -0.213958 0.899735
10002.899971000 0.844610 0.045169 -0.161482 0.095906 -0.364653 -0.214176 0.901088
10002.933304000 0.833407 0.041367 -0.158075 0.096402 -0.359927 -0.214118 0.902947
10002.966637000 0.824367 0.037653 -0.155575 0.098884 -0.352999 -0.213261 0.905612
10002.999970000 0.808819 0.026882 -0.151374 0.108852 -0.332479 -0.210981 0.912741
10003.033303000 0.804659 0.019691 -0.148554 0.116074 -0.320219 -0.209553 0.916556
10003.066636000 0.800782 0.011868 -0.146790 0.124253 -0.306207 -0.207843 0.920652
10003.099969000 0.799164 0.004276 -0.146044 0.132877 -0.292156 -0.206418 0.924327
10003.133302000 0.797871 -0.004815 -0.145537 0.141264 -0.277990 -0.205465 0.927658
10003.166635000 0.796969 -0.012010 -0.144897 0.149773 -0.264357 -0.204122 0.930601
10003.199968000 0.796312 -0.020545 -0.144560 0.157339 -0.251603 -0.203655 0.932987
10003.233301000 0.795483 -0.027597 -0.144553 0.164218 -0.239947 -0.203230 0.934963
10003.266634000 0.793715 -0.034491 -0.144370 0.170207 -0.229258 -0.202753 0.936676
10003.299967000 0.791970 -0.041734 -0.144896 0.174656 -0.220407 -0.202649 0.938003
10003.333300000 0.783484 -0.050479 -0.144916 0.180858 -0.206830 -0.202471 0.939956
10003.366633000 0.777402 -0.053636 -0.145689 0.182196 -0.201994 -0.202053 0.940839
10003.399966000 0.769576 -0.055421 -0.146609 0.182633 -0.198253 -0.201742 0.941616
10003.433299000 0.762131 -0.057143 -0.146711 0.182468 -0.195649 -0.201487 0.942247
10003.466632000 0.752439 -0.059317 -0.146835 0.181218 -0.193567 -0.200786 0.943068
10003.499965000 0.743723 -0.060517 -0.147366 0.179712 -0.192318 -0.200436 0.943686
10003.533298000 0.733979 -0.062007 -0.146626 0.177633 -0.191733 -0.200384 0.944209
10003.566631000 0.723780 -0.064649 -0.145110 0.175044 -0.191383 -0.200147 0.944814
10003.599964000 0.714192 -0.067070 -0.143862 0.172468 -0.191157 -0.199907 0.945384
10003.633297000 0.704401 -0.070343 -0.141738 0.169671 -0.190986 -0.199758 0.945956
10003.666630000 0.686515 -0.080110 -0.135200 0.164017 -0.190872 -0.199948 0.946936
10003.699963000 0.678495 -0.087204 -0.131040 0.161233 -0.190509 -0.200144 0.947445
10003.733296000 0.671189 -0.095749 -0.125644 0.158438 -0.190171 -0.200351 0.947941
10003.766629000 0.664278 -0.103373 -0.119646 0.156231 -0.189746 -0.200799 0.948297
10003.799962000 0.657959 -0.112387 -0.113838 0.153736 -0.189348 -0.201311 0.948676
10003.833295000 0.652515 -0.123289 -0.107300 0.151060 -0.188995 -0.201892 0.949053
10003.866628000 0.646968 -0.133774 -0.100797 0.148479 -0.188735 -0.202895 0.949298
10003.899961000 0.640960 -0.144380 -0.093753 0.146194 -0.187870 -0.203204 0.949758
10003.933294000 0.635909 -0.154294 -0.086701 0.143946 -0.187605 -0.204154 0.949950
10003.966627000 0.630183 -0.165856 -0.080735 0.141034 -0.187146 -0.205163 0.950260
10003.999960000 0.620861 -0.186545 -0.067208 0.136076 -0.186571 -0.206272 0.950855
10004.033293000 0.615761 -0.196702 -0.061823 0.133323 -0.186327 -0.207329 0.951064
10004.066626000 0.610739 -0.206423 -0.055390 0.130475 -0.186379 -0.208096 0.951281
10004.099959000 0.605347 -0.214936 -0.049454 0.128052 -0.185970 -0.208586 0.951583
10004.133292000 0.600179 -0.224127 -0.043667 0.125240 -0.185850 -0.209275 0.951829
10004.166625000 0.593887 -0.233452 -0.037961 0.122082 -0.185612 -0.210028 0.952120
10004.199958000 0.587554 -0.242610 -0.032134 0.118931 -0.185359 -0.210795 0.952398
10004.233291000 0.580141 -0.251056 -0.026850 0.116014 -0.184200 -0.210727 0.952998
10004.266624000 0.572826 -0.260463 -0.021089 0.112600 -0.183644 -0.211442 0.953356
10004.299957000 0.565216 -0.268742 -0.015018 0.109532 -0.182909 -0.211995 0.953732
10004.333290000 0.547004 -0.289415 -0.003444 0.101544 -0.180712 -0.213323 0.954738
10004.366623000 0.536752 -0.299436 0.003151 0.097733 -0.179067 -0.213739 0.955353
10004.399956000 0.526632 -0.309576 0.009106 0.093744 -0.177368 -0.214160 0.955975
10004.433289000 0.516481 -0.319635 0.015763 0.089786 -0.175695 -0.214534 0.956580
10004.466622000 0.507956 -0.329584 0.021420 0.085898 -0.174447 -0.215099 0.957038
10004.499955000 0.499996 -0.339258 0.027430 0.082087 -0.173335 -0.215671 0.957446
10004.533288000 0.492600 -0.348228 0.033987 0.078578 -0.172431 -0.216247 0.957773
10004.566621000 0.487467 -0.357922 0.038795 0.074861 -0.172125 -0.217099 0.957933
10004.599954000 0.485361 -0.366713 0.045072 0.072042 -0.172730 -0.218143 0.957804
10004.633287000 0.483992 -0.375397 0.049803 0.069012 -0.173637 -0.219324 0.957593
10004.666620000 0.491682 -0.389908 0.057747 0.064895 -0.178674 -0.222572 0.956204
10004.699953000 0.498827 -0.395964 0.062138 0.063644 -0.182298 -0.224402 0.955176
10004.733286000 0.509018 -0.401373 0.065560 0.062891 -0.186786 -0.226507 0.953861
10004.766619000 0.521366 -0.407399 0.069595 0.062217 -0.192152 -0.228912 0.952264
10004.799952000 0.533324 -0.411598 0.073711 0.062162 -0.197232 -0.230987 0.950726
10004.833285000 0.547186 -0.414868 0.077730 0.062648 -0.202867 -0.233138 0.948982
10004.866618000 0.561054 -0.419341 0.082845 0.062874 -0.208697 -0.235294 0.947169
10004.899951000 0.573721 -0.422471 0.087771 0.063382 -0.214007 -0.237299 0.945448
10004.933284000 0.586033 -0.424843 0.094234 0.064273 -0.219381 -0.239155 0.943687
10004.966617000 0.597431 -0.426912 0.101639 0.065236 -0.224555 -0.240883 0.941963
10004.999950000 0.614075 -0.430754 0.119924 0.066849 -0.233457 -0.243724 0.938950
10005.033283000 0.619038 -0.432448 0.130716 0.067508 -0.237139 -0.244902 0.937673
10005.066616000 0.621815 -0.433985 0.142274 0.068024 -0.240290 -0.245902 0.936571
10005.099949000 0.623738 -0.435502 0.154819 0.068538 -0.243341 -0.246851 0.935496
10005.133282000 0.624837 -0.436854 0.168327 0.069092 -0.246304 -0.247732 0.934446
10005.166615000 0.623361 -0.439269 0.182235 0.069015 -0.248740 -0.248639 0.933565
10005.199948000 0.622317 -0.440904 0.195682 0.069226 -0.251148 -0.249460 0.932685
10005.233281000 0.620920 -0.442034 0.209885 0.069648 -0.253603 -0.250155 0.931803
10005.266614000 0.619913 -0.444004 0.223468 0.069775 -0.256168 -0.250990 0.930867
10005.299947000 0.617529 -0.445927 0.236776 0.069739 -0.258302 -0.251781 0.930066
10005.333280000 0.616068 -0.451116 0.261336 0.069363 -0.263482 -0.253758 0.928102
10005.366613000 0.616223 -0.453626 0.273169 0.069285 -0.266352 -0.254791 0.927005
10005.399946000 0.617304 -0.456537 0.284035 0.069115 -0.269446 -0.255940 0.925806
10005.433279000 0.618647 -0.459371 0.295084 0.069022 -0.272677 -0.257139 0.924534
10005.466612000 0.619606 -0.462208 0.305826 0.068848 -0.275796 -0.258245 0.923312
10005.499945000 0.620922 -0.466279 0.316422 0.068235 -0.279209 -0.259691 0.921926
10005.533278000 0.623292 -0.468749 0.327459 0.068411 -0.282885 -0.260894 0.920451
10005.566611000 0.624266 -0.471585 0.338053 0.068256 -0.286138 -0.262081 0.919119
10005.599944000 0.626449 -0.474199 0.348977 0.068375 -0.289865 -0.263280 0.917598
10005.633277000 0.628380 -0.476183 0.360567 0.068787 -0.293673 -0.264396 0.916035
10005.666610000 0.630530 -0.479849 0.384766 0.069596 -0.301056 -0.266530 0.912953
10005.699943000 0.631644 -0.481211 0.398368 0.070370 -0.305146 -0.267502 0.911250
10005.733276000 0.633257 -0.482293 0.411654 0.071345 -0.309407 -0.268400 0.909472
10005.766609000 0.632794 -0.482911 0.425656 0.071883 -0.313588 -0.268959 0.907831
10005.799942000 0.633654 -0.484031 0.439010 0.072759 -0.317771 -0.269885 0.906030
10005.833275000 0.634771 -0.485912 0.452861 0.073400 -0.322367 -0.271003 0.904018
10005.866608000 0.635671 -0.487006 0.466126 0.074320 -0.326705 -0.271902 0.902114
10005.899941000 0.636737 -0.488725 0.478764 0.074950 -0.331046 -0.272910 0.900173
10005.933274000 0.637897 -0.490951 0.490330 0.075266 -0.335268 -0.274021 0.898244
10005.966607000 0.639176 -0.493838 0.501168 0.075652 -0.339020 -0.275429 0.896371
10005.999940000 0.642444 -0.501886 0.519896 0.074410 -0.347125 -0.278275 0.892485
10006.033273000 0.645233 -0.506858 0.527464 0.073786 -0.350778 -0.280130 0.890526
10006.066606000 0.647280 -0.512614 0.534383 0.072424 -0.354108 -0.281679 0.888830
10006.099939000 0.649277 -0.518907 0.540314 0.070680 -0.357584 -0.284053 0.886821
10006.133272000 0.652629 -0.525585 0.545524 0.068948 -0.360951 -0.285807 0.885028
10006.166605000 0.655069 -0.532982 0.549993 0.066638 -0.364238 -0.288444 0.883001
10006.199938000 0.657746 -0.540884 0.553660 0.063869 -0.367426 -0.290743 0.881128
10006.233271000 0.660464 -0.549151 0.558855 0.061122 -0.371185 -0.293163 0.878943
10006.266604000 0.663139 -0.557214 0.562490 0.057879 -0.374808 -0.295265 0.876919
10006.299937000 0.664886 -0.565275 0.566054 0.054463 -0.378121 -0.297431 0.874982
10006.333270000 0.668253 -0.581844 0.573554 0.047076 -0.385268 -0.301623 0.870848
10006.366603000 0.668965 -0.590016 0.578186 0.043133 -0.388999 -0.303614 0.868699
10006.399936000 0.669675 -0.598517 0.583209 0.039081 -0.392982 -0.305835 0.866315
10006.433269000 0.670992 -0.605626 0.588553 0.035985 -0.397053 -0.308084 0.863793
10006.466602000 0.672586 -0.613324 0.592937 0.032400 -0.400955 -0.310009 0.861440
10006.499935000 0.674018 -0.620343 0.598258 0.029605 -0.404653 -0.312069 0.859065
10006.533268000 0.676180 -0.626710 0.604361 0.027784 -0.408356 -0.314124 0.856621
10006.566601000 0.678491 -0.633423 0.609632 0.025996 -0.411464 -0.316040 0.854482
10006.599934000 0.682579 -0.639149 0.615552 0.025752 -0.414815 -0.318306 0.852025
10006.633267000 0.686621 -0.644941 0.621619 0.025969 -0.417785 -0.320802 0.849628
10006.666600000 0.699379 -0.653494 0.635048 0.031232 -0.422728 -0.325721 0.845122
10006.699933000 0.707865 -0.656324 0.640910 0.035840 -0.424436 -0.328274 0.843093
10006.733266000 0.716475 -0.660040 0.647676 0.040656 -0.426127 -0.331302 0.840834
10006.766599000 0.727032 -0.663144 0.654274 0.047015 -0.427546 -0.333898 0.838753
10006.799932000 0.737829 -0.666755 0.660039 0.052610 -0.428926 -0.337003 0.836471
10006.833265000 0.749540 -0.670080 0.665683 0.058660 -0.430007 -0.339746 0.834401
10006.866598000 0.761354 -0.674031 0.670546 0.064603 -0.430795 -0.343088 0.832185
10006.899931000 0.774021 -0.677643 0.675376 0.070381 -0.432101 -0.346079 0.829798
10006.933264000 0.787009 -0.682553 0.678296 0.075229 -0.433300 -0.349533 0.827296
10006.966597000 0.799281 -0.689050 0.681248 0.078361 -0.434754 -0.352897 0.824810
10006.999930000 0.826092 -0.704434 0.683117 0.082555 -0.439545 -0.360060 0.818744
10007.033263000 0.839851 -0.714309 0.682785 0.082660 -0.442434 -0.363823 0.815507
10007.066596000 0.853236 -0.723983 0.681093 0.082126 -0.445656 -0.366794 0.812470
10007.099929000 0.865940 -0.734752 0.679949 0.080681 -0.448848 -0.369702 0.809535
10007.133262000 0.878729 -0.745374 0.677476 0.078881 -0.452408 -0.372253 0.806556
10007.166595000 0.891497 -0.756561 0.674188 0.076378 -0.455551 -0.374571 0.803950
10007.199928000 0.903974 -0.766421 0.671047 0.074201 -0.458974 -0.376090 0.801494
10007.233261000 0.915424 -0.776574 0.667903 0.071292 -0.462229 -0.376781 0.799561
10007.266594000 0.927371 -0.784821 0.663726 0.069441 -0.464769 -0.376648 0.798313
10007.299927000 0.938182 -0.792865 0.660343 0.066895 -0.467663 -0.375779 0.797250
10007.333260000 0.960430 -0.804160 0.654145 0.064078 -0.471954 -0.371580 0.796920
10007.366593000 0.969623 -0.806828 0.651706 0.063627 -0.473039 -0.368296 0.797837
10007.399926000 0.979310 -0.808055 0.649219 0.063294 -0.474200 -0.364905 0.798732
10007.433259000 0.988712 -0.808746 0.647412 0.063509 -0.475329 -0.361115 0.799765
10007.466592000 0.997727 -0.807557 0.646769 0.064845 -0.476458 -0.357831 0.800462
10007.499925000 1.006204 -0.804935 0.646424 0.066459 -0.477532 -0.355015 0.800944
10007.533258000 1.014463 -0.801902 0.646754 0.068776 -0.478464 -0.353571 0.800830
10007.566591000 1.023079 -0.796755 0.647944 0.071877 -0.479865 -0.352956 0.799991
10007.599924000 1.031013 -0.791874 0.650614 0.075955 -0.481427 -0.354223 0.798113
10007.633257000 1.038504 -0.785781 0.653727 0.080426 -0.483009 -0.357107 0.795430
10007.666590000 1.054934 -0.769737 0.663851 0.093157 -0.486669 -0.369258 0.786208
10007.699923000 1.063290 -0.761603 0.670640 0.100417 -0.489016 -0.378567 0.779402
10007.733256000 1.070522 -0.753157 0.678401 0.108452 -0.491403 -0.389148 0.771573
10007.766589000 1.078287 -0.743855 0.685300 0.116775 -0.493221 -0.400591 0.763297
10007.799922000 1.086210 -0.734707 0.693764 0.125415 -0.495539 -0.412333 0.754118
10007.833255000 1.093289 -0.726363 0.701606 0.133749 -0.497243 -0.424644 0.744673
10007.866588000 1.100591 -0.718182 0.710588 0.142314 -0.499063 -0.435975 0.735261
10007.899921000 1.107974 -0.710452 0.717156 0.150076 -0.500465 -0.446889 0.726156
10007.933254000 1.114485 -0.702951 0.723871 0.157336 -0.501275 -0.456672 0.717927
10007.966587000 1.121975 -0.697282 0.729425 0.163325 -0.502220 -0.464677 0.710757
10007.999920000 1.133869 -0.687466 0.737036 0.172146 -0.502924 -0.476257 0.700437
10008.033253000 1.140362 -0.684607 0.739458 0.174983 -0.503246 -0.479285 0.697432
10008.066586000 1.145786 -0.682514 0.739825 0.176483 -0.503206 -0.480943 0.695939
10008.099919000 1.152666 -0.681437 0.739809 0.177364 -0.503469 -0.481355 0.695240
10008.133252000 1.159214 -0.679666 0.739362 0.178070 -0.503734 -0.480204 0.695663
10008.166585000 1.166901 -0.678117 0.738088 0.178530 -0.503950 -0.478120 0.696823
10008.199918000 1.175685 -0.676894 0.735921 0.178997 -0.504022 -0.475502 0.698442
10008.233251000 1.185303 -0.674824 0.734341 0.179974 -0.504587 -0.471890 0.700230
10008.266584000 1.195910 -0.673066 0.732232 0.180881 -0.505356 -0.467808 0.702177
10008.299917000 1.208025 -0.669345 0.729959 0.182886 -0.506028 -0.463457 0.704057
10008.333250000 1.238077 -0.659054 0.726608 0.189865 -0.508500 -0.453962 0.706610
10008.366583000 1.255491 -0.651556 0.725310 0.194687 -0.509960 -0.448795 0.707546
10008.399916000 1.273879 -0.644617 0.724568 0.200239 -0.511603 -0.444247 0.707681
10008.433249000 1.292265 -0.636988 0.722788 0.205609 -0.513151 -0.439744 0.707832
10008.466582000 1.311874 -0.629722 0.721859 0.211592 -0.514756 -0.436026 0.707203
10008.499915000 1.332184 -0.622665 0.722292 0.217567 -0.516872 -0.431830 0.706421
10008.533248000 1.349331 -0.616865 0.720326 0.222608 -0.518444 -0.428607 0.705661
10008.566581000 1.367752 -0.611858 0.720112 0.228061 -0.520079 -0.425899 0.704355
10008.599914000 1.383930 -0.609031 0.718815 0.231739 -0.521693 -0.423655 0.703313
10008.633247000 1.399235 -0.608256 0.717951 0.235138 -0.523414 -0.422260 0.701744
10008.666580000 1.422351 -0.612030 0.716185 0.238559 -0.526039 -0.420790 0.699506
10008.699913000 1.430407 -0.618403 0.714333 0.238165 -0.527406 -0.421454 0.698210
10008.733246000 1.437107 -0.625217 0.712388 0.236942 -0.528321 -0.422240 0.697459
10008.766579000 1.442375 -0.635231 0.710449 0.234871 -0.529547 -0.423551 0.696434
10008.799912000 1.446019 -0.647148 0.708683 0.232070 -0.530783 -0.425411 0.695297
10008.833245000 1.448072 -0.660260 0.707736 0.228746 -0.532110 -0.427603 0.694039
10008.866578000 1.449210 -0.675219 0.704965 0.224280 -0.533181 -0.430052 0.693161
10008.899911000 1.451022 -0.690555 0.702735 0.220252 -0.534064 -0.432823 0.692047
10008.933244000 1.450923 -0.706401 0.700819 0.216117 -0.535268 -0.435655 0.690642
10008.966577000 1.452056 -0.723735 0.698408 0.211221 -0.536592 -0.438395 0.689394
10008.999910000 1.453908 -0.757998 0.693407 0.202399 -0.538925 -0.444432 0.686349
10009.033243000 1.456209 -0.775667 0.691670 0.198211 -0.540419 -0.447272 0.684549
10009.066576000 1.459099 -0.792111 0.689059 0.194012 -0.541698 -0.449567 0.683236
10009.099909000 1.462443 -0.808710 0.688115 0.190511 -0.543356 -0.451975 0.681314
10009.133242000 1.466715 -0.825120 0.687260 0.187221 -0.545006 -0.454251 0.679391
10009.166575000 1.470777 -0.840646 0.687121 0.184474 -0.546620 -0.456712 0.677193
10009.199908000 1.476355 -0.855342 0.687226 0.181978 -0.548531 -0.458316 0.675236
10009.233241000 1.481796 -0.868630 0.687944 0.179698 -0.550243 -0.459836 0.673419
10009.266574000 1.489074 -0.880681 0.691266 0.178252 -0.552593 -0.460687 0.671293
10009.299907000 1.496026 -0.892343 0.694940 0.176746 -0.554844 -0.461580 0.669219
10009.333240000 1.514383 -0.912477 0.704925 0.175158 -0.559921 -0.462042 0.665075
10009.366573000 1.524122 -0.919520 0.711557 0.175245 -0.562606 -0.461562 0.663117
10009.399906000 1.534569 -0.926184 0.718888 0.175346 -0.565276 -0.460988 0.661216
10009.433239000 1.545029 -0.931511 0.725339 0.175661 -0.567623 -0.460349 0.659565
10009.466572000 1.556108 -0.936348 0.732725 0.176126 -0.570138 -0.459443 0.657902
10009.499905000 1.567808 -0.940491 0.739315 0.176791 -0.572409 -0.458470 0.656428
10009.533238000 1.579652 -0.943572 0.744422 0.177488 -0.574252 -0.457511 0.655299
10009.566571000 1.592066 -0.946095 0.748918 0.178308 -0.575932 -0.456477 0.654322
10009.599904000 1.603181 -0.948567 0.750346 0.178858 -0.576877 -0.455844 0.653780
10009.633237000 1.615254 -0.950001 0.751880 0.179504 -0.577622 -0.455153 0.653427
10009.666570000 1.637122 -0.953563 0.745877 0.180206 -0.577405 -0.454713 0.653732
10009.699903000 1.647709 -0.954682 0.740052 0.180286 -0.576538 -0.454823 0.654399
10009.733236000 1.657638 -0.956413 0.732402 0.180305 -0.575406 -0.455175 0.655145
10009.766569000 1.667946 -0.957595 0.722819 0.180111 -0.573796 -0.455643 0.656284
10009.799902000 1.677597 -0.959759 0.712588 0.179784 -0.572238 -0.456189 0.657352
10009.833235000 1.687637 -0.962421 0.703008 0.179466 -0.570887 -0.456759 0.658219
10009.866568000 1.697161 -0.964134 0.693545 0.179272 -0.569476 -0.457171 0.659206
10009.899901000 1.706469 -0.967737 0.684757 0.178787 -0.568345 -0.457839 0.659850
10009.933234000 1.716665 -0.970725 0.676528 0.178490 -0.567337 -0.458264 0.660503
10009.966567000 1.727024 -0.974045 0.671310 0.178530 -0.567054 -0.458348 0.660676
10009.999900000 1.746773 -0.983544 0.667010 0.178382 -0.567896 -0.458391 0.659964
10010.033233000 1.758153 -0.989120 0.668001 0.178608 -0.569143 -0.458023 0.659083
10010.066566000 1.768443 -0.994627 0.670774 0.178851 -0.570696 -0.457529 0.658016
10010.099899000 1.779636 -0.999777 0.676266 0.179265 -0.572630 -0.456846 0.656697
10010.133232000 1.790187 -1.005888 0.682517 0.179643 -0.574811 -0.456149 0.655171
10010.166565000 1.801440 -1.011278 0.689007 0.180030 -0.576924 -0.455368 0.653750
10010.199898000 1.812599 -1.015735 0.695448 0.180435 -0.578878 -0.454619 0.652430
10010.233231000 1.824809 -1.020383 0.703158 0.180811 -0.580913 -0.453867 0.651040
10010.266564000 1.835527 -1.023259 0.709709 0.181312 -0.582537 -0.453129 0.649962
10010.299897000 1.847883 -1.025224 0.714948 0.181742 -0.583693 -0.452528 0.649223
10010.333230000 1.870010 -1.025057 0.721722 0.182440 -0.584612 -0.451721 0.648762
10010.366563000 1.881102 -1.022835 0.722933 0.182666 -0.584271 -0.451570 0.649111
10010.399896000 1.891444 -1.020079 0.723293 0.182759 -0.583636 -0.451553 0.649668
10010.433229000 1.901931 -1.017023 0.722112 0.182807 -0.582688 -0.451659 0.650431
10010.466562000 1.912122 -1.013337 0.720937 0.182671 -0.581511 -0.451949 0.651320
10010.499895000 1.921250 -1.009379 0.719096 0.182446 -0.580195 -0.452298 0.652314
10010.533228000 1.930497 -1.005853 0.716530 0.182152 -0.578775 -0.452777 0.653325
10010.566561000 1.938046 -1.003681 0.715110 0.181440 -0.577546 -0.453477 0.654124
10010.599894000 1.944910 -1.002187 0.713520 0.180695 -0.576402 -0.454209 0.654832
10010.633227000 1.951019 -1.000843 0.712165 0.179753 -0.575213 -0.455103 0.655515
10010.666560000 1.958010 -1.003440 0.714057 0.177271 -0.573997 -0.457119 0.655854
10010.699893000 1.960446 -1.006716 0.715622 0.175831 -0.573697 -0.458303 0.655678
10010.733226000 1.961678 -1.010993 0.719064 0.174255 -0.573734 -0.459474 0.655246
10010.766559000 1.962927 -1.016028 0.722820 0.172713 -0.573978 -0.460591 0.654656
10010.799892000 1.964210 -1.022995 0.728402 0.170855 -0.574541 -0.461881 0.653741
10010.833225000 1.964753 -1.029973 0.733479 0.168933 -0.575009 -0.463278 0.652840
10010.866558000 1.966512 -1.037704 0.740322 0.167188 -0.575955 -0.464382 0.651670
10010.899891000 1.969077 -1.046722 0.747171 0.165192 -0.576902 -0.465715 0.650388
10010.933224000 1.971255 -1.056143 0.754318 0.163182 -0.577874 -0.467066 0.649063
10010.966557000 1.975820 -1.065845 0.761425 0.161106 -0.578854 -0.468348 0.647783
10010.999890000 1.989433 -1.084185 0.777078 0.157569 -0.580938 -0.470582 0.645163
10011.033223000 1.998807 -1.092205 0.784084 0.156073 -0.581769 -0.471530 0.644084
10011.066556000 2.009382 -1.100569 0.791346 0.154622 -0.582684 -0.472360 0.642999
10011.099889000 2.021160 -1.107164 0.797914 0.153531 -0.583393 -0.472984 0.642158
10011.133222000 2.032799 -1.113703 0.804449 0.152445 -0.584073 -0.473608 0.641338
10011.166555000 2.045430 -1.119453 0.808815 0.151609 -0.584488 -0.474176 0.640739
10011.199888000 2.058537 -1.123587 0.813397 0.151007 -0.584847 -0.474476 0.640331
10011.233221000 2.071185 -1.125690 0.816300 0.150797 -0.585014 -0.474520 0.640195
10011.266554000 2.083098 -1.126377 0.818472 0.150858 -0.585036 -0.474449 0.640213
10011.299887000 2.094236 -1.124883 0.820171 0.151285 -0.584926 -0.474171 0.640418
10011.333220000 2.113688 -1.117181 0.817079 0.152849 -0.583998 -0.473080 0.641700
10011.366553000 2.121812 -1.110209 0.814097 0.154044 -0.583299 -0.472188 0.642706
10011.399886000 2.129387 -1.101759 0.810128 0.155647 -0.582515 -0.471128 0.643808
10011.433219000 2.134716 -1.092162 0.803641 0.157074 -0.581266 -0.470129 0.645319
10011.466552000 2.141285 -1.081306 0.796144 0.158891 -0.579865 -0.469099 0.646883
10011.499885000 2.145964 -1.070861 0.790208 0.160555 -0.578688 -0.468001 0.648319
10011.533218000 2.151445 -1.059975 0.782975 0.162154 -0.577228 -0.466983 0.649954
10011.566551000 2.157382 -1.050086 0.775994 0.163630 -0.575880 -0.466017 0.651472
10011.599884000 2.163212 -1.041048 0.768382 0.164891 -0.574378 -0.465372 0.652940
10011.633217000 2.169276 -1.031341 0.761036 0.166067 -0.572692 -0.464796 0.654531
10011.666550000 2.183026 -1.017292 0.749303 0.167327 -0.569754 -0.464409 0.657044
10011.699883000 2.191693 -1.011943 0.744445 0.167564 -0.568399 -0.464447 0.658129
10011.733216000 2.200634 -1.010422 0.741557 0.167165 -0.567387 -0.464923 0.658767
10011.766549000 2.211177 -1.009620 0.738400 0.166552 -0.566385 -0.465472 0.659397
10011.799882000 2.220640 -1.007020 0.736470 0.166305 -0.565413 -0.465867 0.660014
10011.833215000 2.230363 -1.007187 0.735719 0.165632 -0.564688 -0.466501 0.660356
10011.866548000 2.240874 -1.006700 0.735588 0.165078 -0.564071 -0.466949 0.660705
10011.899881000 2.252795 -1.006217 0.735396 0.164404 -0.563601 -0.467244 0.661066
10011.933214000 2.261828 -1.004666 0.738021 0.164357 -0.563417 -0.467390 0.661132
10011.966547000 2.270307 -1.003174 0.739647 0.164048 -0.563175 -0.467512 0.661328
10011.999880000 2.285814 -0.996825 0.752043 0.165086 -0.564134 -0.466485 0.660977
10012.033213000 2.291895 -0.992246 0.760019 0.166054 -0.564851 -0.465647 0.660713
10012.066546000 2.298414 -0.987218 0.766886 0.167152 -0.565603 -0.464640 0.660502
10012.099879000 2.306246 -0.981195 0.773741 0.168537 -0.566585 -0.463184 0.660331
10012.133212000 2.311697 -0.973188 0.782520 0.170353 -0.567531 -0.461697 0.660094
10012.166545000 2.318345 -0.964889 0.790721 0.172363 -0.568482 -0.460099 0.659870
10012.199878000 2.325404 -0.956012 0.798173 0.174583 -0.569376 -0.458355 0.659729
10012.233211000 2.334760 -0.947987 0.803756 0.176499 -0.570218 -0.456576 0.659726
10012.266544000 2.343600 -0.938169 0.809018 0.178831 -0.570789 -0.454832 0.659809
10012.299877000 2.352889 -0.926869 0.812235 0.181285 -0.570992 -0.453025 0.660206
10012.333210000 2.375590 -0.904413 0.814141 0.186039 -0.570792 -0.449679 0.661343
10012.366543000 2.388310 -0.892463 0.811438 0.188298 -0.570175 -0.448057 0.662336
10012.399876000 2.403023 -0.883555 0.808050 0.190142 -0.569669 -0.446630 0.663208
10012.433209000 2.417522 -0.872975 0.801385 0.192027 -0.568519 -0.445668 0.664297
10012.466542000 2.432956 -0.861025 0.794496 0.194200 -0.567220 -0.444565 0.665515
10012.499875000 2.450096 -0.848777 0.786774 0.196365 -0.565879 -0.443356 0.666826
10012.533208000 2.465387 -0.836483 0.777026 0.198159 -0.564209 -0.442331 0.668389
10012.566541000 2.482050 -0.824295 0.768139 0.200158 -0.562756 -0.441174 0.669782
10012.599874000 2.495337 -0.814419 0.760531 0.201720 -0.561420 -0.440312 0.671000
10012.633207000 2.510002 -0.802314 0.751224 0.203506 -0.559770 -0.439477 0.672385
10012.666540000 2.542202 -0.779922 0.732216 0.206534 -0.557097 -0.437204 0.675158
10012.699873000 2.555206 -0.769349 0.726381 0.208287 -0.555873 -0.436547 0.676054
10012.733206000 2.565483 -0.761083 0.719683 0.209462 -0.554862 -0.435827 0.676984
10012.766539000 2.575462 -0.750895 0.713465 0.210973 -0.553705 -0.435110 0.677923
10012.799872000 2.584070 -0.741882 0.707702 0.212080 -0.552742 -0.434343 0.678855
10012.833205000 2.590710 -0.732437 0.702731 0.213338 -0.551789 -0.433555 0.679740
10012.866538000 2.597726 -0.726463 0.696414 0.214249 -0.550680 -0.433505 0.680384
10012.899871000 2.603866 -0.717851 0.690468 0.214955 -0.550056 -0.432410 0.681362
10012.933204000 2.609151 -0.711875 0.685807 0.215672 -0.549238 -0.432093 0.681996
10012.966537000 2.608491 -0.703720 0.679667 0.216421 -0.547926 -0.431815 0.682990
10012.999870000 2.601767 -0.690994 0.666997 0.217140 -0.545361 -0.431627 0.684931
10013.033203000 2.595976 -0.685003 0.660662 0.217243 -0.544045 -0.431539 0.685999
10013.066536000 2.587547 -0.680426 0.653064 0.217278 -0.542430 -0.432041 0.686950
10013.099869000 2.577723 -0.675894 0.650630 0.217481 -0.541466 -0.432293 0.687487
10013.133202000 2.567119 -0.672486 0.643674 0.217202 -0.539978 -0.432855 0.688392
10013.166535000 2.555403 -0.668386 0.638985 0.216947 -0.538754 -0.433054 0.689306
10013.199868000 2.542238 -0.664531 0.632770 0.216651 -0.537239 -0.433621 0.690225
10013.233201000 2.529060 -0.661326 0.629701 0.216315 -0.536201 -0.433943 0.690934
10013.266534000 2.515133 -0.657336 0.625845 0.216078 -0.534956 -0.434334 0.691727
10013.299867000 2.499658 -0.654727 0.624057 0.215639 -0.533999 -0.434736 0.692351
10013.333200000 2.469340 -0.647066 0.625092 0.215389 -0.532551 -0.435067 0.693335
10013.366533000 2.455043 -0.643563 0.627578 0.215431 -0.532050 -0.435244 0.693596
10013.399866000 2.440655 -0.639655 0.632338 0.215588 -0.531902 -0.435194 0.693692
10013.433199000 2.427943 -0.637145 0.638031 0.215697 -0.531965 -0.435206 0.693602
10013.466532000 2.414559 -0.633785 0.644521 0.215954 -0.532067 -0.435140 0.693485
10013.499865000 2.403700 -0.630662 0.653100 0.216366 -0.532616 -0.434770 0.693168
10013.533198000 2.394896 -0.628353 0.663049 0.216938 -0.533433 -0.434519 0.692517
10013.566531000 2.387352 -0.625701 0.672861 0.217477 -0.534392 -0.433880 0.692010
10013.599864000 2.380658 -0.623689 0.684051 0.218179 -0.535477 -0.433425 0.691234
10013.633197000 2.376432 -0.622777 0.695234 0.218649 -0.536915 -0.432666 0.690446
10013.666530000 2.379908 -0.622708 0.722157 0.220306 -0.540827 -0.430958 0.687929
10013.699863000 2.384674 -0.623354 0.734429 0.220951 -0.542871 -0.429901 0.686773
10013.733196000 2.392184 -0.624314 0.748727 0.221909 -0.545200 -0.428837 0.685283
10013.766529000 2.397703 -0.624949 0.758099 0.222004 -0.547164 -0.427111 0.684764
10013.799862000 2.408448 -0.625967 0.771331 0.223039 -0.549455 -0.426018 0.683273
10013.833195000 2.421005 -0.626131 0.784365 0.224206 -0.551656 -0.424768 0.681894
10013.866528000 2.432986 -0.625473 0.796824 0.225427 -0.553705 -0.423555 0.680584
10013.899861000 2.445989 -0.624276 0.809298 0.226817 -0.555758 -0.422184 0.679299
10013.933194000 2.460101 -0.622300 0.818601 0.228105 -0.557355 -0.420933 0.678336
10013.966527000 2.471214 -0.618748 0.826700 0.229501 -0.558550 -0.419791 0.677589
10013.999860000 2.493971 -0.608121 0.839969 0.232586 -0.560294 -0.417237 0.676674
10014.033193000 2.503769 -0.601158 0.844606 0.234117 -0.560734 -0.416029 0.676526
10014.066526000 2.510454 -0.594550 0.846898 0.235374 -0.560827 -0.414975 0.676659
10014.099859000 2.518357 -0.588031 0.848514 0.236524 -0.560944 -0.413879 0.676832
10014.133192000 2.525295 -0.584447 0.847240 0.237249 -0.560729 -0.413432 0.677030
10014.166525000 2.534633 -0.580050 0.846110 0.238118 -0.560488 -0.412970 0.677206
10014.199858000 2.546198 -0.576362 0.843293 0.238566 -0.560302 -0.412405 0.677547
10014.233191000 2.554275 -0.575223 0.839867 0.238891 -0.559951 -0.412320 0.677774
10014.266524000 2.562588 -0.576674 0.835970 0.238812 -0.559756 -0.412465 0.677875
10014.299857000 2.573418 -0.582146 0.831574 0.238137 -0.559793 -0.412888 0.677825
10014.333190000 2.593656 -0.604534 0.819740 0.235132 -0.560222 -0.414906 0.677287
10014.366523000 2.605121 -0.623005 0.813611 0.232636 -0.560898 -0.416461 0.676634
10014.399856000 2.616752 -0.643861 0.807474 0.229938 -0.561673 -0.418301 0.675778
10014.433189000 2.628098 -0.668155 0.801383 0.226613 -0.562637 -0.420411 0.674789
10014.466522000 2.640255 -0.694502 0.795703 0.223152 -0.563831 -0.422583 0.673588
10014.499855000 2.649494 -0.722534 0.790470 0.219450 -0.565099 -0.424774 0.672363
10014.533188000 2.656187 -0.750720 0.787143 0.215839 -0.566491 -0.427073 0.670903
10014.566521000 2.662241 -0.779980 0.784404 0.212136 -0.567969 -0.429430 0.669328
10014.599854000 2.666146 -0.810080 0.783975 0.208316 -0.569701 -0.431698 0.667594
10014.633187000 2.666882 -0.837229 0.783739 0.204903 -0.571294 -0.433802 0.665923
10014.666520000 2.659134 -0.889876 0.791067 0.197901 -0.575054 -0.437773 0.662195
10014.699853000 2.651060 -0.911043 0.798043 0.195242 -0.576971 -0.439389 0.660244
10014.733186000 2.640737 -0.931140 0.807062 0.192768 -0.579011 -0.440884 0.658185
10014.766519000 2.626972 -0.950034 0.819051 0.190293 -0.581230 -0.442267 0.656019
10014.799852000 2.611195 -0.968736 0.831195 0.187760 -0.583553 -0.443530 0.653829
10014.833185000 2.596325 -0.985983 0.844440 0.185335 -0.585905 -0.444673 0.651638
10014.866518000 2.579983 -1.002193 0.859026 0.183074 -0.588318 -0.445790 0.649336
10014.899851000 2.565111 -1.019535 0.873772 0.180631 -0.590904 -0.446843 0.646943
10014.933184000 2.550679 -1.034707 0.888979 0.178463 -0.593332 -0.447862 0.644614
10014.966517000 2.537875 -1.051699 0.904650 0.176143 -0.595944 -0.448932 0.642094
10014.999850000 2.519305 -1.085855 0.934859 0.171588 -0.601156 -0.450875 0.637087
10015.033183000 2.512835 -1.104419 0.949372 0.169184 -0.603748 -0.451908 0.634543
10015.066516000 2.508213 -1.121207 0.963557 0.167156 -0.606200 -0.452788 0.632110
10015.099849000 2.505978 -1.139362 0.976671 0.165006 -0.608609 -0.453718 0.629689
10015.133182000 2.503897 -1.157463 0.990127 0.162949 -0.611134 -0.454503 0.627208
10015.166515000 2.502268 -1.174179 1.001195 0.161046 -0.613236 -0.455286 0.625076
10015.199848000 2.499355 -1.189972 1.013704 0.159354 -0.615435 -0.456019 0.622810
10015.233181000 2.497402 -1.206247 1.024277 0.157637 -0.617632 -0.456590 0.620650
10015.266514000 2.493676 -1.221295 1.033007 0.156098 -0.619527 -0.457229 0.618677
10015.299847000 2.488511 -1.233771 1.041046 0.154839 -0.621313 -0.457675 0.616870
10015.333180000 2.472171 -1.257165 1.053833 0.152520 -0.624846 -0.458326 0.613386
10015.366513000 2.459771 -1.266555 1.058360 0.151539 -0.626387 -0.458542 0.611894
10015.399846000 2.446183 -1.273922 1.061750 0.150738 -0.627803 -0.458665 0.610548
10015.433179000 2.431005 -1.280740 1.063956 0.150010 -0.629102 -0.458811 0.609279
10015.466512000 2.413448 -1.285520 1.065282 0.149460 -0.630266 -0.458872 0.608164
10015.499845000 2.394695 -1.289894 1.066438 0.148787 -0.631329 -0.459074 0.607072
10015.533178000 2.374598 -1.293469 1.066754 0.148179 -0.632326 -0.459228 0.606067
10015.566511000 2.353546 -1.295742 1.065851 0.147535 -0.633032 -0.459558 0.605236
10015.599844000 2.331882 -1.297567 1.065995 0.146847 -0.633773 -0.459880 0.604382
10015.633177000 2.310014 -1.298012 1.064400 0.146127 -0.634143 -0.460346 0.603814
10015.666510000 2.265954 -1.298499 1.061526 0.144308 -0.634560 -0.461697 0.602780
10015.699843000 2.243585 -1.296837 1.061032 0.143369 -0.634546 -0.462502 0.602403
10015.733176000 2.222418 -1.296596 1.059019 0.142104 -0.634279 -0.463603 0.602136
10015.766509000 2.201105 -1.294243 1.056641 0.141007 -0.633767 -0.464672 0.602111
10015.799842000 2.179417 -1.291758 1.054260 0.139790 -0.633122 -0.465900 0.602123
10015.833175000 2.159550 -1.289787 1.050613 0.138362 -0.632139 -0.467391 0.602331
10015.866508000 2.139841 -1.288002 1.046550 0.136994 -0.631153 -0.468843 0.602548
10015.899841000 2.120610 -1.284012 1.041028 0.135775 -0.629777 -0.470304 0.603125
10015.933174000 2.102792 -1.280830 1.035590 0.134544 -0.628427 -0.471765 0.603669
10015.966507000 2.085882 -1.278327 1.027450 0.133128 -0.626668 -0.473455 0.604487
10015.999840000 2.055425 -1.271269 1.008641 0.130783 -0.622707 -0.476554 0.606653
10016.033173000 2.041446 -1.268280 0.997218 0.129587 -0.620461 -0.478175 0.607934
10016.066506000 2.029510 -1.265915 0.985220 0.128445 -0.618149 -0.479817 0.609237
10016.099839000 2.017780 -1.263778 0.972847 0.127324 -0.615876 -0.481341 0.610570
10016.133172000 2.008143 -1.261967 0.959647 0.126346 -0.613476 -0.482885 0.611969
10016.166505000 1.998113 -1.261853 0.946849 0.125042 -0.611214 -0.484553 0.613181
10016.199838000 1.989051 -1.262437 0.933494 0.123805 -0.608995 -0.486132 0.614389
10016.233171000 1.981783 -1.264138 0.922236 0.122543 -0.607041 -0.487707 0.615326
10016.266504000 1.974171 -1.268174 0.909394 0.120966 -0.605046 -0.489499 0.616180
10016.299837000 1.966819 -1.274543 0.897851 0.119140 -0.603399 -0.491410 0.616630
10016.333170000 1.953845 -1.294347 0.877909 0.114513 -0.600747 -0.495694 0.616666
10016.366503000 1.948168 -1.307739 0.869425 0.112013 -0.599939 -0.497920 0.616119
10016.399836000 1.942757 -1.322544 0.863792 0.109326 -0.599551 -0.500130 0.615188
10016.433169000 1.937112 -1.338052 0.858092 0.106523 -0.599189 -0.502395 0.614186
10016.466502000 1.931772 -1.354650 0.854985 0.103762 -0.599288 -0.504593 0.612758
10016.499835000 1.927656 -1.371227 0.853994 0.101246 -0.599757 -0.506545 0.611108
10016.533168000 1.921846 -1.387932 0.852874 0.098524 -0.600177 -0.508605 0.609427
10016.566501000 1.917675 -1.404083 0.855790 0.096223 -0.601246 -0.510219 0.607388
10016.599834000 1.913061 -1.418472 0.859541 0.094058 -0.602266 -0.511742 0.605434
10016.633167000 1.908394 -1.432206 0.865284 0.092167 -0.603669 -0.512978 0.603276
10016.666500000 1.899086 -1.453487 0.884272 0.089381 -0.607437 -0.514293 0.598777
10016.699833000 1.894783 -1.461011 0.895761 0.088487 -0.609527 -0.514476 0.596626
10016.733166000 1.889102 -1.467572 0.909992 0.087575 -0.611886 -0.514583 0.594248
10016.766499000 1.883928 -1.472417 0.924099 0.087006 -0.614260 -0.514386 0.592049
10016.799832000 1.877674 -1.475737 0.938937 0.086543 -0.616693 -0.514048 0.589877
10016.833165000 1.870972 -1.477497 0.954710 0.086301 -0.619230 -0.513580 0.587659
10016.866498000 1.862987 -1.480593 0.969345 0.085670 -0.621598 -0.513352 0.585445
10016.899831000 1.854739 -1.481500 0.983189 0.085231 -0.623770 -0.512959 0.583541
10016.933164000 1.844371 -1.483437 0.996271 0.084458 -0.625840 -0.512914 0.581472
10016.966497000 1.833224 -1.486184 1.007655 0.083550 -0.627763 -0.513026 0.579428
10016.999830000 1.806848 -1.492791 1.025926 0.080847 -0.630650 -0.514276 0.575557
10017.033163000 1.791917 -1.496094 1.030876 0.079271 -0.631483 -0.515312 0.573933
10017.066496000 1.776039 -1.500896 1.034460 0.077389 -0.632106 -0.516699 0.572254
10017.099829000 1.758382 -1.506224 1.037017 0.075118 -0.632443 -0.518488 0.570565
10017.133162000 1.740522 -1.511894 1.037307 0.072790 -0.632516 -0.520436 0.569009
10017.166495000 1.722649 -1.517783 1.037526 0.070242 -0.632465 -0.522483 0.567508
10017.199828000 1.704728 -1.523042 1.036890 0.067857 -0.632216 -0.524686 0.566041
10017.233161000 1.685125 -1.528389 1.035314 0.065124 -0.631793 -0.527045 0.564641
10017.266494000 1.667066 -1.533823 1.032859 0.062446 -0.631099 -0.529512 0.563410
10017.299827000 1.649013 -1.538522 1.031170 0.059895 -0.630504 -0.531906 0.562097
10017.333160000 1.614617 -1.547063 1.028740 0.054898 -0.629338 -0.536465 0.559575
10017.366493000 1.598647 -1.549999 1.027136 0.052594 -0.628573 -0.538623 0.558583
10017.399826000 1.583164 -1.553273 1.026152 0.050351 -0.627923 -0.540771 0.557444
10017.433159000 1.568813 -1.555718 1.025756 0.048377 -0.627381 -0.542695 0.556359
10017.466492000 1.555128 -1.558888 1.025987 0.046411 -0.627116 -0.544416 0.555142
10017.499825000 1.541305 -1.561433 1.027015 0.044482 -0.626824 -0.546187 0.553888
10017.533158000 1.529434 -1.564839 1.027710 0.042829 -0.626803 -0.547665 0.552582
10017.566491000 1.516961 -1.568716 1.029708 0.041099 -0.627135 -0.548992 0.551017
10017.599824000 1.505291 -1.573819 1.031480 0.039410 -0.627622 -0.550274 0.549305
10017.633157000 1.493858 -1.578969 1.034763 0.037936 -0.628515 -0.551345 0.547309
10017.666490000 1.472060 -1.594636 1.042755 0.034896 -0.631594 -0.553003 0.542273
10017.699823000 1.461148 -1.603731 1.047392 0.033389 -0.633543 -0.553634 0.539442
10017.733156000 1.450273 -1.615089 1.052315 0.031691 -0.635766 -0.554325 0.536211
10017.766489000 1.440449 -1.625418 1.058650 0.030403 -0.638407 -0.554570 0.532883
10017.799822000 1.430943 -1.636227 1.063966 0.029143 -0.641023 -0.554813 0.529549
10017.833155000 1.421574 -1.648088 1.070897 0.027692 -0.643842 -0.555025 0.525974
10017.866488000 1.410659 -1.659642 1.077799 0.026222 -0.646772 -0.555268 0.522184
10017.899821000 1.401630 -1.670644 1.084220 0.024881 -0.649488 -0.555369 0.518759
10017.933154000 1.392054 -1.681708 1.090610 0.023391 -0.652065 -0.555655 0.515278
10017.966487000 1.382527 -1.692248 1.097838 0.021923 -0.654664 -0.555912 0.511758
10017.999820000 1.363682 -1.710015 1.111929 0.019061 -0.659170 -0.556606 0.505294
10018.033153000 1.355156 -1.717945 1.118979 0.017579 -0.661001 -0.557088 0.502417
10018.066486000 1.345226 -1.725341 1.125713 -0.015973 0.662600 0.557867 -0.499490
10018.099819000 1.337191 -1.732339 1.131904 -0.014521 0.663962 0.558561 -0.496944
10018.133152000 1.329502 -1.739817 1.137409 -0.012864 0.664917 0.559568 -0.494574
10018.166485000 1.322007 -1.748135 1.143425 -0.011169 0.665993 0.560543 -0.492057
10018.199818000 1.316618 -1.756558 1.149992 -0.009769 0.667184 0.561256 -0.489655
10018.233151000 1.311541 -1.766164 1.154900 -0.008153 0.667945 0.562301 -0.487443
10018.266484000 1.308086 -1.777505 1.160425 -0.006614 0.668851 0.563264 -0.485106
10018.299817000 1.305002 -1.790518 1.165333 -0.004913 0.669679 0.564342 -0.482725
10018.333150000 1.305663 -1.822761 1.174048 -0.001804 0.671384 0.566216 -0.478163
10018.366483000 1.307606 -1.842191 1.178548 -0.000221 0.672374 0.567146 -0.475667
10018.399816000 1.311638 -1.862371 1.183012 0.001137 0.673373 0.567890 -0.473358
10018.433149000 1.316433 -1.884757 1.187544 0.002541 0.674542 0.568561 -0.470877
10018.466482000 1.323537 -1.906954 1.191056 0.003645 0.675514 0.569081 -0.468843
10018.499815000 1.330830 -1.930300 1.196715 0.004793 0.676864 0.569393 -0.466502
10018.533148000 1.339019 -1.953842 1.201612 0.005757 0.678201 0.569593 -0.464300
10018.566481000 1.348926 -1.977165 1.207917 0.006471 0.679631 0.569586 -0.462204
10018.599814000 1.358332 -1.999988 1.214608 0.007180 0.681203 0.569381 -0.460127
10018.633147000 1.368709 -2.021971 1.222324 0.007650 0.682914 0.568931 -0.458134
10018.666480000 1.389810 -2.061337 1.239954 0.008191 0.686303 0.567708 -0.454565
10018.699813000 1.400839 -2.078178 1.250316 0.008122 0.688317 0.566582 -0.452922
10018.733146000 1.410541 -2.094870 1.261116 0.008271 0.690206 0.565613 -0.451253
10018.766479000 1.419777 -2.110140 1.272661 0.008294 0.692184 0.564551 -0.449549
10018.799812000 1.427862 -2.123821 1.283261 0.008345 0.693962 0.563587 -0.448014
10018.833145000 1.434098 -2.136610 1.295681 0.008562 0.695974 0.562512 -0.446236
10018.866478000 1.438858 -2.149634 1.306892 0.008896 0.697782 0.561758 -0.444352
10018.899811000 1.440924 -2.161190 1.318240 0.009406 0.699448 0.561251 -0.442359
10018.933144000 1.440652 -2.172308 1.328785 0.010123 0.701085 0.560849 -0.440256
10018.966477000 1.437965 -2.182734 1.338478 0.011008 0.702573 0.560739 -0.437997
10018.999810000 1.421465 -2.204167 1.355077 0.014013 0.705061 0.561788 -0.432536
10019.033143000 1.407545 -2.214155 1.361727 0.016085 0.706018 0.562902 -0.429443
10019.066476000 1.393086 -2.223941 1.367045 0.018154 0.706783 0.564203 -0.426384
10019.099809000 1.376001 -2.232191 1.370569 0.020428 0.707250 0.565845 -0.423321
10019.133142000 1.356522 -2.240587 1.373563 0.022954 0.707624 0.567742 -0.420012
10019.166475000 1.336766 -2.246678 1.374787 0.025370 0.707736 0.569725 -0.416988
10019.199808000 1.316184 -2.251764 1.373919 0.027845 0.707509 0.571944 -0.414169
10019.233141000 1.296090 -2.254509 1.372553 0.030113 0.707203 0.574054 -0.411605
10019.266474000 1.276887 -2.255617 1.369743 0.032114 0.706693 0.576222 -0.409295
10019.299807000 1.258703 -2.254253 1.364583 0.033974 0.705803 0.578388 -0.407622
10019.333140000 1.226677 -2.243000 1.351116 0.036784 0.703540 0.582208 -0.405849
10019.366473000 1.214097 -2.234784 1.342116 0.037714 0.702047 0.583937 -0.405864
10019.399806000 1.203796 -2.222706 1.331975 0.038151 0.700375 0.585399 -0.406605
10019.433139000 1.195160 -2.209127 1.321550 0.038300 0.698645 0.586679 -0.407721
10019.466472000 1.189095 -2.194455 1.309396 0.038210 0.696609 0.587818 -0.409568
10019.499805000 1.184940 -2.179134 1.297332 0.037893 0.694573 0.588728 -0.411742
10019.533138000 1.182265 -2.163118 1.285672 0.037336 0.692585 0.589407 -0.414164
10019.566471000 1.180779 -2.146208 1.274340 0.036577 0.690630 0.589889 -0.416802
10019.599804000 1.182554 -2.130142 1.262285 0.035559 0.688541 0.590133 -0.419988
10019.633137000 1.185345 -2.114347 1.250946 0.034438 0.686556 0.590181 -0.423251
10019.666470000 1.194967 -2.084729 1.230640 0.031691 0.682992 0.589710 -0.429838
10019.699803000 1.203114 -2.071557 1.222142 0.030002 0.681518 0.589006 -0.433250
10019.733136000 1.211650 -2.059916 1.214741 0.028349 0.680243 0.588215 -0.436427
10019.766469000 1.219317 -2.049222 1.208191 0.026875 0.679096 0.587452 -0.439325
10019.799802000 1.228533 -2.039104 1.202171 0.025168 0.678060 0.586517 -0.442266
10019.833135000 1.236939 -2.029873 1.196834 0.023592 0.677147 0.585651 -0.444891
10019.866468000 1.244438 -2.021795 1.192172 0.022268 0.676336 0.584833 -0.447264
10019.899801000 1.250433 -2.014160 1.187647 0.021083 0.675542 0.584218 -0.449319
10019.933134000 1.255190 -2.006980 1.183008 0.020098 0.674699 0.583742 -0.451245
10019.966467000 1.258339 -2.001020 1.179142 0.019387 0.673981 0.583423 -0.452759
10019.999800000 1.255492 -1.990258 1.171169 0.019038 0.672416 0.583897 -0.454488
10020.033133000 1.250833 -1.985723 1.167315 0.019294 0.671611 0.584519 -0.454866
10020.066466000 1.244037 -1.980926 1.163142 0.019749 0.670710 0.585416 -0.455023
10020.099799000 1.235590 -1.976817 1.158885 0.020455 0.669785 0.586529 -0.454922
10020.133132000 1.225135 -1.972393 1.154447 0.021338 0.668792 0.587900 -0.454571
10020.166465000 1.212248 -1.968649 1.149813 0.022663 0.667698 0.589585 -0.453934
10020.199798000 1.198333 -1.965109 1.145351 0.024126 0.666608 0.591378 -0.453128
10020.233131000 1.184787 -1.960843 1.140212 0.025463 0.665389 0.593215 -0.452442
10020.266464000 1.169686 -1.956130 1.134620 0.027017 0.664026 0.595239 -0.451698
10020.299797000 1.153321 -1.951686 1.129119 0.028775 0.662634 0.597435 -0.450731
10020.333130000 1.122738 -1.941614 1.117033 0.032000 0.659604 0.601705 -0.449276
10020.366463000 1.107426 -1.936259 1.110312 0.033663 0.657912 0.603907 -0.448682
10020.399796000 1.092722 -1.929733 1.103393 0.035130 0.656150 0.606040 -0.448273
10020.433129000 1.077997 -1.923344 1.096478 0.036657 0.654370 0.608172 -0.447864
10020.466462000 1.065243 -1.916284 1.089353 0.037888 0.652547 0.610093 -0.447810
10020.499795000 1.052131 -1.909327 1.082169 0.039261 0.650660 0.612053 -0.447762
10020.533128000 1.040198 -1.901995 1.075056 0.040391 0.648799 0.613888 -0.447850
10020.566461000 1.030869 -1.894803 1.068440 0.041172 0.647093 0.615380 -0.448201
10020.599794000 1.021907 -1.887370 1.061713 0.041952 0.645324 0.616795 -0.448734
10020.633127000 1.014119 -1.879586 1.055063 0.042521 0.643578 0.618078 -0.449421
10020.666460000 1.004867 -1.864770 1.042885 0.042946 0.640443 0.619686 -0.451640
10020.699793000 1.002377 -1.857175 1.037129 0.042848 0.638980 0.620203 -0.453008
10020.733126000 1.001972 -1.850385 1.030854 0.042608 0.637476 0.620504 -0.454734
10020.766459000 1.002538 -1.842810 1.025370 0.042148 0.636130 0.620547 -0.456601
10020.799792000 1.003993 -1.834884 1.019420 0.041584 0.634692 0.620475 -0.458746
10020.833125000 1.006674 -1.827452 1.014269 0.040848 0.633474 0.620181 -0.460888
10020.866458000 1.009847 -1.818989 1.008510 0.039985 0.632088 0.619820 -0.463345
10020.899791000 1.014270 -1.811086 1.003126 0.039004 0.630841 0.619246 -0.465889
10020.933124000 1.019380 -1.801862 0.997455 0.037758 0.629509 0.618557 -0.468700
10020.966457000 1.024511 -1.792889 0.991391 0.036595 0.628098 0.617846 -0.471614
10020.999790000 1.034986 -1.771651 0.980178 0.033840 0.625337 0.616123 -0.477704
10021.033123000 1.039150 -1.760499 0.973853 0.032600 0.623727 0.615389 -0.480831
10021.066456000 1.044664 -1.749271 0.967268 0.031135 0.622106 0.614464 -0.484199
10021.099789000 1.050298 -1.738368 0.961656 0.029650 0.620692 0.613476 -0.487349
10021.133122000 1.056069 -1.727563 0.954480 0.028147 0.618959 0.612601 -0.490732
10021.166455000 1.061643 -1.716877 0.948732 0.026664 0.617508 0.611578 -0.493909
10021.199788000 1.067731 -1.707653 0.942845 0.025220 0.616103 0.610599 -0.496941
10021.233121000 1.074708 -1.697981 0.936882 -0.023596 -0.614670 -0.609480 0.500158
10021.266454000 1.081091 -1.690024 0.930778 -0.022219 -0.613268 -0.608538 0.503081
10021.299787000 1.089157 -1.683999 0.924927 -0.020799 -0.612063 -0.607475 0.505885
10021.333120000 1.104710 -1.675644 0.914932 -0.018213 -0.610140 -0.605601 0.510534
10021.366453000 1.113947 -1.673770 0.910141 -0.016950 -0.609393 -0.604624 0.512623
10021.399786000 1.123385 -1.674956 0.906186 -0.015957 -0.608964 -0.603755 0.514187
10021.433119000 1.134391 -1.677950 0.902771 -0.014856 -0.608788 -0.602838 0.515504
10021.466452000 1.145276 -1.683272 0.899653 -0.014008 -0.608764 -0.602094 0.516423
10021.499785000 1.157146 -1.692093 0.896838 -0.013367 -0.608999 -0.601456 0.516906
10021.533118000 1.170039 -1.703706 0.894863 -0.012828 -0.609551 -0.600865 0.516957
10021.566451000 1.184170 -1.718744 0.892821 -0.012473 -0.610253 -0.600391 0.516688
10021.599784000 1.199281 -1.737451 0.892485 -0.012280 -0.611479 -0.599926 0.515782
