10000.000000000 0.000000 0.000000 0.000000 0.000000 0.000000 0.000000 1.000000
10000.033333000 0.010527 0.003323 -0.001783 0.002263 -0.004485 -0.001615 0.999986
10000.066666000 0.020469 0.007292 -0.002839 0.004209 -0.008954 -0.003749 0.999944
10000.099999000 0.031221 0.010586 -0.003225 0.005937 -0.013629 -0.005884 0.999872
10000.133332000 0.041823 0.013783 -0.003826 0.007405 -0.018295 -0.008597 0.999768
10000.166665000 0.051363 0.016608 -0.004035 0.008761 -0.022522 -0.011067 0.999647
10000.199998000 0.062091 0.020005 -0.004476 0.010081 -0.027235 -0.014317 0.999476
10000.233331000 0.071917 0.022199 -0.004175 0.010971 -0.031499 -0.017325 0.999293
10000.266664000 0.081179 0.025802 -0.003781 0.012175 -0.035657 -0.020775 0.999074
10000.299997000 0.089939 0.027631 -0.003600 0.012673 -0.039452 -0.023499 0.998865
10000.333330000 0.109623 0.032209 -0.003012 0.014104 -0.048099 -0.030629 0.998273
10000.366663000 0.118464 0.033827 -0.002677 0.014612 -0.051851 -0.033326 0.997992
10000.399996000 0.126467 0.037161 -0.002351 0.015780 -0.055366 -0.036349 0.997679
10000.433329000 0.135340 0.039590 -0.001842 0.016828 -0.059058 -0.038896 0.997355
10000.466662000 0.143836 0.041661 -0.002244 0.017804 -0.062645 -0.041477 0.997015
10000.499995000 0.152425 0.044768 -0.002519 0.019329 -0.066226 -0.043381 0.996674
10000.533328000 0.161091 0.047349 -0.002954 0.020705 -0.069819 -0.045253 0.996318
10000.566661000 0.169595 0.050014 -0.003281 0.022333 -0.073329 -0.046566 0.995970
10000.599994000 0.178218 0.053524 -0.004189 0.024281 -0.076926 -0.047844 0.995592
10000.633327000 0.186512 0.056006 -0.006035 0.026335 -0.080238 -0.048465 0.995248
10000.666660000 0.202897 0.063881 -0.008348 0.031988 -0.087077 -0.048005 0.994530
10000.699993000 0.210817 0.067615 -0.010777 0.034934 -0.090338 -0.047453 0.994166
10000.733326000 0.218849 0.071184 -0.013238 0.038363 -0.093635 -0.046824 0.993765
10000.766659000 0.226844 0.075330 -0.014787 0.042374 -0.096979 -0.046081 0.993316
10000.799992000 0.235134 0.078898 -0.017065 0.046204 -0.100358 -0.045892 0.992818
10000.833325000 0.243291 0.082124 -0.018104 0.050324 -0.103832 -0.046222 0.992245
10000.866658000 0.252103 0.084787 -0.018195 0.054914 -0.107436 -0.047026 0.991580
10000.899991000 0.260610 0.086503 -0.018311 0.059313 -0.110778 -0.049301 0.990848
10000.933324000 0.269816 0.088013 -0.016435 0.064220 -0.114461 -0.052556 0.989956
10000.966657000 0.279866 0.089009 -0.014116 0.068868 -0.118571 -0.057023 0.988912
10000.999990000 0.300736 0.087177 -0.005060 0.079076 -0.126297 -0.070732 0.986303
10001.033323000 0.310739 0.084551 0.000785 0.083847 -0.129923 -0.079949 0.984732
10001.066656000 0.322224 0.081616 0.007460 0.088743 -0.134175 -0.089599 0.982901
10001.099989000 0.333794 0.078278 0.014723 0.093692 -0.138536 -0.099931 0.980838
10001.133322000 0.345222 0.073432 0.021885 0.097794 -0.143050 -0.110471 0.978657
10001.166655000 0.357164 0.068937 0.028215 0.101683 -0.147894 -0.121253 0.976261
10001.199988000 0.367633 0.064375 0.035285 0.105495 -0.152693 -0.131290 0.973817
10001.233321000 0.378676 0.058566 0.040160 0.107919 -0.158295 -0.141096 0.971282
10001.266654000 0.388183 0.052850 0.043481 0.109591 -0.163744 -0.150394 0.968793
10001.299987000 0.398375 0.047363 0.045184 0.110535 -0.169880 -0.158683 0.966304
10001.333320000 0.416705 0.035914 0.042955 0.108977 -0.184326 -0.172903 0.961381
10001.366653000 0.424997 0.031531 0.038186 0.106786 -0.192485 -0.178488 0.959004
10001.399986000 0.433042 0.027496 0.031745 0.103787 -0.200793 -0.183550 0.956671
10001.433319000 0.441199 0.023286 0.024209 0.100312 -0.209735 -0.188117 0.954233
10001.466652000 0.449613 0.021093 0.014825 0.096353 -0.219113 -0.191922 0.951773
10001.499985000 0.457832 0.019875 0.005997 0.092989 -0.228269 -0.195150 0.949296
10001.533318000 0.467049 0.017598 -0.003753 0.089194 -0.237895 -0.198187 0.946664
10001.566651000 0.476178 0.016282 -0.013759 0.085323 -0.246918 -0.200474 0.944226
10001.599984000 0.487204 0.016123 -0.023505 0.082412 -0.256322 -0.202624 0.941515
10001.633317000 0.500148 0.017009 -0.031738 0.080939 -0.265593 -0.204152 0.938739
10001.666650000 0.529577 0.020911 -0.044741 0.080715 -0.282367 -0.205944 0.933456
10001.699983000 0.545225 0.023974 -0.049426 0.082390 -0.289259 -0.206650 0.931041
10001.733316000 0.563312 0.028936 -0.053201 0.085822 -0.295845 -0.206679 0.928652
10001.766649000 0.581107 0.033306 -0.055888 0.088722 -0.302132 -0.206528 0.926386
10001.799982000 0.599702 0.038105 -0.058156 0.092743 -0.307523 -0.206180 0.924293
10001.833315000 0.618534 0.043560 -0.058069 0.097111 -0.312883 -0.205912 0.922103
10001.866648000 0.636465 0.049918 -0.058141 0.102279 -0.317131 -0.205067 0.920279
10001.899981000 0.654345 0.055378 -0.057018 0.106746 -0.321756 -0.204582 0.918273
10001.933314000 0.670540 0.061173 -0.056155 0.111115 -0.325303 -0.203770 0.916684
10001.966647000 0.685912 0.066250 -0.054809 0.115048 -0.328708 -0.203099 0.915132
10001.999980000 0.711101 0.077073 -0.052206 0.122312 -0.334483 -0.201860 0.912367
10002.033313000 0.721858 0.082290 -0.050319 0.125601 -0.337493 -0.201052 0.910989
10002.066646000 0.730341 0.086086 -0.049346 0.127594 -0.339992 -0.200604 0.909881
10002.099979000 0.738164 0.089702 -0.048035 0.129282 -0.342493 -0.200044 0.908828
10002.133312000 0.745109 0.091867 -0.048332 0.130625 -0.344403 -0.199650 0.908000
10002.166645000 0.751384 0.094296 -0.048181 0.131981 -0.346556 -0.199127 0.907099
10002.199978000 0.758815 0.096373 -0.048892 0.132912 -0.348692 -0.198932 0.906187
10002.233311000 0.765836 0.097754 -0.050375 0.133418 -0.350510 -0.198921 0.905413
10002.266644000 0.773556 0.098583 -0.053219 0.134090 -0.352066 -0.198766 0.904744
10002.299977000 0.781825 0.098182 -0.057433 0.134102 -0.353560 -0.199100 0.904086
10002.333310000 0.803481 0.097650 -0.070083 0.134082 -0.355642 -0.199358 0.903215
10002.366643000 0.815290 0.095117 -0.078531 0.133330 -0.356200 -0.200203 0.902919
10002.399976000 0.829378 0.093615 -0.087179 0.133405 -0.357156 -0.200869 0.902383
10002.433309000 0.842039 0.091640 -0.097664 0.132710 -0.357361 -0.201214 0.902327
10002.466642000 0.855733 0.088536 -0.109089 0.131656 -0.357653 -0.202185 0.902149
10002.499975000 0.867967 0.085106 -0.117908 0.130480 -0.358326 -0.202985 0.901873
10002.533308000 0.878836 0.082173 -0.128071 0.128915 -0.358950 -0.203817 0.901662
10002.566641000 0.888463 0.080189 -0.138080 0.127339 -0.359468 -0.204777 0.901462
10002.599974000 0.895881 0.077273 -0.147123 0.125258 -0.359913 -0.205177 0.901485
10002.633307000 0.901745 0.073573 -0.155321 0.122468 -0.361031 -0.206038 0.901225
10002.666640000 0.900817 0.068944 -0.165654 0.116377 -0.363656 -0.207693 0.900596
10002.699973000 0.896419 0.067019 -0.168126 0.112816 -0.365331 -0.208576 0.900168
10002.733306000 0.889532 0.065977 -0.170185 0.109199 -0.366693 -0.209526 0.899839
10002.766639000 0.881541 0.064649 -0.169448 0.105761 -0.368065 -0.210465 0.899470
10002.799972000 0.871580 0.063160 -0.168479 0.102845 -0.368410 -0.211357 0.899458
10002.833305000 0.860840 0.061997 -0.166608 0.100393 -0.368117 -0.212000 0.899704
10002.866638000 0.849348 0.059532 -0.163961 0.098698 -0.366247 -0.212002 0.900654
10002.899971000 0.837823 0.057633 -0.161000 0.098287 -0.363033 -0.212210 0.901950
10002.933304000 0.826592 0.053758 -0.157402 0.098802 -0.358325 -0.212139 0.903791
10002.966637000 0.818054 0.050227 -0.154765 0.101334 -0.351469 -0.211232 0.906411
10002.999970000 0.802366 0.040259 -0.150045 0.111517 -0.330934 -0.208765 0.913490
10003.033303000 0.797658 0.034044 -0.147082 0.118961 -0.318507 -0.207186 0.917320
10003.066636000 0.793500 0.026815 -0.144579 0.127333 -0.304490 -0.205322 0.921366
10003.099969000 0.791852 0.020053 -0.143569 0.136148 -0.290368 -0.203764 0.925003
10003.133302000 0.790275 0.011943 -0.142541 0.144780 -0.276126 -0.202659 0.928290
10003.166635000 0.788806 0.005681 -0.141143 0.153548 -0.262413 -0.201159 0.931181
10003.199968000 0.788085 -0.001758 -0.140125 0.161401 -0.249619 -0.200539 0.933501
10003.233301000 0.787182 -0.007935 -0.139577 0.168499 -0.237925 -0.199984 0.935418
10003.266634000 0.785659 -0.013823 -0.138646 0.174773 -0.227277 -0.199368 0.937044
10003.299967000 0.784302 -0.020500 -0.139031 0.179341 -0.218450 -0.199171 0.938321
10003.333300000 0.775244 -0.028231 -0.138036 0.185862 -0.204851 -0.198781 0.940201
10003.366633000 0.769035 -0.031333 -0.137930 0.187316 -0.200119 -0.198316 0.941029
10003.399966000 0.761029 -0.032972 -0.138416 0.187853 -0.196412 -0.197981 0.941773
10003.433299000 0.754253 -0.034553 -0.138376 0.187760 -0.193930 -0.197705 0.942364
10003.466632000 0.744199 -0.036933 -0.137882 0.186556 -0.191915 -0.197001 0.943163
10003.499965000 0.735321 -0.038113 -0.137922 0.185143 -0.190709 -0.196662 0.943756
10003.533298000 0.726019 -0.039531 -0.136934 0.183153 -0.190288 -0.196630 0.944236
10003.566631000 0.716260 -0.042186 -0.135067 0.180652 -0.190102 -0.196402 0.944803
10003.599964000 0.707379 -0.044561 -0.133372 0.178180 -0.190099 -0.196159 0.945323
10003.633297000 0.698544 -0.047853 -0.130916 0.175464 -0.190173 -0.196017 0.945846
10003.666630000 0.680697 -0.057460 -0.124162 0.169950 -0.190130 -0.196135 0.946836
10003.699963000 0.672723 -0.064230 -0.119338 0.167364 -0.189863 -0.196263 0.947324
10003.733296000 0.665069 -0.072240 -0.113304 0.164808 -0.189528 -0.196330 0.947825
10003.766629000 0.657733 -0.079265 -0.107178 0.162794 -0.189032 -0.196695 0.948196
10003.799962000 0.651180 -0.087774 -0.101247 0.160469 -0.188586 -0.197087 0.948600
10003.833295000 0.646262 -0.098439 -0.093840 0.157999 -0.188457 -0.197585 0.948937
10003.866628000 0.640098 -0.108491 -0.086045 0.155719 -0.188245 -0.198482 0.949168
10003.899961000 0.633678 -0.118573 -0.078293 0.153709 -0.187394 -0.198684 0.949622
10003.933294000 0.628462 -0.127839 -0.070109 0.151820 -0.187212 -0.199545 0.949781
10003.966627000 0.622634 -0.139163 -0.063560 0.149100 -0.186832 -0.200490 0.950088
10003.999960000 0.613625 -0.159453 -0.049324 0.144456 -0.186424 -0.201442 0.950684
10004.033293000 0.607396 -0.169459 -0.043190 0.141867 -0.186095 -0.202379 0.950939
10004.066626000 0.602462 -0.178548 -0.036163 0.139322 -0.186219 -0.203051 0.951148
10004.099959000 0.596829 -0.186982 -0.029567 0.137051 -0.185885 -0.203442 0.951459
10004.133292000 0.591684 -0.195674 -0.023235 0.134496 -0.185823 -0.204055 0.951705
10004.166625000 0.584921 -0.204230 -0.017028 0.131657 -0.185541 -0.204677 0.952023
10004.199958000 0.578505 -0.213129 -0.010994 0.128668 -0.185320 -0.205359 0.952328
10004.233291000 0.571223 -0.220923 -0.004695 0.126123 -0.184325 -0.205160 0.952904
10004.266624000 0.564016 -0.229815 0.001789 0.123013 -0.183883 -0.205745 0.953270
10004.299957000 0.556324 -0.237759 0.007952 0.120132 -0.183164 -0.206237 0.953670
10004.333290000 0.539041 -0.258233 0.019559 0.112413 -0.181255 -0.207476 0.954706
10004.366623000 0.528968 -0.267900 0.025973 0.108790 -0.179675 -0.207805 0.955353
10004.399956000 0.518991 -0.277602 0.033085 0.105188 -0.178252 -0.208181 0.955941
10004.433289000 0.509183 -0.287238 0.041187 0.101651 -0.176904 -0.208484 0.956508
10004.466622000 0.500486 -0.296563 0.047871 0.098178 -0.175810 -0.208945 0.956971
10004.499955000 0.492671 -0.305546 0.055083 0.094822 -0.174927 -0.209420 0.957368
10004.533288000 0.485324 -0.314211 0.062346 0.091611 -0.174182 -0.209951 0.957700
10004.566621000 0.480332 -0.323258 0.067477 0.088222 -0.173968 -0.210742 0.957883
10004.599954000 0.478404 -0.331969 0.074025 0.085554 -0.174679 -0.211795 0.957763
10004.633287000 0.477227 -0.340449 0.079180 0.082725 -0.175719 -0.212972 0.957561
10004.666620000 0.484653 -0.355072 0.086398 0.078542 -0.180542 -0.216287 0.956272
10004.699953000 0.491929 -0.361469 0.090627 0.077193 -0.184173 -0.218212 0.955251
10004.733286000 0.501797 -0.366922 0.093722 0.076359 -0.188469 -0.220331 0.953993
10004.766619000 0.513608 -0.373206 0.097306 0.075506 -0.193618 -0.222735 0.952470
10004.799952000 0.525135 -0.377696 0.100192 0.075175 -0.198352 -0.224816 0.951033
10004.833285000 0.539159 -0.379748 0.104891 0.076112 -0.204041 -0.227018 0.949230
10004.866618000 0.554076 -0.387714 0.111401 0.075383 -0.210473 -0.229295 0.947334
10004.899951000 0.566511 -0.390737 0.116630 0.075905 -0.215697 -0.231315 0.945625
10004.933284000 0.578395 -0.393061 0.123031 0.076772 -0.220918 -0.233200 0.943885
10004.966617000 0.589554 -0.395205 0.130385 0.077708 -0.225986 -0.234999 0.942161
10004.999950000 0.606436 -0.399660 0.149223 0.079258 -0.235031 -0.237920 0.939081
10005.033283000 0.610517 -0.401693 0.159628 0.079774 -0.238393 -0.239177 0.937869
10005.066616000 0.611688 -0.403744 0.170619 0.080033 -0.241004 -0.240134 0.936935
10005.099949000 0.612569 -0.405878 0.182407 0.080292 -0.243661 -0.241158 0.935962
10005.133282000 0.612861 -0.407745 0.195591 0.080691 -0.246364 -0.242067 0.934985
10005.166615000 0.610009 -0.410858 0.209079 0.080384 -0.248379 -0.242959 0.934247
10005.199948000 0.608709 -0.412772 0.222562 0.080602 -0.250737 -0.243791 0.933381
10005.233281000 0.606965 -0.414100 0.236825 0.081040 -0.253061 -0.244505 0.932529
10005.266614000 0.605524 -0.416625 0.249960 0.081020 -0.255482 -0.245373 0.931642
10005.299947000 0.602286 -0.419022 0.262890 0.080823 -0.257268 -0.246188 0.930952
10005.333280000 0.599527 -0.425451 0.286396 0.080011 -0.261920 -0.248256 0.929174
10005.366613000 0.598636 -0.428148 0.297765 0.079829 -0.264414 -0.249205 0.928229
10005.399946000 0.599231 -0.431515 0.308347 0.079524 -0.267316 -0.250416 0.927097
10005.433279000 0.599727 -0.434914 0.318824 0.079185 -0.270190 -0.251672 0.925953
10005.466612000 0.599837 -0.438288 0.328994 0.078761 -0.272949 -0.252799 0.924872
10005.499945000 0.599965 -0.442476 0.338985 0.078011 -0.275830 -0.254230 0.923688
10005.533278000 0.602525 -0.445832 0.349236 0.077836 -0.279412 -0.255556 0.922259
10005.566611000 0.603006 -0.449294 0.359366 0.077413 -0.282406 -0.256832 0.921028
10005.599944000 0.604658 -0.452517 0.369675 0.077261 -0.285862 -0.258128 0.919611
10005.633277000 0.605829 -0.455121 0.380773 0.077382 -0.289332 -0.259254 0.918197
10005.666610000 0.607828 -0.459316 0.404209 0.078028 -0.296492 -0.261467 0.915226
10005.699943000 0.608504 -0.462070 0.417330 0.078287 -0.300475 -0.262516 0.913604
10005.733276000 0.608943 -0.463843 0.430418 0.078929 -0.304287 -0.263375 0.912038
10005.766609000 0.607589 -0.465511 0.443519 0.078979 -0.308033 -0.264114 0.910561
10005.799942000 0.607324 -0.467297 0.455867 0.079480 -0.311700 -0.265103 0.908981
10005.833275000 0.608511 -0.469514 0.469677 0.080019 -0.316196 -0.266277 0.907036
10005.866608000 0.609347 -0.470888 0.482429 0.080829 -0.320388 -0.267242 0.905207
10005.899941000 0.610613 -0.473374 0.495203 0.081199 -0.324760 -0.268326 0.903294
10005.933274000 0.611342 -0.476173 0.506395 0.081238 -0.328739 -0.269513 0.901495
10005.966607000 0.612789 -0.480519 0.517591 0.081063 -0.332586 -0.270992 0.899655
10005.999940000 0.615954 -0.489931 0.535846 0.079169 -0.340499 -0.273879 0.895982
10006.033273000 0.618185 -0.495119 0.542835 0.078364 -0.343870 -0.275771 0.894183
10006.066606000 0.620295 -0.501059 0.549328 0.076859 -0.347079 -0.277326 0.892591
10006.099939000 0.622324 -0.507547 0.555165 0.075035 -0.350547 -0.279750 0.890633
10006.133272000 0.625739 -0.514388 0.560323 0.073241 -0.353916 -0.281527 0.888888
10006.166605000 0.628319 -0.521844 0.564676 0.070898 -0.357219 -0.284161 0.886916
10006.199938000 0.631188 -0.529586 0.568078 0.068179 -0.360392 -0.286464 0.885103
10006.233271000 0.634159 -0.537934 0.573427 0.065417 -0.364240 -0.288858 0.882956
10006.266604000 0.636979 -0.545807 0.576601 0.062215 -0.367789 -0.290973 0.881019
10006.299937000 0.638987 -0.553755 0.579829 0.058856 -0.371092 -0.293193 0.879127
10006.333270000 0.642736 -0.570135 0.587060 0.051564 -0.378297 -0.297363 0.875104
10006.366603000 0.643717 -0.578310 0.591616 0.047629 -0.382082 -0.299289 0.873024
10006.399936000 0.644574 -0.586557 0.596326 0.043681 -0.386030 -0.301499 0.870730
10006.433269000 0.645832 -0.593699 0.601718 0.040580 -0.390110 -0.303757 0.868274
10006.466602000 0.647490 -0.601514 0.606125 0.036948 -0.394064 -0.305618 0.865994
10006.499935000 0.649175 -0.608215 0.610826 0.034238 -0.397638 -0.307687 0.863736
10006.533268000 0.651612 -0.614583 0.616814 0.032387 -0.401336 -0.309700 0.861375
10006.566601000 0.654128 -0.621263 0.622083 0.030620 -0.404475 -0.311601 0.859283
10006.599934000 0.657726 -0.627207 0.627624 0.030216 -0.407640 -0.313942 0.856946
10006.633267000 0.661550 -0.633029 0.633385 0.030352 -0.410461 -0.316487 0.854656
10006.666600000 0.674740 -0.641323 0.646360 0.035655 -0.415305 -0.321526 0.850219
10006.699933000 0.682753 -0.644279 0.652108 0.040091 -0.416837 -0.324148 0.848273
10006.733266000 0.690806 -0.648218 0.658696 0.044676 -0.418324 -0.327221 0.846130
10006.766599000 0.700709 -0.651624 0.664884 0.050726 -0.419483 -0.329873 0.844183
10006.799932000 0.711140 -0.655360 0.670103 0.056092 -0.420613 -0.333062 0.842026
10006.833265000 0.722411 -0.658746 0.675026 0.061942 -0.421400 -0.335941 0.840077
10006.866598000 0.733786 -0.662835 0.679580 0.067653 -0.422016 -0.339306 0.837972
10006.899931000 0.746012 -0.666652 0.683644 0.073185 -0.423061 -0.342471 0.835690
10006.933264000 0.758870 -0.671488 0.686193 0.077891 -0.424156 -0.345926 0.833282
10006.966597000 0.770898 -0.678008 0.688760 0.080853 -0.425475 -0.349344 0.830899
10006.999930000 0.798181 -0.692933 0.690100 0.085023 -0.430260 -0.356605 0.824912
10007.033263000 0.812816 -0.702224 0.688696 0.085272 -0.433033 -0.360461 0.821753
10007.066596000 0.826664 -0.711702 0.687088 0.084831 -0.436463 -0.363483 0.818648
10007.099929000 0.839669 -0.722149 0.685824 0.083461 -0.439764 -0.366338 0.815744
10007.133262000 0.852914 -0.732564 0.683570 0.081714 -0.443574 -0.368821 0.812733
10007.166595000 0.866005 -0.743180 0.679799 0.079376 -0.446721 -0.371065 0.810216
10007.199928000 0.879372 -0.752498 0.676573 0.077397 -0.450308 -0.372514 0.807754
10007.233261000 0.891422 -0.762267 0.673350 0.074640 -0.453685 -0.373164 0.805821
10007.266594000 0.903609 -0.770240 0.668905 0.072859 -0.456265 -0.373017 0.804595
10007.299927000 0.914700 -0.777912 0.665381 0.070448 -0.459239 -0.372131 0.803527
10007.333260000 0.937167 -0.788722 0.658713 0.067748 -0.463583 -0.367866 0.803228
10007.366593000 0.946325 -0.791156 0.656304 0.067357 -0.464703 -0.364530 0.804134
10007.399926000 0.956165 -0.792271 0.653687 0.067045 -0.465903 -0.361156 0.804988
10007.433259000 0.965631 -0.792910 0.651709 0.067261 -0.467054 -0.357379 0.805988
10007.466592000 0.974687 -0.791913 0.650932 0.068453 -0.468204 -0.354089 0.806672
10007.499925000 0.983070 -0.789102 0.650284 0.070116 -0.469221 -0.351293 0.807161
10007.533258000 0.990760 -0.786261 0.650808 0.072320 -0.470155 -0.349946 0.807008
10007.566591000 0.998797 -0.781274 0.650877 0.075265 -0.471253 -0.349525 0.806280
10007.599924000 1.006282 -0.776578 0.653082 0.079166 -0.472667 -0.350854 0.804500
10007.633257000 1.013643 -0.770453 0.655816 0.083575 -0.474148 -0.353865 0.801860
10007.666590000 1.029723 -0.754480 0.665922 0.096062 -0.477755 -0.366235 0.792713
10007.699923000 1.037907 -0.746535 0.672381 0.103059 -0.480014 -0.375662 0.786030
10007.733256000 1.045098 -0.738079 0.680193 0.110981 -0.482400 -0.386370 0.778262
10007.766589000 1.052670 -0.728979 0.686759 0.119034 -0.484158 -0.397959 0.770098
10007.799922000 1.060418 -0.719821 0.695277 0.127523 -0.486451 -0.409861 0.760998
10007.833255000 1.067278 -0.711784 0.702867 0.135538 -0.488116 -0.422329 0.751672
10007.866588000 1.074693 -0.703505 0.712023 0.143998 -0.489984 -0.433759 0.742316
10007.899921000 1.080471 -0.696682 0.717763 0.151174 -0.491152 -0.445041 0.733386
10007.933254000 1.086479 -0.689286 0.724006 0.158187 -0.491820 -0.455031 0.725283
10007.966587000 1.093885 -0.683766 0.728767 0.163911 -0.492636 -0.463205 0.718251
10007.999920000 1.105353 -0.674190 0.735171 0.172367 -0.493157 -0.475055 0.708102
10008.033253000 1.111623 -0.671434 0.737230 0.175028 -0.493417 -0.478158 0.705173
10008.066586000 1.117011 -0.669314 0.737665 0.176522 -0.493408 -0.479864 0.703647
10008.099919000 1.123657 -0.668187 0.737691 0.177426 -0.493682 -0.480337 0.702905
10008.133252000 1.130218 -0.666500 0.737214 0.178073 -0.493988 -0.479197 0.703304
10008.166585000 1.137921 -0.665022 0.735816 0.178495 -0.494232 -0.477100 0.704450
10008.199918000 1.146707 -0.663601 0.733367 0.179025 -0.494252 -0.474528 0.706037
10008.233251000 1.156257 -0.661486 0.731545 0.180044 -0.494791 -0.470971 0.707780
10008.266584000 1.166568 -0.659789 0.729203 0.180947 -0.495541 -0.466932 0.709698
10008.299917000 1.178563 -0.655932 0.726287 0.182967 -0.496106 -0.462652 0.711586
10008.333250000 1.208048 -0.645362 0.722681 0.190056 -0.498567 -0.453236 0.714064
10008.366583000 1.225467 -0.637604 0.720640 0.194897 -0.499925 -0.448130 0.715031
10008.399916000 1.243411 -0.630713 0.719834 0.200450 -0.501602 -0.443673 0.715101
10008.433249000 1.261576 -0.622871 0.717789 0.205853 -0.503120 -0.439234 0.715240
10008.466582000 1.281105 -0.615667 0.715861 0.211699 -0.504641 -0.435609 0.714679
10008.499915000 1.301717 -0.608325 0.716446 0.217780 -0.506866 -0.431435 0.713809
10008.533248000 1.318246 -0.602463 0.713990 0.222833 -0.508382 -0.428326 0.713043
10008.566581000 1.336806 -0.597019 0.713295 0.228397 -0.509960 -0.425720 0.711715
10008.599914000 1.352034 -0.594560 0.712331 0.231997 -0.511691 -0.423557 0.710598
10008.633247000 1.367308 -0.593674 0.711104 0.235423 -0.513393 -0.422308 0.708985
10008.666580000 1.390308 -0.597184 0.708590 0.238850 -0.515963 -0.420928 0.706790
10008.699913000 1.398958 -0.603050 0.707520 0.238649 -0.517517 -0.421447 0.705411
10008.733246000 1.405842 -0.609407 0.705628 0.237560 -0.518446 -0.422160 0.704670
10008.766579000 1.411891 -0.618966 0.703428 0.235574 -0.519694 -0.423367 0.703693
10008.799912000 1.415788 -0.630791 0.701506 0.232779 -0.520960 -0.425226 0.702565
10008.833245000 1.418383 -0.643669 0.700294 0.229497 -0.522300 -0.427352 0.701359
10008.866578000 1.419427 -0.658744 0.697849 0.225029 -0.523478 -0.429790 0.700438
10008.899911000 1.421937 -0.673912 0.695317 0.221024 -0.524384 -0.432518 0.699355
10008.933244000 1.422248 -0.689627 0.693355 0.216903 -0.525648 -0.435271 0.697988
10008.966577000 1.423710 -0.706971 0.690727 0.211972 -0.527013 -0.437966 0.696786
10008.999910000 1.426001 -0.741436 0.685646 0.203044 -0.529484 -0.443923 0.693796
10009.033243000 1.428827 -0.758971 0.683373 0.198844 -0.530961 -0.446735 0.692075
10009.066576000 1.432116 -0.775704 0.680283 0.194474 -0.532304 -0.448941 0.690858
10009.099909000 1.436226 -0.791989 0.679731 0.191108 -0.534087 -0.451294 0.688885
10009.133242000 1.441783 -0.807417 0.679932 0.188215 -0.535937 -0.453420 0.686846
10009.166575000 1.447096 -0.822278 0.680161 0.185796 -0.537652 -0.455863 0.684543
10009.199908000 1.453442 -0.836373 0.680204 0.183503 -0.539603 -0.457423 0.682583
10009.233241000 1.459394 -0.849513 0.681411 0.181350 -0.541471 -0.458900 0.680685
10009.266574000 1.467101 -0.861231 0.684890 0.180031 -0.543878 -0.459742 0.678544
10009.299907000 1.474357 -0.872496 0.688497 0.178648 -0.546148 -0.460649 0.676468
10009.333240000 1.493357 -0.892519 0.697937 0.177048 -0.551258 -0.461120 0.672411
10009.366573000 1.502708 -0.899146 0.704249 0.177197 -0.553842 -0.460690 0.670541
10009.399906000 1.513546 -0.905994 0.711581 0.177243 -0.556594 -0.460091 0.668658
10009.433239000 1.523824 -0.910514 0.717478 0.177686 -0.558760 -0.459435 0.667184
10009.466572000 1.535168 -0.915649 0.724177 0.177972 -0.561276 -0.458518 0.665625
10009.499905000 1.546931 -0.920379 0.729087 0.178310 -0.563411 -0.457555 0.664392
10009.533238000 1.557943 -0.923459 0.733415 0.178915 -0.565132 -0.456651 0.663390
10009.566571000 1.570630 -0.926246 0.736714 0.179428 -0.566792 -0.455502 0.662624
10009.599904000 1.582581 -0.928870 0.737125 0.179878 -0.567677 -0.454876 0.662174
10009.633237000 1.595155 -0.930621 0.737893 0.180431 -0.568392 -0.454254 0.661838
10009.666570000 1.616704 -0.933660 0.731437 0.181196 -0.568125 -0.453874 0.662118
10009.699903000 1.627562 -0.934309 0.726011 0.181415 -0.567350 -0.453940 0.662677
10009.733236000 1.637840 -0.936072 0.719050 0.181573 -0.566345 -0.454328 0.663228
10009.766569000 1.648139 -0.936769 0.710076 0.181614 -0.564796 -0.454854 0.664176
10009.799902000 1.658060 -0.938535 0.700244 0.181459 -0.563329 -0.455411 0.665082
10009.833235000 1.669237 -0.940388 0.690658 0.181432 -0.561983 -0.455991 0.665830
10009.866568000 1.679032 -0.941855 0.682334 0.181453 -0.560751 -0.456422 0.666567
10009.899901000 1.688770 -0.944822 0.673683 0.181179 -0.559625 -0.457092 0.667128
10009.933234000 1.699714 -0.947478 0.665582 0.180984 -0.558684 -0.457484 0.667701
10009.966567000 1.709721 -0.950439 0.660436 0.181078 -0.558410 -0.457550 0.667860
10009.999900000 1.729326 -0.958982 0.655924 0.181042 -0.559231 -0.457492 0.667222
10010.033233000 1.740591 -0.964108 0.656679 0.181338 -0.560433 -0.457143 0.666372
10010.066566000 1.750699 -0.969187 0.659651 0.181664 -0.561984 -0.456597 0.665350
10010.099899000 1.762121 -0.974135 0.665085 0.182087 -0.563949 -0.455876 0.664065
10010.133232000 1.772784 -0.979705 0.670939 0.182496 -0.566075 -0.455130 0.662655
10010.166565000 1.783530 -0.985253 0.677293 0.182774 -0.568201 -0.454305 0.661323
10010.199898000 1.795549 -0.989464 0.681449 0.182939 -0.569969 -0.453480 0.660321
10010.233231000 1.807474 -0.994424 0.689141 0.183186 -0.572097 -0.452679 0.658961
10010.266564000 1.818087 -0.996856 0.695408 0.183656 -0.573667 -0.451951 0.657964
10010.299897000 1.830313 -0.998986 0.701019 0.184064 -0.574915 -0.451350 0.657173
10010.333230000 1.852342 -0.997960 0.706222 0.184621 -0.575661 -0.450535 0.656922
10010.366563000 1.863524 -0.996387 0.707152 0.184628 -0.575372 -0.450413 0.657258
10010.399896000 1.873621 -0.993485 0.707871 0.184770 -0.574779 -0.450513 0.657668
10010.433229000 1.886389 -0.994625 0.707528 0.183899 -0.574436 -0.450419 0.658276
10010.466562000 1.896882 -0.991043 0.706294 0.183691 -0.573301 -0.450670 0.659151
10010.499895000 1.906933 -0.988166 0.704456 0.183288 -0.572146 -0.451148 0.659939
10010.533228000 1.916761 -0.986447 0.701594 0.182839 -0.570792 -0.451896 0.660724
10010.566561000 1.924375 -0.985181 0.700789 0.182028 -0.569714 -0.452688 0.661336
10010.599894000 1.931423 -0.983858 0.698953 0.181238 -0.568575 -0.453443 0.662015
10010.633227000 1.937585 -0.982955 0.697479 0.180271 -0.567393 -0.454432 0.662616
10010.666560000 1.944428 -0.985028 0.699613 0.177774 -0.566247 -0.456345 0.662956
10010.699893000 1.946790 -0.988615 0.701620 0.176273 -0.566038 -0.457482 0.662751
10010.733226000 1.948392 -0.992952 0.705118 0.174682 -0.566100 -0.458610 0.662340
10010.766559000 1.949738 -0.998187 0.709345 0.173073 -0.566450 -0.459578 0.661791
10010.799892000 1.950820 -1.004411 0.714673 0.171305 -0.566944 -0.460859 0.660938
10010.833225000 1.951251 -1.010877 0.719673 0.169466 -0.567352 -0.462216 0.660113
10010.866558000 1.953108 -1.018775 0.727232 0.167680 -0.568474 -0.463251 0.658878
10010.899891000 1.955356 -1.027164 0.733963 0.165704 -0.569398 -0.464477 0.657716
10010.933224000 1.957722 -1.035963 0.740951 0.163731 -0.570359 -0.465706 0.656506
10010.966557000 1.962105 -1.045422 0.747749 0.161606 -0.571306 -0.466920 0.655346
10010.999890000 1.976922 -1.062297 0.761469 0.157976 -0.573255 -0.468879 0.653126
10011.033223000 1.986170 -1.070679 0.768714 0.156288 -0.574223 -0.469676 0.652109
10011.066556000 1.996859 -1.079482 0.776484 0.154741 -0.575309 -0.470435 0.650973
10011.099889000 2.008765 -1.085384 0.782676 0.153701 -0.575963 -0.470984 0.650244
10011.133222000 2.020735 -1.091482 0.788973 0.152659 -0.576621 -0.471536 0.649506
10011.166555000 2.033367 -1.096804 0.792738 0.151819 -0.576996 -0.472124 0.648942
10011.199888000 2.046704 -1.100618 0.796742 0.151233 -0.577323 -0.472419 0.648573
10011.233221000 2.059279 -1.102820 0.800098 0.150928 -0.577622 -0.472397 0.648394
10011.266554000 2.071212 -1.103585 0.802041 0.150933 -0.577635 -0.472358 0.648410
10011.299887000 2.082390 -1.102187 0.803531 0.151361 -0.577534 -0.472171 0.648536
10011.333220000 2.101351 -1.094194 0.800473 0.152913 -0.576631 -0.471123 0.649736
10011.366553000 2.109511 -1.088463 0.797830 0.153869 -0.576103 -0.470348 0.650540
10011.399886000 2.116792 -1.080336 0.793835 0.155347 -0.575382 -0.469384 0.651522
10011.433219000 2.125220 -1.071996 0.786466 0.156620 -0.574216 -0.468563 0.652836
10011.466552000 2.133644 -1.066254 0.781493 0.157887 -0.573490 -0.467823 0.653699
10011.499885000 2.142442 -1.060558 0.777655 0.159202 -0.572927 -0.467058 0.654421
10011.533218000 2.153367 -1.054737 0.772621 0.160457 -0.572076 -0.466352 0.655361
10011.566551000 2.161360 -1.052027 0.766265 0.160585 -0.571642 -0.465405 0.656380
10011.599884000 2.168074 -1.045153 0.760234 0.161809 -0.570437 -0.465096 0.657347
10011.633217000 2.174033 -1.035544 0.752846 0.162905 -0.568858 -0.464521 0.658850
10011.666550000 2.187518 -1.022056 0.741162 0.164066 -0.566016 -0.464250 0.661196
10011.699883000 2.196735 -1.017395 0.736570 0.164199 -0.564779 -0.464331 0.662163
10011.733216000 2.205776 -1.015660 0.733610 0.163910 -0.563736 -0.464928 0.662705
10011.766549000 2.214999 -1.014258 0.731210 0.163480 -0.562730 -0.465554 0.663226
10011.799882000 2.223305 -1.011278 0.728675 0.163321 -0.561635 -0.466175 0.663757
10011.833215000 2.234458 -1.012334 0.728529 0.162454 -0.561131 -0.466643 0.664067
10011.866548000 2.244607 -1.011096 0.728459 0.162096 -0.560450 -0.467194 0.664342
10011.899881000 2.253957 -1.010301 0.730472 0.161662 -0.560114 -0.467553 0.664478
10011.933214000 2.263319 -1.009090 0.733193 0.161612 -0.559973 -0.467732 0.664483
10011.966547000 2.271192 -1.007538 0.736938 0.161425 -0.559994 -0.467860 0.664421
10011.999880000 2.289879 -1.005578 0.744366 0.160737 -0.561098 -0.466500 0.664613
10012.033213000 2.296634 -1.000788 0.752055 0.161720 -0.561803 -0.465560 0.664438
10012.066546000 2.302459 -0.995511 0.759719 0.163009 -0.562576 -0.464750 0.664036
10012.099879000 2.309420 -0.989521 0.768253 0.164693 -0.563635 -0.463564 0.663552
10012.133212000 2.314853 -0.981892 0.777219 0.166412 -0.564686 -0.462135 0.663226
10012.166545000 2.321305 -0.973139 0.785330 0.168486 -0.565592 -0.460499 0.663067
10012.199878000 2.328665 -0.964796 0.792630 0.170578 -0.566542 -0.458802 0.662898
10012.233211000 2.336572 -0.955248 0.799190 0.172895 -0.567313 -0.457032 0.662862
10012.266544000 2.345326 -0.945189 0.804259 0.175280 -0.567838 -0.455325 0.662960
10012.299877000 2.354916 -0.934596 0.807407 0.177703 -0.568059 -0.453679 0.663254
10012.333210000 2.377509 -0.912259 0.809052 0.182465 -0.567864 -0.450393 0.664367
10012.366543000 2.391097 -0.900827 0.806509 0.184770 -0.567285 -0.448827 0.665283
10012.399876000 2.406439 -0.890264 0.802740 0.187098 -0.566559 -0.447633 0.666056
10012.433209000 2.421206 -0.879733 0.796212 0.189148 -0.565391 -0.446843 0.666999
10012.466542000 2.434608 -0.872731 0.787324 0.189747 -0.564489 -0.445328 0.668604
10012.499875000 2.450961 -0.860201 0.779160 0.191863 -0.563121 -0.444067 0.669990
10012.533208000 2.466274 -0.848695 0.769608 0.193804 -0.561453 -0.443428 0.671254
10012.566541000 2.483096 -0.836815 0.760700 0.195752 -0.560030 -0.442298 0.672622
10012.599874000 2.499118 -0.826262 0.751933 0.197568 -0.558556 -0.441704 0.673706
10012.633207000 2.513740 -0.814861 0.742542 0.199347 -0.556914 -0.441055 0.674966
10012.666540000 2.541956 -0.791799 0.726466 0.203033 -0.554241 -0.439238 0.677248
10012.699873000 2.555637 -0.783193 0.720757 0.204643 -0.553186 -0.438893 0.677849
10012.733206000 2.571790 -0.774777 0.712835 0.206182 -0.552044 -0.438667 0.678460
10012.766539000 2.590312 -0.767647 0.704634 0.206968 -0.551305 -0.437833 0.679359
10012.799872000 2.600937 -0.760428 0.699413 0.208283 -0.550373 -0.437593 0.679868
10012.833205000 2.612907 -0.751812 0.691258 0.209479 -0.549148 -0.437140 0.680781
10012.866538000 2.618141 -0.742818 0.685319 0.210652 -0.547983 -0.436619 0.681692
10012.899871000 2.621297 -0.734193 0.680330 0.211906 -0.546957 -0.436204 0.682393
10012.933204000 2.624178 -0.727152 0.675167 0.212863 -0.545888 -0.436020 0.683069
10012.966537000 2.623596 -0.719059 0.669088 0.213593 -0.544571 -0.435769 0.684051
10012.999870000 2.616905 -0.706343 0.656348 0.214341 -0.541949 -0.435702 0.685939
10013.033203000 2.610749 -0.700430 0.649963 0.214508 -0.540565 -0.435770 0.686935
10013.066536000 2.602466 -0.695664 0.642781 0.214418 -0.539073 -0.436076 0.687941
10013.099869000 2.593418 -0.691052 0.636516 0.214417 -0.537616 -0.436587 0.688757
10013.133202000 2.586686 -0.687297 0.626426 0.213837 -0.535985 -0.436939 0.689984
10013.166535000 2.564359 -0.685746 0.621046 0.212756 -0.534583 -0.437248 0.691209
10013.199868000 2.545097 -0.681029 0.617399 0.212779 -0.532922 -0.438074 0.691962
10013.233201000 2.531448 -0.677721 0.614318 0.212412 -0.531837 -0.438461 0.692664
10013.266534000 2.517373 -0.673607 0.610591 0.212173 -0.530543 -0.438888 0.693457
10013.299867000 2.501759 -0.670802 0.608942 0.211741 -0.529550 -0.439292 0.694093
10013.333200000 2.471522 -0.662903 0.610328 0.211498 -0.528047 -0.439640 0.695091
10013.366533000 2.457259 -0.659271 0.613173 0.211526 -0.527629 -0.439756 0.695327
10013.399866000 2.442713 -0.655120 0.618046 0.211715 -0.527419 -0.439759 0.695427
10013.433199000 2.429876 -0.652382 0.624030 0.211828 -0.527505 -0.439718 0.695353
10013.466532000 2.416865 -0.648931 0.630958 0.212038 -0.527733 -0.439521 0.695240
10013.499865000 2.406026 -0.645775 0.639580 0.212476 -0.528240 -0.439237 0.694901
10013.533198000 2.391748 -0.642466 0.652248 0.213469 -0.528972 -0.439190 0.694069
10013.566531000 2.384530 -0.640222 0.662049 0.214026 -0.529903 -0.438778 0.693448
10013.599864000 2.378966 -0.638864 0.673707 0.214578 -0.531211 -0.438234 0.692620
10013.633197000 2.376823 -0.637156 0.686076 0.215188 -0.532884 -0.437264 0.691758
10013.666530000 2.373939 -0.638681 0.708980 0.216041 -0.536284 -0.435565 0.689934
10013.699863000 2.379642 -0.639233 0.722912 0.216782 -0.538583 -0.434372 0.688662
10013.733196000 2.386690 -0.639749 0.736988 0.217769 -0.540880 -0.433214 0.687278
10013.766529000 2.396019 -0.639907 0.751083 0.218857 -0.543245 -0.431955 0.685858
10013.799862000 2.406317 -0.640313 0.764227 0.219980 -0.545523 -0.430729 0.684460
10013.833195000 2.418555 -0.640468 0.776778 0.221252 -0.547570 -0.429703 0.683060
10013.866528000 2.430757 -0.639882 0.789299 0.222509 -0.549708 -0.428429 0.681733
10013.899861000 2.443848 -0.638830 0.801598 0.223854 -0.551776 -0.427058 0.680480
10013.933194000 2.457985 -0.637102 0.811875 0.225377 -0.553441 -0.425921 0.679338
10013.966527000 2.471944 -0.634095 0.818964 0.226358 -0.554865 -0.424494 0.678743
10013.999860000 2.495174 -0.623850 0.832099 0.229437 -0.556671 -0.421976 0.677800
10014.033193000 2.504257 -0.616798 0.836727 0.230955 -0.557126 -0.420762 0.677664
10014.066526000 2.513969 -0.610577 0.839241 0.232357 -0.557311 -0.419931 0.677549
10014.099859000 2.521851 -0.603591 0.841512 0.233865 -0.557370 -0.419064 0.677518
10014.133192000 2.528033 -0.598953 0.840433 0.234675 -0.557132 -0.418356 0.677872
10014.166525000 2.538665 -0.595371 0.838870 0.235348 -0.557015 -0.417848 0.678047
10014.199858000 2.547880 -0.592922 0.836533 0.235917 -0.556770 -0.417608 0.678199
10014.233191000 2.555203 -0.591880 0.832662 0.236384 -0.556278 -0.417767 0.678342
10014.266524000 2.563879 -0.593552 0.828811 0.236298 -0.556122 -0.417897 0.678420
10014.299857000 2.577010 -0.595555 0.827283 0.236382 -0.556277 -0.418084 0.678149
10014.333190000 2.596682 -0.618164 0.814708 0.233672 -0.556486 -0.420394 0.677488
10014.366523000 2.607637 -0.636390 0.808229 0.231214 -0.557078 -0.421914 0.676899
10014.399856000 2.617744 -0.657107 0.801187 0.228455 -0.557741 -0.423678 0.676188
10014.433189000 2.629073 -0.681758 0.795196 0.225123 -0.558754 -0.425842 0.675110
10014.466522000 2.632455 -0.707775 0.791739 0.222126 -0.559766 -0.428604 0.673514
10014.499855000 2.641415 -0.734320 0.786269 0.218573 -0.560929 -0.430341 0.672600
10014.533188000 2.647617 -0.762734 0.782500 0.214950 -0.562291 -0.432754 0.671080
10014.566521000 2.652824 -0.791866 0.779385 0.211226 -0.563723 -0.435155 0.669507
10014.599854000 2.656391 -0.821349 0.778680 0.207461 -0.565426 -0.437365 0.667806
10014.633187000 2.655016 -0.848044 0.778294 0.204011 -0.566941 -0.439230 0.666359
10014.666520000 2.653125 -0.902722 0.783894 0.196644 -0.570894 -0.443405 0.662422
10014.699853000 2.643284 -0.925287 0.791582 0.193690 -0.572971 -0.445030 0.660406
10014.733186000 2.636364 -0.943628 0.797023 0.190746 -0.574823 -0.445643 0.659239
10014.766519000 2.621121 -0.960036 0.807090 0.188274 -0.576687 -0.446637 0.657648
10014.799852000 2.605369 -0.979009 0.819203 0.185638 -0.579033 -0.447884 0.655484
10014.833185000 2.590072 -0.995148 0.832180 0.183240 -0.581315 -0.448815 0.653499
10014.866518000 2.573819 -1.011122 0.846728 0.180977 -0.583696 -0.449850 0.651292
10014.899851000 2.558631 -1.028036 0.861148 0.178519 -0.586219 -0.450863 0.649000
10014.933184000 2.544116 -1.042987 0.876375 0.176374 -0.588629 -0.451850 0.646714
10014.966517000 2.532082 -1.059621 0.892229 0.174151 -0.591214 -0.452722 0.644345
10014.999850000 2.512517 -1.092830 0.921574 0.169507 -0.596329 -0.454592 0.639535
10015.033183000 2.506944 -1.110835 0.935797 0.167168 -0.598852 -0.455409 0.637208
10015.066516000 2.502154 -1.127714 0.950096 0.165070 -0.601367 -0.456278 0.634759
10015.099849000 2.499982 -1.145879 0.963339 0.162908 -0.603819 -0.457160 0.632351
10015.133182000 2.498049 -1.163979 0.976494 0.160862 -0.606292 -0.457918 0.629956
10015.166515000 2.496710 -1.180301 0.987304 0.159060 -0.608316 -0.458697 0.627892
10015.199848000 2.492638 -1.196129 1.000124 0.157340 -0.610521 -0.459417 0.625655
10015.233181000 2.490419 -1.212065 1.010685 0.155672 -0.612726 -0.459908 0.623553
10015.266514000 2.486796 -1.227119 1.019481 0.154109 -0.614673 -0.460418 0.621645
10015.299847000 2.481813 -1.240100 1.027553 0.152734 -0.616511 -0.460825 0.619861
10015.333180000 2.463773 -1.263345 1.040803 0.150386 -0.620072 -0.461541 0.616340
10015.366513000 2.451880 -1.271828 1.045597 0.149554 -0.621586 -0.461441 0.615091
10015.399846000 2.438626 -1.279634 1.049295 0.148658 -0.623051 -0.461481 0.613795
10015.433179000 2.423109 -1.285918 1.051315 0.147934 -0.624305 -0.461527 0.612660
10015.466512000 2.406255 -1.290342 1.052542 0.147396 -0.625423 -0.461415 0.611732
10015.499845000 2.387328 -1.294752 1.054114 0.146686 -0.626555 -0.461540 0.610649
10015.533178000 2.366841 -1.297493 1.054440 0.146248 -0.627446 -0.461693 0.609723
10015.566511000 2.344999 -1.299408 1.054063 0.145663 -0.628171 -0.462014 0.608873
10015.599844000 2.323707 -1.301031 1.053938 0.144973 -0.628836 -0.462292 0.608141
10015.633177000 2.301646 -1.300863 1.053047 0.144375 -0.629242 -0.462677 0.607569
10015.666510000 2.257331 -1.300914 1.051038 0.142669 -0.629679 -0.463982 0.606524
10015.699843000 2.235084 -1.299486 1.050319 0.141657 -0.629628 -0.464808 0.606181
10015.733176000 2.214129 -1.299591 1.048593 0.140366 -0.629366 -0.465949 0.605878
10015.766509000 2.192871 -1.296913 1.046378 0.139233 -0.628853 -0.466894 0.605944
10015.799842000 2.171107 -1.294504 1.043474 0.138018 -0.628088 -0.468180 0.606023
10015.833175000 2.151103 -1.291923 1.039716 0.136614 -0.627047 -0.469594 0.606325
10015.866508000 2.131002 -1.289996 1.036650 0.135283 -0.626160 -0.470978 0.606467
10015.899841000 2.111692 -1.285109 1.031454 0.134244 -0.624780 -0.472356 0.607048
10015.933174000 2.093497 -1.282786 1.026548 0.132887 -0.623513 -0.473850 0.607486
10015.966507000 2.076507 -1.280190 1.018882 0.131489 -0.621810 -0.475481 0.608260
10015.999840000 2.045721 -1.272549 1.000388 0.129218 -0.617780 -0.478514 0.610471
10016.033173000 2.031489 -1.269920 0.989651 0.127957 -0.615624 -0.480108 0.611662
10016.066506000 2.019297 -1.267793 0.977783 0.126713 -0.613339 -0.481738 0.612934
10016.099839000 2.007179 -1.265695 0.965666 0.125626 -0.611058 -0.483325 0.614184
10016.133172000 1.997443 -1.263876 0.952637 0.124678 -0.608661 -0.484874 0.615536
10016.166505000 1.987113 -1.263139 0.940451 0.123496 -0.606439 -0.486489 0.616692
10016.199838000 1.977675 -1.263565 0.926300 0.122286 -0.604062 -0.488189 0.617921
10016.233171000 1.970267 -1.265395 0.914147 0.120941 -0.601972 -0.489812 0.618940
10016.266504000 1.962848 -1.269060 0.901670 0.119446 -0.599992 -0.491511 0.619805
10016.299837000 1.955484 -1.274552 0.889510 0.117858 -0.598168 -0.493489 0.620301
10016.333170000 1.942680 -1.294162 0.869334 0.113267 -0.595451 -0.497720 0.620390
10016.366503000 1.937092 -1.307021 0.860608 0.110907 -0.594578 -0.499910 0.619892
10016.399836000 1.932143 -1.321652 0.854821 0.108247 -0.594191 -0.502031 0.619020
10016.433169000 1.926146 -1.336993 0.849665 0.105476 -0.593912 -0.504207 0.617996
10016.466502000 1.921155 -1.353776 0.846692 0.102747 -0.594042 -0.506376 0.616555
10016.499835000 1.917430 -1.369104 0.845101 0.100480 -0.594378 -0.508192 0.615109
10016.533168000 1.911778 -1.384022 0.843549 0.098115 -0.594642 -0.510096 0.613658
10016.566501000 1.907949 -1.400178 0.846510 0.095821 -0.595733 -0.511588 0.611718
10016.599834000 1.903760 -1.414331 0.850154 0.093748 -0.596746 -0.513041 0.609831
10016.633167000 1.899565 -1.427423 0.855050 0.091949 -0.598002 -0.514214 0.607884
10016.666500000 1.889456 -1.449827 0.875905 0.089012 -0.602104 -0.515515 0.603151
10016.699833000 1.888157 -1.454884 0.882155 0.088378 -0.603331 -0.515651 0.601902
10016.733166000 1.883332 -1.461536 0.895182 0.087407 -0.605482 -0.515786 0.599764
10016.766499000 1.877941 -1.466556 0.909480 0.086743 -0.607877 -0.515553 0.597634
10016.799832000 1.872985 -1.469619 0.922419 0.086309 -0.609987 -0.515287 0.595773
10016.833165000 1.866210 -1.471918 0.938246 0.085915 -0.612536 -0.514834 0.593602
10016.866498000 1.858533 -1.475150 0.952944 0.085266 -0.614911 -0.514631 0.591412
10016.899831000 1.851029 -1.476069 0.965701 0.084787 -0.616902 -0.514277 0.589713
10016.933164000 1.841195 -1.478164 0.978631 0.083985 -0.618921 -0.514230 0.587751
10016.966497000 1.830728 -1.480981 0.989489 0.083030 -0.620749 -0.514331 0.585867
10016.999830000 1.804860 -1.487996 1.007156 0.080266 -0.623506 -0.515662 0.582143
10017.033163000 1.790081 -1.491608 1.011706 0.078614 -0.624249 -0.516737 0.580616
10017.066496000 1.775481 -1.496106 1.014328 0.076849 -0.624671 -0.518108 0.579176
10017.099829000 1.758447 -1.501253 1.016389 0.074663 -0.624886 -0.519888 0.577633
10017.133162000 1.740758 -1.506652 1.017067 0.072408 -0.624983 -0.521749 0.576135
10017.166495000 1.723106 -1.512674 1.017394 0.069896 -0.624915 -0.523775 0.574679
10017.199828000 1.705724 -1.517167 1.017420 0.067742 -0.624714 -0.525857 0.573252
10017.233161000 1.685612 -1.522743 1.017003 0.065018 -0.624450 -0.528186 0.571712
10017.266494000 1.668454 -1.527454 1.015373 0.062578 -0.623869 -0.530418 0.570550
10017.299827000 1.650888 -1.531761 1.014438 0.060230 -0.623385 -0.532651 0.569250
10017.333160000 1.615617 -1.540686 1.013581 0.055159 -0.622434 -0.537149 0.566573
10017.366493000 1.600051 -1.543494 1.012591 0.052977 -0.621746 -0.539216 0.565572
10017.399826000 1.584703 -1.546605 1.011957 0.050772 -0.621121 -0.541312 0.564458
10017.433159000 1.570720 -1.548997 1.011750 0.048845 -0.620602 -0.543155 0.563427
10017.466492000 1.557029 -1.552114 1.012303 0.046882 -0.620377 -0.544779 0.562271
10017.499825000 1.543225 -1.554607 1.013490 0.045008 -0.620080 -0.546505 0.561077
10017.533158000 1.531352 -1.558029 1.014394 0.043344 -0.620075 -0.547949 0.559804
10017.566491000 1.519415 -1.561812 1.016394 0.041734 -0.620398 -0.549222 0.558318
10017.599824000 1.508075 -1.566571 1.018508 0.040219 -0.620922 -0.550410 0.556674
10017.633157000 1.497278 -1.571604 1.021240 0.038818 -0.621701 -0.551440 0.554883
10017.666490000 1.475881 -1.586909 1.030049 0.036054 -0.624917 -0.553003 0.549878
10017.699823000 1.465471 -1.595795 1.034132 0.034627 -0.626758 -0.553577 0.547291
10017.733156000 1.454749 -1.607287 1.039092 0.032922 -0.628991 -0.554285 0.544108
10017.766489000 1.445602 -1.617508 1.045331 0.031722 -0.631640 -0.554488 0.540895
10017.799822000 1.436173 -1.628574 1.050447 0.030381 -0.634245 -0.554748 0.537648
10017.833155000 1.426934 -1.640700 1.057317 0.028867 -0.637072 -0.554978 0.534139
10017.866488000 1.416617 -1.651930 1.064233 0.027533 -0.640019 -0.555148 0.530498
10017.899821000 1.407016 -1.663239 1.070481 0.025999 -0.642700 -0.555281 0.527185
10017.933154000 1.397861 -1.674374 1.076717 0.024536 -0.645262 -0.555580 0.523799
10017.966487000 1.388465 -1.685034 1.083822 0.023038 -0.647856 -0.555860 0.520357
10017.999820000 1.369785 -1.703255 1.098107 0.020119 -0.652434 -0.556588 0.513940
10018.033153000 1.361466 -1.711295 1.105344 0.018678 -0.654313 -0.557090 0.511054
10018.066486000 1.351691 -1.718522 1.112244 0.017192 -0.655946 -0.557795 0.508236
10018.099819000 1.343663 -1.725690 1.118366 0.015699 -0.657296 -0.558500 0.505760
10018.133152000 1.336405 -1.733436 1.123400 0.014011 -0.658185 -0.559529 0.503512
10018.166485000 1.329082 -1.741760 1.129754 0.012347 -0.659340 -0.560486 0.500973
10018.199818000 1.323688 -1.750251 1.136296 -0.010930 0.660539 0.561189 -0.498634
10018.233151000 1.318740 -1.759813 1.141270 -0.009342 0.661324 0.562218 -0.496461
10018.266484000 1.315382 -1.771108 1.146680 -0.007835 0.662217 0.563229 -0.494146
10018.299817000 1.312501 -1.784395 1.151123 -0.006106 0.662997 0.564376 -0.491810
10018.333150000 1.313679 -1.816566 1.159648 -0.002997 0.664769 0.566209 -0.487320
10018.366483000 1.315904 -1.835840 1.164184 -0.001437 0.665829 0.567104 -0.484832
10018.399816000 1.320046 -1.855939 1.168690 -0.000072 0.666906 0.567843 -0.482484
10018.433149000 1.325214 -1.878035 1.173124 0.001239 0.668127 0.568483 -0.480033
10018.466482000 1.332528 -1.900003 1.176492 0.002313 0.669152 0.568976 -0.478013
10018.499815000 1.339954 -1.923265 1.182023 0.003483 0.670556 0.569291 -0.475658
10018.533148000 1.348479 -1.946402 1.186786 0.004346 0.671951 0.569467 -0.473467
10018.566481000 1.359136 -1.969102 1.193029 0.004888 0.673463 0.569364 -0.471433
10018.599814000 1.369261 -1.991377 1.199518 0.005452 0.675083 0.569062 -0.469470
10018.633147000 1.380323 -2.013135 1.206728 0.005849 0.676789 0.568615 -0.467546
10018.666480000 1.402043 -2.052226 1.223742 0.006364 0.680220 0.567403 -0.464020
10018.699813000 1.413255 -2.068608 1.234439 0.006220 0.682363 0.566235 -0.462298
10018.733146000 1.423109 -2.085042 1.245273 0.006331 0.684317 0.565254 -0.460606
10018.766479000 1.433056 -2.100144 1.256495 0.006290 0.686304 0.564186 -0.458957
10018.799812000 1.441518 -2.114000 1.266581 0.006359 0.688063 0.563260 -0.457456
10018.833145000 1.448102 -2.126924 1.278444 0.006625 0.690033 0.562247 -0.455729
10018.866478000 1.453348 -2.139932 1.289269 0.006954 0.691823 0.561503 -0.453924
10018.899811000 1.455408 -2.151684 1.300350 0.007522 0.693492 0.561041 -0.451935
10018.933144000 1.455525 -2.162810 1.310801 0.008208 0.695151 0.560630 -0.449880
10018.966477000 1.452767 -2.173196 1.320673 0.009102 0.696697 0.560508 -0.447617
10018.999810000 1.437446 -2.194453 1.337101 0.011924 0.699204 0.561491 -0.442380
10019.033143000 1.424258 -2.203834 1.343862 0.013821 0.700189 0.562466 -0.439517
10019.066476000 1.409851 -2.213881 1.349289 0.015937 0.700978 0.563769 -0.436510
10019.099809000 1.393699 -2.222082 1.353067 0.018139 0.701493 0.565369 -0.433517
10019.133142000 1.375149 -2.230896 1.355553 0.020517 0.701800 0.567240 -0.430458
10019.166475000 1.355910 -2.237434 1.356636 0.022894 0.701881 0.569259 -0.427532
10019.199808000 1.335008 -2.242957 1.356281 0.025429 0.701720 0.571478 -0.424683
10019.233141000 1.314948 -2.245939 1.355245 0.027714 0.701442 0.573587 -0.422147
10019.266474000 1.296126 -2.247096 1.352818 0.029623 0.700983 0.575704 -0.419892
10019.299807000 1.277645 -2.245839 1.348382 0.031527 0.700174 0.577833 -0.418176
10019.333140000 1.245338 -2.234793 1.335609 0.034334 0.697953 0.581610 -0.416429
10019.366473000 1.232599 -2.226361 1.327221 0.035184 0.696521 0.583249 -0.416462
10019.399806000 1.222115 -2.213915 1.317929 0.035513 0.694945 0.584606 -0.417165
10019.433139000 1.213464 -2.199837 1.308261 0.035495 0.693300 0.585773 -0.418265
10019.466472000 1.206648 -2.185500 1.296409 0.035488 0.691261 0.586939 -0.420002
10019.499805000 1.202249 -2.170110 1.284378 0.035202 0.689176 0.587815 -0.422221
10019.533138000 1.199049 -2.154012 1.272990 0.034661 0.687176 0.588460 -0.424620
10019.566471000 1.197085 -2.136962 1.261887 0.033918 0.685209 0.588909 -0.427228
10019.599804000 1.198480 -2.121327 1.249290 0.033036 0.682969 0.589217 -0.430448
10019.633137000 1.200971 -2.105420 1.237788 0.031997 0.680891 0.589241 -0.433773
10019.666470000 1.209977 -2.075806 1.217039 0.029322 0.677160 0.588774 -0.440386
10019.699803000 1.217571 -2.062639 1.208285 0.027734 0.675600 0.588083 -0.443795
10019.733136000 1.225580 -2.050984 1.200572 0.026147 0.674242 0.587325 -0.446948
10019.766469000 1.233129 -2.040055 1.194277 0.024625 0.673122 0.586521 -0.449770
10019.799802000 1.241874 -2.030059 1.187694 0.023067 0.671955 0.585649 -0.452724
10019.833135000 1.250625 -2.020140 1.182864 0.021250 0.671155 0.584630 -0.455311
10019.866468000 1.257889 -2.011979 1.178124 0.019947 0.670314 0.583816 -0.457646
10019.899801000 1.263615 -2.004168 1.173879 0.018746 0.669558 0.583174 -0.459619
10019.933134000 1.268201 -1.996987 1.169012 0.017779 0.668656 0.582727 -0.461532
10019.966467000 1.270980 -1.991136 1.165437 0.017092 0.667987 0.582425 -0.462907
10019.999800000 1.267612 -1.980401 1.157878 0.016795 0.666459 0.582897 -0.464523
10020.033133000 1.263117 -1.975991 1.154076 0.016992 0.665667 0.583502 -0.464891
10020.066466000 1.256506 -1.971285 1.150182 0.017350 0.664827 0.584344 -0.465022
10020.099799000 1.248352 -1.966996 1.146563 0.017871 0.664021 0.585360 -0.464878
10020.133132000 1.238309 -1.962354 1.142695 0.018544 0.663132 0.586631 -0.464517
10020.166465000 1.225967 -1.958494 1.138672 0.019646 0.662153 0.588220 -0.463859
10020.199798000 1.212725 -1.954536 1.134947 0.020820 0.661193 0.589853 -0.463101
10020.233131000 1.199717 -1.950059 1.130565 0.021901 0.660121 0.591557 -0.462408
10020.266464000 1.184787 -1.945189 1.125707 0.023308 0.658869 0.593471 -0.461671
10020.299797000 1.168695 -1.940805 1.120837 0.024942 0.657585 0.595598 -0.460676
10020.333130000 1.138080 -1.930905 1.109615 0.028067 0.654666 0.599787 -0.459217
10020.366463000 1.122754 -1.925652 1.103252 0.029694 0.653009 0.601949 -0.458644
10020.399796000 1.108190 -1.919091 1.097040 0.031030 0.651370 0.603976 -0.458222
10020.433129000 1.093739 -1.912646 1.090668 0.032371 0.649687 0.606040 -0.457793
10020.466462000 1.081115 -1.905466 1.084266 0.033437 0.647992 0.607838 -0.457735
10020.499795000 1.068160 -1.898413 1.077632 0.034659 0.646197 0.609705 -0.457698
10020.533128000 1.056444 -1.890946 1.071077 0.035604 0.644438 0.611451 -0.457777
10020.566461000 1.047497 -1.883474 1.065288 0.036110 0.642905 0.612806 -0.458081
10020.599794000 1.038585 -1.875975 1.059044 0.036743 0.641228 0.614142 -0.458592
10020.633127000 1.030809 -1.868309 1.052463 0.037263 0.639488 0.615398 -0.459295
10020.666460000 1.021267 -1.853358 1.040675 0.037603 0.636384 0.616909 -0.461547
10020.699793000 1.018544 -1.845956 1.035063 0.037539 0.634940 0.617428 -0.462843
10020.733126000 1.018004 -1.838830 1.029353 0.037207 0.633531 0.617667 -0.464480
10020.766459000 1.018192 -1.831427 1.023562 0.036883 0.632092 0.617747 -0.466357
10020.799792000 1.019357 -1.823666 1.016908 0.036487 0.630468 0.617723 -0.468611
10020.833125000 1.021651 -1.816550 1.011518 0.035926 0.629179 0.617492 -0.470687
10020.866458000 1.024326 -1.808261 1.005225 0.035251 0.627645 0.617170 -0.473202
10020.899791000 1.028389 -1.800427 0.999553 0.034394 0.626301 0.616609 -0.475771
10020.933124000 1.033250 -1.790792 0.994186 0.033098 0.624995 0.615877 -0.478520
10020.966457000 1.037994 -1.782147 0.987364 0.032132 0.623376 0.615235 -0.481514
10020.999790000 1.047141 -1.761142 0.975157 0.029806 0.620290 0.613586 -0.487714
10021.033123000 1.051202 -1.749708 0.968778 0.028561 0.618623 0.612804 -0.490878
10021.066456000 1.056224 -1.738449 0.961753 0.027250 0.616852 0.611909 -0.494286
10021.099789000 1.061330 -1.728017 0.955179 0.026020 0.615178 0.611007 -0.497544
10021.133122000 1.066672 -1.717166 0.947736 -0.024614 -0.613340 -0.610144 0.500931
10021.166455000 1.071506 -1.706576 0.941601 -0.023323 -0.611741 -0.609162 0.504134
10021.199788000 1.077210 -1.697354 0.935436 -0.021969 -0.610243 -0.608194 0.507169
10021.233121000 1.083835 -1.687631 0.929166 -0.020455 -0.608699 -0.607088 0.510404
10021.266454000 1.089714 -1.679606 0.922820 -0.019158 -0.607201 -0.606177 0.513312
10021.299787000 1.097711 -1.673365 0.916835 -0.017741 -0.605954 -0.605091 0.516111
10021.333120000 1.112940 -1.664604 0.906837 -0.015187 -0.604009 -0.603144 0.520729
10021.366453000 1.122236 -1.662649 0.901986 -0.013881 -0.603285 -0.602202 0.522693
10021.399786000 1.131672 -1.663676 0.897847 -0.012871 -0.602835 -0.601328 0.524241
10021.433119000 1.142779 -1.666438 0.894080 -0.011753 -0.602615 -0.600417 0.525564
10021.466452000 1.153977 -1.671580 0.890673 -0.010877 -0.602578 -0.599689 0.526455
10021.499785000 1.166021 -1.680294 0.887284 -0.010246 -0.602757 -0.599098 0.526935
10021.533118000 1.179179 -1.691843 0.884709 -0.009741 -0.603263 -0.598526 0.527016
10021.566451000 1.193696 -1.706438 0.882508 -0.009315 -0.603999 -0.598014 0.526762
10021.599784000 1.209275 -1.724458 0.882359 -0.008947 -0.605338 -0.597456 0.525863
