10000.000000000 0.000000 0.000000 0.000000 0.000000 0.000000 0.000000 1.000000
10000.033333000 -0.010040 -0.014823 0.072408 -0.017342 -0.038253 -0.097071 0.994391
10000.066666000 -0.020854 -0.026631 0.136312 -0.025829 -0.078901 -0.205334 0.975164
10000.099999000 -0.032550 -0.039030 0.192364 -0.025208 -0.120341 -0.315218 0.941021
10000.133332000 -0.044440 -0.049866 0.240891 -0.017425 -0.158726 -0.405649 0.899973
10000.166665000 -0.057093 -0.060585 0.283270 -0.006012 -0.192440 -0.475143 0.858586
10000.199998000 -0.070632 -0.070566 0.318832 0.005466 -0.220163 -0.523264 0.823221
10000.233331000 -0.085185 -0.080013 0.348709 0.014612 -0.240880 -0.554599 0.796357
10000.266664000 -0.100813 -0.088594 0.373821 0.021952 -0.256543 -0.575224 0.776415
10000.299997000 -0.117002 -0.097927 0.393835 0.025495 -0.266807 -0.590152 0.761502
10000.333330000 -0.152200 -0.114514 0.422142 0.024895 -0.271030 -0.600124 0.752180
10000.366663000 -0.171493 -0.122193 0.431646 0.020629 -0.266761 -0.599879 0.754028
10000.399996000 -0.191733 -0.131096 0.437320 0.013775 -0.258117 -0.595075 0.760968
10000.433329000 -0.212500 -0.139162 0.441519 0.005617 -0.246143 -0.584709 0.772980
10000.466662000 -0.235545 -0.148188 0.444057 -0.005337 -0.230255 -0.569018 0.789413
10000.499995000 -0.258507 -0.157600 0.445437 -0.016414 -0.213064 -0.547618 0.808980
10000.533328000 -0.283292 -0.166696 0.445427 -0.028932 -0.191995 -0.515130 0.834830
10000.566661000 -0.308267 -0.176584 0.445549 -0.039939 -0.170397 -0.474135 0.862882
10000.599994000 -0.336143 -0.187619 0.446540 -0.051323 -0.148099 -0.427105 0.890513
10000.633327000 -0.364327 -0.199551 0.447878 -0.060343 -0.125460 -0.371303 0.918016
10000.666660000 -0.425133 -0.224572 0.454284 -0.070721 -0.084464 -0.256546 0.960234
10000.699993000 -0.457128 -0.238545 0.461108 -0.072184 -0.068118 -0.207038 0.973286
10000.733326000 -0.489835 -0.254208 0.468782 -0.073685 -0.053739 -0.163518 0.982316
10000.766659000 -0.523449 -0.269086 0.477268 -0.073065 -0.041783 -0.126301 0.988415
10000.799992000 -0.556530 -0.285551 0.485183 -0.073003 -0.032866 -0.098929 0.991869
10000.833325000 -0.588590 -0.302033 0.494164 -0.072472 -0.025111 -0.074868 0.994239
10000.866658000 -0.620358 -0.318214 0.501979 -0.071467 -0.019835 -0.058347 0.995537
10000.899991000 -0.651653 -0.335942 0.509227 -0.071712 -0.016287 -0.047685 0.996152
10000.933324000 -0.681829 -0.353254 0.515442 -0.071091 -0.013040 -0.038234 0.996652
10000.966657000 -0.709610 -0.369197 0.519589 -0.070292 -0.012483 -0.035901 0.996802
10000.999990000 -0.757362 -0.402035 0.521770 -0.069922 -0.015080 -0.041637 0.996569
10001.033323000 -0.777956 -0.417990 0.519027 -0.069861 -0.017173 -0.046167 0.996340
10001.066656000 -0.797441 -0.434510 0.515966 -0.070596 -0.019770 -0.054176 0.995836
10001.099989000 -0.814575 -0.451170 0.511845 -0.070841 -0.023639 -0.065784 0.995035
10001.133322000 -0.830310 -0.466988 0.507223 -0.072260 -0.025830 -0.072606 0.994404
10001.166655000 -0.843958 -0.483065 0.501776 -0.073043 -0.028200 -0.080117 0.993706
10001.199988000 -0.857636 -0.499279 0.496373 -0.075088 -0.028051 -0.080208 0.993550
10001.233321000 -0.869103 -0.514884 0.491799 -0.077598 -0.027627 -0.079656 0.993413
10001.266654000 -0.879605 -0.530881 0.487361 -0.080531 -0.025009 -0.072224 0.993817
10001.299987000 -0.890200 -0.546058 0.484759 -0.084126 -0.019827 -0.056826 0.994636
10001.333320000 -0.907628 -0.577014 0.483926 -0.092314 -0.002615 -0.001926 0.995725
10001.366653000 -0.915655 -0.592539 0.485753 -0.096878 0.010419 0.041364 0.994382
10001.399986000 -0.922838 -0.607390 0.489339 -0.099509 0.025125 0.091114 0.990538
10001.433319000 -0.930282 -0.622460 0.495401 -0.100609 0.043353 0.153539 0.982051
10001.466652000 -0.936938 -0.637899 0.501635 -0.100207 0.061135 0.214255 0.969699
10001.499985000 -0.943648 -0.653057 0.508880 -0.096903 0.079096 0.273158 0.953802
10001.533318000 -0.949760 -0.668868 0.517351 -0.092459 0.095824 0.326220 0.935869
10001.566651000 -0.955446 -0.683886 0.525598 -0.087902 0.109078 0.366154 0.919949
10001.599984000 -0.961470 -0.699893 0.534328 -0.082677 0.121088 0.399680 0.904852
10001.633317000 -0.967033 -0.717009 0.543516 -0.078839 0.129410 0.421961 0.893860
10001.666650000 -0.977330 -0.749917 0.560249 -0.075850 0.134050 0.432960 0.888157
10001.699983000 -0.981968 -0.767408 0.569491 -0.077370 0.130930 0.425167 0.892247
10001.733316000 -0.987577 -0.785299 0.576722 -0.078999 0.126017 0.411309 0.899279
10001.766649000 -0.992723 -0.801984 0.584606 -0.080724 0.118962 0.390182 0.909444
10001.799982000 -0.998281 -0.819820 0.591971 -0.083284 0.111847 0.370017 0.918499
10001.833315000 -1.005801 -0.837570 0.598039 -0.084354 0.105198 0.348648 0.927503
10001.866648000 -1.011883 -0.854379 0.604895 -0.085930 0.098601 0.328376 0.935448
10001.899981000 -1.020578 -0.871555 0.610591 -0.085144 0.096391 0.319577 0.938792
10001.933314000 -1.030222 -0.886969 0.616969 -0.082400 0.098228 0.322652 0.937794
10001.966647000 -1.039979 -0.902602 0.622189 -0.078992 0.102690 0.333758 0.933713
10001.999980000 -1.065331 -0.931915 0.632010 -0.064349 0.128668 0.397797 0.906124
10002.033313000 -1.079416 -0.945126 0.636282 -0.053323 0.147065 0.437900 0.885309
10002.066646000 -1.094786 -0.958388 0.641792 -0.039655 0.168506 0.478497 0.860857
10002.099979000 -1.110737 -0.970847 0.645903 -0.024879 0.190226 0.512630 0.836902
10002.133312000 -1.126831 -0.982902 0.650845 -0.009298 0.211525 0.538921 0.815313
10002.166645000 -1.143689 -0.994867 0.654387 0.005770 0.232187 0.560455 0.794950
10002.199978000 -1.159820 -1.006988 0.659692 0.020431 0.252491 0.577002 0.776466
10002.233311000 -1.175918 -1.018585 0.665385 0.034382 0.271170 0.589279 0.760286
10002.266644000 -1.191986 -1.030718 0.670342 0.047173 0.288659 0.598482 0.745836
10002.299977000 -1.206151 -1.042742 0.677352 0.058132 0.303749 0.604964 0.733741
10002.333310000 -1.230514 -1.068393 0.690623 0.074475 0.327989 0.615118 0.713097
10002.366643000 -1.240288 -1.081614 0.697329 0.079758 0.336974 0.619483 0.704505
10002.399976000 -1.249014 -1.095250 0.703933 0.083450 0.344556 0.624493 0.695935
10002.433309000 -1.256359 -1.109670 0.711545 0.086187 0.352007 0.630073 0.686783
10002.466642000 -1.263619 -1.125364 0.720433 0.088063 0.359843 0.636776 0.676221
10002.499975000 -1.269522 -1.140844 0.727736 0.088522 0.366642 0.644694 0.664911
10002.533308000 -1.275500 -1.156660 0.734192 0.088368 0.373820 0.653671 0.652046
10002.566641000 -1.280522 -1.173405 0.739865 0.087585 0.380823 0.663360 0.638166
10002.599974000 -1.284899 -1.191465 0.745061 0.086171 0.388801 0.675000 0.621115
10002.633307000 -1.288924 -1.209134 0.749154 0.084737 0.397658 0.686957 0.602310
10002.666640000 -1.296387 -1.246187 0.751156 0.081123 0.415710 0.711342 0.560889
10002.699973000 -1.300280 -1.265609 0.750443 0.079769 0.426287 0.722946 0.537833
10002.733306000 -1.304722 -1.286656 0.748150 0.078690 0.436796 0.733131 0.515302
10002.766639000 -1.309526 -1.306590 0.745347 0.077877 0.446839 0.741484 0.494440
10002.799972000 -1.314367 -1.326826 0.741716 0.077295 0.456563 0.747818 0.475756
10002.833305000 -1.320187 -1.346441 0.738657 0.077241 0.466127 0.753008 0.457972
10002.866638000 -1.326815 -1.366001 0.734746 0.077640 0.474744 0.756187 0.443590
10002.899971000 -1.335409 -1.384614 0.731280 0.078420 0.482934 0.757930 0.431472
10002.933304000 -1.344366 -1.403664 0.729281 0.079364 0.490510 0.758762 0.421167
10002.966637000 -1.354846 -1.420856 0.727418 0.081021 0.497338 0.758306 0.413597
10002.999970000 -1.380306 -1.451073 0.728870 0.085343 0.509629 0.753845 0.405848
10003.033303000 -1.395284 -1.464666 0.731034 0.088139 0.514936 0.750526 0.404700
10003.066636000 -1.411619 -1.478019 0.735311 0.091170 0.520184 0.746502 0.404761
10003.099969000 -1.428602 -1.489791 0.740056 0.094235 0.524528 0.742710 0.405428
10003.133302000 -1.445447 -1.501225 0.745626 0.097278 0.528920 0.738552 0.406597
10003.166635000 -1.462324 -1.512660 0.751175 0.100181 0.532542 0.735222 0.407199
10003.199968000 -1.478362 -1.524057 0.757849 0.102770 0.535962 0.732032 0.407813
10003.233301000 -1.494429 -1.535259 0.764621 0.104259 0.539113 0.729055 0.408615
10003.266634000 -1.509866 -1.548268 0.770817 0.105361 0.541807 0.727559 0.407433
10003.299967000 -1.523021 -1.560995 0.777035 0.105773 0.544232 0.726656 0.405702
10003.333300000 -1.543829 -1.589778 0.787439 0.103156 0.547354 0.729224 0.397487
10003.366633000 -1.551525 -1.605823 0.791602 0.100339 0.548666 0.732116 0.391028
10003.399966000 -1.558340 -1.622312 0.795909 0.097025 0.549481 0.736066 0.383227
10003.433299000 -1.564589 -1.639892 0.800801 0.093342 0.550593 0.740533 0.373826
10003.466632000 -1.569623 -1.657192 0.805362 0.088970 0.551230 0.745593 0.363759
10003.499965000 -1.574580 -1.674471 0.809872 0.084614 0.551683 0.751256 0.352281
10003.533298000 -1.579543 -1.691254 0.815404 0.080609 0.552380 0.756673 0.340330
10003.566631000 -1.585480 -1.707039 0.822607 0.076807 0.553510 0.761685 0.327968
10003.599964000 -1.592677 -1.722997 0.830991 0.073807 0.554979 0.766450 0.314811
10003.633297000 -1.600286 -1.737193 0.839825 0.070894 0.556199 0.770464 0.303318
10003.666630000 -1.621192 -1.760367 0.864192 0.067741 0.560357 0.775938 0.281659
10003.699963000 -1.634501 -1.769782 0.878854 0.067562 0.563182 0.777115 0.272678
10003.733296000 -1.649993 -1.778947 0.894436 0.067541 0.566489 0.777249 0.265353
10003.766629000 -1.666060 -1.786545 0.910455 0.067743 0.569861 0.776923 0.258958
10003.799962000 -1.682079 -1.794186 0.926475 0.067881 0.573320 0.776272 0.253176
10003.833295000 -1.699126 -1.801399 0.942387 0.068389 0.576992 0.774914 0.248820
10003.866628000 -1.716417 -1.809898 0.957732 0.068516 0.581349 0.772883 0.244929
10003.899961000 -1.733424 -1.817867 0.971734 0.068669 0.585265 0.770811 0.242072
10003.933294000 -1.749428 -1.827267 0.983122 0.067619 0.589244 0.768619 0.239677
10003.966627000 -1.764527 -1.837833 0.992718 0.066325 0.593190 0.766364 0.237514
10003.999960000 -1.789851 -1.864338 1.003453 0.061524 0.600519 0.762053 0.234235
10004.033293000 -1.799313 -1.880350 1.005602 0.057995 0.604381 0.759982 0.231921
10004.066626000 -1.808843 -1.897967 1.003968 0.054135 0.607568 0.758144 0.230539
10004.099959000 -1.816383 -1.916537 1.001778 0.050600 0.610912 0.756732 0.227118
10004.133292000 -1.823048 -1.936211 0.997824 0.047715 0.613871 0.755694 0.223187
10004.166625000 -1.828838 -1.956688 0.993032 0.045735 0.616602 0.755365 0.217104
10004.199958000 -1.833691 -1.977540 0.988440 0.044375 0.619658 0.755135 0.209348
10004.233291000 -1.838454 -1.998312 0.983857 0.044320 0.622153 0.755539 0.200303
10004.266624000 -1.842820 -2.019971 0.980668 0.044842 0.625011 0.755982 0.189320
10004.299957000 -1.847645 -2.040362 0.977043 0.046859 0.627582 0.756749 0.176847
10004.333290000 -1.857076 -2.080121 0.978064 0.051032 0.633466 0.757572 0.149004
10004.366623000 -1.861379 -2.099047 0.981491 0.052075 0.636766 0.757301 0.135324
10004.399956000 -1.867518 -2.116980 0.985456 0.052202 0.640119 0.756506 0.123379
10004.433289000 -1.872735 -2.134460 0.991495 0.050889 0.643548 0.755322 0.112894
10004.466622000 -1.879852 -2.150550 0.999035 0.048770 0.647001 0.753745 0.104302
10004.499955000 -1.886012 -2.167013 1.006798 0.045192 0.650405 0.751976 0.097275
10004.533288000 -1.893681 -2.181520 1.014795 0.041375 0.653289 0.750337 0.092169
10004.566621000 -1.901354 -2.195530 1.023663 0.037143 0.656153 0.748481 0.088658
10004.599954000 -1.908667 -2.209101 1.031337 0.032990 0.657957 0.747369 0.086281
10004.633287000 -1.917752 -2.221574 1.039726 0.029965 0.659696 0.746109 0.084999
10004.666620000 -1.935835 -2.244307 1.053309 0.027755 0.660641 0.745465 0.084053
10004.699953000 -1.945606 -2.254277 1.058371 0.028744 0.660000 0.745998 0.084030
10004.733286000 -1.954164 -2.264034 1.062390 0.030239 0.658924 0.746826 0.084588
10004.766619000 -1.963189 -2.272636 1.065845 0.033160 0.657522 0.747876 0.085126
10004.799952000 -1.970056 -2.281018 1.069274 0.035624 0.656015 0.749010 0.085786
10004.833285000 -1.975588 -2.289362 1.071544 0.038504 0.654337 0.750266 0.086376
10004.866618000 -1.979468 -2.295946 1.074109 0.041002 0.652765 0.751420 0.087089
10004.899951000 -1.979996 -2.302221 1.075470 0.042753 0.651120 0.752666 0.087800
10004.933284000 -1.978624 -2.308676 1.078198 0.043907 0.649772 0.753657 0.088712
10004.966617000 -1.973211 -2.314046 1.079410 0.044184 0.648675 0.754545 0.089046
10004.999950000 -1.950673 -2.324489 1.083645 0.041404 0.647493 0.755774 0.088570
10005.033283000 -1.933496 -2.329721 1.086029 0.038151 0.647627 0.755883 0.088112
10005.066616000 -1.915080 -2.334109 1.089088 0.034763 0.647941 0.755899 0.087069
10005.099949000 -1.893418 -2.339162 1.091241 0.030435 0.648397 0.755853 0.085679
10005.133282000 -1.872229 -2.344872 1.093716 0.025980 0.649125 0.755528 0.084491
10005.166615000 -1.850754 -2.349355 1.097016 0.021209 0.649933 0.755140 0.083073
10005.199948000 -1.830914 -2.355499 1.099704 0.016613 0.650835 0.754617 0.081799
10005.233281000 -1.812608 -2.362335 1.102735 0.012150 0.651708 0.754065 0.080712
10005.266614000 -1.797646 -2.369827 1.105958 0.008284 0.652851 0.753220 0.079855
10005.299947000 -1.786023 -2.378465 1.108649 0.005230 0.653727 0.752591 0.078875
10005.333280000 -1.775593 -2.398676 1.113724 0.001892 0.655413 0.751224 0.078052
10005.366613000 -1.777812 -2.411458 1.117706 0.001998 0.656410 0.750368 0.077907
10005.399946000 -1.783887 -2.423899 1.120552 0.002913 0.657027 0.749786 0.078279
10005.433279000 -1.792819 -2.438304 1.124162 0.004598 0.657922 0.748954 0.078644
10005.466612000 -1.802211 -2.453566 1.128124 0.006166 0.658638 0.748283 0.078930
10005.499945000 -1.814133 -2.469441 1.133274 0.008483 0.659677 0.747300 0.079355
10005.533278000 -1.824613 -2.486611 1.140093 0.010231 0.660736 0.746310 0.079654
10005.566611000 -1.835572 -2.504494 1.147296 0.011903 0.662022 0.745087 0.080188
10005.599944000 -1.843781 -2.522785 1.156693 0.013132 0.663407 0.743816 0.080345
10005.633277000 -1.850004 -2.541159 1.167428 0.013526 0.665055 0.742303 0.080649
10005.666610000 -1.849299 -2.580271 1.195336 0.011498 0.669441 0.738464 0.079920
10005.699943000 -1.843124 -2.600486 1.212411 0.008912 0.672055 0.736153 0.079632
10005.733276000 -1.833975 -2.621482 1.230736 0.005884 0.674777 0.733767 0.078911
10005.766609000 -1.822425 -2.641060 1.249638 0.002459 0.677561 0.731299 0.078142
10005.799942000 -1.808967 -2.661227 1.268545 -0.001421 0.680230 0.728909 0.077308
10005.833275000 -1.795171 -2.681621 1.288922 -0.005151 0.682986 0.726394 0.076523
10005.866608000 -1.781097 -2.700225 1.307474 -0.008445 0.685412 0.724151 0.075789
10005.899941000 -1.767661 -2.717804 1.326737 -0.011463 0.687930 0.721790 0.075100
10005.933274000 -1.755920 -2.734746 1.343384 -0.013743 0.689934 0.719883 0.074629
10005.966607000 -1.745744 -2.750009 1.359624 -0.014895 0.691962 0.717986 0.073906
10005.999940000 -1.736201 -2.777548 1.385020 -0.013595 0.694700 0.715393 0.073619
10006.033273000 -1.735729 -2.789421 1.393891 -0.010857 0.695496 0.714679 0.073494
10006.066606000 -1.738363 -2.799215 1.401001 -0.007581 0.696106 0.714099 0.073762
10006.099939000 -1.742609 -2.808032 1.406435 -0.003449 0.696290 0.713903 0.074234
10006.133272000 -1.748046 -2.815437 1.410478 0.001233 0.696172 0.713992 0.074552
10006.166605000 -1.753982 -2.822555 1.412145 0.005838 0.695669 0.714385 0.075257
10006.199938000 -1.759528 -2.828804 1.413668 0.010287 0.694865 0.715026 0.076125
10006.233271000 -1.765910 -2.835399 1.413194 0.014644 0.693809 0.715861 0.077185
10006.266604000 -1.770733 -2.840632 1.412086 0.018153 0.692515 0.716875 0.078642
10006.299937000 -1.774403 -2.845745 1.409807 0.021443 0.690906 0.718189 0.079962
10006.333270000 -1.775275 -2.855854 1.404187 0.024213 0.687201 0.721257 0.083402
10006.366603000 -1.771641 -2.861265 1.400858 0.024063 0.685107 0.723040 0.085214
10006.399936000 -1.766604 -2.865589 1.398405 0.023235 0.682997 0.724876 0.086777
10006.433269000 -1.757827 -2.871838 1.395458 0.021168 0.680807 0.726838 0.088089
10006.466602000 -1.747694 -2.876652 1.394302 0.018889 0.678824 0.728635 0.089060
10006.499935000 -1.734427 -2.881006 1.395062 0.015745 0.677028 0.730322 0.089532
10006.533268000 -1.720148 -2.885718 1.395896 0.012391 0.675374 0.731955 0.089207
10006.566601000 -1.703200 -2.890337 1.400109 0.008870 0.674269 0.733156 0.088122
10006.599934000 -1.684116 -2.893586 1.406751 0.005425 0.673611 0.734089 0.085628
10006.633267000 -1.662567 -2.898052 1.416186 0.001685 0.673622 0.734476 0.082318
10006.666600000 -1.615420 -2.904596 1.444948 -0.003010 0.675920 0.733641 0.069956
10006.699933000 -1.589310 -2.907209 1.463308 -0.004095 0.678104 0.732420 0.060987
10006.733266000 -1.562377 -2.909803 1.485103 -0.003714 0.681025 0.730527 0.050219
10006.766599000 -1.534846 -2.912598 1.508013 -0.001753 0.684336 0.728204 0.037414
10006.799932000 -1.507031 -2.914901 1.531823 0.001780 0.687929 0.725411 0.023011
10006.833265000 -1.480204 -2.917042 1.555374 0.007407 0.691513 0.722291 0.007109
10006.866598000 -1.452802 -2.918906 1.579765 0.014434 0.695160 0.718640 -0.010021
10006.899931000 -1.426466 -2.921035 1.602617 0.022559 0.698517 0.714707 -0.027567
10006.933264000 -1.402744 -2.923576 1.624370 0.031040 0.701616 0.710495 -0.044365
10006.966597000 -1.380605 -2.925854 1.642776 0.039268 0.704063 0.706524 -0.059816
10006.999930000 -1.344934 -2.932331 1.670620 0.050694 0.707581 0.700043 -0.081848
10007.033263000 -1.330225 -2.935669 1.678495 0.052090 0.708782 0.698044 -0.087453
10007.066596000 -1.317734 -2.940001 1.684502 0.051274 0.709731 0.696832 -0.089881
10007.099929000 -1.308007 -2.943743 1.688313 0.048284 0.710421 0.696389 -0.089513
10007.133262000 -1.300421 -2.948008 1.688986 0.043206 0.710776 0.696747 -0.086455
10007.166595000 -1.293558 -2.952384 1.688520 0.036954 0.710987 0.697445 -0.081870
10007.199928000 -1.288790 -2.956498 1.686989 0.029644 0.711178 0.698317 -0.075494
10007.233261000 -1.284866 -2.960555 1.684369 0.021641 0.710937 0.699604 -0.068224
10007.266594000 -1.281173 -2.964574 1.681769 0.013673 0.710721 0.700720 -0.060667
10007.299927000 -1.278288 -2.968322 1.678955 0.006834 0.710384 0.701688 -0.054242
10007.333260000 -1.272151 -2.975256 1.674368 -0.004089 0.709478 0.703319 -0.044337
10007.366593000 -1.269312 -2.978271 1.673490 -0.006592 0.709229 0.703680 -0.042262
10007.399926000 -1.265529 -2.981263 1.673536 -0.008317 0.709110 0.703853 -0.041046
10007.433259000 -1.262527 -2.984005 1.673509 -0.009081 0.709019 0.703946 -0.040846
10007.466592000 -1.259255 -2.985471 1.674022 -0.008394 0.709007 0.703889 -0.042166
10007.499925000 -1.255028 -2.986941 1.675527 -0.007614 0.709101 0.703703 -0.043816
10007.533258000 -1.250449 -2.987573 1.676841 -0.006153 0.709290 0.703350 -0.046568
10007.566591000 -1.246504 -2.986991 1.677476 -0.004987 0.709478 0.703029 -0.048640
10007.599924000 -1.241094 -2.985847 1.678077 -0.003465 0.709691 0.702604 -0.051706
10007.633257000 -1.235482 -2.984216 1.679562 -0.002902 0.709900 0.702229 -0.053926
10007.666590000 -1.222318 -2.977357 1.678966 -0.003906 0.710454 0.701404 -0.057206
10007.699923000 -1.215258 -2.972424 1.679097 -0.005404 0.710779 0.700973 -0.058310
10007.733256000 -1.207684 -2.966919 1.677974 -0.007717 0.710893 0.700806 -0.058678
10007.766589000 -1.199733 -2.960546 1.676487 -0.010566 0.710981 0.700690 -0.058551
10007.799922000 -1.191837 -2.954561 1.674097 -0.013058 0.710875 0.700748 -0.058640
10007.833255000 -1.184454 -2.947005 1.671899 -0.015751 0.710686 0.700912 -0.058306
10007.866588000 -1.176409 -2.940472 1.668368 -0.018529 0.710254 0.701311 -0.057954
10007.899921000 -1.169212 -2.932290 1.665032 -0.021343 0.709528 0.702053 -0.056891
10007.933254000 -1.160615 -2.925968 1.661261 -0.023473 0.708661 0.702876 -0.056688
10007.966587000 -1.154073 -2.919408 1.656200 -0.025569 0.707498 0.704061 -0.055597
10007.999920000 -1.140204 -2.907003 1.646183 -0.027633 0.704394 0.707176 -0.054475
10008.033253000 -1.134019 -2.900584 1.640398 -0.028031 0.702411 0.709186 -0.053744
10008.066586000 -1.129251 -2.895871 1.634115 -0.028169 0.700164 0.711494 -0.052469
10008.099919000 -1.124123 -2.890360 1.627594 -0.027658 0.697911 0.713777 -0.051747
10008.133252000 -1.119847 -2.884474 1.620956 -0.027074 0.695611 0.716109 -0.050795
10008.166585000 -1.115993 -2.879838 1.613794 -0.026165 0.693116 0.718603 -0.050155
10008.199918000 -1.113552 -2.873183 1.606890 -0.025129 0.690847 0.720884 -0.049249
10008.233251000 -1.111103 -2.866491 1.599841 -0.024137 0.688590 0.723121 -0.048547
10008.266584000 -1.109518 -2.859054 1.593603 -0.023094 0.686485 0.725191 -0.047985
10008.299917000 -1.109443 -2.850146 1.586803 -0.022228 0.684491 0.727146 -0.047307
10008.333250000 -1.110874 -2.830418 1.573518 -0.020721 0.681061 0.730450 -0.046587
10008.366583000 -1.112286 -2.819168 1.567842 -0.020431 0.679812 0.731644 -0.046200
10008.399916000 -1.115548 -2.807298 1.561962 -0.019879 0.678558 0.732827 -0.046139
10008.433249000 -1.118714 -2.795001 1.557110 -0.019718 0.677708 0.733636 -0.045841
10008.466582000 -1.122837 -2.782243 1.551952 -0.019563 0.676813 0.734486 -0.045522
10008.499915000 -1.128159 -2.769537 1.548009 -0.019415 0.676199 0.735077 -0.045165
10008.533248000 -1.133935 -2.758204 1.543494 -0.019570 0.675689 0.735600 -0.044191
10008.566581000 -1.140683 -2.746206 1.539642 -0.019242 0.675356 0.735958 -0.043468
10008.599914000 -1.148172 -2.735972 1.536475 -0.018982 0.675265 0.736106 -0.042485
10008.633247000 -1.155085 -2.726909 1.533807 -0.018947 0.675283 0.736176 -0.040968
10008.666580000 -1.172884 -2.714230 1.528491 -0.017667 0.675459 0.736240 -0.037345
10008.699913000 -1.181683 -2.709777 1.526668 -0.016885 0.675644 0.736191 -0.035238
10008.733246000 -1.190850 -2.706342 1.525172 -0.016095 0.675869 0.736104 -0.033065
10008.766579000 -1.200358 -2.703854 1.523963 -0.015602 0.676197 0.735932 -0.030304
10008.799912000 -1.209677 -2.701289 1.523155 -0.014391 0.676381 0.735865 -0.028367
10008.833245000 -1.219938 -2.699990 1.521347 -0.013569 0.676359 0.735984 -0.026110
10008.866578000 -1.228006 -2.698989 1.520798 -0.012979 0.676267 0.736137 -0.024430
10008.899911000 -1.236753 -2.696832 1.519754 -0.012399 0.675869 0.736559 -0.022984
10008.933244000 -1.244221 -2.694146 1.518561 -0.012084 0.675234 0.737173 -0.022095
10008.966577000 -1.251333 -2.690621 1.516976 -0.011912 0.674223 0.738113 -0.021688
10008.999910000 -1.261428 -2.679040 1.514297 -0.012487 0.671182 0.740822 -0.023290
10009.033243000 -1.264407 -2.670486 1.511909 -0.013158 0.668795 0.742896 -0.025410
10009.066576000 -1.266440 -2.662189 1.509760 -0.014091 0.666207 0.745099 -0.028231
10009.099909000 -1.266863 -2.652519 1.507032 -0.015242 0.663160 0.747644 -0.031874
10009.133242000 -1.265058 -2.642831 1.504186 -0.016649 0.659843 0.750329 -0.036559
10009.166575000 -1.262327 -2.633710 1.501522 -0.018191 0.656157 0.753245 -0.041828
10009.199908000 -1.258313 -2.624253 1.497755 -0.019890 0.652094 0.756369 -0.047793
10009.233241000 -1.251588 -2.615950 1.494345 -0.021843 0.647927 0.759428 -0.054616
10009.266574000 -1.243332 -2.609527 1.490714 -0.023881 0.643609 0.762454 -0.062133
10009.299907000 -1.232785 -2.603168 1.486049 -0.026147 0.639126 0.765437 -0.070291
10009.333240000 -1.204273 -2.597155 1.476494 -0.030892 0.630476 0.770550 -0.088314
10009.366573000 -1.186950 -2.596240 1.471065 -0.033335 0.626464 0.772575 -0.097778
10009.399906000 -1.168051 -2.597312 1.465398 -0.035807 0.622696 0.774227 -0.107426
10009.433239000 -1.148416 -2.599136 1.458816 -0.038055 0.619080 0.775677 -0.116692
10009.466572000 -1.126906 -2.602494 1.450638 -0.040269 0.615591 0.776903 -0.125888
10009.499905000 -1.105267 -2.605695 1.442489 -0.042385 0.612634 0.777673 -0.134562
10009.533238000 -1.082471 -2.608896 1.433212 -0.044337 0.609729 0.778338 -0.143017
10009.566571000 -1.060730 -2.612320 1.422385 -0.046019 0.607314 0.778736 -0.150407
10009.599904000 -1.038554 -2.614705 1.410517 -0.047563 0.604975 0.779098 -0.157320
10009.633237000 -1.017275 -2.617701 1.398075 -0.048821 0.603387 0.779151 -0.162676
10009.666570000 -0.978037 -2.618142 1.366862 -0.050656 0.600325 0.779618 -0.170996
10009.699903000 -0.959556 -2.616355 1.350631 -0.051326 0.599329 0.779687 -0.173951
10009.733236000 -0.942228 -2.612212 1.332688 -0.051702 0.598419 0.779912 -0.175948
10009.766569000 -0.925867 -2.607474 1.315719 -0.051903 0.597788 0.780109 -0.177156
10009.799902000 -0.910663 -2.600394 1.297881 -0.051973 0.597009 0.780461 -0.178214
10009.833235000 -0.896384 -2.591717 1.282455 -0.052089 0.596548 0.780618 -0.179032
10009.866568000 -0.881321 -2.580682 1.268270 -0.052262 0.596031 0.780775 -0.180016
10009.899901000 -0.868122 -2.568213 1.255601 -0.052393 0.595343 0.781065 -0.180998
10009.933234000 -0.854594 -2.553700 1.245364 -0.052622 0.594751 0.781197 -0.182300
10009.966567000 -0.840743 -2.537235 1.237679 -0.052957 0.593799 0.781415 -0.184362
10009.999900000 -0.814618 -2.497524 1.234580 -0.054169 0.591748 0.781439 -0.190403
10010.033233000 -0.801397 -2.474938 1.238422 -0.055029 0.590448 0.781320 -0.194633
10010.066566000 -0.789186 -2.450935 1.244889 -0.055933 0.588933 0.781240 -0.199230
10010.099899000 -0.778135 -2.426673 1.253363 -0.056928 0.587156 0.781260 -0.204058
10010.133232000 -0.767431 -2.402127 1.264926 -0.057939 0.585472 0.781147 -0.208988
10010.166565000 -0.759042 -2.377329 1.277588 -0.058858 0.583588 0.781191 -0.213780
10010.199898000 -0.752205 -2.352714 1.291371 -0.059418 0.581524 0.781484 -0.218134
10010.233231000 -0.748284 -2.329664 1.306834 -0.059782 0.579513 0.781899 -0.221867
10010.266564000 -0.746995 -2.307970 1.321750 -0.059835 0.577340 0.782683 -0.224736
10010.299897000 -0.749459 -2.288120 1.336373 -0.059500 0.575036 0.783956 -0.226287
10010.333230000 -0.762123 -2.257030 1.362624 -0.057888 0.570632 0.787615 -0.225146
10010.366563000 -0.773852 -2.245799 1.375299 -0.056333 0.568606 0.790161 -0.221720
10010.399896000 -0.788597 -2.235541 1.385119 -0.054555 0.566366 0.793189 -0.217036
10010.433229000 -0.805136 -2.227299 1.393525 -0.052360 0.564295 0.796438 -0.210989
10010.466562000 -0.823000 -2.220061 1.401231 -0.049970 0.562688 0.799646 -0.203595
10010.499895000 -0.842704 -2.212441 1.407729 -0.047441 0.561386 0.802877 -0.194896
10010.533228000 -0.862266 -2.205609 1.412435 -0.045114 0.560444 0.805919 -0.185370
10010.566561000 -0.882595 -2.197795 1.415588 -0.042560 0.559978 0.808705 -0.174954
10010.599894000 -0.902861 -2.188848 1.416026 -0.039993 0.559990 0.811195 -0.163630
10010.633227000 -0.921719 -2.178390 1.415957 -0.037364 0.560705 0.813059 -0.152150
10010.666560000 -0.954579 -2.149948 1.409126 -0.031863 0.564074 0.815002 -0.128750
10010.699893000 -0.969012 -2.132779 1.403946 -0.029335 0.567002 0.814919 -0.116424
10010.733226000 -0.981084 -2.112958 1.397057 -0.027053 0.570820 0.813949 -0.104501
10010.766559000 -0.992370 -2.091213 1.388092 -0.024587 0.574915 0.812614 -0.092339
10010.799892000 -1.003301 -2.068733 1.379143 -0.021846 0.579667 0.810714 -0.079067
10010.833225000 -1.012894 -2.050855 1.372807 -0.019758 0.585643 0.807751 -0.064585
10010.866558000 -1.020830 -2.029192 1.362618 -0.016913 0.590848 0.804997 -0.050907
10010.899891000 -1.026216 -2.005361 1.351095 -0.014087 0.595697 0.802204 -0.037633
10010.933224000 -1.032482 -1.979987 1.341066 -0.010837 0.601044 0.798792 -0.023646
10010.966557000 -1.036499 -1.952686 1.330785 -0.007628 0.605466 0.795777 -0.009597
10010.999890000 -1.050248 -1.902526 1.309962 0.001741 0.610753 0.791477 0.023284
10011.033223000 -1.057423 -1.880684 1.299846 0.006745 0.611986 0.789766 0.041192
10011.066556000 -1.065634 -1.858403 1.289803 0.012341 0.611845 0.788509 0.061211
10011.099889000 -1.074339 -1.836417 1.279713 0.018561 0.610427 0.787478 0.083137
10011.133222000 -1.083227 -1.814457 1.269833 0.024978 0.607858 0.786525 0.106125
10011.166555000 -1.092464 -1.793617 1.261256 0.031852 0.604802 0.784830 0.131307
10011.199888000 -1.103386 -1.771526 1.252083 0.039267 0.600891 0.782440 0.158671
10011.233221000 -1.113814 -1.750499 1.243399 0.046592 0.596265 0.779488 0.186266
10011.266554000 -1.126283 -1.727975 1.235192 0.054549 0.592126 0.774663 0.215195
10011.299887000 -1.134373 -1.705188 1.229555 0.061258 0.588486 0.768822 0.242579
10011.333220000 -1.161439 -1.658799 1.214628 0.077344 0.581328 0.753736 0.296576
10011.366553000 -1.176372 -1.634246 1.207628 0.085109 0.578372 0.745367 0.320423
10011.399886000 -1.191804 -1.608204 1.200002 0.092693 0.576007 0.736719 0.341860
10011.433219000 -1.208760 -1.580803 1.191972 0.100081 0.573536 0.728460 0.361090
10011.466552000 -1.224138 -1.554704 1.183708 0.106452 0.571103 0.720594 0.378488
10011.499885000 -1.239560 -1.529456 1.173980 0.112121 0.568515 0.713739 0.393441
10011.533218000 -1.254441 -1.505749 1.165113 0.117060 0.565928 0.707525 0.406732
10011.566551000 -1.268953 -1.481829 1.153934 0.121464 0.562436 0.701847 0.419908
10011.599884000 -1.282577 -1.461404 1.141929 0.124803 0.558965 0.697132 0.431266
10011.633217000 -1.296540 -1.438475 1.126987 0.128295 0.553715 0.692960 0.443561
10011.666550000 -1.315071 -1.406476 1.094613 0.131072 0.541115 0.686675 0.467431
10011.699883000 -1.321813 -1.391153 1.076243 0.132124 0.532587 0.684131 0.480478
10011.733216000 -1.329232 -1.378909 1.054826 0.132415 0.522770 0.681720 0.494404
10011.766549000 -1.333027 -1.366480 1.032302 0.131868 0.511386 0.679363 0.509471
10011.799882000 -1.336215 -1.355647 1.009123 0.130448 0.499086 0.677104 0.524810
10011.833215000 -1.338126 -1.345139 0.983143 0.128392 0.484965 0.674341 0.541839
10011.866548000 -1.337839 -1.334628 0.957026 0.125376 0.469662 0.671156 0.559686
10011.899881000 -1.336100 -1.324754 0.929333 0.121181 0.453162 0.667629 0.578127
10011.933214000 -1.332894 -1.314227 0.901573 0.116151 0.436011 0.663379 0.596936
10011.966547000 -1.331089 -1.304282 0.879557 0.111571 0.421904 0.657143 0.614582
10011.999880000 -1.320328 -1.305104 0.841773 0.087293 0.400152 0.641345 0.648795
10012.033213000 -1.312657 -1.291337 0.808623 0.081051 0.381800 0.637883 0.663901
10012.066546000 -1.301782 -1.276899 0.771599 0.074742 0.361341 0.635421 0.678296
10012.099879000 -1.292401 -1.260002 0.739550 0.069299 0.345406 0.631021 0.691162
10012.133212000 -1.287156 -1.240730 0.715272 0.064683 0.334474 0.622793 0.704324
10012.166545000 -1.282389 -1.222996 0.692211 0.059684 0.325078 0.614506 0.716341
10012.199878000 -1.273156 -1.205848 0.663147 0.053889 0.314151 0.607255 0.727768
10012.233211000 -1.262528 -1.188404 0.638716 0.048429 0.304822 0.601242 0.737052
10012.266544000 -1.253352 -1.171108 0.615855 0.044526 0.297606 0.595137 0.745158
10012.299877000 -1.243521 -1.153959 0.596068 0.041078 0.291315 0.589981 0.751911
10012.333210000 -1.227509 -1.120518 0.569589 0.038899 0.284721 0.581315 0.761245
10012.366543000 -1.221020 -1.104549 0.561604 0.039237 0.283498 0.577970 0.764225
10012.399876000 -1.214851 -1.089815 0.554945 0.040424 0.283176 0.575261 0.766324
10012.433209000 -1.208491 -1.075136 0.552024 0.042479 0.284035 0.572618 0.767872
10012.466542000 -1.203246 -1.060348 0.548971 0.045138 0.285370 0.569724 0.769377
10012.499875000 -1.196534 -1.045150 0.545531 0.047881 0.285636 0.566073 0.771803
10012.533208000 -1.191283 -1.029862 0.542434 0.051615 0.286820 0.561855 0.774203
10012.566541000 -1.185059 -1.014375 0.538058 0.055083 0.286953 0.556369 0.777867
10012.599874000 -1.178407 -0.998013 0.531150 0.058642 0.286168 0.548687 0.783334
10012.633207000 -1.172731 -0.981677 0.520634 0.062112 0.284268 0.539506 0.790106
10012.666540000 -1.156621 -0.945524 0.487399 0.066635 0.273995 0.513989 0.810125
10012.699873000 -1.148353 -0.925546 0.465706 0.068513 0.266756 0.498258 0.822123
10012.733206000 -1.138840 -0.906689 0.440092 0.069367 0.258075 0.481329 0.834810
10012.766539000 -1.129511 -0.886442 0.411859 0.070120 0.248830 0.463480 0.847557
10012.799872000 -1.119023 -0.866058 0.382278 0.070256 0.238681 0.444904 0.860323
10012.833205000 -1.108843 -0.847359 0.351437 0.069397 0.229099 0.427957 0.871522
10012.866538000 -1.098633 -0.829048 0.319633 0.067854 0.219445 0.411706 0.881895
10012.899871000 -1.088689 -0.811429 0.289542 0.065993 0.210750 0.396917 0.890891
10012.933204000 -1.078570 -0.796081 0.258889 0.062452 0.202322 0.384456 0.898532
10012.966537000 -1.070327 -0.782314 0.231288 0.058494 0.195566 0.375290 0.904151
10012.999870000 -1.054708 -0.760593 0.182570 0.046358 0.184504 0.365545 0.911146
10013.033203000 -1.048613 -0.752855 0.162976 0.038872 0.180628 0.365244 0.912392
10013.066536000 -1.043131 -0.746419 0.145001 0.030305 0.177470 0.367597 0.912392
10013.099869000 -1.038682 -0.741871 0.129945 0.021391 0.175340 0.372672 0.910996
10013.133202000 -1.035303 -0.739200 0.117988 0.012211 0.174105 0.380091 0.908333
10013.166535000 -1.031904 -0.735704 0.107755 0.002963 0.172656 0.387534 0.905538
10013.199868000 -1.030136 -0.733673 0.098101 -0.005688 0.172243 0.397140 0.901432
10013.233201000 -1.028658 -0.731340 0.091692 -0.013585 0.172346 0.407546 0.896671
10013.266534000 -1.028456 -0.729638 0.085511 -0.020517 0.172343 0.416881 0.892237
10013.299867000 -1.029044 -0.727401 0.080257 -0.026654 0.172405 0.425626 0.887924
10013.333200000 -1.032297 -0.717773 0.073066 -0.033669 0.171148 0.432740 0.884483
10013.366533000 -1.034109 -0.711695 0.069486 -0.035692 0.169468 0.431070 0.885542
10013.399866000 -1.035828 -0.705222 0.066825 -0.036520 0.167441 0.426607 0.888052
10013.433199000 -1.037324 -0.697921 0.063790 -0.036318 0.165337 0.420265 0.891472
10013.466532000 -1.038441 -0.689234 0.061252 -0.035191 0.162955 0.411952 0.895825
10013.499865000 -1.037270 -0.680546 0.058725 -0.033556 0.160142 0.401651 0.901058
10013.533198000 -1.033860 -0.671478 0.055944 -0.031679 0.157394 0.391531 0.906050
10013.566531000 -1.029268 -0.662383 0.052147 -0.029388 0.154745 0.381181 0.910984
10013.599864000 -1.021776 -0.653964 0.049699 -0.027545 0.152302 0.372007 0.915235
10013.633197000 -1.010820 -0.645456 0.044967 -0.025554 0.149892 0.363035 0.919285
10013.666530000 -0.978320 -0.628806 0.033994 -0.023183 0.145774 0.349688 0.925165
10013.699863000 -0.956915 -0.621481 0.027271 -0.023109 0.144359 0.345856 0.926828
10013.733196000 -0.933167 -0.613401 0.021262 -0.023013 0.143151 0.342731 0.928178
10013.766529000 -0.908278 -0.605429 0.014182 -0.023644 0.142177 0.340703 0.929058
10013.799862000 -0.881376 -0.597432 0.008200 -0.024412 0.141574 0.340090 0.929354
10013.833195000 -0.854165 -0.588634 0.001654 -0.025180 0.141154 0.339823 0.929495
10013.866528000 -0.827836 -0.579007 -0.004084 -0.025817 0.141559 0.341687 0.928733
10013.899861000 -0.802142 -0.567312 -0.008589 -0.026148 0.141928 0.343220 0.928102
10013.933194000 -0.778702 -0.555373 -0.010948 -0.026147 0.143454 0.347115 0.926417
10013.966527000 -0.757707 -0.541108 -0.013212 -0.025193 0.145276 0.350777 0.924779
10013.999860000 -0.725783 -0.508035 -0.010708 -0.021516 0.150766 0.360745 0.920147
10014.033193000 -0.715448 -0.487966 -0.006382 -0.018237 0.154540 0.366593 0.917275
10014.066526000 -0.707248 -0.467390 -0.000129 -0.014817 0.158105 0.371608 0.914708
10014.099859000 -0.701476 -0.443779 0.008286 -0.010810 0.161761 0.376076 0.912296
10014.133192000 -0.698050 -0.420480 0.016752 -0.006639 0.165637 0.380569 0.909773
10014.166525000 -0.694461 -0.395963 0.027979 -0.002736 0.169076 0.384300 0.907590
10014.199858000 -0.690962 -0.371331 0.039374 0.001233 0.172476 0.387706 0.905502
10014.233191000 -0.688430 -0.345785 0.052481 0.004853 0.175786 0.391038 0.903418
10014.266524000 -0.684303 -0.321190 0.067174 0.008118 0.178583 0.393669 0.901702
10014.299857000 -0.678070 -0.296822 0.081862 0.010474 0.180954 0.395900 0.900227
10014.333190000 -0.659141 -0.249815 0.113475 0.013628 0.184155 0.398563 0.898359
10014.366523000 -0.646398 -0.227849 0.129149 0.014319 0.185273 0.399582 0.897665
10014.399856000 -0.630660 -0.206603 0.145051 0.014313 0.185562 0.399962 0.897436
10014.433189000 -0.613057 -0.186538 0.160053 0.013660 0.185302 0.399764 0.897589
10014.466522000 -0.593627 -0.167328 0.174370 0.012362 0.184400 0.398988 0.898138
10014.499855000 -0.573304 -0.149205 0.187048 0.010871 0.183082 0.397396 0.899132
10014.533188000 -0.552024 -0.131907 0.199838 0.008655 0.181137 0.394629 0.900768
10014.566521000 -0.529431 -0.114590 0.209413 0.006608 0.178088 0.389931 0.903435
10014.599854000 -0.507362 -0.099043 0.216775 0.004088 0.174512 0.384633 0.906414
10014.633187000 -0.484179 -0.083613 0.223002 0.001562 0.169920 0.376419 0.910733
10014.666520000 -0.440377 -0.058852 0.225794 -0.004014 0.159307 0.356156 0.920738
10014.699853000 -0.420029 -0.047176 0.224044 -0.006188 0.153290 0.342030 0.927081
10014.733186000 -0.401089 -0.034746 0.219964 -0.007371 0.146780 0.326764 0.933610
10014.766519000 -0.382611 -0.024387 0.214240 -0.008954 0.139836 0.310257 0.940269
10014.799852000 -0.365582 -0.013945 0.207100 -0.009701 0.133312 0.294273 0.946328
10014.833185000 -0.350383 -0.002020 0.198360 -0.009275 0.126477 0.276717 0.952547
10014.866518000 -0.336755 0.010557 0.191027 -0.007932 0.120448 0.260825 0.957810
10014.899851000 -0.325414 0.023192 0.183016 -0.005951 0.115009 0.245745 0.962469
10014.933184000 -0.316651 0.037420 0.174556 -0.002992 0.109804 0.231528 0.966607
10014.966517000 -0.310170 0.052537 0.169090 0.000534 0.106143 0.219642 0.969789
10014.999850000 -0.305261 0.086455 0.161726 0.009783 0.101078 0.202024 0.974101
10015.033183000 -0.307203 0.105978 0.159880 0.015529 0.099774 0.195668 0.975458
10015.066516000 -0.310815 0.127591 0.160494 0.022124 0.099643 0.191860 0.976100
10015.099849000 -0.315372 0.149504 0.162004 0.028890 0.099434 0.187750 0.976744
10015.133182000 -0.320354 0.172637 0.162867 0.035839 0.099439 0.184229 0.977183
10015.166515000 -0.325903 0.195615 0.165125 0.042928 0.100138 0.182132 0.977219
10015.199848000 -0.331017 0.219544 0.167735 0.050175 0.100707 0.179699 0.977266
10015.233181000 -0.335012 0.243775 0.169484 0.057795 0.100820 0.176137 0.977482
10015.266514000 -0.336660 0.267115 0.170300 0.064544 0.100292 0.172458 0.977770
10015.299847000 -0.335531 0.289677 0.170340 0.071048 0.099419 0.167749 0.978227
10015.333180000 -0.324840 0.332930 0.165394 0.082557 0.095745 0.155831 0.979660
10015.366513000 -0.315734 0.352407 0.160097 0.087614 0.093028 0.148708 0.980589
10015.399846000 -0.302378 0.371564 0.154820 0.092423 0.089321 0.140105 0.981759
10015.433179000 -0.287650 0.387965 0.147359 0.096055 0.085305 0.131446 0.982964
10015.466512000 -0.272456 0.403410 0.140292 0.099475 0.081293 0.122990 0.984058
10015.499845000 -0.255252 0.418009 0.132612 0.102265 0.076394 0.113347 0.985321
10015.533178000 -0.238066 0.429168 0.125234 0.103977 0.071642 0.104390 0.986488
10015.566511000 -0.220269 0.439074 0.118410 0.105287 0.066421 0.094713 0.987690
10015.599844000 -0.202687 0.446173 0.112823 0.105963 0.060819 0.084572 0.988899
10015.633177000 -0.186531 0.451274 0.107007 0.105730 0.055299 0.074809 0.990034
10015.666510000 -0.159674 0.453376 0.101141 0.102955 0.044306 0.055720 0.992135
10015.699843000 -0.150287 0.450878 0.100960 0.100567 0.039117 0.046587 0.993069
10015.733176000 -0.141775 0.445291 0.101031 0.097170 0.033638 0.037018 0.994010
10015.766509000 -0.133268 0.439558 0.103267 0.093607 0.027363 0.026000 0.994893
10015.799842000 -0.126830 0.431603 0.105629 0.089524 0.021554 0.015643 0.995629
10015.833175000 -0.122186 0.422340 0.109655 0.084946 0.015393 0.004314 0.996257
10015.866508000 -0.116563 0.413102 0.114630 0.080408 0.008574 -0.008507 0.996689
10015.899841000 -0.112066 0.403267 0.119911 0.075804 0.001863 -0.021290 0.996894
10015.933174000 -0.107988 0.392496 0.125549 0.070937 -0.005153 -0.035044 0.996852
10015.966507000 -0.103568 0.382600 0.130805 0.066415 -0.012703 -0.050103 0.996452
10015.999840000 -0.092474 0.365850 0.142150 0.059038 -0.029021 -0.083027 0.994374
10016.033173000 -0.087230 0.358069 0.147514 0.055880 -0.037326 -0.100079 0.992708
10016.066506000 -0.080295 0.352171 0.153243 0.053771 -0.045955 -0.117726 0.990524
10016.099839000 -0.073717 0.345663 0.157882 0.051671 -0.054260 -0.135068 0.987999
10016.133172000 -0.066228 0.338430 0.161748 0.049705 -0.062956 -0.153193 0.984935
10016.166505000 -0.058949 0.333617 0.164657 0.048791 -0.070940 -0.169635 0.981739
10016.199838000 -0.051777 0.327454 0.167137 0.047726 -0.078749 -0.185688 0.978285
10016.233171000 -0.043602 0.321614 0.169394 0.047050 -0.086252 -0.201011 0.974649
10016.266504000 -0.036423 0.314107 0.169160 0.045925 -0.093196 -0.215380 0.970987
10016.299837000 -0.028970 0.307744 0.168592 0.045300 -0.099249 -0.227817 0.967573
10016.333170000 -0.014867 0.290333 0.162645 0.042547 -0.109381 -0.249491 0.961239
10016.366503000 -0.007929 0.280791 0.157901 0.040897 -0.113166 -0.258132 0.958587
10016.399836000 -0.002197 0.270426 0.152397 0.038793 -0.116023 -0.265250 0.956387
10016.433169000 0.004762 0.260060 0.145829 0.036820 -0.118877 -0.272233 0.954150
10016.466502000 0.011393 0.248593 0.138577 0.034436 -0.121056 -0.278301 0.952212
10016.499835000 0.017451 0.238273 0.130926 0.032290 -0.122674 -0.283171 0.950643
10016.533168000 0.024281 0.227848 0.124362 0.030170 -0.124022 -0.287451 0.949253
10016.566501000 0.031613 0.218473 0.117380 0.028432 -0.125393 -0.291543 0.947877
10016.599834000 0.039860 0.209145 0.111271 0.026920 -0.127049 -0.296169 0.946265
10016.633167000 0.048502 0.201113 0.105905 0.025765 -0.128494 -0.300006 0.944893
10016.666500000 0.067065 0.187168 0.098417 0.024357 -0.131763 -0.307904 0.941934
10016.699833000 0.077378 0.182560 0.096870 0.024576 -0.133918 -0.312207 0.940207
10016.733166000 0.087729 0.178302 0.096161 0.024915 -0.136104 -0.316428 0.938471
10016.766499000 0.097604 0.175793 0.095892 0.025702 -0.138318 -0.320331 0.936801
10016.799832000 0.107980 0.172631 0.098157 0.026537 -0.140942 -0.324937 0.934798
10016.833165000 0.117500 0.169961 0.100128 0.027510 -0.143815 -0.329954 0.932572
10016.866498000 0.126097 0.167570 0.101959 0.028422 -0.146393 -0.334413 0.930553
10016.899831000 0.134293 0.164745 0.105194 0.029427 -0.149606 -0.340034 0.927970
10016.933164000 0.140312 0.161730 0.108604 0.030079 -0.152275 -0.344893 0.925719
10016.966497000 0.145047 0.158098 0.112311 0.030577 -0.155279 -0.350430 0.923121
10016.999830000 0.149289 0.148036 0.119839 0.030659 -0.161639 -0.362995 0.917152
10017.033163000 0.148834 0.141845 0.123590 0.030324 -0.164981 -0.370056 0.913740
10017.066496000 0.146199 0.134768 0.126768 0.029425 -0.167847 -0.376542 0.910592
10017.099829000 0.143218 0.127355 0.131223 0.028863 -0.171035 -0.383463 0.907122
10017.133162000 0.138908 0.118638 0.133905 0.027635 -0.174185 -0.391081 0.903300
10017.166495000 0.134670 0.110415 0.137616 0.026535 -0.177158 -0.398256 0.899613
10017.199828000 0.129405 0.102278 0.141267 0.025404 -0.180188 -0.405457 0.895819
10017.233161000 0.124783 0.092623 0.144478 0.024038 -0.183237 -0.413120 0.891728
10017.266494000 0.120509 0.084239 0.148206 0.022920 -0.186030 -0.419972 0.887970
10017.299827000 0.117179 0.075254 0.151150 0.021570 -0.188846 -0.427241 0.883933
10017.333160000 0.114368 0.059536 0.158072 0.019948 -0.193841 -0.439181 0.877011
10017.366493000 0.115481 0.051351 0.161554 0.019105 -0.196375 -0.445356 0.873344
10017.399826000 0.116917 0.043867 0.164736 0.018329 -0.198614 -0.450792 0.870059
10017.433159000 0.119968 0.035153 0.168554 0.017653 -0.200857 -0.456217 0.866724
10017.466492000 0.125266 0.026705 0.172087 0.017511 -0.203577 -0.462000 0.863022
10017.499825000 0.131136 0.017213 0.177168 0.017051 -0.206565 -0.468514 0.858799
10017.533158000 0.137970 0.007203 0.181304 0.016927 -0.209658 -0.474985 0.854486
10017.566491000 0.146023 -0.005273 0.186554 0.016618 -0.213238 -0.482590 0.849329
10017.599824000 0.154935 -0.018054 0.191912 0.016678 -0.216998 -0.490016 0.844108
10017.633157000 0.165207 -0.033439 0.197188 0.016719 -0.221409 -0.498865 0.837754
10017.666490000 0.188762 -0.069883 0.211134 0.017435 -0.232297 -0.519501 0.822103
10017.699823000 0.202049 -0.091203 0.218983 0.018100 -0.238710 -0.531077 0.812802
10017.733156000 0.214687 -0.114342 0.227585 0.018610 -0.245321 -0.543167 0.802771
10017.766489000 0.228424 -0.137194 0.237069 0.019813 -0.252492 -0.555250 0.792182
10017.799822000 0.241577 -0.161575 0.246271 0.020661 -0.259826 -0.567706 0.780880
10017.833155000 0.253943 -0.185388 0.255186 0.021591 -0.266865 -0.579447 0.769778
10017.866488000 0.265687 -0.207818 0.264570 0.022723 -0.273992 -0.590661 0.758638
10017.899821000 0.276130 -0.230798 0.274189 0.023517 -0.280736 -0.601491 0.747558
10017.933154000 0.286335 -0.251164 0.283833 0.024603 -0.287537 -0.611852 0.736447
10017.966487000 0.294030 -0.269583 0.293626 0.025151 -0.293501 -0.621327 0.726069
10017.999820000 0.304319 -0.300104 0.311750 0.025673 -0.304332 -0.639267 0.705734
10018.033153000 0.305958 -0.311052 0.320723 0.025460 -0.309031 -0.647449 0.696177
10018.066486000 0.306116 -0.320635 0.328311 0.024864 -0.313016 -0.655354 0.686960
10018.099819000 0.304867 -0.328266 0.335920 0.024126 -0.316662 -0.663079 0.677842
10018.133152000 0.301915 -0.335248 0.341163 0.023071 -0.319697 -0.670367 0.669231
10018.166485000 0.297315 -0.340804 0.345795 0.021607 -0.322241 -0.677694 0.660625
10018.199818000 0.293215 -0.345727 0.349149 0.020302 -0.324624 -0.684629 0.652297
10018.233151000 0.287207 -0.351215 0.349813 0.018548 -0.326257 -0.691314 0.644436
10018.266484000 0.280897 -0.357387 0.348791 0.016516 -0.327336 -0.697858 0.636845
10018.299817000 0.274778 -0.364318 0.345602 0.014488 -0.328193 -0.704451 0.629149
10018.333150000 0.260631 -0.382469 0.333067 0.010269 -0.328926 -0.716805 0.614731
10018.366483000 0.253699 -0.394671 0.322388 0.007808 -0.328426 -0.722721 0.608071
10018.399816000 0.247308 -0.408350 0.310721 0.005453 -0.328276 -0.728185 0.601624
10018.433149000 0.241186 -0.421721 0.297073 0.003280 -0.327082 -0.733041 0.596371
10018.466482000 0.235869 -0.437589 0.282550 0.001331 -0.326772 -0.738024 0.590372
10018.499815000 0.231590 -0.453059 0.267514 -0.000437 -0.326095 -0.741851 0.585934
10018.533148000 0.228751 -0.470135 0.252142 -0.001838 -0.325813 -0.745913 0.580910
10018.566481000 0.227228 -0.486890 0.236524 -0.003049 -0.325495 -0.749112 0.576953
10018.599814000 0.226331 -0.504493 0.222205 -0.004048 -0.325472 -0.752115 0.573039
10018.633147000 0.228036 -0.520864 0.207222 -0.004441 -0.325558 -0.753707 0.570893
10018.666480000 0.234882 -0.553493 0.184020 -0.004278 -0.327266 -0.756546 0.566143
10018.699813000 0.241207 -0.569577 0.174443 -0.003468 -0.328824 -0.756951 0.564702
10018.733146000 0.249076 -0.584163 0.166362 -0.002502 -0.330228 -0.756516 0.564470
10018.766479000 0.256502 -0.598868 0.160498 -0.001357 -0.331972 -0.756359 0.563661
10018.799812000 0.264800 -0.613541 0.155484 -0.000154 -0.333649 -0.755820 0.563395
10018.833145000 0.272440 -0.627539 0.151485 0.000919 -0.334834 -0.754733 0.564148
10018.866478000 0.278770 -0.641289 0.149648 0.001884 -0.336064 -0.754059 0.564317
10018.899811000 0.285110 -0.654690 0.148582 0.002757 -0.336869 -0.752807 0.565502
10018.933144000 0.288952 -0.669105 0.148186 0.003137 -0.336997 -0.751933 0.566586
10018.966477000 0.290866 -0.682247 0.149430 0.003224 -0.336647 -0.750953 0.568091
10018.999810000 0.285575 -0.709422 0.154684 0.001674 -0.333458 -0.749834 0.571447
10019.033143000 0.278396 -0.723165 0.159672 0.000214 -0.331057 -0.749843 0.572833
10019.066476000 0.268257 -0.736410 0.163537 -0.001649 -0.327868 -0.749421 0.575212
10019.099809000 0.256696 -0.750177 0.169781 -0.003504 -0.324936 -0.749585 0.576652
10019.133142000 0.242254 -0.763052 0.175872 -0.005472 -0.321835 -0.749823 0.578063
10019.166475000 0.226208 -0.776689 0.181963 -0.007528 -0.319146 -0.750593 0.578533
10019.199808000 0.209324 -0.790226 0.189491 -0.009110 -0.317070 -0.751493 0.578483
10019.233141000 0.190255 -0.803370 0.196743 -0.010502 -0.315677 -0.752929 0.577352
10019.266474000 0.169210 -0.815851 0.203671 -0.011604 -0.314821 -0.754594 0.575623
10019.299807000 0.149583 -0.827606 0.210282 -0.011665 -0.315558 -0.756390 0.572854
10019.333140000 0.106617 -0.849906 0.225481 -0.009158 -0.321946 -0.762078 0.561697
10019.366473000 0.085320 -0.860957 0.231954 -0.006519 -0.327596 -0.765264 0.554085
10019.399806000 0.063042 -0.871354 0.239207 -0.003321 -0.334458 -0.768426 0.545572
10019.433139000 0.040918 -0.881268 0.245135 0.000050 -0.341855 -0.771389 0.536745
10019.466472000 0.017871 -0.890858 0.250890 0.003705 -0.350094 -0.774325 0.527106
10019.499805000 -0.005248 -0.900819 0.255742 0.007294 -0.358566 -0.777110 0.517182
10019.533138000 -0.029338 -0.910508 0.260378 0.010625 -0.366988 -0.779981 0.506790
10019.566471000 -0.053322 -0.920539 0.264150 -0.013680 0.375102 0.782669 -0.496528
10019.599804000 -0.077109 -0.929730 0.267558 -0.016024 0.382283 0.785402 -0.486565
10019.633137000 -0.102145 -0.939934 0.270277 -0.017383 0.388367 0.789081 -0.475627
10019.666470000 -0.154229 -0.960782 0.272842 -0.017027 0.395782 0.798634 -0.453045
10019.699803000 -0.180241 -0.971389 0.273662 -0.015400 0.397076 0.804763 -0.440964
10019.733136000 -0.206230 -0.982350 0.273477 -0.013106 0.397035 0.811537 -0.428485
10019.766469000 -0.232222 -0.992911 0.274388 -0.010338 0.396017 0.818960 -0.415173
10019.799802000 -0.258175 -1.003081 0.276096 -0.007567 0.395007 0.826786 -0.400422
10019.833135000 -0.282567 -1.014400 0.279337 -0.004910 0.393911 0.834539 -0.385169
10019.866468000 -0.306580 -1.024505 0.283078 -0.002522 0.393059 0.842139 -0.369189
10019.899801000 -0.328756 -1.033940 0.289788 -0.000814 0.393255 0.848904 -0.353147
10019.933134000 -0.348901 -1.043303 0.298607 0.000394 0.394360 0.854892 -0.337104
10019.966467000 -0.368327 -1.052676 0.310799 0.000777 0.397217 0.859592 -0.321435
10019.999800000 -0.398789 -1.068122 0.344579 -0.000891 0.408070 0.863277 -0.297039
10020.033133000 -0.410949 -1.075242 0.365420 -0.002720 0.415929 0.862603 -0.287942
10020.066466000 -0.420660 -1.082615 0.390788 -0.005301 0.425916 0.860034 -0.280908
10020.099799000 -0.429017 -1.089304 0.415860 -0.007967 0.435704 0.856714 -0.275932
10020.133132000 -0.435452 -1.095975 0.442832 -0.011077 0.446273 0.852022 -0.273450
10020.166465000 -0.440058 -1.103273 0.470097 -0.014375 0.456995 0.846689 -0.272152
10020.199798000 -0.443663 -1.111169 0.496758 -0.017666 0.466941 0.841198 -0.272102
10020.233131000 -0.445809 -1.121032 0.523037 -0.021023 0.476551 0.835389 -0.273099
10020.266464000 -0.446626 -1.131104 0.547126 -0.024190 0.484559 0.829846 -0.275633
10020.299797000 -0.447621 -1.142353 0.568436 -0.026977 0.491128 0.824873 -0.278658
10020.333130000 -0.445876 -1.170096 0.602158 -0.031242 0.498095 0.817432 -0.287629
10020.366463000 -0.444262 -1.186236 0.614728 -0.032776 0.498747 0.814850 -0.293594
10020.399796000 -0.442046 -1.205193 0.623971 -0.033762 0.497693 0.813132 -0.299964
10020.433129000 -0.439564 -1.223801 0.631886 -0.034298 0.494965 0.812062 -0.307226
10020.466462000 -0.437007 -1.243140 0.637823 -0.034450 0.491163 0.811523 -0.314647
10020.499795000 -0.434587 -1.262854 0.642996 -0.034329 0.486429 0.811138 -0.322899
10020.533128000 -0.431196 -1.283355 0.647349 -0.033960 0.480882 0.810913 -0.331691
10020.566461000 -0.427765 -1.303456 0.652587 -0.033513 0.475310 0.810567 -0.340496
10020.599794000 -0.424660 -1.324054 0.659213 -0.032808 0.469438 0.810362 -0.349090
10020.633127000 -0.422185 -1.343022 0.666195 -0.031937 0.463345 0.810118 -0.357771
10020.666460000 -0.416120 -1.378460 0.686762 -0.030703 0.453494 0.808666 -0.373444
10020.699793000 -0.412496 -1.394963 0.700316 -0.030449 0.449549 0.807343 -0.381020
10020.733126000 -0.410250 -1.411247 0.716040 -0.030037 0.446349 0.806570 -0.386412
10020.766459000 -0.408376 -1.425531 0.733035 -0.029742 0.443397 0.805630 -0.391758
10020.799792000 -0.405533 -1.440099 0.750147 -0.029482 0.440592 0.804616 -0.396992
10020.833125000 -0.402880 -1.454485 0.768182 -0.029262 0.438454 0.803655 -0.401299
10020.866458000 -0.399971 -1.468354 0.787164 -0.029159 0.436648 0.802772 -0.405025
10020.899791000 -0.397202 -1.482457 0.805172 -0.028939 0.434769 0.802248 -0.408089
10020.933124000 -0.394849 -1.497915 0.823514 -0.028599 0.433506 0.801894 -0.410147
10020.966457000 -0.392049 -1.512342 0.839975 -0.028190 0.431651 0.801979 -0.411961
10020.999790000 -0.384669 -1.544173 0.869034 -0.026998 0.427848 0.802600 -0.414790
10021.033123000 -0.381513 -1.561247 0.881169 -0.025820 0.425323 0.803704 -0.415323
10021.066456000 -0.378195 -1.579839 0.891655 -0.024655 0.423074 0.805134 -0.414921
10021.099789000 -0.375015 -1.597723 0.900929 -0.023254 0.420413 0.806952 -0.414174
10021.133122000 -0.372316 -1.616055 0.909021 -0.021719 0.418126 0.809300 -0.411985
10021.166455000 -0.369016 -1.635121 0.915801 -0.020317 0.416301 0.811892 -0.408792
10021.199788000 -0.366797 -1.654137 0.921451 -0.018436 0.414044 0.815330 -0.404308
10021.233121000 -0.364582 -1.673333 0.927013 -0.016920 0.413040 0.818849 -0.398243
10021.266454000 -0.363447 -1.693158 0.932048 -0.015356 0.412520 0.823126 -0.389941
10021.299787000 -0.361824 -1.711757 0.936659 -0.014207 0.412922 0.827284 -0.380651
10021.333120000 -0.361796 -1.750222 0.944671 -0.011825 0.416364 0.836743 -0.355476
10021.366453000 -0.363313 -1.768736 0.949631 -0.011085 0.420268 0.841408 -0.339535
10021.399786000 -0.366074 -1.787693 0.954797 -0.010471 0.425430 0.846184 -0.320736
10021.433119000 -0.368287 -1.805079 0.960306 -0.010485 0.432118 0.849648 -0.302097
10021.466452000 -0.373594 -1.821970 0.965747 -0.010391 0.439712 0.852671 -0.281952
10021.499785000 -0.378858 -1.838313 0.972046 -0.010679 0.449243 0.854287 -0.261268
10021.533118000 -0.385897 -1.853566 0.978867 -0.011094 0.459982 0.854609 -0.240701
10021.566451000 -0.394773 -1.867135 0.987300 -0.011485 0.471812 0.853683 -0.220197
