10000.000000000 0.000000 0.000000 0.000000 0.000000 0.000000 0.000000 1.000000
10000.033333000 -0.009859 -0.014435 0.072488 -0.017174 -0.038330 -0.096980 0.994400
10000.066666000 -0.021435 -0.027103 0.136002 -0.026065 -0.078624 -0.205490 0.975148
10000.099999000 -0.032549 -0.039225 0.192522 -0.025362 -0.120468 -0.315102 0.941039
10000.133332000 -0.044959 -0.050276 0.240751 -0.017715 -0.158540 -0.405798 0.899933
10000.166665000 -0.057761 -0.061202 0.283178 -0.006475 -0.192300 -0.475306 0.858524
10000.199998000 -0.071213 -0.071116 0.318600 0.005006 -0.220017 -0.523407 0.823172
10000.233331000 -0.085668 -0.080495 0.348388 0.014174 -0.240740 -0.554741 0.796308
10000.266664000 -0.101308 -0.089072 0.373488 0.021476 -0.256409 -0.575344 0.776384
10000.299997000 -0.117424 -0.098379 0.393381 0.025012 -0.266663 -0.590261 0.761484
10000.333330000 -0.152566 -0.114904 0.421736 0.024447 -0.270898 -0.600244 0.752146
10000.366663000 -0.171846 -0.122560 0.431215 0.020177 -0.266622 -0.599982 0.754008
10000.399996000 -0.192055 -0.131406 0.436901 0.013360 -0.257960 -0.595200 0.760930
10000.433329000 -0.212830 -0.139465 0.441104 0.005186 -0.245978 -0.584815 0.772955
10000.466662000 -0.235807 -0.148505 0.443478 -0.005779 -0.230052 -0.569108 0.789404
10000.499995000 -0.258799 -0.157836 0.444910 -0.016828 -0.212835 -0.547702 0.808975
10000.533328000 -0.283586 -0.166938 0.445008 -0.029319 -0.191781 -0.515246 0.834795
10000.566661000 -0.308751 -0.176915 0.445416 -0.040420 -0.170168 -0.474251 0.862841
10000.599994000 -0.336595 -0.187905 0.446526 -0.051742 -0.147902 -0.427233 0.890460
10000.633327000 -0.364872 -0.199900 0.447849 -0.060814 -0.125174 -0.371533 0.917931
10000.666660000 -0.425504 -0.224600 0.454249 -0.070789 -0.084180 -0.256688 0.960216
10000.699993000 -0.457456 -0.238604 0.460832 -0.072190 -0.067821 -0.207246 0.973261
10000.733326000 -0.490164 -0.254158 0.468282 -0.073546 -0.053391 -0.163746 0.982307
10000.766659000 -0.523727 -0.269057 0.476667 -0.072901 -0.041461 -0.126504 0.988414
10000.799992000 -0.556782 -0.285553 0.484585 -0.072831 -0.032561 -0.099119 0.991872
10000.833325000 -0.588960 -0.302065 0.493654 -0.072298 -0.024780 -0.075080 0.994244
10000.866658000 -0.620676 -0.318106 0.501412 -0.071205 -0.019501 -0.058590 0.995548
10000.899991000 -0.651989 -0.335819 0.508511 -0.071465 -0.015925 -0.047925 0.996164
10000.933324000 -0.682114 -0.353247 0.514598 -0.070966 -0.012676 -0.038277 0.996663
10000.966657000 -0.710076 -0.369340 0.519491 -0.070240 -0.012181 -0.035888 0.996810
10000.999990000 -0.759366 -0.403093 0.522474 -0.070268 -0.014237 -0.041679 0.996555
10001.033323000 -0.781514 -0.420141 0.520792 -0.070570 -0.015866 -0.046700 0.996287
10001.066656000 -0.801144 -0.436386 0.517711 -0.071179 -0.018400 -0.054740 0.995790
10001.099989000 -0.818351 -0.452994 0.513645 -0.071427 -0.022253 -0.066337 0.994989
10001.133322000 -0.834355 -0.468948 0.509332 -0.072905 -0.024379 -0.073223 0.994348
10001.166655000 -0.848070 -0.485233 0.504063 -0.073809 -0.026771 -0.080736 0.993638
10001.199988000 -0.861872 -0.501370 0.498738 -0.075807 -0.026588 -0.080858 0.993483
10001.233321000 -0.873437 -0.517012 0.494241 -0.078341 -0.026142 -0.080308 0.993343
10001.266654000 -0.884090 -0.532983 0.489895 -0.081261 -0.023460 -0.072887 0.993747
10001.299987000 -0.894672 -0.548125 0.487365 -0.084821 -0.018304 -0.057492 0.994568
10001.333320000 -0.912343 -0.579179 0.486950 -0.092945 -0.001043 -0.002729 0.995667
10001.366653000 -0.920439 -0.594753 0.488931 -0.097458 0.012037 0.040577 0.994339
10001.399986000 -0.927657 -0.609832 0.492805 -0.100118 0.026769 0.090277 0.990510
10001.433319000 -0.935316 -0.624983 0.498937 -0.101129 0.045147 0.152718 0.982045
10001.466652000 -0.941971 -0.640393 0.505292 -0.100598 0.062958 0.213434 0.969723
10001.499985000 -0.948564 -0.655486 0.512528 -0.097168 0.080871 0.272342 0.953859
10001.533318000 -0.954671 -0.671485 0.521264 -0.092721 0.097632 0.325383 0.935947
10001.566651000 -0.960374 -0.686495 0.529616 -0.088073 0.110903 0.365326 0.920044
10001.599984000 -0.966417 -0.702544 0.538426 -0.082792 0.122938 0.398881 0.904945
10001.633317000 -0.972047 -0.719435 0.547196 -0.078799 0.131220 0.421130 0.893992
10001.666650000 -0.982603 -0.752459 0.563698 -0.075770 0.136044 0.432229 0.888217
10001.699983000 -0.987181 -0.770013 0.573073 -0.077367 0.132929 0.424478 0.892280
10001.733316000 -0.992739 -0.788028 0.580465 -0.079113 0.128046 0.410652 0.899283
10001.766649000 -0.997940 -0.804586 0.588365 -0.080831 0.120968 0.389443 0.909487
10001.799982000 -1.003576 -0.822373 0.595621 -0.083392 0.113855 0.369255 0.918549
10001.833315000 -1.010995 -0.840037 0.601678 -0.084504 0.107088 0.347823 0.927583
10001.866648000 -1.017235 -0.856432 0.608691 -0.085895 0.100473 0.327379 0.935601
10001.899981000 -1.025952 -0.873617 0.614529 -0.085160 0.098239 0.318506 0.938963
10001.933314000 -1.035665 -0.888959 0.620931 -0.082352 0.100124 0.321596 0.937960
10001.966647000 -1.045414 -0.904702 0.626240 -0.079027 0.104567 0.332697 0.933881
10001.999980000 -1.070323 -0.933963 0.636376 -0.064411 0.130303 0.396756 0.906343
10002.033313000 -1.084434 -0.947097 0.640756 -0.053314 0.148718 0.436775 0.885589
10002.066646000 -1.099940 -0.960298 0.646245 -0.039522 0.170146 0.477306 0.861201
10002.099979000 -1.116071 -0.972771 0.650370 -0.024669 0.191893 0.511359 0.837306
10002.133312000 -1.132485 -0.984907 0.655598 -0.008975 0.213397 0.537592 0.815706
10002.166645000 -1.149749 -0.997109 0.659539 0.006196 0.234353 0.559129 0.795245
10002.199978000 -1.166128 -1.009131 0.664732 0.021059 0.254603 0.575649 0.776764
10002.233311000 -1.182941 -1.020718 0.670906 0.035251 0.273639 0.587645 0.760626
10002.266644000 -1.198537 -1.032712 0.675612 0.047934 0.290794 0.596877 0.746243
10002.299977000 -1.212645 -1.044656 0.682591 0.058902 0.305780 0.603344 0.734169
10002.333310000 -1.237872 -1.070415 0.696855 0.075465 0.330554 0.613175 0.713481
10002.366643000 -1.247414 -1.083821 0.703906 0.080678 0.339525 0.617696 0.704745
10002.399976000 -1.256405 -1.097649 0.711347 0.084403 0.347483 0.622565 0.696092
10002.433309000 -1.263873 -1.112030 0.719380 0.087207 0.355071 0.628097 0.686887
10002.466642000 -1.270917 -1.127749 0.727905 0.089030 0.362752 0.634848 0.676353
10002.499975000 -1.276787 -1.143305 0.735441 0.089540 0.369593 0.642817 0.664958
10002.533308000 -1.282625 -1.159010 0.741915 0.089481 0.376632 0.651929 0.652020
10002.566641000 -1.287597 -1.175699 0.747777 0.088710 0.383651 0.661591 0.638153
10002.599974000 -1.291857 -1.193933 0.752996 0.087268 0.391607 0.673264 0.621082
10002.633307000 -1.295919 -1.211468 0.757282 0.085927 0.400442 0.685207 0.602290
10002.666640000 -1.303514 -1.248746 0.759558 0.082452 0.418554 0.709582 0.560810
10002.699973000 -1.307457 -1.268245 0.758980 0.081156 0.429100 0.721182 0.537758
10002.733306000 -1.311844 -1.289268 0.756795 0.080141 0.439559 0.731414 0.515169
10002.766639000 -1.316694 -1.309146 0.754273 0.079414 0.449615 0.739751 0.494276
10002.799972000 -1.321596 -1.329412 0.750635 0.078883 0.459257 0.746095 0.475608
10002.833305000 -1.327638 -1.348987 0.747551 0.078938 0.468725 0.751288 0.457856
10002.866638000 -1.334499 -1.368631 0.743657 0.079426 0.477298 0.754463 0.443467
10002.899971000 -1.343088 -1.387103 0.740480 0.080257 0.485482 0.756189 0.431327
10002.933304000 -1.352097 -1.406153 0.738565 0.081222 0.493026 0.757022 0.421005
10002.966637000 -1.362775 -1.423523 0.736682 0.082915 0.499819 0.756561 0.413425
10002.999970000 -1.388378 -1.453698 0.738249 0.087287 0.512040 0.752107 0.405624
10003.033303000 -1.403388 -1.467234 0.740711 0.090090 0.517383 0.748744 0.404451
10003.066636000 -1.419548 -1.480525 0.745033 0.093048 0.522574 0.744739 0.404502
10003.099969000 -1.436473 -1.492273 0.749820 0.096109 0.526888 0.740965 0.405121
10003.133302000 -1.453380 -1.503563 0.755611 0.099179 0.531291 0.736769 0.406282
10003.166635000 -1.470225 -1.514862 0.761350 0.102080 0.534915 0.733420 0.406866
10003.199968000 -1.486277 -1.526107 0.768261 0.104692 0.538338 0.730213 0.407456
10003.233301000 -1.502343 -1.537359 0.775078 0.106149 0.541471 0.727228 0.408265
10003.266634000 -1.517794 -1.550204 0.781402 0.107268 0.544155 0.725723 0.407080
10003.299967000 -1.530945 -1.562867 0.787743 0.107685 0.546572 0.724825 0.405329
10003.333300000 -1.551800 -1.591620 0.798302 0.105105 0.549668 0.727418 0.397090
10003.366633000 -1.559529 -1.607549 0.802678 0.102330 0.550989 0.730315 0.390613
10003.399966000 -1.566354 -1.623974 0.807137 0.099041 0.551802 0.734271 0.382821
10003.433299000 -1.572572 -1.641631 0.812038 0.095367 0.552880 0.738784 0.373400
10003.466632000 -1.577594 -1.658752 0.816801 0.091058 0.553522 0.743858 0.363313
10003.499965000 -1.582603 -1.675854 0.821494 0.086804 0.553977 0.749541 0.351800
10003.533298000 -1.587602 -1.692728 0.827142 0.082842 0.554653 0.754996 0.339821
10003.566631000 -1.593533 -1.708449 0.834418 0.079070 0.555754 0.760031 0.327472
10003.599964000 -1.600711 -1.724243 0.842944 0.076121 0.557196 0.764811 0.314327
10003.633297000 -1.608492 -1.738426 0.851953 0.073298 0.558423 0.768825 0.302820
10003.666630000 -1.629329 -1.761491 0.876612 0.070191 0.562541 0.774323 0.281148
10003.699963000 -1.642685 -1.770771 0.891351 0.070082 0.565337 0.775511 0.272150
10003.733296000 -1.658179 -1.779881 0.907103 0.070092 0.568627 0.775647 0.264805
10003.766629000 -1.674217 -1.787358 0.923286 0.070306 0.571983 0.775316 0.258414
10003.799962000 -1.690256 -1.794828 0.939446 0.070474 0.575424 0.774657 0.252641
10003.833295000 -1.707212 -1.801903 0.955542 0.070986 0.579088 0.773289 0.248277
10003.866628000 -1.724503 -1.810254 0.971073 0.071139 0.583437 0.771252 0.244360
10003.899961000 -1.741466 -1.818150 0.985147 0.071292 0.587324 0.769189 0.241489
10003.933294000 -1.757427 -1.827500 0.996639 0.070225 0.591287 0.767002 0.239073
10003.966627000 -1.772507 -1.837930 1.006487 0.068952 0.595246 0.764730 0.236887
10003.999960000 -1.797821 -1.864304 1.017479 0.064157 0.602568 0.760425 0.233558
10004.033293000 -1.807399 -1.880294 1.019755 0.060660 0.606425 0.758359 0.231216
10004.066626000 -1.816949 -1.897875 1.018259 0.056791 0.609611 0.756528 0.229815
10004.099959000 -1.824579 -1.916447 1.016144 0.053259 0.612936 0.755130 0.226387
10004.133292000 -1.831334 -1.936101 1.012300 0.050382 0.615881 0.754101 0.222450
10004.166625000 -1.837164 -1.956592 1.007725 0.048391 0.618613 0.753765 0.216368
10004.199958000 -1.842164 -1.977418 1.003188 0.047081 0.621637 0.753553 0.208588
10004.233291000 -1.847074 -1.998225 0.998649 0.047051 0.624092 0.753970 0.199563
10004.266624000 -1.851509 -2.019924 0.995590 0.047588 0.626924 0.754414 0.188576
10004.299957000 -1.856427 -2.040337 0.992025 0.049611 0.629448 0.755191 0.176126
10004.333290000 -1.865926 -2.080091 0.993332 0.053853 0.635259 0.756018 0.148268
10004.366623000 -1.870276 -2.099013 0.996766 0.054920 0.638497 0.755769 0.134604
10004.399956000 -1.876539 -2.116950 1.000822 0.055092 0.641811 0.754983 0.122658
10004.433289000 -1.881745 -2.134447 1.006953 0.053793 0.645216 0.753807 0.112154
10004.466622000 -1.888778 -2.150431 1.014577 0.051682 0.648634 0.752253 0.103532
10004.499955000 -1.894904 -2.166807 1.022452 0.048108 0.652027 0.750492 0.096481
10004.533288000 -1.902587 -2.181281 1.030514 0.044312 0.654888 0.748873 0.091358
10004.566621000 -1.910168 -2.195302 1.039511 0.040063 0.657751 0.747025 0.087817
10004.599954000 -1.917497 -2.208862 1.047292 0.035939 0.659555 0.745921 0.085420
10004.633287000 -1.926638 -2.221412 1.055624 0.032912 0.661264 0.744693 0.084135
10004.666620000 -1.944683 -2.244174 1.069436 0.030690 0.662215 0.744051 0.083171
10004.699953000 -1.954530 -2.254118 1.074535 0.031701 0.661563 0.744590 0.083159
10004.733286000 -1.963115 -2.263933 1.078596 0.033204 0.660478 0.745425 0.083714
10004.766619000 -1.972126 -2.272447 1.082193 0.036127 0.659083 0.746461 0.084267
10004.799952000 -1.978985 -2.280864 1.085590 0.038589 0.657561 0.747605 0.084923
10004.833285000 -1.984522 -2.289217 1.087877 0.041476 0.655876 0.748862 0.085517
10004.866618000 -1.988454 -2.295728 1.090579 0.043995 0.654320 0.749995 0.086247
10004.899951000 -1.988961 -2.302059 1.091911 0.045731 0.652662 0.751251 0.086964
10004.933284000 -1.987611 -2.308512 1.094605 0.046887 0.651313 0.752243 0.087882
10004.966617000 -1.982304 -2.313946 1.095777 0.047189 0.650214 0.753133 0.088234
10004.999950000 -1.959721 -2.324374 1.100079 0.044394 0.649059 0.754353 0.087766
10005.033283000 -1.942531 -2.329725 1.102249 0.041130 0.649173 0.754492 0.087320
10005.066616000 -1.924153 -2.334145 1.105240 0.037746 0.649493 0.754512 0.086284
10005.099949000 -1.902599 -2.339145 1.107389 0.033440 0.649962 0.754468 0.084903
10005.133282000 -1.881525 -2.344890 1.109813 0.029009 0.650705 0.754143 0.083724
10005.166615000 -1.860023 -2.349422 1.112892 0.024238 0.651495 0.753786 0.082298
10005.199948000 -1.840184 -2.355655 1.115540 0.019644 0.652412 0.753265 0.081029
10005.233281000 -1.821847 -2.362612 1.118281 0.015175 0.653250 0.752759 0.079926
10005.266614000 -1.807016 -2.370146 1.121421 0.011345 0.654389 0.751926 0.079081
10005.299947000 -1.795400 -2.378798 1.124029 0.008301 0.655261 0.751311 0.078077
10005.333280000 -1.785344 -2.398843 1.129012 0.005048 0.656926 0.749967 0.077282
10005.366613000 -1.787654 -2.411540 1.132995 0.005163 0.657905 0.749120 0.077163
10005.399946000 -1.793728 -2.424093 1.135856 0.006061 0.658517 0.748537 0.077539
10005.433279000 -1.802643 -2.438474 1.139672 0.007726 0.659422 0.747686 0.077905
10005.466612000 -1.811993 -2.453711 1.143684 0.009281 0.660125 0.747019 0.078178
10005.499945000 -1.823934 -2.469563 1.149063 0.011594 0.661181 0.746007 0.078602
10005.533278000 -1.834422 -2.486622 1.156119 0.013331 0.662257 0.744991 0.078909
10005.566611000 -1.845238 -2.504447 1.163489 0.014977 0.663550 0.743753 0.079426
10005.599944000 -1.853404 -2.522721 1.173083 0.016187 0.664947 0.742463 0.079575
10005.633277000 -1.859589 -2.541186 1.183933 0.016571 0.666597 0.740942 0.079874
10005.666610000 -1.858817 -2.580268 1.211975 0.014540 0.670978 0.737100 0.079123
10005.699943000 -1.852509 -2.600524 1.228957 0.011926 0.673569 0.734813 0.078814
10005.733276000 -1.843748 -2.621363 1.247194 0.008982 0.676266 0.732447 0.078135
10005.766609000 -1.832217 -2.640913 1.265959 0.005552 0.679024 0.730005 0.077378
10005.799942000 -1.818702 -2.661033 1.285021 0.001681 0.681715 0.727603 0.076529
10005.833275000 -1.805247 -2.680802 1.305028 -0.001968 0.684438 0.725123 0.075747
10005.866608000 -1.791056 -2.699295 1.323445 -0.005296 0.686853 0.722895 0.075018
10005.899941000 -1.777853 -2.716907 1.342614 -0.008267 0.689357 0.720548 0.074364
10005.933274000 -1.766135 -2.733875 1.359170 -0.010541 0.691348 0.718655 0.073903
10005.966607000 -1.756044 -2.749289 1.375353 -0.011666 0.693363 0.716768 0.073186
10005.999940000 -1.746440 -2.776764 1.400712 -0.010379 0.696080 0.714179 0.072898
10006.033273000 -1.745923 -2.788608 1.409798 -0.007646 0.696897 0.713429 0.072772
10006.066606000 -1.748471 -2.798461 1.416946 -0.004400 0.697503 0.712834 0.073061
10006.099939000 -1.752630 -2.807214 1.422480 -0.000285 0.697688 0.712618 0.073533
10006.133272000 -1.758106 -2.814651 1.426553 0.004401 0.697557 0.712698 0.073864
10006.166605000 -1.764079 -2.821773 1.428380 0.009007 0.697066 0.713060 0.074583
10006.199938000 -1.769570 -2.827901 1.429914 0.013435 0.696245 0.713701 0.075454
10006.233271000 -1.775991 -2.834395 1.429529 0.017803 0.695195 0.714516 0.076512
10006.266604000 -1.780871 -2.839536 1.428555 0.021332 0.693911 0.715508 0.077975
10006.299937000 -1.784576 -2.844641 1.426350 0.024632 0.692306 0.716811 0.079295
10006.333270000 -1.785572 -2.854775 1.420656 0.027420 0.688593 0.719887 0.082767
10006.366603000 -1.781954 -2.860283 1.417385 0.027239 0.686527 0.721651 0.084607
10006.399936000 -1.776883 -2.864840 1.415007 0.026387 0.684446 0.723471 0.086184
10006.433269000 -1.768264 -2.871152 1.411847 0.024347 0.682234 0.725467 0.087525
10006.466602000 -1.758375 -2.876358 1.410480 0.022071 0.680235 0.727289 0.088569
10006.499935000 -1.745193 -2.880827 1.411080 0.018919 0.678429 0.729000 0.089074
10006.533268000 -1.730847 -2.885514 1.411961 0.015581 0.676803 0.730633 0.088716
10006.566601000 -1.714064 -2.890285 1.415899 0.012089 0.675672 0.731871 0.087672
10006.599934000 -1.694999 -2.893627 1.422551 0.008648 0.675032 0.732801 0.085203
10006.633267000 -1.672989 -2.898044 1.432188 0.004825 0.675086 0.733169 0.081844
10006.666600000 -1.625199 -2.904445 1.461048 0.000031 0.677405 0.732327 0.069427
10006.699933000 -1.598834 -2.907340 1.479516 -0.001058 0.679597 0.731092 0.060426
10006.733266000 -1.571910 -2.910197 1.501264 -0.000636 0.682509 0.729185 0.049696
10006.766599000 -1.544014 -2.912967 1.524018 0.001306 0.685763 0.726890 0.036865
10006.799932000 -1.516146 -2.915479 1.547746 0.004859 0.689309 0.724102 0.022487
10006.833265000 -1.489156 -2.917526 1.571429 0.010516 0.692885 0.720942 0.006572
10006.866598000 -1.462109 -2.919695 1.595055 0.017632 0.696383 0.717377 -0.010489
10006.899931000 -1.436002 -2.921980 1.617537 0.025810 0.699631 0.713489 -0.027980
10006.933264000 -1.412262 -2.924691 1.639280 0.034352 0.702681 0.709264 -0.044766
10006.966597000 -1.389971 -2.927006 1.657565 0.042575 0.705068 0.705295 -0.060207
10006.999930000 -1.354217 -2.933298 1.685348 0.054017 0.708522 0.698796 -0.082235
10007.033263000 -1.339453 -2.936585 1.693113 0.055406 0.709690 0.696816 -0.087849
10007.066596000 -1.326857 -2.940879 1.699132 0.054582 0.710629 0.695612 -0.090277
10007.099929000 -1.317118 -2.944712 1.702812 0.051563 0.711313 0.695196 -0.089882
10007.133262000 -1.309409 -2.949036 1.703552 0.046468 0.711703 0.695538 -0.086865
10007.166595000 -1.302384 -2.953492 1.703013 0.040172 0.711933 0.696250 -0.082302
10007.199928000 -1.297439 -2.957713 1.701415 0.032840 0.712147 0.697137 -0.075944
10007.233261000 -1.293372 -2.961855 1.698822 0.024795 0.711950 0.698420 -0.068711
10007.266594000 -1.289323 -2.966155 1.696172 0.016770 0.711758 0.699551 -0.061215
10007.299927000 -1.286071 -2.969891 1.693453 0.009858 0.711472 0.700500 -0.054857
10007.333260000 -1.279585 -2.977151 1.688844 -0.001108 0.710623 0.702130 -0.045022
10007.366593000 -1.276335 -2.980248 1.687917 -0.003669 0.710376 0.702498 -0.042999
10007.399926000 -1.272305 -2.983311 1.687926 -0.005440 0.710253 0.702682 -0.041821
10007.433259000 -1.269080 -2.986007 1.687923 -0.006237 0.710169 0.702770 -0.041667
10007.466592000 -1.265508 -2.987442 1.688423 -0.005589 0.710153 0.702710 -0.043018
10007.499925000 -1.261025 -2.988795 1.689983 -0.004840 0.710261 0.702501 -0.044706
10007.533258000 -1.256184 -2.989299 1.691234 -0.003404 0.710431 0.702154 -0.047500
10007.566591000 -1.251810 -2.988606 1.691887 -0.002315 0.710620 0.701818 -0.049646
10007.599924000 -1.246139 -2.987405 1.692432 -0.000846 0.710824 0.701389 -0.052744
10007.633257000 -1.240422 -2.985752 1.693831 -0.000259 0.711016 0.701023 -0.054982
10007.666590000 -1.227019 -2.979039 1.693181 -0.001323 0.711571 0.700193 -0.058265
10007.699923000 -1.219822 -2.974049 1.693311 -0.002858 0.711901 0.699759 -0.059378
10007.733256000 -1.212203 -2.968579 1.692093 -0.005147 0.712010 0.699600 -0.059784
10007.766589000 -1.204258 -2.962247 1.690527 -0.007983 0.712096 0.699499 -0.059649
10007.799922000 -1.196241 -2.956310 1.688059 -0.010515 0.711995 0.699558 -0.059753
10007.833255000 -1.188885 -2.948797 1.685921 -0.013225 0.711826 0.699713 -0.059413
10007.866588000 -1.180469 -2.942352 1.682139 -0.016074 0.711369 0.700144 -0.059108
10007.899921000 -1.172704 -2.934241 1.678828 -0.018967 0.710655 0.700879 -0.058121
10007.933254000 -1.164385 -2.927890 1.674949 -0.021044 0.709785 0.701719 -0.057897
10007.966587000 -1.157874 -2.921138 1.669965 -0.023148 0.708660 0.702877 -0.056825
10007.999920000 -1.144116 -2.909094 1.659655 -0.025201 0.705538 0.706033 -0.055671
10008.033253000 -1.137642 -2.902573 1.653767 -0.025680 0.703554 0.708048 -0.054950
10008.066586000 -1.132934 -2.897980 1.647454 -0.025813 0.701317 0.710358 -0.053660
10008.099919000 -1.127762 -2.892494 1.640858 -0.025299 0.699069 0.712641 -0.052959
10008.133252000 -1.123469 -2.886569 1.634215 -0.024730 0.696778 0.714973 -0.051990
10008.166585000 -1.119652 -2.882001 1.626839 -0.023782 0.694257 0.717497 -0.051369
10008.199918000 -1.117231 -2.875335 1.619850 -0.022748 0.691987 0.719787 -0.050433
10008.233251000 -1.114750 -2.868623 1.612849 -0.021797 0.689751 0.722010 -0.049702
10008.266584000 -1.113292 -2.861326 1.606607 -0.020732 0.687651 0.724081 -0.049119
10008.299917000 -1.113176 -2.852329 1.599792 -0.019860 0.685662 0.726034 -0.048448
10008.333250000 -1.114603 -2.832581 1.586326 -0.018347 0.682218 0.729358 -0.047746
10008.366583000 -1.116056 -2.821313 1.580617 -0.018066 0.680961 0.730564 -0.047346
10008.399916000 -1.119334 -2.809410 1.574729 -0.017497 0.679716 0.731740 -0.047304
10008.433249000 -1.122529 -2.797092 1.569775 -0.017359 0.678866 0.732553 -0.046966
10008.466582000 -1.126740 -2.784419 1.564501 -0.017168 0.677945 0.733430 -0.046646
10008.499915000 -1.132149 -2.771767 1.560618 -0.016964 0.677353 0.734004 -0.046291
10008.533248000 -1.137914 -2.760356 1.556113 -0.017124 0.676843 0.734531 -0.045316
10008.566581000 -1.144576 -2.748315 1.552363 -0.016882 0.676546 0.734856 -0.044573
10008.599914000 -1.152077 -2.738029 1.549208 -0.016595 0.676458 0.735000 -0.043627
10008.633247000 -1.158892 -2.729028 1.546588 -0.016548 0.676495 0.735053 -0.042172
10008.666580000 -1.176827 -2.716233 1.541334 -0.015285 0.676683 0.735109 -0.038499
10008.699913000 -1.185824 -2.711912 1.539490 -0.014459 0.676860 0.735071 -0.036361
10008.733246000 -1.194924 -2.708462 1.538014 -0.013694 0.677094 0.734973 -0.034210
10008.766579000 -1.204721 -2.705855 1.536857 -0.013215 0.677430 0.734798 -0.031392
10008.799912000 -1.213438 -2.703632 1.535909 -0.012042 0.677572 0.734763 -0.029563
10008.833245000 -1.223245 -2.702280 1.534268 -0.011255 0.677580 0.734852 -0.027404
10008.866578000 -1.231376 -2.701186 1.533796 -0.010639 0.677501 0.734995 -0.025729
10008.899911000 -1.240260 -2.698966 1.532743 -0.010039 0.677100 0.735422 -0.024254
10008.933244000 -1.247590 -2.696217 1.531677 -0.009760 0.676487 0.736018 -0.023389
10008.966577000 -1.254669 -2.692648 1.530081 -0.009566 0.675471 0.736966 -0.022998
10008.999910000 -1.264780 -2.681037 1.527412 -0.010128 0.672432 0.739680 -0.024616
10009.033243000 -1.267696 -2.672403 1.525088 -0.010821 0.670065 0.741742 -0.026721
10009.066576000 -1.269776 -2.664105 1.522925 -0.011707 0.667478 0.743951 -0.029558
10009.099909000 -1.270079 -2.654302 1.520191 -0.012899 0.664427 0.746504 -0.033192
10009.133242000 -1.268305 -2.644786 1.517208 -0.014297 0.661084 0.749219 -0.037860
10009.166575000 -1.265601 -2.635544 1.514487 -0.015819 0.657390 0.752149 -0.043129
10009.199908000 -1.261622 -2.626198 1.510647 -0.017451 0.653322 0.755286 -0.049085
10009.233241000 -1.254779 -2.617831 1.507120 -0.019408 0.649130 0.758371 -0.055919
10009.266574000 -1.246355 -2.611363 1.503360 -0.021503 0.644780 0.761425 -0.063463
10009.299907000 -1.235719 -2.604963 1.498674 -0.023739 0.640305 0.764404 -0.071646
10009.333240000 -1.207355 -2.598950 1.488929 -0.028440 0.631607 0.769569 -0.089598
10009.366573000 -1.190249 -2.598294 1.483223 -0.030808 0.627542 0.771644 -0.099030
10009.399906000 -1.171503 -2.599408 1.477329 -0.033226 0.623725 0.773336 -0.108690
10009.433239000 -1.151807 -2.601186 1.470609 -0.035484 0.620064 0.774819 -0.117972
10009.466572000 -1.130307 -2.604530 1.462319 -0.037694 0.616565 0.776054 -0.127145
10009.499905000 -1.108735 -2.607900 1.453959 -0.039774 0.613560 0.776864 -0.135813
10009.533238000 -1.086012 -2.611151 1.444499 -0.041726 0.610613 0.777565 -0.144233
10009.566571000 -1.064358 -2.614452 1.433876 -0.043414 0.608239 0.777926 -0.151628
10009.599904000 -1.042316 -2.617266 1.422035 -0.044935 0.605917 0.778285 -0.158489
10009.633237000 -1.021159 -2.620028 1.409082 -0.046122 0.604229 0.778408 -0.163893
10009.666570000 -0.982133 -2.620480 1.377888 -0.047895 0.601201 0.778842 -0.172246
10009.699903000 -0.963770 -2.618660 1.361620 -0.048532 0.600213 0.778903 -0.175210
10009.733236000 -0.946444 -2.614618 1.343558 -0.048931 0.599303 0.779121 -0.177235
10009.766569000 -0.930211 -2.609812 1.326378 -0.049117 0.598652 0.779330 -0.178461
10009.799902000 -0.915101 -2.602760 1.308178 -0.049183 0.597825 0.779725 -0.179488
10009.833235000 -0.900867 -2.594266 1.292625 -0.049298 0.597368 0.779875 -0.180320
10009.866568000 -0.885926 -2.583299 1.278266 -0.049443 0.596839 0.780044 -0.181302
10009.899901000 -0.872812 -2.570825 1.265502 -0.049555 0.596154 0.780333 -0.182279
10009.933234000 -0.859263 -2.556376 1.255067 -0.049830 0.595542 0.780476 -0.183585
10009.966567000 -0.845494 -2.539969 1.247196 -0.050124 0.594573 0.780708 -0.185650
10009.999900000 -0.819288 -2.500267 1.243726 -0.051367 0.592498 0.780749 -0.191673
10010.033233000 -0.805985 -2.477708 1.247383 -0.052266 0.591180 0.780647 -0.195870
10010.066566000 -0.793716 -2.453658 1.253694 -0.053151 0.589648 0.780571 -0.200497
10010.099899000 -0.782602 -2.429426 1.262052 -0.054146 0.587866 0.780594 -0.205317
10010.133232000 -0.771865 -2.404804 1.273470 -0.055128 0.586163 0.780498 -0.210229
10010.166565000 -0.763551 -2.379990 1.286033 -0.055918 0.584269 0.780550 -0.215046
10010.199898000 -0.756475 -2.355372 1.299654 -0.056547 0.582187 0.780845 -0.219411
10010.233231000 -0.752365 -2.332234 1.315128 -0.056985 0.580198 0.781246 -0.223112
10010.266564000 -0.750887 -2.310535 1.329932 -0.057079 0.578027 0.782017 -0.226001
10010.299897000 -0.753322 -2.290696 1.344542 -0.056704 0.575730 0.783306 -0.227488
10010.333230000 -0.765910 -2.259347 1.370751 -0.055051 0.571289 0.787000 -0.226339
10010.366563000 -0.777503 -2.247986 1.383339 -0.053519 0.569218 0.789568 -0.222953
10010.399896000 -0.792243 -2.237704 1.393148 -0.051669 0.566963 0.792628 -0.218230
10010.433229000 -0.808660 -2.229463 1.401661 -0.049576 0.564943 0.795856 -0.212121
10010.466562000 -0.826441 -2.222037 1.409398 -0.047230 0.563324 0.799062 -0.204782
10010.499895000 -0.846142 -2.214375 1.415987 -0.044679 0.562043 0.802293 -0.196053
10010.533228000 -0.865930 -2.207454 1.420771 -0.042038 0.561043 0.805413 -0.186479
10010.566561000 -0.886115 -2.199387 1.423853 -0.039547 0.560458 0.808235 -0.176290
10010.599894000 -0.906550 -2.190362 1.424430 -0.036779 0.560494 0.810747 -0.164874
10010.633227000 -0.925411 -2.179663 1.424406 -0.034136 0.561250 0.812597 -0.153359
10010.666560000 -0.959129 -2.160278 1.422624 -0.027388 0.567570 0.812331 -0.131274
10010.699893000 -0.973599 -2.143447 1.417856 -0.024957 0.570861 0.811980 -0.119096
10010.733226000 -0.985732 -2.123825 1.410821 -0.022570 0.574751 0.810955 -0.107262
10010.766559000 -0.997218 -2.102858 1.402291 -0.019942 0.579143 0.809416 -0.095086
10010.799892000 -1.008366 -2.081083 1.393837 -0.017052 0.584241 0.807255 -0.081917
10010.833225000 -1.017199 -2.056780 1.383941 -0.014527 0.589356 0.804743 -0.069548
10010.866558000 -1.025065 -2.033223 1.373081 -0.011617 0.594537 0.802010 -0.056304
10010.899891000 -1.032554 -2.008788 1.361798 -0.008361 0.599563 0.799145 -0.042675
10010.933224000 -1.040085 -1.984349 1.350598 -0.004873 0.604652 0.795967 -0.028428
10010.966557000 -1.046792 -1.960001 1.339275 -0.001377 0.608961 0.793078 -0.013845
10010.999890000 -1.059232 -1.912494 1.317174 0.006811 0.614280 0.788841 0.018544
10011.033223000 -1.066181 -1.890814 1.306795 0.011444 0.615635 0.787105 0.036431
10011.066556000 -1.073912 -1.868150 1.296750 0.016833 0.615651 0.785827 0.056267
10011.099889000 -1.082745 -1.846330 1.286655 0.022883 0.614425 0.784753 0.078239
10011.133222000 -1.091826 -1.825192 1.277036 0.029164 0.612095 0.783720 0.101348
10011.166555000 -1.101534 -1.804921 1.268434 0.035967 0.609209 0.781997 0.126692
10011.199888000 -1.112696 -1.783032 1.259234 0.043236 0.605489 0.779589 0.154128
10011.233221000 -1.122851 -1.762471 1.250370 0.050045 0.600998 0.776685 0.181817
10011.266554000 -1.135097 -1.740726 1.242253 0.057624 0.597068 0.771851 0.210795
10011.299887000 -1.148486 -1.718589 1.234954 0.065347 0.593016 0.765805 0.240009
10011.333220000 -1.176246 -1.671170 1.220539 0.081059 0.586331 0.750222 0.294639
10011.366553000 -1.191176 -1.647001 1.213482 0.088494 0.583501 0.741801 0.318475
10011.399886000 -1.206751 -1.621610 1.205857 0.095807 0.581257 0.733053 0.339992
10011.433219000 -1.222710 -1.597049 1.198603 0.102555 0.579166 0.724735 0.358899
10011.466552000 -1.238332 -1.571995 1.190034 0.108757 0.576750 0.716954 0.376176
10011.499885000 -1.253840 -1.547350 1.180684 0.114202 0.574401 0.709952 0.391139
10011.533218000 -1.268979 -1.523741 1.171540 0.118989 0.571812 0.703724 0.404530
10011.566551000 -1.283952 -1.500126 1.159975 0.123308 0.568286 0.698096 0.417742
10011.599884000 -1.297450 -1.479824 1.147821 0.126623 0.564794 0.693458 0.429058
10011.633217000 -1.310584 -1.459339 1.133542 0.129509 0.559873 0.689309 0.441161
10011.666550000 -1.330765 -1.426262 1.100402 0.132514 0.547157 0.682990 0.465386
10011.699883000 -1.337619 -1.410682 1.082063 0.133599 0.538686 0.680445 0.478501
10011.733216000 -1.345208 -1.398829 1.060646 0.133783 0.528951 0.678106 0.492428
10011.766549000 -1.349110 -1.386695 1.037889 0.133045 0.517586 0.675858 0.507563
10011.799882000 -1.352660 -1.376002 1.014647 0.131758 0.505335 0.673706 0.522873
10011.833215000 -1.354882 -1.365993 0.988334 0.129569 0.491246 0.671120 0.539896
10011.866548000 -1.354719 -1.355995 0.962183 0.126354 0.476036 0.668038 0.557808
10011.899881000 -1.353140 -1.345879 0.933931 0.122055 0.459426 0.664610 0.576476
10011.933214000 -1.350357 -1.335615 0.905908 0.116907 0.442403 0.660501 0.595274
10011.966547000 -1.346677 -1.325023 0.877806 0.110916 0.425443 0.655192 0.614345
10011.999880000 -1.334186 -1.301460 0.815504 0.095784 0.389413 0.643625 0.651867
10012.033213000 -1.325995 -1.286610 0.783137 0.087786 0.371808 0.637279 0.669275
10012.066546000 -1.316446 -1.270212 0.751410 0.079607 0.354883 0.629548 0.686579
10012.099879000 -1.307350 -1.255149 0.721796 0.071679 0.340535 0.622337 0.701138
10012.133212000 -1.296705 -1.238400 0.690954 0.063919 0.326605 0.614560 0.715234
10012.166545000 -1.285081 -1.221697 0.663001 0.056607 0.314286 0.607289 0.727475
10012.199878000 -1.274538 -1.204402 0.634908 0.050511 0.303326 0.599506 0.738941
10012.233211000 -1.263683 -1.187045 0.610973 0.045159 0.294304 0.592924 0.748190
10012.266544000 -1.252698 -1.169554 0.588056 0.041030 0.286656 0.586628 0.756315
10012.299877000 -1.242808 -1.152527 0.568770 0.037854 0.280618 0.581100 0.762983
10012.333210000 -1.226505 -1.119902 0.543786 0.035822 0.274756 0.571966 0.772063
10012.366543000 -1.218875 -1.103980 0.535301 0.036102 0.273167 0.568688 0.775029
10012.399876000 -1.211918 -1.089337 0.528579 0.037329 0.272629 0.566081 0.777067
10012.433209000 -1.204833 -1.074849 0.525501 0.039375 0.273287 0.563557 0.778567
10012.466542000 -1.198304 -1.060023 0.522358 0.041929 0.274158 0.560879 0.780060
10012.499875000 -1.192445 -1.045227 0.519187 0.044972 0.274952 0.556880 0.782473
10012.533208000 -1.187536 -1.030117 0.516205 0.048897 0.276347 0.552444 0.784887
10012.566541000 -1.180558 -1.014733 0.511496 0.052334 0.276169 0.546940 0.788573
10012.599874000 -1.173361 -0.998475 0.504556 0.056028 0.275188 0.539248 0.793942
10012.633207000 -1.166929 -0.982150 0.494356 0.059621 0.273137 0.529978 0.800603
10012.666540000 -1.148907 -0.946306 0.461588 0.064327 0.262512 0.504264 0.820163
10012.699873000 -1.139630 -0.926595 0.439872 0.066300 0.255067 0.488419 0.831861
10012.733206000 -1.129027 -0.907915 0.414754 0.067311 0.246286 0.471332 0.844191
10012.766539000 -1.118457 -0.887904 0.386665 0.068170 0.236874 0.453336 0.856580
10012.799872000 -1.106666 -0.867738 0.357560 0.068388 0.226599 0.434504 0.869012
10012.833205000 -1.095208 -0.849199 0.326872 0.067703 0.216830 0.417514 0.879820
10012.866538000 -1.083630 -0.831063 0.295392 0.066288 0.207066 0.401179 0.889823
10012.899871000 -1.072744 -0.813596 0.265629 0.064634 0.198399 0.386358 0.898436
10012.933204000 -1.061333 -0.798436 0.235463 0.061142 0.189890 0.373713 0.905838
10012.966537000 -1.051978 -0.784764 0.208165 0.057246 0.183089 0.364394 0.911273
10012.999870000 -1.034598 -0.763370 0.160144 0.045133 0.172131 0.354442 0.917990
10013.033203000 -1.027760 -0.755764 0.140735 0.037574 0.168337 0.354002 0.919203
10013.066536000 -1.021632 -0.749510 0.123002 0.028901 0.165306 0.356230 0.919206
10013.099869000 -1.016637 -0.745057 0.107999 0.019873 0.163291 0.361147 0.917886
10013.133202000 -1.012814 -0.742450 0.096097 0.010567 0.162178 0.368432 0.915338
10013.166535000 -1.008989 -0.738997 0.085924 0.001200 0.160862 0.375798 0.912633
10013.199868000 -1.006855 -0.736864 0.076266 -0.007548 0.160557 0.385324 0.908675
10013.233201000 -1.005187 -0.734676 0.069899 -0.015622 0.160845 0.395681 0.904058
10013.266534000 -1.004752 -0.733022 0.063699 -0.022706 0.160969 0.404936 0.899778
10013.299867000 -1.005174 -0.730681 0.058437 -0.028918 0.161160 0.413651 0.895592
10013.333200000 -1.008043 -0.720889 0.051140 -0.036013 0.160040 0.420731 0.892231
10013.366533000 -1.009614 -0.714820 0.047594 -0.038061 0.158386 0.419018 0.893246
10013.399866000 -1.011100 -0.708262 0.044852 -0.038836 0.156336 0.414524 0.895668
10013.433199000 -1.012327 -0.700828 0.041774 -0.038547 0.154172 0.408128 0.898986
10013.466532000 -1.013108 -0.692273 0.039291 -0.037413 0.151732 0.399757 0.903201
10013.499865000 -1.011713 -0.683556 0.036758 -0.035649 0.148852 0.389399 0.908263
10013.533198000 -1.008079 -0.674636 0.034160 -0.033690 0.146077 0.379227 0.913079
10013.566531000 -1.003101 -0.665508 0.030298 -0.031262 0.143306 0.368805 0.917861
10013.599864000 -0.995285 -0.657117 0.027943 -0.029280 0.140756 0.359587 0.921970
10013.633197000 -0.983977 -0.648760 0.023316 -0.027170 0.138252 0.350519 0.925897
10013.666530000 -0.950770 -0.633139 0.013189 -0.024751 0.134066 0.337126 0.931536
10013.699863000 -0.928917 -0.626299 0.006905 -0.024628 0.132587 0.333306 0.933124
10013.733196000 -0.904725 -0.618997 0.001522 -0.024575 0.131376 0.330109 0.934433
10013.766529000 -0.879364 -0.611557 -0.005071 -0.025167 0.130355 0.328069 0.935278
10013.799862000 -0.852122 -0.604290 -0.010374 -0.025951 0.129790 0.327379 0.935577
10013.833195000 -0.824507 -0.596265 -0.016126 -0.026722 0.129379 0.327127 0.935700
10013.866528000 -0.797794 -0.587551 -0.021108 -0.027464 0.129829 0.328965 0.934972
10013.899861000 -0.771630 -0.576752 -0.024822 -0.027892 0.130204 0.330428 0.934391
10013.933194000 -0.747613 -0.565049 -0.026646 -0.027797 0.131651 0.334342 0.932797
10013.966527000 -0.726253 -0.551425 -0.028281 -0.026879 0.133509 0.337975 0.931249
10013.999860000 -0.693434 -0.519210 -0.024821 -0.023248 0.138997 0.348081 0.926811
10014.033193000 -0.682674 -0.499456 -0.020090 -0.019997 0.142770 0.354015 0.924062
10014.066526000 -0.674008 -0.479056 -0.013545 -0.016581 0.146296 0.359117 0.921606
10014.099859000 -0.667829 -0.455561 -0.004997 -0.012561 0.149903 0.363694 0.919292
10014.133192000 -0.663927 -0.432302 0.003625 -0.008390 0.153725 0.368299 0.916872
10014.166525000 -0.659983 -0.407960 0.015038 -0.004517 0.157141 0.372108 0.914780
10014.199858000 -0.656200 -0.383610 0.026507 -0.000589 0.160556 0.375591 0.912772
10014.233191000 -0.653262 -0.358194 0.039688 0.003003 0.163827 0.378998 0.910776
10014.266524000 -0.648751 -0.333810 0.054278 0.006211 0.166548 0.381676 0.909146
10014.299857000 -0.642278 -0.309676 0.069158 0.008544 0.168933 0.383944 0.907731
10014.333190000 -0.622609 -0.262775 0.100988 0.011770 0.171950 0.386670 0.905970
10014.366523000 -0.609403 -0.240907 0.116745 0.012498 0.172902 0.387738 0.905322
10014.399856000 -0.593551 -0.219996 0.133031 0.012510 0.173190 0.388089 0.905116
10014.433189000 -0.575678 -0.200408 0.148414 0.011815 0.172880 0.387861 0.905283
10014.466522000 -0.556002 -0.181745 0.163353 0.010479 0.171959 0.386993 0.905846
10014.499855000 -0.535456 -0.164366 0.176578 0.008884 0.170671 0.385339 0.906811
10014.533188000 -0.514014 -0.147374 0.189975 0.006794 0.168666 0.382474 0.908416
10014.566521000 -0.491243 -0.130777 0.200180 0.004717 0.165679 0.377743 0.910955
10014.599854000 -0.468924 -0.115995 0.208071 0.002115 0.162134 0.372345 0.913820
10014.633187000 -0.445229 -0.100833 0.214736 -0.000233 0.157295 0.363975 0.918031
10014.666520000 -0.400835 -0.077072 0.218716 -0.005698 0.146666 0.343249 0.927705
10014.699853000 -0.379168 -0.065394 0.216896 -0.007791 0.140063 0.328931 0.933877
10014.733186000 -0.359434 -0.053657 0.213016 -0.009063 0.133413 0.313697 0.940060
10014.766519000 -0.339795 -0.043639 0.207381 -0.010566 0.126018 0.297108 0.946433
10014.799852000 -0.322161 -0.033422 0.200564 -0.011084 0.119332 0.281043 0.952183
10014.833185000 -0.306424 -0.021734 0.192499 -0.010417 0.112452 0.263355 0.958066
10014.866518000 -0.291453 -0.010478 0.185270 -0.009555 0.106131 0.247300 0.963062
10014.899851000 -0.280317 0.002394 0.178166 -0.007038 0.100951 0.232199 0.967390
10014.933184000 -0.271927 0.015827 0.170561 -0.004114 0.096218 0.217866 0.971216
10014.966517000 -0.264484 0.031142 0.164992 -0.000338 0.092212 0.206014 0.974195
10014.999850000 -0.258326 0.064608 0.157631 0.008909 0.086911 0.188468 0.978185
10015.033183000 -0.259903 0.084043 0.155897 0.014684 0.085628 0.182161 0.979423
10015.066516000 -0.262790 0.104832 0.156243 0.020831 0.085411 0.178425 0.980018
10015.099849000 -0.267203 0.127065 0.157975 0.027853 0.085282 0.174356 0.980587
10015.133182000 -0.271030 0.149618 0.157762 0.034292 0.084923 0.171021 0.981002
10015.166515000 -0.275809 0.172287 0.159343 0.041095 0.085441 0.169133 0.981023
10015.199848000 -0.280519 0.196388 0.162033 0.048469 0.085977 0.166849 0.981030
10015.233181000 -0.284916 0.221915 0.164562 0.057035 0.086316 0.163564 0.981093
10015.266514000 -0.285634 0.243007 0.164027 0.062350 0.085750 0.159863 0.981429
10015.299847000 -0.282912 0.264727 0.163032 0.068231 0.084372 0.155185 0.981908
10015.333180000 -0.269359 0.307487 0.157584 0.079539 0.079882 0.143232 0.983248
10015.366513000 -0.259258 0.326573 0.152483 0.084565 0.076993 0.136162 0.984063
10015.399846000 -0.245390 0.345310 0.147542 0.089448 0.073244 0.127620 0.985062
10015.433179000 -0.230060 0.361145 0.140540 0.093112 0.069179 0.119009 0.986094
10015.466512000 -0.213941 0.376207 0.133874 0.096619 0.064976 0.110591 0.987022
10015.499845000 -0.196135 0.390212 0.126674 0.099451 0.060010 0.100989 0.988084
10015.533178000 -0.178286 0.400836 0.119767 0.101211 0.055143 0.092040 0.989062
10015.566511000 -0.160199 0.410462 0.113425 0.102717 0.049895 0.082397 0.990036
10015.599844000 -0.142283 0.417068 0.108333 0.103460 0.044258 0.072219 0.991021
10015.633177000 -0.125763 0.421680 0.102913 0.103278 0.038680 0.062442 0.991937
10015.666510000 -0.098819 0.423255 0.097875 0.100729 0.027697 0.043302 0.993585
10015.699843000 -0.089471 0.420516 0.098004 0.098429 0.022502 0.034161 0.994303
10015.733176000 -0.081360 0.414968 0.098413 0.095227 0.017129 0.024577 0.995005
10015.766509000 -0.073362 0.409178 0.101002 0.091824 0.010973 0.013538 0.995623
10015.799842000 -0.067594 0.400870 0.103692 0.087787 0.005330 0.003151 0.996120
10015.833175000 -0.063373 0.391473 0.107885 0.083267 -0.000782 -0.008254 0.996493
10015.866508000 -0.058335 0.382339 0.113152 0.078944 -0.007507 -0.021102 0.996627
10015.899841000 -0.054294 0.372330 0.118572 0.074394 -0.014163 -0.033946 0.996550
10015.933174000 -0.050811 0.361652 0.124399 0.069727 -0.021082 -0.047729 0.996201
10015.966507000 -0.046789 0.351659 0.129819 0.065328 -0.028606 -0.062855 0.995471
10015.999840000 -0.036697 0.334846 0.141554 0.058317 -0.044739 -0.095818 0.992681
10016.033173000 -0.032355 0.327280 0.147186 0.055473 -0.052728 -0.112869 0.990658
10016.066506000 -0.025762 0.321309 0.153198 0.053542 -0.061341 -0.130428 0.988109
10016.099839000 -0.019650 0.314770 0.158094 0.051658 -0.069534 -0.147712 0.985230
10016.133172000 -0.012659 0.307902 0.162278 0.050150 -0.078021 -0.165853 0.981779
10016.166505000 -0.005490 0.302540 0.165516 0.049230 -0.086071 -0.182334 0.978224
10016.199838000 0.001159 0.296102 0.168185 0.048221 -0.093719 -0.198283 0.974462
10016.233171000 0.009479 0.290182 0.170684 0.047786 -0.101311 -0.213683 0.970460
10016.266504000 0.016068 0.282860 0.170741 0.046934 -0.107975 -0.227952 0.966528
10016.299837000 0.023300 0.276073 0.170421 0.046320 -0.113967 -0.240359 0.962857
10016.333170000 0.036889 0.258591 0.164884 0.043875 -0.123863 -0.261927 0.956100
10016.366503000 0.043820 0.249122 0.160163 0.042396 -0.127562 -0.270557 0.953273
10016.399836000 0.049406 0.238495 0.154855 0.040315 -0.130372 -0.277677 0.950933
10016.433169000 0.056250 0.228079 0.148445 0.038459 -0.133140 -0.284637 0.948566
10016.466502000 0.062782 0.216350 0.141525 0.036144 -0.135289 -0.290757 0.946494
10016.499835000 0.068656 0.205572 0.134213 0.033922 -0.136888 -0.295585 0.944849
10016.533168000 0.075516 0.195175 0.127748 0.031944 -0.138184 -0.299906 0.943367
10016.566501000 0.082789 0.185609 0.120877 0.030246 -0.139490 -0.303991 0.941922
10016.599834000 0.091014 0.176157 0.115131 0.028835 -0.141133 -0.308640 0.940208
10016.633167000 0.099528 0.167846 0.109972 0.027693 -0.142523 -0.312471 0.938766
10016.666500000 0.117898 0.153228 0.103167 0.026308 -0.145773 -0.320332 0.935652
10016.699833000 0.128198 0.148395 0.101763 0.026576 -0.147894 -0.324596 0.933841
10016.733166000 0.138479 0.143880 0.101433 0.026970 -0.150080 -0.328812 0.932004
10016.766499000 0.148101 0.140975 0.101457 0.027720 -0.152259 -0.332674 0.930256
10016.799832000 0.158459 0.137647 0.103831 0.028637 -0.154839 -0.337254 0.928151
10016.833165000 0.167792 0.134855 0.106215 0.029693 -0.157707 -0.342225 0.925812
10016.866498000 0.176254 0.132129 0.108245 0.030590 -0.160277 -0.346639 0.923697
10016.899831000 0.184257 0.129129 0.111666 0.031648 -0.163444 -0.352197 0.921000
10016.933164000 0.190089 0.125879 0.115230 0.032292 -0.166105 -0.356995 0.918652
10016.966497000 0.194662 0.122084 0.119000 0.032824 -0.169083 -0.362483 0.915936
10016.999830000 0.198452 0.112078 0.126570 0.033071 -0.175338 -0.374984 0.909698
10017.033163000 0.197672 0.105763 0.130401 0.032741 -0.178655 -0.381989 0.906143
10017.066496000 0.194766 0.098866 0.133512 0.031942 -0.181462 -0.388451 0.902860
10017.099829000 0.191476 0.091567 0.137844 0.031433 -0.184600 -0.395327 0.899250
10017.133162000 0.186801 0.083018 0.140519 0.030287 -0.187683 -0.402896 0.895283
10017.166495000 0.182153 0.074770 0.144077 0.029199 -0.190587 -0.410046 0.891452
10017.199828000 0.176697 0.066929 0.147556 0.028201 -0.193548 -0.417232 0.887503
10017.233161000 0.171644 0.057414 0.150668 0.026891 -0.196516 -0.424827 0.883278
10017.266494000 0.167078 0.049126 0.154365 0.025857 -0.199280 -0.431668 0.879364
10017.299827000 0.163375 0.040225 0.157136 0.024546 -0.202004 -0.438899 0.875191
10017.333160000 0.159975 0.024637 0.163895 0.023054 -0.206865 -0.450774 0.868031
10017.366493000 0.160751 0.016471 0.167448 0.022285 -0.209334 -0.456922 0.864237
10017.399826000 0.161887 0.009048 0.170666 0.021574 -0.211508 -0.462315 0.860850
10017.433159000 0.164599 0.000237 0.174486 0.020948 -0.213685 -0.467709 0.857408
10017.466492000 0.169507 -0.008567 0.178233 0.020786 -0.216374 -0.473445 0.853581
10017.499825000 0.175023 -0.017973 0.183345 0.020465 -0.219258 -0.479893 0.849241
10017.533158000 0.181488 -0.028082 0.187823 0.020437 -0.222318 -0.486320 0.844778
10017.566491000 0.189057 -0.040819 0.193205 0.020162 -0.225804 -0.493853 0.839473
10017.599824000 0.197473 -0.053842 0.198772 0.020282 -0.229493 -0.501204 0.834096
10017.633157000 0.207122 -0.069481 0.204381 0.020382 -0.233810 -0.509956 0.827564
10017.666490000 0.229162 -0.106726 0.219015 0.021180 -0.244489 -0.530334 0.811494
10017.699823000 0.241615 -0.128464 0.227227 0.021913 -0.250778 -0.541797 0.801927
10017.733156000 0.253377 -0.152013 0.236083 0.022475 -0.257245 -0.553723 0.791651
10017.766489000 0.266017 -0.175475 0.246161 0.023645 -0.264335 -0.565621 0.780795
10017.799822000 0.278252 -0.200086 0.255719 0.024620 -0.271516 -0.577931 0.769200
10017.833155000 0.289620 -0.224351 0.264911 0.025554 -0.278392 -0.589470 0.757872
10017.866488000 0.300351 -0.247208 0.274629 0.026665 -0.285390 -0.600488 0.746496
10017.899821000 0.309809 -0.270450 0.284561 0.027511 -0.291981 -0.611170 0.735161
10017.933154000 0.319135 -0.291185 0.294468 0.028615 -0.298649 -0.621344 0.723825
10017.966487000 0.326040 -0.309519 0.304599 0.029322 -0.304454 -0.630653 0.713249
10017.999820000 0.334819 -0.340305 0.323223 0.029951 -0.315042 -0.648313 0.692490
10018.033153000 0.336022 -0.351026 0.332015 0.029872 -0.319514 -0.656316 0.682838
10018.066486000 0.335817 -0.360727 0.339599 0.029303 -0.323419 -0.664100 0.673434
10018.099819000 0.333777 -0.368087 0.346539 0.028570 -0.326584 -0.671803 0.664234
10018.133152000 0.330394 -0.375078 0.351562 0.027498 -0.329455 -0.679009 0.655477
10018.166485000 0.325707 -0.380309 0.356220 0.026243 -0.331905 -0.686186 0.646761
10018.199818000 0.321439 -0.385009 0.359525 0.025059 -0.334166 -0.692994 0.638329
10018.233151000 0.314815 -0.390987 0.359893 0.023049 -0.335674 -0.699694 0.630254
10018.266484000 0.308890 -0.396045 0.359316 0.021606 -0.336709 -0.706010 0.622664
10018.299817000 0.303544 -0.402847 0.356969 0.019976 -0.337964 -0.712247 0.614886
10018.333150000 0.289529 -0.419947 0.344536 0.016299 -0.338449 -0.724394 0.600366
10018.366483000 0.282517 -0.431479 0.332984 0.013975 -0.337490 -0.730288 0.593788
10018.399816000 0.276859 -0.443901 0.321916 0.012317 -0.337341 -0.735509 0.587431
10018.433149000 0.271439 -0.456747 0.308810 0.010559 -0.336290 -0.740174 0.582185
10018.466482000 0.265949 -0.472549 0.294060 0.008623 -0.335803 -0.745173 0.576090
10018.499815000 0.261670 -0.487611 0.278743 0.006977 -0.334904 -0.748982 0.571678
10018.533148000 0.258765 -0.504960 0.262724 0.005460 -0.334430 -0.753070 0.566579
10018.566481000 0.257251 -0.521686 0.246968 0.004266 -0.334016 -0.756235 0.562605
10018.599814000 0.256445 -0.539277 0.232831 0.003362 -0.333981 -0.759180 0.558652
10018.633147000 0.258033 -0.555744 0.217819 0.002906 -0.334006 -0.760762 0.556483
10018.666480000 0.264630 -0.588577 0.194711 0.003033 -0.335612 -0.763545 0.551683
10018.699813000 0.270938 -0.604838 0.185261 0.003844 -0.337173 -0.763899 0.550235
10018.733146000 0.278666 -0.619672 0.177402 0.004793 -0.338565 -0.763491 0.549938
10018.766479000 0.286017 -0.634628 0.171886 0.005928 -0.340379 -0.763282 0.549098
10018.799812000 0.294378 -0.649494 0.167299 0.007179 -0.342155 -0.762663 0.548838
10018.833145000 0.301866 -0.663641 0.163544 0.008249 -0.343374 -0.761578 0.549569
10018.866478000 0.307952 -0.677562 0.161852 0.009187 -0.344616 -0.760887 0.549733
10018.899811000 0.313996 -0.691129 0.160980 0.010035 -0.345448 -0.759644 0.550914
10018.933144000 0.317453 -0.705708 0.160676 0.010383 -0.345592 -0.758786 0.551998
10018.966477000 0.319020 -0.718875 0.161883 0.010469 -0.345248 -0.757833 0.553519
10018.999810000 0.312888 -0.745989 0.167127 0.008950 -0.342140 -0.756798 0.556882
10019.033143000 0.305242 -0.759554 0.172029 0.007548 -0.339767 -0.756854 0.558278
10019.066476000 0.294688 -0.772537 0.175477 0.005723 -0.336580 -0.756486 0.560724
10019.099809000 0.282470 -0.786107 0.181405 0.003847 -0.333651 -0.756694 0.562206
10019.133142000 0.267395 -0.798702 0.186914 0.001811 -0.330530 -0.756944 0.563721
10019.166475000 0.250915 -0.811872 0.192570 -0.000144 -0.327833 -0.757766 0.564196
10019.199808000 0.233491 -0.825048 0.199646 -0.001712 -0.325772 -0.758662 0.564182
10019.233141000 0.213883 -0.837574 0.206198 -0.003048 -0.324298 -0.760106 0.563080
10019.266474000 0.192342 -0.849420 0.212427 -0.004089 -0.323370 -0.761762 0.561368
10019.299807000 0.172264 -0.860719 0.218534 -0.004120 -0.324098 -0.763532 0.558536
10019.333140000 0.128064 -0.881877 0.232349 -0.001701 -0.330293 -0.769029 0.547264
10019.366473000 0.106209 -0.892535 0.238104 0.000870 -0.335852 -0.772116 0.539480
10019.399806000 0.083326 -0.902353 0.244676 0.003973 -0.342605 -0.775118 0.530847
10019.433139000 0.060939 -0.911736 0.249849 0.007339 -0.349917 -0.777921 0.521865
10019.466472000 0.037738 -0.920720 0.254783 0.011105 -0.358029 -0.780761 0.511961
10019.499805000 0.014816 -0.929726 0.258930 0.014891 -0.366390 -0.783323 0.501939
10019.533138000 -0.009705 -0.938996 0.262700 -0.018175 0.374679 0.786102 -0.491253
10019.566471000 -0.033950 -0.948513 0.265450 -0.021225 0.382615 0.788677 -0.480775
10019.599804000 -0.058005 -0.957115 0.268029 -0.023534 0.389663 0.791260 -0.470655
10019.633137000 -0.083314 -0.966645 0.270055 -0.024891 0.395604 0.794777 -0.459574
10019.666470000 -0.135921 -0.986316 0.270820 -0.024566 0.402643 0.804064 -0.436757
10019.699803000 -0.162202 -0.996378 0.270644 -0.023005 0.403702 0.810080 -0.424577
10019.733136000 -0.188473 -1.006684 0.269641 -0.020804 0.403433 0.816735 -0.412010
10019.766469000 -0.214700 -1.016638 0.269553 -0.018166 0.402148 0.824047 -0.398615
10019.799802000 -0.241066 -1.026265 0.270222 -0.015487 0.400834 0.831760 -0.383755
10019.833135000 -0.266052 -1.037163 0.272360 -0.012903 0.399419 0.839397 -0.368390
10019.866468000 -0.290428 -1.046705 0.275202 -0.010633 0.398261 0.846842 -0.352327
10019.899801000 -0.313071 -1.055462 0.281337 -0.009018 0.398195 0.853422 -0.336199
10019.933134000 -0.333692 -1.064344 0.289491 -0.007884 0.399032 0.859226 -0.320065
10019.966467000 -0.353744 -1.073228 0.301005 -0.007508 0.401629 0.863734 -0.304305
10019.999800000 -0.385591 -1.087878 0.333781 -0.009074 0.412121 0.867079 -0.279729
10020.033133000 -0.398672 -1.094702 0.354179 -0.010763 0.419850 0.866276 -0.270510
10020.066466000 -0.409287 -1.101725 0.379174 -0.013197 0.429741 0.863592 -0.263359
10020.099799000 -0.418598 -1.108384 0.403984 -0.015651 0.439504 0.860161 -0.258290
10020.133132000 -0.426077 -1.114799 0.430773 -0.018553 0.450077 0.855394 -0.255709
10020.166465000 -0.431810 -1.121912 0.457958 -0.021629 0.460822 0.850005 -0.254297
10020.199798000 -0.436790 -1.129971 0.484629 -0.024591 0.470863 0.844460 -0.254106
10020.233131000 -0.439958 -1.139714 0.510667 -0.027741 0.480502 0.838627 -0.255053
10020.266464000 -0.441789 -1.149708 0.534733 -0.030716 0.488596 0.833067 -0.257546
10020.299797000 -0.443740 -1.161000 0.556022 -0.033339 0.495255 0.828096 -0.260516
10020.333130000 -0.443758 -1.188654 0.589843 -0.037428 0.502422 0.820708 -0.269461
10020.366463000 -0.442907 -1.204899 0.602374 -0.038904 0.503177 0.818178 -0.275470
10020.399796000 -0.441516 -1.223998 0.611680 -0.039864 0.502242 0.816528 -0.281860
10020.433129000 -0.439718 -1.242531 0.619720 -0.040434 0.499641 0.815532 -0.289190
10020.466462000 -0.437955 -1.261784 0.626039 -0.040630 0.496021 0.815059 -0.296634
10020.499795000 -0.436233 -1.281607 0.631304 -0.040580 0.491413 0.814787 -0.304940
10020.533128000 -0.433469 -1.302236 0.635699 -0.040266 0.485989 0.814677 -0.313839
10020.566461000 -0.430641 -1.322388 0.641009 -0.039907 0.480548 0.814441 -0.322748
10020.599794000 -0.428354 -1.343129 0.647711 -0.039226 0.474798 0.814352 -0.331451
10020.633127000 -0.426634 -1.362229 0.654826 -0.038426 0.468851 0.814229 -0.340198
10020.666460000 -0.421963 -1.397964 0.675514 -0.037344 0.459231 0.812989 -0.356036
10020.699793000 -0.419215 -1.414609 0.689226 -0.037067 0.455400 0.811758 -0.363711
10020.733126000 -0.417708 -1.430872 0.704982 -0.036748 0.452275 0.811048 -0.369186
10020.766459000 -0.416803 -1.445161 0.722108 -0.036487 0.449424 0.810182 -0.374556
10020.799792000 -0.414942 -1.459669 0.739506 -0.036258 0.446717 0.809235 -0.379826
10020.833125000 -0.412980 -1.473764 0.757732 -0.036191 0.444627 0.808307 -0.384236
10020.866458000 -0.411025 -1.487505 0.776685 -0.036139 0.442795 0.807519 -0.387996
10020.899791000 -0.409165 -1.501571 0.795015 -0.035949 0.441026 0.806990 -0.391115
10020.933124000 -0.407689 -1.516890 0.813559 -0.035687 0.439808 0.806630 -0.393248
10020.966457000 -0.405889 -1.531565 0.830066 -0.035234 0.437990 0.806772 -0.395021
10020.999790000 -0.400326 -1.563680 0.859299 -0.034038 0.434226 0.807432 -0.397922
10021.033123000 -0.397543 -1.580618 0.872162 -0.033032 0.431928 0.808359 -0.398626
10021.066456000 -0.395148 -1.599394 0.882299 -0.031864 0.429497 0.809887 -0.398246
10021.099789000 -0.392700 -1.617215 0.891662 -0.030529 0.426787 0.811723 -0.397525
10021.133122000 -0.391079 -1.635341 0.899616 -0.029002 0.424297 0.814182 -0.395269
10021.166455000 -0.388290 -1.654509 0.906461 -0.027705 0.422405 0.816723 -0.392136
10021.199788000 -0.386603 -1.673724 0.912170 -0.025881 0.420060 0.820076 -0.387758
10021.233121000 -0.385049 -1.692973 0.917760 -0.024379 0.418943 0.823544 -0.381664
10021.266454000 -0.384812 -1.713013 0.922334 -0.022804 0.418102 0.827851 -0.373273
10021.299787000 -0.383998 -1.732324 0.927353 -0.021589 0.418566 0.831875 -0.363758
10021.333120000 -0.385202 -1.770819 0.935343 -0.019288 0.421597 0.841051 -0.338405
10021.366453000 -0.387224 -1.789247 0.940168 -0.018588 0.425220 0.845518 -0.322400
10021.399786000 -0.390428 -1.808011 0.945051 -0.018037 0.430015 0.850070 -0.303550
10021.433119000 -0.393163 -1.825363 0.950443 -0.018038 0.436423 0.853291 -0.284789
10021.466452000 -0.398985 -1.842172 0.955621 -0.017903 0.443692 0.856068 -0.264510
10021.499785000 -0.404779 -1.858356 0.961735 -0.018105 0.452914 0.857419 -0.243666
10021.533118000 -0.412433 -1.873541 0.968475 -0.018374 0.463414 0.857456 -0.222889
10021.566451000 -0.421957 -1.887094 0.976763 -0.018581 0.475003 0.856240 -0.202190
