10000.000000000 0.000000 0.000000 0.000000 0.000000 0.000000 0.000000 1.000000
10000.033333000 0.010430 0.003387 -0.001844 0.002291 -0.004455 -0.001618 0.999986
10000.066666000 0.020678 0.007337 -0.002904 0.004240 -0.009012 -0.003763 0.999943
10000.099999000 0.031315 0.010386 -0.003277 0.005905 -0.013656 -0.005906 0.999872
10000.133332000 0.041798 0.013567 -0.003771 0.007372 -0.018296 -0.008637 0.999768
10000.166665000 0.051373 0.016359 -0.004160 0.008710 -0.022519 -0.011116 0.999647
10000.199998000 0.061862 0.019520 -0.004536 0.009967 -0.027167 -0.014352 0.999478
10000.233331000 0.071799 0.021705 -0.004306 0.010864 -0.031462 -0.017365 0.999295
10000.266664000 0.081206 0.025181 -0.003925 0.012039 -0.035650 -0.020832 0.999075
10000.299997000 0.090057 0.026915 -0.003710 0.012518 -0.039481 -0.023588 0.998863
10000.333330000 0.109715 0.030988 -0.003300 0.013787 -0.048109 -0.030755 0.998273
10000.366663000 0.118537 0.032807 -0.002972 0.014364 -0.051856 -0.033434 0.997991
10000.399996000 0.126879 0.035795 -0.002596 0.015440 -0.055477 -0.036503 0.997673
10000.433329000 0.135829 0.037855 -0.002245 0.016379 -0.059182 -0.039078 0.997348
10000.466662000 0.144370 0.040091 -0.002645 0.017408 -0.062791 -0.041649 0.997005
10000.499995000 0.152995 0.042857 -0.002909 0.018845 -0.066392 -0.043576 0.996663
10000.533328000 0.161654 0.045184 -0.003334 0.020156 -0.069983 -0.045488 0.996307
10000.566661000 0.170216 0.047885 -0.003619 0.021810 -0.073519 -0.046812 0.995956
10000.599994000 0.178584 0.051152 -0.004631 0.023678 -0.077043 -0.048085 0.995586
10000.633327000 0.187056 0.053716 -0.006377 0.025785 -0.080411 -0.048741 0.995235
10000.666660000 0.203416 0.061305 -0.008796 0.031350 -0.087242 -0.048248 0.994524
10000.699993000 0.211543 0.064796 -0.011155 0.034247 -0.090571 -0.047722 0.994156
10000.733326000 0.219671 0.068231 -0.013574 0.037647 -0.093900 -0.047091 0.993754
10000.766659000 0.227737 0.072219 -0.015083 0.041636 -0.097265 -0.046360 0.993306
10000.799992000 0.235917 0.075718 -0.017384 0.045453 -0.100615 -0.046182 0.992813
10000.833325000 0.244220 0.078901 -0.018343 0.049573 -0.104140 -0.046517 0.992237
10000.866658000 0.252935 0.081435 -0.018589 0.054114 -0.107711 -0.047293 0.991581
10000.899991000 0.261695 0.083127 -0.018455 0.058544 -0.111147 -0.049594 0.990838
10000.933324000 0.270628 0.084644 -0.016770 0.063444 -0.114751 -0.052832 0.989958
10000.966657000 0.280836 0.085736 -0.014517 0.068122 -0.118896 -0.057314 0.988908
10000.999990000 0.301655 0.083822 -0.005508 0.078310 -0.126609 -0.071035 0.986302
10001.033323000 0.311726 0.081373 0.000477 0.083149 -0.130280 -0.080212 0.984723
10001.066656000 0.323233 0.078462 0.007124 0.088058 -0.134565 -0.089853 0.982886
10001.099989000 0.334888 0.075088 0.014326 0.092992 -0.138953 -0.100160 0.980822
10001.133322000 0.346165 0.069959 0.021411 0.097014 -0.143442 -0.110748 0.978646
10001.166655000 0.357930 0.065781 0.027791 0.100998 -0.148251 -0.121498 0.976248
10001.199988000 0.369071 0.060765 0.034875 0.104712 -0.153263 -0.131634 0.973765
10001.233321000 0.380321 0.055155 0.039728 0.107195 -0.158911 -0.141472 0.971207
10001.266654000 0.390074 0.049479 0.043153 0.108905 -0.164446 -0.150778 0.968692
10001.299987000 0.400052 0.043703 0.045082 0.109810 -0.170577 -0.159049 0.966203
10001.333320000 0.418724 0.032128 0.042837 0.108233 -0.185109 -0.173381 0.961228
10001.366653000 0.427044 0.027473 0.037937 0.105962 -0.193273 -0.179025 0.958837
10001.399986000 0.435160 0.023079 0.031503 0.102868 -0.201583 -0.184191 0.956481
10001.433319000 0.443293 0.018765 0.023749 0.099334 -0.210469 -0.188840 0.954031
10001.466652000 0.452017 0.015652 0.013953 0.095084 -0.219891 -0.192763 0.951551
10001.499985000 0.460353 0.013515 0.004889 0.091443 -0.229086 -0.196055 0.949063
10001.533318000 0.469915 0.010516 -0.005087 0.087428 -0.238788 -0.199141 0.946403
10001.566651000 0.479106 0.009138 -0.014916 0.083590 -0.247817 -0.201551 0.943915
10001.599984000 0.490074 0.008311 -0.024792 0.080486 -0.257216 -0.203746 0.941196
10001.633317000 0.502945 0.008881 -0.033093 0.078935 -0.266461 -0.205292 0.938415
10001.666650000 0.532493 0.012533 -0.045760 0.078735 -0.283315 -0.207182 0.933064
10001.699983000 0.548841 0.015825 -0.050466 0.080491 -0.290363 -0.207883 0.930589
10001.733316000 0.567054 0.020434 -0.054309 0.083838 -0.296988 -0.207877 0.928201
10001.766649000 0.585395 0.025100 -0.056005 0.086993 -0.303493 -0.207804 0.925820
10001.799982000 0.604571 0.030013 -0.057657 0.091150 -0.309093 -0.207480 0.923637
10001.833315000 0.623839 0.035424 -0.057110 0.095607 -0.314617 -0.207235 0.921373
10001.866648000 0.642653 0.042326 -0.056412 0.101038 -0.319091 -0.206397 0.919442
10001.899981000 0.660882 0.048154 -0.054958 0.105657 -0.323822 -0.205878 0.917382
10001.933314000 0.677548 0.054789 -0.053514 0.110354 -0.327476 -0.205045 0.915717
10001.966647000 0.693515 0.060274 -0.051337 0.114504 -0.331090 -0.204378 0.914056
10001.999980000 0.719400 0.071697 -0.047738 0.122048 -0.337087 -0.203068 0.911175
10002.033313000 0.730328 0.077357 -0.045135 0.125536 -0.340208 -0.202191 0.909735
10002.066646000 0.739474 0.081894 -0.043256 0.127824 -0.342888 -0.201719 0.908515
10002.099979000 0.747608 0.086009 -0.041408 0.129697 -0.345504 -0.201095 0.907396
10002.133312000 0.755037 0.088819 -0.041079 0.131270 -0.347522 -0.200705 0.906485
10002.166645000 0.761526 0.091196 -0.040774 0.132624 -0.349750 -0.200142 0.905554
10002.199978000 0.769003 0.093446 -0.041217 0.133631 -0.351923 -0.199941 0.904609
10002.233311000 0.775801 0.094790 -0.042435 0.134169 -0.353743 -0.199927 0.903822
10002.266644000 0.783756 0.095436 -0.045186 0.134814 -0.355348 -0.199802 0.903124
10002.299977000 0.792064 0.094903 -0.049461 0.134784 -0.356824 -0.200168 0.902465
10002.333310000 0.813675 0.093410 -0.062027 0.134568 -0.358917 -0.200551 0.901582
10002.366643000 0.825807 0.089748 -0.070759 0.133520 -0.359518 -0.201522 0.901282
10002.399976000 0.839632 0.087521 -0.080271 0.133322 -0.360341 -0.202221 0.900825
10002.433309000 0.852412 0.084428 -0.090529 0.132405 -0.360624 -0.202666 0.900747
10002.466642000 0.865619 0.080528 -0.101781 0.131206 -0.360868 -0.203712 0.900589
10002.499975000 0.878020 0.075453 -0.111937 0.129491 -0.361480 -0.204537 0.900405
10002.533308000 0.889186 0.071158 -0.122876 0.127539 -0.362080 -0.205496 0.900224
10002.566641000 0.898327 0.066622 -0.132990 0.125376 -0.362649 -0.206583 0.900050
10002.599974000 0.905955 0.063858 -0.141966 0.123343 -0.363069 -0.207059 0.900052
10002.633307000 0.911273 0.059257 -0.150225 0.120356 -0.364129 -0.208010 0.899809
10002.666640000 0.911317 0.053813 -0.160856 0.114043 -0.366827 -0.209772 0.899126
10002.699973000 0.906688 0.051404 -0.163645 0.110334 -0.368417 -0.210704 0.898721
10002.733306000 0.899926 0.049811 -0.166168 0.106527 -0.369752 -0.211658 0.898408
10002.766639000 0.891121 0.047932 -0.166371 0.102851 -0.370913 -0.212530 0.898152
10002.799972000 0.881264 0.046554 -0.165537 0.099936 -0.371217 -0.213458 0.898135
10002.833305000 0.870365 0.045216 -0.163990 0.097392 -0.370883 -0.214085 0.898403
10002.866638000 0.858779 0.043063 -0.161636 0.095711 -0.368926 -0.214072 0.899392
10002.899971000 0.847158 0.040785 -0.159336 0.095132 -0.365631 -0.214293 0.900746
10002.933304000 0.835970 0.037000 -0.155917 0.095635 -0.360913 -0.214254 0.902602
10002.966637000 0.826927 0.033263 -0.153492 0.098100 -0.353983 -0.213396 0.905282
10002.999970000 0.811185 0.022766 -0.149275 0.108126 -0.333430 -0.211093 0.912454
10003.033303000 0.806989 0.015606 -0.146760 0.115312 -0.321128 -0.209642 0.916313
10003.066636000 0.803033 0.007773 -0.144984 0.123495 -0.307112 -0.207942 0.920430
10003.099969000 0.801204 0.000053 -0.144335 0.132071 -0.293027 -0.206503 0.924148
10003.133302000 0.799807 -0.008973 -0.143807 0.140477 -0.278838 -0.205552 0.927504
10003.166635000 0.798862 -0.016251 -0.143066 0.148973 -0.265222 -0.204208 0.930464
10003.199968000 0.798136 -0.024939 -0.142739 0.156500 -0.252464 -0.203750 0.932875
10003.233301000 0.797206 -0.031743 -0.142657 0.163444 -0.240778 -0.203310 0.934867
10003.266634000 0.795374 -0.038930 -0.142581 0.169349 -0.230081 -0.202845 0.936610
10003.299967000 0.793352 -0.045437 -0.142982 0.173982 -0.221143 -0.202692 0.937946
10003.333300000 0.784772 -0.054912 -0.143372 0.179964 -0.207554 -0.202555 0.939950
10003.366633000 0.778355 -0.057982 -0.144542 0.181269 -0.202600 -0.202117 0.940874
10003.399966000 0.770616 -0.059821 -0.145369 0.181706 -0.198890 -0.201817 0.941645
10003.433299000 0.763023 -0.061566 -0.145682 0.181506 -0.196236 -0.201555 0.942297
10003.466632000 0.753407 -0.063643 -0.145684 0.180293 -0.194174 -0.200860 0.943105
10003.499965000 0.744555 -0.064851 -0.146415 0.178756 -0.192878 -0.200497 0.943740
10003.533298000 0.734903 -0.066339 -0.145574 0.176690 -0.192322 -0.200455 0.944251
10003.566631000 0.724586 -0.068985 -0.144136 0.174085 -0.191939 -0.200213 0.944864
10003.599964000 0.715171 -0.071358 -0.142774 0.171536 -0.191762 -0.199981 0.945415
10003.633297000 0.705119 -0.074675 -0.140873 0.168692 -0.191517 -0.199820 0.946011
10003.666630000 0.687344 -0.084381 -0.134273 0.163053 -0.191432 -0.200017 0.946975
10003.699963000 0.679382 -0.091553 -0.130066 0.160253 -0.191092 -0.200220 0.947478
10003.733296000 0.671878 -0.100027 -0.124795 0.157452 -0.190698 -0.200426 0.947983
10003.766629000 0.665156 -0.107955 -0.118773 0.155175 -0.190337 -0.200898 0.948332
10003.799962000 0.658764 -0.116798 -0.112884 0.152719 -0.189920 -0.201390 0.948710
10003.833295000 0.653307 -0.127978 -0.106554 0.149947 -0.189568 -0.201999 0.949092
10003.866628000 0.647335 -0.138075 -0.100136 0.147433 -0.189177 -0.202953 0.949361
10003.899961000 0.641560 -0.148690 -0.092999 0.145159 -0.188375 -0.203293 0.949798
10003.933294000 0.636498 -0.158976 -0.085970 0.142801 -0.188132 -0.204259 0.949996
10003.966627000 0.630947 -0.170351 -0.079838 0.139962 -0.187715 -0.205278 0.950281
10003.999960000 0.621093 -0.191028 -0.066633 0.134930 -0.186995 -0.206358 0.950917
10004.033293000 0.616146 -0.201351 -0.061160 0.132140 -0.186805 -0.207426 0.951114
10004.066626000 0.611050 -0.211002 -0.054669 0.129306 -0.186841 -0.208194 0.951328
10004.099959000 0.605594 -0.219745 -0.048925 0.126793 -0.186415 -0.208700 0.951639
10004.133292000 0.600382 -0.228843 -0.043109 0.123998 -0.186282 -0.209378 0.951885
10004.166625000 0.594148 -0.238167 -0.037396 0.120838 -0.186057 -0.210144 0.952166
10004.199958000 0.587789 -0.247368 -0.031572 0.117665 -0.185800 -0.210915 0.952443
10004.233291000 0.580362 -0.255936 -0.026319 0.114706 -0.184646 -0.210862 0.953040
10004.266624000 0.573047 -0.265345 -0.020485 0.111290 -0.184098 -0.211575 0.953393
10004.299957000 0.565450 -0.273651 -0.014476 0.108199 -0.183360 -0.212137 0.953766
10004.333290000 0.547177 -0.294226 -0.002829 0.100224 -0.181149 -0.213461 0.954764
10004.366623000 0.536903 -0.304156 0.003784 0.096431 -0.179495 -0.213878 0.955374
10004.399956000 0.526829 -0.314430 0.009758 0.092396 -0.177820 -0.214309 0.955989
10004.433289000 0.516531 -0.324379 0.016373 0.088461 -0.176101 -0.214698 0.956592
10004.466622000 0.508238 -0.334146 0.022205 0.084634 -0.174911 -0.215251 0.957032
10004.499955000 0.500038 -0.343970 0.028017 0.080743 -0.173729 -0.215822 0.957455
10004.533288000 0.492610 -0.353026 0.034593 0.077194 -0.172825 -0.216387 0.957783
10004.566621000 0.487465 -0.362515 0.039452 0.073540 -0.172508 -0.217247 0.957934
10004.599954000 0.485297 -0.371486 0.045690 0.070646 -0.173106 -0.218274 0.957810
10004.633287000 0.483957 -0.380021 0.050462 0.067665 -0.174013 -0.219466 0.957588
10004.666620000 0.491839 -0.394718 0.058567 0.063507 -0.179134 -0.222726 0.956175
10004.699953000 0.498857 -0.400614 0.062896 0.062294 -0.182710 -0.224547 0.955152
10004.733286000 0.509139 -0.406204 0.066360 0.061490 -0.187243 -0.226656 0.953827
10004.766619000 0.521486 -0.412164 0.070424 0.060836 -0.192609 -0.229045 0.952228
10004.799952000 0.533370 -0.416317 0.074501 0.060791 -0.197669 -0.231121 0.950692
10004.833285000 0.547405 -0.420103 0.078653 0.061133 -0.203403 -0.233289 0.948929
10004.866618000 0.561039 -0.423526 0.083551 0.061656 -0.209074 -0.235394 0.947141
10004.899951000 0.573839 -0.427150 0.088568 0.062031 -0.214463 -0.237407 0.945408
10004.933284000 0.586125 -0.429533 0.095042 0.062914 -0.219835 -0.239258 0.943647
10004.966617000 0.597557 -0.431693 0.102487 0.063848 -0.225033 -0.240970 0.941922
10004.999950000 0.614192 -0.435384 0.120748 0.065500 -0.233928 -0.243810 0.938906
10005.033283000 0.619156 -0.437033 0.131533 0.066165 -0.237612 -0.244979 0.937629
10005.066616000 0.622044 -0.438732 0.143163 0.066634 -0.240813 -0.245996 0.936512
10005.099949000 0.624067 -0.440113 0.155750 0.067192 -0.243891 -0.246939 0.935427
10005.133282000 0.624835 -0.441333 0.169129 0.067744 -0.246749 -0.247785 0.934413
10005.166615000 0.623901 -0.443813 0.183237 0.067689 -0.249363 -0.248744 0.933468
10005.199948000 0.622708 -0.445405 0.196665 0.067882 -0.251730 -0.249525 0.932610
10005.233281000 0.621503 -0.446520 0.210905 0.068322 -0.254245 -0.250261 0.931698
10005.266614000 0.620223 -0.448241 0.224293 0.068483 -0.256700 -0.251059 0.930798
10005.299947000 0.618152 -0.450279 0.237796 0.068436 -0.258965 -0.251871 0.929954
10005.333280000 0.616697 -0.455413 0.262364 0.068058 -0.264155 -0.253842 0.927984
10005.366613000 0.616654 -0.457869 0.274118 0.067965 -0.266962 -0.254848 0.926911
10005.399946000 0.617955 -0.460755 0.285117 0.067825 -0.270135 -0.256021 0.925678
10005.433279000 0.619239 -0.463499 0.296121 0.067738 -0.273340 -0.257181 0.924421
10005.466612000 0.620242 -0.466377 0.306934 0.067565 -0.276497 -0.258339 0.923171
10005.499945000 0.621915 -0.470427 0.317668 0.066984 -0.280031 -0.259793 0.921739
10005.533278000 0.624074 -0.472932 0.328567 0.067115 -0.283641 -0.260981 0.920289
10005.566611000 0.625294 -0.475751 0.339413 0.067000 -0.287004 -0.262180 0.918913
10005.599944000 0.627382 -0.478275 0.350266 0.067130 -0.290694 -0.263369 0.917402
10005.633277000 0.629460 -0.480233 0.361940 0.067561 -0.294560 -0.264484 0.915816
10005.666610000 0.631682 -0.483951 0.386247 0.068350 -0.302005 -0.266622 0.912707
10005.699943000 0.632606 -0.485151 0.399693 0.069137 -0.306003 -0.267572 0.911036
10005.733276000 0.634375 -0.486148 0.413058 0.070156 -0.310327 -0.268473 0.909229
10005.766609000 0.634053 -0.486870 0.427219 0.070672 -0.314595 -0.269042 0.907553
10005.799942000 0.634809 -0.487924 0.440508 0.071542 -0.318737 -0.269942 0.905770
10005.833275000 0.635921 -0.489800 0.454380 0.072174 -0.323343 -0.271056 0.903752
10005.866608000 0.636783 -0.490856 0.467645 0.073095 -0.327673 -0.271948 0.901849
10005.899941000 0.637836 -0.492506 0.480250 0.073735 -0.332006 -0.272940 0.899911
10005.933274000 0.638953 -0.494729 0.491855 0.074042 -0.336234 -0.274036 0.897980
10005.966607000 0.640337 -0.497591 0.502775 0.074452 -0.340040 -0.275467 0.896073
10005.999940000 0.643583 -0.505591 0.521536 0.073217 -0.348150 -0.278308 0.892175
10006.033273000 0.646378 -0.510527 0.529138 0.072602 -0.351811 -0.280149 0.890210
10006.066606000 0.648410 -0.516263 0.536059 0.071242 -0.355138 -0.281693 0.888511
10006.099939000 0.650392 -0.522557 0.542035 0.069497 -0.358622 -0.284063 0.886492
10006.133272000 0.653739 -0.529237 0.547282 0.067766 -0.361996 -0.285819 0.884688
10006.166605000 0.656158 -0.536611 0.551744 0.065459 -0.365275 -0.288449 0.882659
10006.199938000 0.658825 -0.544539 0.555490 0.062687 -0.368483 -0.290750 0.880770
10006.233271000 0.661537 -0.552824 0.560728 0.059932 -0.372252 -0.293161 0.878574
10006.266604000 0.664192 -0.560846 0.564363 0.056701 -0.375866 -0.295256 0.876547
10006.299937000 0.665910 -0.569002 0.568056 0.053256 -0.379208 -0.297422 0.874589
10006.333270000 0.669273 -0.585506 0.575579 0.045895 -0.386348 -0.301609 0.870437
10006.366603000 0.669958 -0.593640 0.580229 0.041959 -0.390073 -0.303587 0.868284
10006.399936000 0.670631 -0.602209 0.585355 0.037885 -0.394085 -0.305818 0.865874
10006.433269000 0.671994 -0.609289 0.590652 0.034799 -0.398145 -0.308069 0.863344
10006.466602000 0.673545 -0.617009 0.595134 0.031206 -0.402068 -0.309985 0.860974
10006.499935000 0.674939 -0.624097 0.600495 0.028387 -0.405769 -0.312041 0.858590
10006.533268000 0.677123 -0.630370 0.606554 0.026595 -0.409457 -0.314088 0.856146
10006.566601000 0.679412 -0.637145 0.611864 0.024793 -0.412575 -0.316016 0.853991
10006.599934000 0.683453 -0.642885 0.617823 0.024536 -0.415927 -0.318269 0.851532
10006.633267000 0.687509 -0.648658 0.624018 0.024770 -0.418934 -0.320757 0.849115
10006.666600000 0.700211 -0.657266 0.637509 0.030017 -0.423893 -0.325678 0.844599
10006.699933000 0.708715 -0.660135 0.643451 0.034615 -0.425631 -0.328222 0.842562
10006.733266000 0.717361 -0.663732 0.650127 0.039474 -0.427295 -0.331227 0.840327
10006.766599000 0.727888 -0.666811 0.656816 0.045848 -0.428729 -0.333812 0.838247
10006.799932000 0.738640 -0.670449 0.662568 0.051431 -0.430097 -0.336908 0.835981
10006.833265000 0.750338 -0.673768 0.668236 0.057485 -0.431179 -0.339640 0.833921
10006.866598000 0.762112 -0.677736 0.673102 0.063425 -0.431963 -0.342983 0.831714
10006.899931000 0.774885 -0.681309 0.678041 0.069240 -0.433311 -0.345956 0.829314
10006.933264000 0.787798 -0.686254 0.681035 0.074090 -0.434520 -0.349418 0.826807
10006.966597000 0.800165 -0.692694 0.683959 0.077241 -0.435967 -0.352750 0.824339
10006.999930000 0.827010 -0.708054 0.685908 0.081476 -0.440772 -0.359905 0.818260
10007.033263000 0.840699 -0.718041 0.685627 0.081536 -0.443655 -0.363646 0.815036
10007.066596000 0.854076 -0.727766 0.683968 0.080992 -0.446875 -0.366607 0.811999
10007.099929000 0.866814 -0.738560 0.682912 0.079554 -0.450086 -0.369504 0.809049
10007.133262000 0.879477 -0.749181 0.680486 0.077766 -0.453627 -0.372064 0.806066
10007.166595000 0.892231 -0.760342 0.677259 0.075286 -0.456768 -0.374375 0.803454
10007.199928000 0.904714 -0.770333 0.674142 0.073066 -0.460196 -0.375889 0.800992
10007.233261000 0.916150 -0.780418 0.671094 0.070199 -0.463451 -0.376581 0.799045
10007.266594000 0.928059 -0.788861 0.666882 0.068277 -0.465980 -0.376449 0.797802
10007.299927000 0.938852 -0.796948 0.663557 0.065722 -0.468875 -0.375575 0.796731
10007.333260000 0.961116 -0.808278 0.657436 0.062906 -0.473162 -0.371371 0.796394
10007.366593000 0.970293 -0.810964 0.655009 0.062449 -0.474238 -0.368089 0.797314
10007.399926000 0.979955 -0.812228 0.652505 0.062106 -0.475385 -0.364706 0.798211
10007.433259000 0.989375 -0.812895 0.650784 0.062335 -0.476525 -0.360910 0.799239
10007.466592000 0.998389 -0.811728 0.650123 0.063659 -0.477642 -0.357624 0.799944
10007.499925000 1.006828 -0.809145 0.649726 0.065248 -0.478698 -0.354805 0.800440
10007.533258000 1.015109 -0.806113 0.650003 0.067579 -0.479621 -0.353369 0.800330
10007.566591000 1.023863 -0.800842 0.651352 0.070736 -0.481060 -0.352721 0.799478
10007.599924000 1.031781 -0.796051 0.654053 0.074785 -0.482639 -0.353985 0.797598
10007.633257000 1.039326 -0.789801 0.657121 0.079314 -0.484206 -0.356849 0.794929
10007.666590000 1.055771 -0.773763 0.667246 0.092065 -0.487890 -0.368982 0.785710
10007.699923000 1.064047 -0.765639 0.674074 0.099332 -0.490257 -0.378279 0.778901
10007.733256000 1.071259 -0.757224 0.681699 0.107364 -0.492633 -0.388852 0.771090
10007.766589000 1.079092 -0.747794 0.688783 0.115770 -0.494505 -0.400276 0.762785
10007.799922000 1.087026 -0.738566 0.697319 0.124471 -0.496852 -0.411995 0.753594
10007.833255000 1.094098 -0.730168 0.705063 0.132846 -0.498543 -0.424300 0.744161
10007.866588000 1.101314 -0.722023 0.714303 0.141416 -0.500437 -0.435584 0.734732
10007.899921000 1.108715 -0.714197 0.721152 0.149267 -0.501910 -0.446471 0.725582
10007.933254000 1.114913 -0.706909 0.727697 0.156435 -0.502707 -0.456257 0.717386
10007.966587000 1.122764 -0.701028 0.733486 0.162556 -0.503696 -0.464239 0.710175
10007.999920000 1.134661 -0.691070 0.741299 0.171468 -0.504431 -0.475792 0.699835
10008.033253000 1.141098 -0.688303 0.743747 0.174275 -0.504773 -0.478803 0.696836
10008.066586000 1.146529 -0.686202 0.744119 0.175782 -0.504733 -0.480458 0.695346
10008.099919000 1.153410 -0.685184 0.744090 0.176647 -0.504997 -0.480873 0.694647
10008.133252000 1.159932 -0.683416 0.743674 0.177353 -0.505264 -0.479722 0.695069
10008.166585000 1.167630 -0.681901 0.742447 0.177803 -0.505489 -0.477632 0.696229
10008.199918000 1.176416 -0.680646 0.740174 0.178274 -0.505527 -0.475013 0.697870
10008.233251000 1.186051 -0.678579 0.738665 0.179256 -0.506103 -0.471401 0.699648
10008.266584000 1.196665 -0.676791 0.736488 0.180165 -0.506841 -0.467319 0.701616
10008.299917000 1.208866 -0.672972 0.734264 0.182205 -0.507504 -0.462964 0.703495
10008.333250000 1.238857 -0.662823 0.730917 0.189130 -0.509971 -0.453469 0.706064
10008.366583000 1.256319 -0.655241 0.729622 0.193978 -0.511411 -0.448294 0.707010
10008.399916000 1.274722 -0.648391 0.728775 0.199485 -0.513038 -0.443742 0.707171
10008.433249000 1.293104 -0.640765 0.727054 0.204863 -0.514585 -0.439231 0.707326
10008.466582000 1.312729 -0.633513 0.726183 0.210857 -0.516194 -0.435511 0.706692
10008.499915000 1.332925 -0.627007 0.725732 0.216567 -0.518215 -0.431360 0.706032
10008.533248000 1.350409 -0.620163 0.725276 0.222081 -0.519909 -0.428031 0.705099
10008.566581000 1.368709 -0.615523 0.724810 0.227377 -0.521530 -0.425337 0.703843
10008.599914000 1.385080 -0.612381 0.723508 0.231160 -0.523102 -0.423073 0.702808
10008.633247000 1.400398 -0.611619 0.722713 0.234565 -0.524829 -0.421674 0.701232
10008.666580000 1.423482 -0.615578 0.720965 0.237936 -0.527462 -0.420205 0.698998
10008.699913000 1.431626 -0.621702 0.719319 0.237636 -0.528828 -0.420844 0.697683
10008.733246000 1.438152 -0.628898 0.717160 0.236288 -0.529737 -0.421678 0.696946
10008.766579000 1.443410 -0.639008 0.715272 0.234199 -0.530975 -0.422991 0.695913
10008.799912000 1.447072 -0.650868 0.713565 0.231420 -0.532209 -0.424843 0.694771
10008.833245000 1.449057 -0.664110 0.712543 0.228049 -0.533528 -0.427049 0.693521
10008.866578000 1.450215 -0.679016 0.709888 0.223613 -0.534605 -0.429494 0.692626
10008.899911000 1.452021 -0.694403 0.707697 0.219581 -0.535494 -0.432276 0.691497
10008.933244000 1.451800 -0.710395 0.705874 0.215401 -0.536720 -0.435104 0.690086
10008.966577000 1.452844 -0.727692 0.703469 0.210520 -0.538030 -0.437856 0.688830
10008.999910000 1.454780 -0.761994 0.698684 0.201714 -0.540390 -0.443885 0.685753
10009.033243000 1.457061 -0.779685 0.696902 0.197512 -0.541869 -0.446727 0.683961
10009.066576000 1.459889 -0.796078 0.694514 0.193354 -0.543167 -0.449026 0.682612
10009.099909000 1.463135 -0.812726 0.693444 0.189815 -0.544799 -0.451426 0.680719
10009.133242000 1.467309 -0.829094 0.692648 0.186529 -0.546453 -0.453712 0.678780
10009.166575000 1.471426 -0.844747 0.692404 0.183742 -0.548053 -0.456174 0.676596
10009.199908000 1.477096 -0.859331 0.692792 0.181324 -0.549988 -0.457771 0.674597
10009.233241000 1.482457 -0.872626 0.693689 0.179051 -0.551722 -0.459288 0.672754
10009.266574000 1.489715 -0.884746 0.696833 0.177571 -0.554039 -0.460150 0.670650
10009.299907000 1.496662 -0.896355 0.700608 0.176086 -0.556292 -0.461035 0.668565
10009.333240000 1.514975 -0.916407 0.710715 0.174523 -0.561366 -0.461491 0.664406
10009.366573000 1.524602 -0.923713 0.717349 0.174535 -0.564060 -0.461015 0.662449
10009.399906000 1.535065 -0.930069 0.724506 0.174678 -0.566675 -0.460421 0.660590
10009.433239000 1.545450 -0.935594 0.731173 0.174954 -0.569071 -0.459785 0.658898
10009.466572000 1.556576 -0.940330 0.738611 0.175484 -0.571569 -0.458893 0.657215
10009.499905000 1.568308 -0.944223 0.745176 0.176167 -0.573822 -0.457884 0.655772
10009.533238000 1.580031 -0.947530 0.750763 0.176884 -0.575742 -0.456949 0.654547
10009.566571000 1.592328 -0.950010 0.755039 0.177693 -0.577371 -0.455934 0.653599
10009.599904000 1.603646 -0.952382 0.756840 0.178280 -0.578371 -0.455248 0.653034
10009.633237000 1.615618 -0.953730 0.758161 0.178930 -0.579068 -0.454575 0.652707
10009.666570000 1.637462 -0.957494 0.752365 0.179610 -0.578884 -0.454138 0.652987
10009.699903000 1.648048 -0.958492 0.746399 0.179726 -0.577975 -0.454272 0.653667
10009.733236000 1.657825 -0.960328 0.738382 0.179653 -0.576795 -0.454626 0.654483
10009.766569000 1.668206 -0.961503 0.729031 0.179496 -0.575213 -0.455089 0.655596
10009.799902000 1.677937 -0.963644 0.718844 0.179198 -0.573655 -0.455640 0.656659
10009.833235000 1.687847 -0.966528 0.709061 0.178793 -0.572283 -0.456219 0.657563
10009.866568000 1.697428 -0.968197 0.699720 0.178630 -0.570882 -0.456630 0.658540
10009.899901000 1.706715 -0.972008 0.690807 0.178080 -0.569746 -0.457300 0.659207
10009.933234000 1.716928 -0.975101 0.682758 0.177787 -0.568761 -0.457734 0.659836
10009.966567000 1.727349 -0.978337 0.677302 0.177820 -0.568438 -0.457812 0.660050
10009.999900000 1.747030 -0.988141 0.672887 0.177608 -0.569269 -0.457873 0.659349
10010.033233000 1.758245 -0.993717 0.673955 0.177828 -0.570519 -0.457504 0.658464
10010.066566000 1.768514 -0.999307 0.677279 0.178106 -0.572143 -0.457003 0.657328
10010.099899000 1.779699 -1.004443 0.682836 0.178528 -0.574070 -0.456322 0.656005
10010.133232000 1.790209 -1.010519 0.689059 0.178895 -0.576246 -0.455616 0.654485
10010.166565000 1.801484 -1.015920 0.695468 0.179286 -0.578339 -0.454845 0.653067
10010.199898000 1.812603 -1.020526 0.702302 0.179688 -0.580351 -0.454085 0.651699
10010.233231000 1.824770 -1.025049 0.710015 0.180076 -0.582372 -0.453322 0.650319
10010.266564000 1.835382 -1.028029 0.716577 0.180570 -0.583994 -0.452604 0.649227
10010.299897000 1.847777 -1.029793 0.721971 0.181021 -0.585163 -0.451964 0.648494
10010.333230000 1.869948 -1.029731 0.729009 0.181734 -0.586115 -0.451155 0.647998
10010.366563000 1.880980 -1.027290 0.730096 0.181994 -0.585736 -0.451001 0.648374
10010.399896000 1.891605 -1.024589 0.730658 0.182102 -0.585133 -0.450984 0.648901
10010.433229000 1.901709 -1.021406 0.729310 0.182149 -0.584148 -0.451078 0.649708
10010.466562000 1.911782 -1.017864 0.728352 0.182013 -0.582996 -0.451397 0.650559
10010.499895000 1.920935 -1.013763 0.726536 0.181837 -0.581665 -0.451751 0.651553
10010.533228000 1.930113 -1.010236 0.724053 0.181548 -0.580252 -0.452231 0.652560
10010.566561000 1.937664 -1.007889 0.722740 0.180866 -0.579027 -0.452913 0.653364
10010.599894000 1.944404 -1.006459 0.720903 0.180103 -0.577846 -0.453671 0.654095
10010.633227000 1.950555 -1.005502 0.719516 0.179094 -0.576684 -0.454583 0.654763
10010.666560000 1.957407 -1.007043 0.721439 0.176781 -0.575390 -0.456551 0.655161
10010.699893000 1.959671 -1.010527 0.723506 0.175324 -0.575169 -0.457713 0.654935
10010.733226000 1.961034 -1.014981 0.727047 0.173752 -0.575225 -0.458912 0.654466
10010.766559000 1.962039 -1.020316 0.731010 0.172150 -0.575514 -0.460028 0.653852
10010.799892000 1.963312 -1.027271 0.736613 0.170297 -0.576081 -0.461328 0.652921
10010.833225000 1.963875 -1.034138 0.741489 0.168375 -0.576511 -0.462720 0.652054
10010.866558000 1.965608 -1.042030 0.748568 0.166624 -0.577499 -0.463837 0.650835
10010.899891000 1.968026 -1.050996 0.755335 0.164619 -0.578429 -0.465166 0.649570
10010.933224000 1.970401 -1.060151 0.762348 0.162634 -0.579375 -0.466501 0.648269
10010.966557000 1.974927 -1.069978 0.769662 0.160548 -0.580393 -0.467775 0.646958
10010.999890000 1.988664 -1.088347 0.785345 0.157026 -0.582467 -0.470039 0.644312
10011.033223000 1.997848 -1.096368 0.792505 0.155533 -0.583313 -0.470984 0.643218
10011.066556000 2.008145 -1.104966 0.800436 0.154099 -0.584317 -0.471827 0.642034
10011.099889000 2.020139 -1.111453 0.806515 0.152972 -0.584960 -0.472436 0.641269
10011.133222000 2.031944 -1.118055 0.813148 0.151909 -0.585649 -0.473078 0.640419
10011.166555000 2.044464 -1.123772 0.817618 0.151088 -0.586064 -0.473654 0.639807
10011.199888000 2.057647 -1.127938 0.822058 0.150454 -0.586410 -0.473939 0.639428
10011.233221000 2.070052 -1.130099 0.825494 0.150322 -0.586618 -0.474032 0.639200
10011.266554000 2.081888 -1.130711 0.827761 0.150401 -0.586635 -0.473964 0.639216
10011.299887000 2.093132 -1.129206 0.829342 0.150807 -0.586524 -0.473662 0.639446
10011.333220000 2.112562 -1.121484 0.826366 0.152387 -0.585601 -0.472570 0.640724
10011.366553000 2.120641 -1.114349 0.823462 0.153621 -0.584893 -0.471667 0.641740
10011.399886000 2.128304 -1.105912 0.819218 0.155190 -0.584087 -0.470597 0.642882
10011.433219000 2.134498 -1.096366 0.812577 0.156656 -0.582832 -0.469614 0.644382
10011.466552000 2.140098 -1.085300 0.805434 0.158489 -0.581438 -0.468557 0.645961
10011.499885000 2.144813 -1.074621 0.799317 0.160203 -0.580218 -0.467476 0.647417
10011.533218000 2.150354 -1.063370 0.791798 0.161846 -0.578693 -0.466435 0.649121
10011.566551000 2.156303 -1.053879 0.785238 0.163297 -0.577422 -0.465493 0.650564
10011.599884000 2.161370 -1.044036 0.777480 0.164624 -0.575836 -0.464761 0.652157
10011.633217000 2.167764 -1.034580 0.769525 0.165702 -0.574125 -0.464202 0.653789
10011.666550000 2.181675 -1.020523 0.757685 0.166978 -0.571153 -0.463806 0.656343
10011.699883000 2.190049 -1.014792 0.752584 0.167235 -0.569747 -0.463817 0.657491
10011.733216000 2.199848 -1.013212 0.749076 0.166806 -0.568692 -0.464270 0.658193
10011.766549000 2.208976 -1.011529 0.746714 0.166403 -0.567654 -0.464844 0.658785
10011.799882000 2.219023 -1.009601 0.744331 0.165991 -0.566712 -0.465223 0.659433
10011.833215000 2.228218 -1.009161 0.743182 0.165323 -0.565916 -0.465799 0.659878
10011.866548000 2.238672 -1.008345 0.743093 0.164818 -0.565287 -0.466225 0.660242
10011.899881000 2.248642 -1.007917 0.743678 0.164142 -0.564852 -0.466524 0.660571
10011.933214000 2.257892 -1.006416 0.746480 0.164126 -0.564675 -0.466691 0.660609
10011.966547000 2.266257 -1.004628 0.749058 0.163981 -0.564499 -0.466806 0.660714
10011.999880000 2.282006 -0.998369 0.760675 0.164885 -0.565419 -0.465736 0.660458
10012.033213000 2.288755 -0.994273 0.768154 0.165753 -0.566128 -0.464961 0.660179
10012.066546000 2.294852 -0.988486 0.775912 0.167063 -0.566914 -0.463918 0.659908
10012.099879000 2.301934 -0.981542 0.783754 0.168744 -0.567875 -0.462462 0.659676
10012.133212000 2.307264 -0.973609 0.792583 0.170540 -0.568834 -0.460970 0.659432
10012.166545000 2.313727 -0.964941 0.800681 0.172577 -0.569750 -0.459322 0.659261
10012.199878000 2.321119 -0.956900 0.808327 0.174666 -0.570739 -0.457588 0.659061
10012.233211000 2.329432 -0.947827 0.814912 0.176882 -0.571548 -0.455804 0.659005
10012.266544000 2.338422 -0.938025 0.820076 0.179194 -0.572119 -0.454045 0.659100
10012.299877000 2.347782 -0.926847 0.823233 0.181619 -0.572322 -0.452253 0.659492
10012.333210000 2.370570 -0.904264 0.825204 0.186378 -0.572130 -0.448849 0.660655
10012.366543000 2.382219 -0.892506 0.822908 0.188651 -0.571510 -0.447293 0.661602
10012.399876000 2.397033 -0.882818 0.818811 0.190501 -0.570915 -0.445789 0.662599
10012.433209000 2.411635 -0.871374 0.812177 0.192502 -0.569699 -0.444640 0.663838
10012.466542000 2.427226 -0.859456 0.805490 0.194647 -0.568452 -0.443476 0.665059
10012.499875000 2.443827 -0.847116 0.797214 0.196712 -0.567055 -0.442235 0.666469
10012.533208000 2.458970 -0.834689 0.787555 0.198525 -0.565379 -0.441189 0.668046
10012.566541000 2.475227 -0.823078 0.778699 0.200367 -0.563986 -0.439976 0.669473
10012.599874000 2.490637 -0.811284 0.769311 0.202127 -0.562378 -0.439071 0.670889
10012.633207000 2.504954 -0.798961 0.759958 0.203887 -0.560710 -0.438163 0.672345
10012.666540000 2.533640 -0.776373 0.743851 0.207270 -0.558128 -0.435980 0.674873
10012.699873000 2.545509 -0.765487 0.737469 0.208851 -0.556876 -0.435193 0.675927
10012.733206000 2.555156 -0.755402 0.730623 0.210310 -0.555664 -0.434385 0.676991
10012.766539000 2.563464 -0.745848 0.724375 0.211543 -0.554589 -0.433496 0.678057
10012.799872000 2.577793 -0.737935 0.718187 0.212664 -0.553748 -0.432843 0.678811
10012.833205000 2.580882 -0.730773 0.714386 0.213603 -0.552937 -0.432202 0.679585
10012.866538000 2.587327 -0.722912 0.708519 0.214777 -0.551794 -0.431955 0.680301
10012.899871000 2.590589 -0.714076 0.703620 0.215937 -0.550822 -0.431370 0.681092
10012.933204000 2.593321 -0.706444 0.698663 0.216723 -0.549854 -0.430859 0.681947
10012.966537000 2.592549 -0.698331 0.692515 0.217517 -0.548515 -0.430645 0.682908
10012.999870000 2.586671 -0.685369 0.680152 0.218325 -0.545960 -0.430454 0.684814
10013.033203000 2.580232 -0.679254 0.673635 0.218537 -0.544537 -0.430510 0.685844
10013.066536000 2.572275 -0.674707 0.666493 0.218478 -0.543090 -0.430830 0.686808
10013.099869000 2.562378 -0.668814 0.660163 0.218474 -0.541643 -0.430899 0.687909
10013.133202000 2.551894 -0.665381 0.653126 0.218166 -0.540169 -0.431412 0.688843
10013.166535000 2.537094 -0.662575 0.650889 0.218011 -0.539120 -0.431827 0.689454
10013.199868000 2.524102 -0.658678 0.644742 0.217669 -0.537637 -0.432269 0.690442
10013.233201000 2.510463 -0.655347 0.641484 0.217330 -0.536558 -0.432580 0.691193
10013.266534000 2.496555 -0.651328 0.637604 0.217074 -0.535313 -0.432920 0.692026
10013.299867000 2.481094 -0.648765 0.635792 0.216643 -0.534356 -0.433318 0.692651
10013.333200000 2.450819 -0.641246 0.636773 0.216375 -0.532907 -0.433659 0.693637
10013.366533000 2.436388 -0.637632 0.639301 0.216406 -0.532452 -0.433745 0.693923
10013.399866000 2.421995 -0.633809 0.643986 0.216551 -0.532284 -0.433719 0.694023
10013.433199000 2.408958 -0.631018 0.649731 0.216680 -0.532344 -0.433668 0.693968
10013.466532000 2.395955 -0.627803 0.656351 0.216963 -0.532495 -0.433580 0.693818
10013.499865000 2.385249 -0.624978 0.664843 0.217387 -0.533019 -0.433348 0.693429
10013.533198000 2.375512 -0.621846 0.674679 0.217990 -0.533775 -0.432926 0.692922
10013.566531000 2.368103 -0.619432 0.684382 0.218523 -0.534705 -0.432378 0.692378
10013.599864000 2.362021 -0.617760 0.695849 0.219182 -0.535918 -0.431857 0.691557
10013.633197000 2.359134 -0.616513 0.707539 0.219750 -0.537469 -0.430993 0.690711
10013.666530000 2.360641 -0.616160 0.734074 0.221356 -0.541228 -0.429298 0.688315
10013.699863000 2.366482 -0.616756 0.747339 0.222237 -0.543338 -0.428378 0.686940
10013.733196000 2.373797 -0.617292 0.761736 0.223230 -0.545676 -0.427233 0.685476
10013.766529000 2.378311 -0.619108 0.772614 0.223266 -0.547866 -0.425556 0.684761
10013.799862000 2.388779 -0.619700 0.785917 0.224350 -0.550117 -0.424426 0.683301
10013.833195000 2.401037 -0.619709 0.798966 0.225595 -0.552299 -0.423263 0.681852
10013.866528000 2.413027 -0.618855 0.811573 0.226884 -0.554374 -0.421974 0.680537
10013.899861000 2.425986 -0.617818 0.824002 0.228212 -0.556410 -0.420676 0.679235
10013.933194000 2.439229 -0.615648 0.833960 0.229660 -0.557981 -0.419508 0.678178
10013.966527000 2.451908 -0.612130 0.842450 0.230949 -0.559358 -0.418151 0.677445
10013.999860000 2.473022 -0.602472 0.854412 0.233677 -0.561019 -0.415647 0.676676
10014.033193000 2.482612 -0.595383 0.859199 0.235264 -0.561438 -0.414468 0.676501
10014.066526000 2.490637 -0.587888 0.861466 0.236668 -0.561499 -0.413331 0.676657
10014.099859000 2.499377 -0.580959 0.863166 0.237983 -0.561554 -0.412343 0.676752
10014.133192000 2.506973 -0.574738 0.863109 0.239209 -0.561258 -0.411745 0.676930
10014.166525000 2.514798 -0.569492 0.861543 0.240135 -0.560882 -0.411210 0.677239
10014.199858000 2.523027 -0.566066 0.859069 0.240730 -0.560567 -0.410819 0.677525
10014.233191000 2.530774 -0.564812 0.855589 0.241020 -0.560212 -0.410719 0.677777
10014.266524000 2.539315 -0.566230 0.851743 0.240930 -0.560035 -0.410826 0.677891
10014.299857000 2.548174 -0.571967 0.847292 0.240216 -0.560017 -0.411321 0.677858
10014.333190000 2.569052 -0.594631 0.835377 0.237188 -0.560453 -0.413438 0.677276
10014.366523000 2.580365 -0.613120 0.829682 0.234740 -0.561164 -0.414979 0.676597
10014.399856000 2.591466 -0.634409 0.823217 0.231901 -0.561947 -0.416839 0.675784
10014.433189000 2.602294 -0.658811 0.817254 0.228537 -0.562939 -0.418951 0.674797
10014.466522000 2.614769 -0.684784 0.811188 0.225064 -0.564106 -0.421062 0.673675
10014.499855000 2.624334 -0.713254 0.806434 0.221352 -0.565448 -0.423326 0.672360
10014.533188000 2.631163 -0.741403 0.803116 0.217732 -0.566849 -0.425621 0.670911
10014.566521000 2.637328 -0.770594 0.800393 0.214041 -0.568337 -0.427975 0.669341
10014.599854000 2.641912 -0.800362 0.799396 0.210215 -0.570027 -0.430231 0.667667
10014.633187000 2.641994 -0.828320 0.799861 0.206754 -0.571707 -0.432402 0.665907
10014.666520000 2.633033 -0.879758 0.807531 0.200083 -0.575322 -0.436493 0.662151
10014.699853000 2.624586 -0.900793 0.815173 0.197536 -0.577289 -0.438103 0.660138
10014.733186000 2.614060 -0.920891 0.824297 0.195122 -0.579318 -0.439673 0.658032
10014.766519000 2.600675 -0.940170 0.835707 0.192455 -0.581575 -0.440945 0.655972
10014.799852000 2.585190 -0.959454 0.847858 0.189864 -0.583946 -0.442254 0.653735
10014.833185000 2.570219 -0.976700 0.860987 0.187457 -0.586281 -0.443420 0.651546
10014.866518000 2.553989 -0.993100 0.875593 0.185173 -0.588724 -0.444532 0.649235
10014.899851000 2.539119 -1.010549 0.890097 0.182766 -0.591274 -0.445658 0.646824
10014.933184000 2.524650 -1.025783 0.905291 0.180605 -0.593704 -0.446685 0.644492
10014.966517000 2.511728 -1.042858 0.920873 0.178282 -0.596317 -0.447771 0.641968
10014.999850000 2.493412 -1.077172 0.950948 0.173742 -0.601532 -0.449750 0.636944
10015.033183000 2.486898 -1.095808 0.965323 0.171360 -0.604096 -0.450816 0.634405
10015.066516000 2.482233 -1.112626 0.979545 0.169294 -0.606567 -0.451676 0.631985
10015.099849000 2.480015 -1.130810 0.992757 0.167154 -0.608996 -0.452612 0.629544
10015.133182000 2.478029 -1.148915 1.005928 0.165136 -0.611476 -0.453459 0.627058
10015.166515000 2.475733 -1.165261 1.017352 0.163355 -0.613574 -0.454285 0.624874
10015.199848000 2.474036 -1.181580 1.029272 0.161523 -0.615780 -0.454997 0.622658
10015.233181000 2.471926 -1.197717 1.039836 0.159857 -0.617948 -0.455600 0.620495
10015.266514000 2.468748 -1.213214 1.048414 0.158216 -0.619892 -0.456210 0.618525
10015.299847000 2.463502 -1.225948 1.056297 0.156910 -0.621665 -0.456692 0.616721
10015.333180000 2.447121 -1.248984 1.069192 0.154707 -0.625183 -0.457349 0.613224
10015.366513000 2.434447 -1.258911 1.073653 0.153618 -0.626755 -0.457626 0.611684
10015.399846000 2.421247 -1.266034 1.076949 0.152886 -0.628150 -0.457715 0.610370
10015.433179000 2.405958 -1.272892 1.079132 0.152165 -0.629439 -0.457878 0.609098
10015.466512000 2.388664 -1.277679 1.080405 0.151642 -0.630608 -0.457948 0.607965
10015.499845000 2.370075 -1.281895 1.081194 0.150992 -0.631614 -0.458152 0.606928
10015.533178000 2.350104 -1.285712 1.081451 0.150362 -0.632626 -0.458323 0.605901
10015.566511000 2.328835 -1.288158 1.080534 0.149685 -0.633344 -0.458651 0.605070
10015.599844000 2.307309 -1.289900 1.080396 0.149018 -0.634047 -0.458982 0.604247
10015.633177000 2.285462 -1.290619 1.078913 0.148274 -0.634457 -0.459450 0.603643
10015.666510000 2.241428 -1.290895 1.075686 0.146488 -0.634815 -0.460787 0.602682
10015.699843000 2.219038 -1.290007 1.074739 0.145422 -0.634784 -0.461682 0.602289
10015.733176000 2.197800 -1.289490 1.072868 0.144239 -0.634525 -0.462747 0.602028
10015.766509000 2.176222 -1.287353 1.071015 0.143129 -0.634101 -0.463808 0.601924
10015.799842000 2.154694 -1.285278 1.067698 0.141837 -0.633355 -0.465121 0.602002
10015.833175000 2.134959 -1.283243 1.063694 0.140414 -0.632327 -0.466612 0.602262
10015.866508000 2.115273 -1.281465 1.059606 0.139048 -0.631348 -0.468056 0.602486
10015.899841000 2.095963 -1.277606 1.054246 0.137815 -0.630002 -0.469507 0.603048
10015.933174000 2.078002 -1.275002 1.049031 0.136510 -0.628709 -0.471000 0.603530
10015.966507000 2.061136 -1.272596 1.040905 0.135097 -0.626967 -0.472693 0.604337
10015.999840000 2.030850 -1.265538 1.022097 0.132767 -0.623020 -0.475759 0.606525
10016.033173000 2.016674 -1.262726 1.010579 0.131532 -0.620770 -0.477415 0.607799
10016.066506000 2.004965 -1.260372 0.998523 0.130380 -0.618461 -0.479025 0.609132
10016.099839000 1.993137 -1.258278 0.986322 0.129277 -0.616217 -0.480557 0.610433
10016.133172000 1.983588 -1.256331 0.972995 0.128313 -0.613795 -0.482086 0.611870
10016.166505000 1.973594 -1.256333 0.960054 0.126987 -0.611521 -0.483764 0.613097
10016.199838000 1.964608 -1.256505 0.947283 0.125859 -0.609370 -0.485286 0.614268
10016.233171000 1.957299 -1.258762 0.934204 0.124417 -0.607185 -0.487001 0.615368
10016.266504000 1.949832 -1.262878 0.921555 0.122837 -0.605235 -0.488779 0.616196
10016.299837000 1.942405 -1.269491 0.909882 0.120939 -0.603587 -0.490698 0.616661
10016.333170000 1.929472 -1.289416 0.889869 0.116284 -0.600939 -0.494996 0.616708
10016.366503000 1.923830 -1.302785 0.881429 0.113803 -0.600139 -0.497236 0.616148
10016.399836000 1.918731 -1.317658 0.875727 0.111104 -0.599755 -0.499422 0.615246
10016.433169000 1.913015 -1.333140 0.870036 0.108354 -0.599397 -0.501727 0.614209
10016.466502000 1.907528 -1.349715 0.866829 0.105531 -0.599492 -0.503898 0.612829
10016.499835000 1.903289 -1.366261 0.865815 0.102974 -0.599961 -0.505853 0.611192
10016.533168000 1.897772 -1.382982 0.864852 0.100300 -0.600415 -0.507901 0.609490
10016.566501000 1.893485 -1.399319 0.867667 0.097973 -0.601479 -0.509553 0.607438
10016.599834000 1.888948 -1.413637 0.871368 0.095830 -0.602488 -0.511082 0.605491
10016.633167000 1.884514 -1.427249 0.876853 0.093967 -0.603856 -0.512328 0.603364
10016.666500000 1.875016 -1.448666 0.895935 0.091149 -0.607650 -0.513640 0.598855
10016.699833000 1.870469 -1.456196 0.907644 0.090266 -0.609767 -0.513841 0.596661
10016.733166000 1.864864 -1.462995 0.922015 0.089333 -0.612166 -0.513946 0.594249
10016.766499000 1.859713 -1.468038 0.936178 0.088738 -0.614558 -0.513748 0.592036
10016.799832000 1.853334 -1.471322 0.951175 0.088305 -0.617016 -0.513426 0.589820
10016.833165000 1.846539 -1.473235 0.966968 0.088021 -0.619556 -0.512954 0.587606
10016.866498000 1.838827 -1.476178 0.981443 0.087460 -0.621902 -0.512715 0.585415
10016.899831000 1.830348 -1.477211 0.995417 0.087017 -0.624103 -0.512358 0.583449
10016.933164000 1.820100 -1.479054 1.008893 0.086313 -0.626233 -0.512276 0.581339
10016.966497000 1.808801 -1.481969 1.020159 0.085358 -0.628143 -0.512408 0.579299
10016.999830000 1.782419 -1.488614 1.038376 0.082673 -0.631035 -0.513663 0.575422
10017.033163000 1.767285 -1.492047 1.043492 0.081084 -0.631900 -0.514706 0.573765
10017.066496000 1.751566 -1.496765 1.046988 0.079238 -0.632519 -0.516088 0.572096
10017.099829000 1.733679 -1.502211 1.049658 0.076938 -0.632883 -0.517898 0.570369
10017.133162000 1.715815 -1.508012 1.049857 0.074582 -0.632950 -0.519848 0.568832
10017.166495000 1.698067 -1.513853 1.050183 0.072085 -0.632925 -0.521889 0.567311
10017.199828000 1.679901 -1.519486 1.049348 0.069596 -0.632669 -0.524117 0.565851
10017.233161000 1.660481 -1.524788 1.047745 0.066905 -0.632245 -0.526473 0.564461
10017.266494000 1.642353 -1.530310 1.045271 0.064227 -0.631563 -0.528963 0.563206
10017.299827000 1.624078 -1.535145 1.043642 0.061625 -0.630987 -0.531364 0.561880
10017.333160000 1.589913 -1.543801 1.041016 0.056647 -0.629806 -0.535933 0.559385
10017.366493000 1.573947 -1.546633 1.039430 0.054367 -0.629051 -0.538086 0.558392
10017.399826000 1.558542 -1.549973 1.038449 0.052141 -0.628416 -0.540230 0.557249
10017.433159000 1.543888 -1.552592 1.038044 0.050081 -0.627876 -0.542177 0.556155
10017.466492000 1.530288 -1.555766 1.038221 0.048134 -0.627610 -0.543896 0.554947
10017.499825000 1.516563 -1.558302 1.039200 0.046222 -0.627319 -0.545654 0.553711
10017.533158000 1.504457 -1.561861 1.039815 0.044492 -0.627286 -0.547158 0.552405
10017.566491000 1.492233 -1.565640 1.041865 0.042860 -0.627636 -0.548479 0.550824
10017.599824000 1.480510 -1.570824 1.043671 0.041171 -0.628136 -0.549779 0.549085
10017.633157000 1.468915 -1.576070 1.046970 0.039651 -0.629036 -0.550861 0.547077
10017.666490000 1.447224 -1.591707 1.054800 0.036633 -0.632089 -0.552520 0.542073
10017.699823000 1.436341 -1.600825 1.059575 0.035147 -0.634077 -0.553153 0.539196
10017.733156000 1.425454 -1.612241 1.064464 0.033433 -0.636298 -0.553846 0.535968
10017.766489000 1.415486 -1.622678 1.070627 0.032102 -0.638906 -0.554128 0.532645
10017.799822000 1.405829 -1.633610 1.075798 0.030791 -0.641493 -0.554390 0.529331
10017.833155000 1.396534 -1.645414 1.083149 0.029411 -0.644399 -0.554585 0.525662
10017.866488000 1.385700 -1.656939 1.089854 0.027938 -0.647291 -0.554834 0.521913
10017.899821000 1.376782 -1.667950 1.096496 0.026639 -0.650062 -0.554925 0.518428
10017.933154000 1.367104 -1.679136 1.102866 0.025135 -0.652635 -0.555234 0.514927
10017.966487000 1.357506 -1.689680 1.110054 0.023668 -0.655227 -0.555516 0.511389
10017.999820000 1.338593 -1.707642 1.123892 0.020750 -0.659694 -0.556229 0.504958
10018.033153000 1.330055 -1.715564 1.131001 0.019289 -0.661538 -0.556718 0.502057
10018.066486000 1.320101 -1.723075 1.137479 -0.017634 0.663092 0.557513 -0.499178
10018.099819000 1.312046 -1.730056 1.143848 -0.016203 0.664492 0.558197 -0.496593
10018.133152000 1.304447 -1.737541 1.149260 -0.014564 0.665434 0.559210 -0.494236
10018.166485000 1.296909 -1.745839 1.155426 -0.012878 0.666541 0.560179 -0.491689
10018.199818000 1.291452 -1.754341 1.161952 -0.011456 0.667727 0.560905 -0.489280
10018.233151000 1.286434 -1.763921 1.166920 -0.009857 0.668500 0.561944 -0.487062
10018.266484000 1.282909 -1.775269 1.172343 -0.008308 0.669387 0.562925 -0.484734
10018.299817000 1.279874 -1.788173 1.177371 -0.006635 0.670235 0.563996 -0.482337
10018.333150000 1.280568 -1.820529 1.186075 -0.003515 0.671943 0.565885 -0.477760
10018.366483000 1.282564 -1.839905 1.190675 -0.001945 0.672952 0.566798 -0.475259
10018.399816000 1.286604 -1.860132 1.195032 -0.000561 0.673929 0.567560 -0.472964
10018.433149000 1.291510 -1.882449 1.199610 0.000814 0.675101 0.568226 -0.470486
10018.466482000 1.298467 -1.904678 1.203271 0.001945 0.676098 0.568752 -0.468411
10018.499815000 1.305752 -1.927972 1.208994 0.003089 0.677456 0.569064 -0.466058
10018.533148000 1.314081 -1.951518 1.213816 0.004048 0.678775 0.569262 -0.463885
10018.566481000 1.323717 -1.974919 1.220046 0.004833 0.680177 0.569289 -0.461787
10018.599814000 1.333439 -1.997692 1.226874 0.005476 0.681779 0.569073 -0.459676
10018.633147000 1.343732 -2.019668 1.234550 0.005979 0.683474 0.568637 -0.457690
10018.666480000 1.364985 -2.058982 1.252217 0.006495 0.686862 0.567410 -0.454118
10018.699813000 1.375915 -2.075946 1.262502 0.006466 0.688850 0.566302 -0.452489
10018.733146000 1.385645 -2.092564 1.273717 0.006559 0.690810 0.565319 -0.450724
10018.766479000 1.394995 -2.107902 1.285049 0.006589 0.692748 0.564273 -0.449057
10018.799812000 1.402776 -2.121490 1.295953 0.006672 0.694561 0.563301 -0.447473
10018.833145000 1.409361 -2.134234 1.308386 0.006810 0.696585 0.562212 -0.445692
10018.866478000 1.414057 -2.147279 1.319644 0.007150 0.698394 0.561462 -0.443796
10018.899811000 1.416031 -2.158843 1.330856 0.007686 0.700033 0.560968 -0.441825
10018.933144000 1.415687 -2.170059 1.341564 0.008397 0.701699 0.560583 -0.439653
10018.966477000 1.413047 -2.180389 1.351267 0.009264 0.703188 0.560458 -0.437410
10018.999810000 1.396261 -2.201767 1.368071 0.012279 0.705712 0.561507 -0.431890
10019.033143000 1.382803 -2.211854 1.374514 0.014283 0.706650 0.562624 -0.428830
10019.066476000 1.367600 -2.221723 1.380200 0.016438 0.707467 0.563952 -0.425650
10019.099809000 1.350486 -2.230067 1.383672 0.018705 0.707934 0.565604 -0.422577
10019.133142000 1.331512 -2.238421 1.386405 0.021181 0.708285 0.567486 -0.419337
10019.166475000 1.311553 -2.244519 1.387647 0.023607 0.708405 0.569488 -0.416280
10019.199808000 1.291079 -2.249497 1.386886 0.026051 0.708206 0.571684 -0.413452
10019.233141000 1.271160 -2.252258 1.385531 0.028266 0.707915 0.573792 -0.410876
10019.266474000 1.251566 -2.253557 1.382434 0.030380 0.707358 0.575998 -0.408592
10019.299807000 1.233428 -2.252188 1.377178 0.032230 0.706459 0.578168 -0.406939
10019.333140000 1.201213 -2.241050 1.363689 0.035070 0.704208 0.582008 -0.405127
10019.366473000 1.188832 -2.232897 1.354439 0.036005 0.702680 0.583740 -0.405207
10019.399806000 1.178528 -2.220774 1.344366 0.036430 0.701028 0.585190 -0.405938
10019.433139000 1.169827 -2.207260 1.333810 0.036613 0.699275 0.586489 -0.407069
10019.466472000 1.163765 -2.192510 1.321725 0.036510 0.697261 0.587614 -0.408907
10019.499805000 1.159555 -2.177129 1.309729 0.036188 0.695242 0.588513 -0.411073
10019.533138000 1.157026 -2.161169 1.297768 0.035648 0.693208 0.589202 -0.413561
10019.566471000 1.155497 -2.144266 1.286489 0.034891 0.691265 0.589677 -0.416193
10019.599804000 1.157137 -2.128039 1.274530 0.033890 0.689198 0.589906 -0.419366
10019.633137000 1.160120 -2.112148 1.263159 0.032715 0.687216 0.589947 -0.422642
10019.666470000 1.169689 -2.082561 1.242851 0.030005 0.683647 0.589470 -0.429246
10019.699803000 1.177767 -2.069355 1.234400 0.028327 0.682181 0.588760 -0.432653
10019.733136000 1.186248 -2.057618 1.227156 0.026665 0.680931 0.587960 -0.435803
10019.766469000 1.193969 -2.047002 1.220533 0.025200 0.679769 0.587196 -0.438725
10019.799802000 1.203200 -2.036731 1.214583 0.023466 0.678749 0.586255 -0.441649
10019.833135000 1.211607 -2.027518 1.209280 0.021910 0.677837 0.585375 -0.444289
10019.866468000 1.219240 -2.019398 1.204562 0.020537 0.677019 0.584562 -0.446666
10019.899801000 1.225099 -2.011797 1.200077 0.019384 0.676227 0.583946 -0.448719
10019.933134000 1.229948 -2.004551 1.195498 0.018372 0.675396 0.583460 -0.450641
10019.966467000 1.232996 -1.998608 1.191703 0.017673 0.674693 0.583145 -0.452128
10019.999800000 1.230321 -1.987858 1.183355 0.017329 0.673057 0.583624 -0.453957
10020.033133000 1.225654 -1.983290 1.179639 0.017569 0.672283 0.584235 -0.454308
10020.066466000 1.218857 -1.978559 1.175319 0.018040 0.671360 0.585137 -0.454494
10020.099799000 1.210362 -1.974454 1.171091 0.018766 0.670441 0.586249 -0.454389
10020.133132000 1.199730 -1.970120 1.166449 0.019723 0.669406 0.587638 -0.454080
10020.166465000 1.186980 -1.966390 1.161764 0.021011 0.668315 0.589322 -0.453445
10020.199798000 1.173289 -1.962868 1.157289 0.022426 0.667240 0.591108 -0.452636
10020.233131000 1.159457 -1.958679 1.152086 0.023836 0.666006 0.592963 -0.451954
10020.266464000 1.144416 -1.954007 1.146423 0.025385 0.664640 0.594989 -0.451219
10020.299797000 1.128283 -1.949520 1.140854 0.027091 0.663248 0.597176 -0.450276
10020.333130000 1.097751 -1.939543 1.128524 0.030338 0.660185 0.601460 -0.448866
10020.366463000 1.082373 -1.934187 1.121966 0.031986 0.658535 0.603658 -0.448225
10020.399796000 1.067658 -1.927742 1.114953 0.033474 0.656765 0.605795 -0.447830
10020.433129000 1.052900 -1.921370 1.107972 0.035011 0.654978 0.607934 -0.447432
10020.466462000 1.040134 -1.914363 1.100751 0.036260 0.653140 0.609865 -0.447390
10020.499795000 1.027134 -1.907410 1.093545 0.037599 0.651264 0.611817 -0.447349
10020.533128000 1.015264 -1.900104 1.086362 0.038732 0.649398 0.613651 -0.447454
10020.566461000 1.005637 -1.893005 1.079569 0.039604 0.647643 0.615176 -0.447827
10020.599794000 0.996769 -1.885548 1.072981 0.040342 0.645916 0.616573 -0.448334
10020.633127000 0.988980 -1.877850 1.066015 0.040954 0.644107 0.617876 -0.449086
10020.666460000 0.979704 -1.863055 1.053944 0.041375 0.641001 0.619481 -0.451274
10020.699793000 0.977188 -1.855464 1.048043 0.041300 0.639508 0.620003 -0.452681
10020.733126000 0.976909 -1.848694 1.041855 0.041026 0.638028 0.620291 -0.454396
10020.766459000 0.977422 -1.841132 1.036143 0.040609 0.636630 0.620347 -0.456314
10020.799792000 0.978859 -1.833161 1.030458 0.040008 0.635248 0.620259 -0.458408
10020.833125000 0.981447 -1.825751 1.025276 0.039314 0.634018 0.619962 -0.460568
10020.866458000 0.984737 -1.817297 1.019395 0.038438 0.632618 0.619586 -0.463067
10020.899791000 0.989156 -1.809317 1.014183 0.037431 0.631402 0.619013 -0.465568
10020.933124000 0.994358 -1.800166 1.008325 0.036195 0.630031 0.618328 -0.468424
10020.966457000 0.999515 -1.791200 1.002427 0.035005 0.628656 0.617613 -0.471297
10020.999790000 1.009863 -1.769840 0.991310 0.032250 0.625912 0.615873 -0.477383
10021.033123000 1.014344 -1.758609 0.985037 0.030901 0.624339 0.615113 -0.480502
10021.066456000 1.019945 -1.747153 0.978684 0.029406 0.622760 0.614156 -0.483857
10021.099789000 1.025486 -1.736488 0.972985 0.027971 0.621324 0.613174 -0.487023
10021.133122000 1.031058 -1.725670 0.965711 0.026551 0.619551 0.612312 -0.490434
10021.166455000 1.036745 -1.714983 0.960026 0.025041 0.618118 0.611276 -0.493605
10021.199788000 1.042849 -1.705713 0.954107 0.023603 0.616702 0.610290 -0.496657
10021.233121000 1.049832 -1.696059 0.948177 0.021976 0.615278 0.609164 -0.499869
10021.266454000 1.056308 -1.688042 0.942117 -0.020569 -0.613884 -0.608221 0.502782
10021.299787000 1.064421 -1.681981 0.936225 -0.019144 -0.612668 -0.607145 0.505614
10021.333120000 1.079839 -1.673646 0.926316 -0.016593 -0.610752 -0.605280 0.510238
10021.366453000 1.089244 -1.671702 0.921418 -0.015322 -0.609982 -0.604279 0.512381
10021.399786000 1.098604 -1.672882 0.917541 -0.014320 -0.609563 -0.603426 0.513911
10021.433119000 1.109677 -1.675836 0.914095 -0.013221 -0.609377 -0.602500 0.515246
10021.466452000 1.120479 -1.681146 0.911081 -0.012386 -0.609367 -0.601751 0.516153
10021.499785000 1.132438 -1.689930 0.908213 -0.011728 -0.609584 -0.601127 0.516638
10021.533118000 1.145479 -1.701487 0.906252 -0.011173 -0.610135 -0.600518 0.516709
10021.566451000 1.159268 -1.716562 0.904335 -0.010879 -0.610849 -0.600074 0.516388
