10000.000000000 0.000000 0.000000 0.000000 0.000000 0.000000 0.000000 1.000000
10000.033333000 0.002182 -0.001609 0.000658 0.002160 0.003470 -0.001221 0.999991
10000.066666000 -0.005567 -0.002698 -0.000676 0.001929 0.008107 -0.000840 0.999965
10000.099999000 -0.003328 -0.000347 0.000401 0.002366 0.010447 -0.000226 0.999943
10000.133332000 -0.008817 -0.003954 0.004981 0.001250 0.013181 0.001712 0.999911
10000.166665000 -0.016294 -0.002201 0.006966 0.002661 0.014849 0.003941 0.999878
10000.199998000 -0.014884 0.006160 0.008757 0.004205 0.014866 0.004383 0.999871
10000.233331000 -0.009995 0.014196 0.008492 0.003491 0.014994 0.004947 0.999869
10000.266664000 -0.017732 0.015029 0.014096 -0.001960 0.016853 0.007334 0.999829
10000.299997000 -0.019429 0.014883 0.018866 -0.006649 0.017364 0.009649 0.999781
10000.333330000 -0.012960 0.003127 0.024935 -0.011168 0.017988 0.010787 0.999718
10000.366663000 0.008018 0.018223 0.025941 -0.011718 0.017952 0.011202 0.999707
10000.399996000 0.022172 0.023440 0.032776 -0.018539 0.019718 0.011406 0.999569
10000.433329000 0.037103 0.031644 0.032340 -0.030595 0.022251 0.013847 0.999188
10000.466662000 0.038667 0.025229 0.036226 -0.042213 0.025902 0.019766 0.998577
10000.499995000 0.059971 0.019323 0.034508 -0.044302 0.027831 0.023555 0.998353
10000.533328000 0.084645 0.016332 0.024910 -0.042487 0.028556 0.028212 0.998290
10000.566661000 0.103902 0.013992 0.010174 -0.036158 0.027058 0.031347 0.998488
10000.599994000 0.137484 0.018007 -0.007369 -0.028633 0.022047 0.030279 0.998888
10000.633327000 0.172052 0.024459 -0.023738 -0.021854 0.018094 0.027285 0.999225
10000.666660000 0.211217 0.031065 -0.032157 -0.015215 0.017205 0.024232 0.999442
10000.699993000 0.276635 0.040272 -0.046970 -0.010670 0.020260 0.024526 0.999437
10000.733326000 0.323455 0.052657 -0.053629 -0.009158 0.033580 0.028322 0.998993
10000.766659000 0.356774 0.062028 -0.063838 -0.015125 0.049722 0.037214 0.997955
10000.799992000 0.386823 0.056159 -0.066765 -0.021199 0.061827 0.051055 0.996555
10000.833325000 0.404974 0.048680 -0.061970 -0.018356 0.076842 0.064230 0.994803
10000.866658000 0.400355 0.053525 -0.070526 -0.011148 0.092455 0.071315 0.993097
10000.899991000 0.421378 0.058117 -0.077903 -0.007373 0.096708 0.074381 0.992502
10000.933324000 0.450890 0.065727 -0.076957 -0.008701 0.097437 0.072704 0.992544
10000.966657000 0.456556 0.067606 -0.072789 -0.012914 0.097994 0.069355 0.992683
10000.999990000 0.471885 0.063522 -0.058242 -0.015045 0.095997 0.064964 0.993145
10001.033323000 0.488311 0.061269 -0.049360 -0.020070 0.091859 0.055184 0.994039
10001.066656000 0.504472 0.066639 -0.044705 -0.028414 0.086275 0.045409 0.994830
10001.099989000 0.517991 0.055991 -0.034337 -0.040288 0.081819 0.041869 0.994952
10001.133322000 0.537028 0.041909 -0.028126 -0.041633 0.073375 0.039118 0.995667
10001.166655000 0.572858 0.039481 -0.034059 -0.036167 0.065381 0.038553 0.996459
10001.199988000 0.571568 0.036973 -0.037300 -0.027868 0.061558 0.038957 0.996954
10001.233321000 0.599636 0.036340 -0.047473 -0.017431 0.053515 0.036805 0.997736
10001.266654000 0.622300 0.039086 -0.055287 -0.008451 0.046543 0.032670 0.998346
10001.299987000 0.646002 0.044207 -0.065797 -0.003962 0.041727 0.030527 0.998655
10001.333320000 0.702518 0.043016 -0.083033 -0.001653 0.033798 0.028574 0.999019
10001.366653000 0.729268 0.044500 -0.097149 0.000728 0.029446 0.022891 0.999304
10001.399986000 0.768314 0.065178 -0.117217 0.004342 0.018813 0.013808 0.999718
10001.433319000 0.800114 0.082294 -0.134126 0.002868 0.009509 0.007221 0.999925
10001.466652000 0.823173 0.094376 -0.147021 -0.002412 0.007632 0.003494 0.999962
10001.499985000 0.855458 0.100280 -0.165473 -0.005304 0.004920 0.001391 0.999973
10001.533318000 0.865980 0.110701 -0.183549 -0.007795 0.002619 -0.000841 0.999966
10001.566651000 0.877551 0.115075 -0.197319 -0.010768 -0.001557 0.000350 0.999941
10001.599984000 0.878529 0.120210 -0.213958 -0.010934 -0.004227 -0.000148 0.999931
10001.633317000 0.884855 0.123992 -0.230144 -0.009965 -0.007009 -0.000698 0.999926
10001.666650000 0.890572 0.144393 -0.260644 -0.008492 -0.006205 -0.002282 0.999942
10001.699983000 0.880011 0.159106 -0.282985 -0.010396 -0.005262 -0.004120 0.999924
10001.733316000 0.866741 0.167524 -0.304837 -0.013019 -0.008479 -0.004812 0.999868
10001.766649000 0.846035 0.177026 -0.328728 -0.009811 -0.014396 -0.008272 0.999814
10001.799982000 0.830069 0.195517 -0.354262 -0.006440 -0.021316 -0.013313 0.999663
10001.833315000 0.803063 0.217948 -0.385104 -0.007174 -0.025416 -0.016582 0.999514
10001.866648000 0.791583 0.243893 -0.414255 -0.012923 -0.029230 -0.016460 0.999354
10001.899981000 0.767496 0.261781 -0.439254 -0.022784 -0.028774 -0.016209 0.999195
10001.933314000 0.755953 0.269275 -0.458187 -0.030434 -0.030690 -0.014534 0.998960
10001.966647000 0.739645 0.284430 -0.486879 -0.033067 -0.029979 -0.014948 0.998892
10001.999980000 0.724724 0.290672 -0.511786 -0.038156 -0.030355 -0.015630 0.998688
10002.033313000 0.719040 0.294387 -0.536546 -0.038376 -0.031521 -0.016680 0.998627
10002.066646000 0.711481 0.303125 -0.560254 -0.036749 -0.033186 -0.019359 0.998586
10002.099979000 0.705290 0.323561 -0.597775 -0.036294 -0.035503 -0.023460 0.998435
10002.133312000 0.709544 0.339364 -0.625418 -0.035908 -0.036185 -0.024668 0.998395
10002.166645000 0.714302 0.354599 -0.653782 -0.037716 -0.035366 -0.022546 0.998408
10002.199978000 0.728966 0.375917 -0.681483 -0.038858 -0.034471 -0.016734 0.998510
10002.233311000 0.745111 0.401154 -0.711508 -0.040232 -0.031571 -0.015971 0.998564
10002.266644000 0.763775 0.423853 -0.740478 -0.047519 -0.021524 -0.015748 0.998514
10002.299977000 0.777929 0.443733 -0.767884 -0.055943 -0.011013 -0.012071 0.998300
10002.333310000 0.785329 0.448754 -0.789451 -0.071739 -0.000482 -0.001604 0.997422
10002.366643000 0.783164 0.447556 -0.809565 -0.079709 0.006951 0.009286 0.996751
10002.399976000 0.781961 0.453585 -0.830387 -0.074188 0.017338 0.018199 0.996927
10002.433309000 0.790697 0.462686 -0.860015 -0.067782 0.031148 0.026125 0.996872
10002.466642000 0.793184 0.472272 -0.881436 -0.064053 0.047011 0.036617 0.996166
10002.499975000 0.797888 0.488655 -0.904498 -0.063066 0.060617 0.044146 0.995188
10002.533308000 0.782330 0.494174 -0.929596 -0.064314 0.084642 0.059326 0.992562
10002.566641000 0.770323 0.497152 -0.947199 -0.062612 0.096058 0.067389 0.991116
10002.599974000 0.764937 0.500005 -0.964632 -0.058934 0.101459 0.071547 0.990512
10002.633307000 0.769197 0.508058 -0.983596 -0.053310 0.109380 0.075229 0.989714
10002.666640000 0.776962 0.517726 -1.001091 -0.047383 0.121922 0.081435 0.988058
10002.699973000 0.791987 0.523990 -1.015832 -0.046320 0.137379 0.089336 0.985394
10002.733306000 0.802097 0.528168 -1.029660 -0.047858 0.152706 0.101618 0.981868
10002.766639000 0.811828 0.531541 -1.041424 -0.049167 0.163429 0.117692 0.978275
10002.799972000 0.834415 0.538016 -1.059280 -0.045550 0.166859 0.129235 0.976413
10002.833305000 0.859522 0.549778 -1.081993 -0.038956 0.169726 0.135348 0.975375
10002.866638000 0.882227 0.553855 -1.102565 -0.037248 0.169824 0.136111 0.975318
10002.899971000 0.903433 0.569886 -1.122894 -0.038154 0.169151 0.132792 0.975858
10002.933304000 0.922967 0.581926 -1.139312 -0.042070 0.172725 0.132822 0.975066
10002.966637000 0.942807 0.600734 -1.156273 -0.042130 0.178354 0.133056 0.974018
10002.999970000 0.956808 0.614071 -1.164432 -0.046995 0.189120 0.139159 0.970907
10003.033303000 0.972716 0.619851 -1.174490 -0.053093 0.198752 0.151687 0.966783
10003.066636000 0.990970 0.625471 -1.190165 -0.052454 0.206607 0.163827 0.963184
10003.099969000 1.003112 0.631056 -1.204353 -0.047763 0.215179 0.171914 0.960137
10003.133302000 1.011381 0.630987 -1.215804 -0.045142 0.226247 0.177494 0.956698
10003.166635000 1.008810 0.637623 -1.228464 -0.040080 0.239960 0.184720 0.952203
10003.199968000 1.011962 0.638376 -1.237216 -0.037688 0.252514 0.192392 0.947524
10003.233301000 1.008441 0.640772 -1.242316 -0.033656 0.264375 0.197404 0.943401
10003.266634000 1.005204 0.633392 -1.243945 -0.031120 0.276385 0.198808 0.939744
10003.299967000 0.989435 0.631254 -1.244090 -0.026021 0.288823 0.198848 0.936143
10003.333300000 0.972309 0.625230 -1.238637 -0.025048 0.299711 0.199494 0.932603
10003.366633000 0.954496 0.623545 -1.236030 -0.019632 0.306375 0.199456 0.930573
10003.399966000 0.944987 0.616480 -1.235263 -0.018421 0.312166 0.200365 0.928476
10003.433299000 0.930913 0.607538 -1.227593 -0.016503 0.320934 0.200821 0.925419
10003.466632000 0.920891 0.604896 -1.225192 -0.013185 0.329311 0.199189 0.922878
10003.499965000 0.908744 0.600442 -1.221634 -0.012586 0.338070 0.200024 0.919533
10003.533298000 0.900638 0.607343 -1.225613 -0.012646 0.347528 0.200629 0.915867
10003.566631000 0.901050 0.609677 -1.226534 -0.014195 0.356729 0.203269 0.911715
10003.599964000 0.903565 0.614188 -1.232059 -0.015116 0.365037 0.206444 0.907690
10003.633297000 0.907663 0.619476 -1.235758 -0.017176 0.374214 0.210187 0.903045
10003.666630000 0.917855 0.629433 -1.248526 -0.021388 0.380402 0.214934 0.899244
10003.699963000 0.929647 0.638122 -1.258188 -0.027989 0.385901 0.224270 0.894427
10003.733296000 0.946787 0.637788 -1.270183 -0.032802 0.393412 0.234778 0.888274
10003.766629000 0.963502 0.645545 -1.294421 -0.031204 0.406689 0.243714 0.879906
10003.799962000 0.986274 0.660199 -1.326344 -0.029014 0.421289 0.253015 0.870435
10003.833295000 1.000947 0.672272 -1.355554 -0.026197 0.433919 0.261757 0.861691
10003.866628000 1.013473 0.682412 -1.378262 -0.025300 0.443634 0.268183 0.854767
10003.899961000 1.036662 0.694210 -1.406418 -0.025217 0.448495 0.271446 0.851195
10003.933294000 1.058838 0.707919 -1.440820 -0.022875 0.452277 0.273811 0.848498
10003.966627000 1.079352 0.723176 -1.468069 -0.021220 0.456540 0.275323 0.845765
10003.999960000 1.091618 0.743025 -1.488371 -0.018239 0.463506 0.279773 0.840569
10004.033293000 1.108563 0.773376 -1.520816 -0.020805 0.468163 0.283380 0.836712
10004.066626000 1.133513 0.780480 -1.542795 -0.031573 0.474378 0.298379 0.827610
10004.099959000 1.154021 0.791455 -1.564341 -0.035132 0.482261 0.311677 0.817953
10004.133292000 1.175226 0.809468 -1.594239 -0.033337 0.491749 0.318819 0.809584
10004.166625000 1.194937 0.822641 -1.610284 -0.030844 0.507953 0.325734 0.796825
10004.199958000 1.218679 0.840403 -1.640242 -0.032898 0.521703 0.336169 0.783411
10004.233291000 1.241400 0.857358 -1.662842 -0.034784 0.533240 0.349007 0.769831
10004.266624000 1.264386 0.869983 -1.684560 -0.035312 0.543929 0.357581 0.758308
10004.299957000 1.286320 0.892118 -1.710204 -0.035571 0.551528 0.357427 0.752860
10004.333290000 1.310610 0.901867 -1.716747 -0.038687 0.562422 0.354406 0.746044
10004.366623000 1.336909 0.911023 -1.722999 -0.043366 0.567395 0.352527 0.742905
10004.399956000 1.366961 0.923429 -1.737215 -0.046806 0.566422 0.349754 0.744747
10004.433289000 1.399632 0.933570 -1.757238 -0.045844 0.560353 0.343783 0.752141
10004.466622000 1.431629 0.938602 -1.784050 -0.043114 0.552842 0.334647 0.761918
10004.499955000 1.466452 0.944630 -1.823671 -0.041130 0.550218 0.329062 0.766347
10004.533288000 1.494281 0.951759 -1.846045 -0.040026 0.555214 0.329451 0.762625
10004.566621000 1.519477 0.958452 -1.868803 -0.039120 0.557831 0.335871 0.757948
10004.599954000 1.543946 0.968849 -1.893769 -0.034192 0.555827 0.335130 0.759984
10004.633287000 1.568272 0.981605 -1.924255 -0.029971 0.553026 0.326716 0.765847
10004.666620000 1.599100 0.996665 -1.962049 -0.024885 0.547999 0.320477 0.772252
10004.699953000 1.619522 1.013826 -1.989123 -0.023362 0.539110 0.315769 0.780452
10004.733286000 1.639778 1.029987 -2.018373 -0.026383 0.528099 0.304636 0.792220
10004.766619000 1.659956 1.047896 -2.047759 -0.029982 0.516883 0.290029 0.804871
10004.799952000 1.685421 1.060184 -2.075999 -0.036812 0.504628 0.282925 0.814830
10004.833285000 1.709275 1.064012 -2.099920 -0.043673 0.496630 0.273531 0.822576
10004.866618000 1.727620 1.077449 -2.119469 -0.044696 0.486403 0.262779 0.832083
10004.899951000 1.747926 1.085962 -2.137224 -0.043308 0.472908 0.260911 0.840481
10004.933284000 1.770962 1.091112 -2.150064 -0.038829 0.456417 0.256457 0.851120
10004.966617000 1.793681 1.099198 -2.166132 -0.032200 0.440675 0.250312 0.861459
10004.999950000 1.825015 1.106971 -2.180764 -0.031552 0.428314 0.243566 0.869614
10005.033283000 1.850793 1.113114 -2.180081 -0.034917 0.420564 0.237067 0.875046
10005.066616000 1.883045 1.115207 -2.179151 -0.040005 0.411895 0.223075 0.882598
10005.099949000 1.915893 1.119441 -2.177190 -0.039459 0.402749 0.205342 0.891107
10005.133282000 1.960661 1.126172 -2.173332 -0.044077 0.386366 0.191066 0.901261
10005.166615000 1.999694 1.121284 -2.176177 -0.055373 0.366830 0.187355 0.909543
10005.199948000 2.031615 1.119821 -2.179482 -0.056634 0.352287 0.183174 0.916042
10005.233281000 2.062389 1.124965 -2.186561 -0.056532 0.338133 0.184093 0.921184
10005.266614000 2.091497 1.123534 -2.190784 -0.055351 0.320540 0.184933 0.927356
10005.299947000 2.112541 1.122958 -2.194283 -0.049644 0.301716 0.183925 0.934171
10005.333280000 2.143908 1.133149 -2.207294 -0.048616 0.280246 0.177235 0.942171
10005.366613000 2.189896 1.152049 -2.224516 -0.054628 0.250637 0.164905 0.952367
10005.399946000 2.228227 1.160086 -2.242625 -0.056960 0.232799 0.153955 0.958571
10005.433279000 2.260618 1.166821 -2.263383 -0.055133 0.214528 0.137778 0.965378
10005.466612000 2.298791 1.184493 -2.291750 -0.050476 0.192800 0.114137 0.973269
10005.499945000 2.332110 1.199709 -2.314796 -0.053350 0.178686 0.098356 0.977523
10005.533278000 2.369675 1.206933 -2.336393 -0.053820 0.165854 0.087876 0.980752
10005.566611000 2.405452 1.212568 -2.355202 -0.052613 0.154409 0.079380 0.983407
10005.599944000 2.443499 1.212236 -2.369851 -0.052581 0.141430 0.076441 0.985591
10005.633277000 2.481135 1.214507 -2.381298 -0.045061 0.130220 0.074293 0.987670
10005.666610000 2.528294 1.219457 -2.390426 -0.039119 0.113943 0.068681 0.990338
10005.699943000 2.577143 1.231120 -2.391245 -0.035587 0.101521 0.055783 0.992631
10005.733276000 2.619214 1.238810 -2.387243 -0.038594 0.093486 0.040647 0.994042
10005.766609000 2.653229 1.245179 -2.380961 -0.043419 0.090937 0.021623 0.994675
10005.799942000 2.678621 1.261061 -2.375480 -0.052062 0.089778 0.013465 0.994509
10005.833275000 2.731338 1.250218 -2.366816 -0.071383 0.078024 0.006942 0.994368
10005.866608000 2.762621 1.245195 -2.364572 -0.078388 0.072547 0.009405 0.994235
10005.899941000 2.801655 1.234717 -2.365486 -0.080480 0.062803 0.014000 0.994677
10005.933274000 2.842079 1.231470 -2.369126 -0.074542 0.052159 0.014223 0.995751
10005.966607000 2.877384 1.231867 -2.373941 -0.067386 0.043017 0.011204 0.996736
10005.999940000 2.923773 1.235647 -2.380599 -0.064877 0.030674 0.009043 0.997381
10006.033273000 2.967909 1.238943 -2.387190 -0.065220 0.017139 0.007709 0.997694
10006.066606000 3.014887 1.237807 -2.394499 -0.063993 0.007488 0.003733 0.997915
10006.099939000 3.068124 1.245256 -2.406684 -0.056421 -0.000733 -0.004853 0.998395
10006.133272000 3.130459 1.248463 -2.420620 -0.049860 -0.008749 -0.015926 0.998591
10006.166605000 3.186547 1.249937 -2.429080 -0.047448 -0.002832 -0.014527 0.998764
10006.199938000 3.267600 1.233175 -2.429988 -0.043078 0.006705 -0.001722 0.999048
10006.233271000 3.325354 1.235306 -2.433457 -0.035467 0.008552 0.007200 0.999308
10006.266604000 3.375315 1.232442 -2.430135 -0.034435 0.011173 0.017885 0.999184
10006.299937000 3.418635 1.230898 -2.420633 -0.032891 0.011499 0.026731 0.999035
10006.333270000 3.462140 1.230593 -2.411768 -0.031895 0.009942 0.030838 0.998966
10006.366603000 3.497689 1.218106 -2.393440 -0.032808 0.013574 0.033160 0.998819
10006.399936000 3.541441 1.214980 -2.372898 -0.026302 0.015516 0.030872 0.999057
10006.433269000 3.580692 1.213920 -2.350463 -0.023174 0.016704 0.024991 0.999279
10006.466602000 3.623490 1.204571 -2.322552 -0.022930 0.015216 0.017621 0.999466
10006.499935000 3.645613 1.202312 -2.298593 -0.029805 0.013734 0.018251 0.999295
10006.533268000 3.679105 1.174550 -2.268952 -0.033118 0.006084 0.014341 0.999330
10006.566601000 3.718504 1.162106 -2.250120 -0.025417 0.002297 0.008933 0.999634
10006.599934000 3.746523 1.151249 -2.231511 -0.025263 -0.001279 0.010458 0.999625
10006.633267000 3.782986 1.132489 -2.210367 -0.024350 -0.013105 0.012019 0.999545
10006.666600000 3.821373 1.117698 -2.191462 -0.021656 -0.026991 0.007749 0.999371
10006.699933000 3.856835 1.116360 -2.173542 -0.017954 -0.042044 0.002416 0.998952
10006.733266000 3.918066 1.114084 -2.145440 -0.023520 -0.066468 -0.009389 0.997467
10006.766599000 3.958211 1.105200 -2.125330 -0.032028 -0.078574 -0.017806 0.996235
10006.799932000 4.002738 1.094099 -2.105796 -0.039932 -0.088933 -0.021758 0.994999
10006.833265000 4.042694 1.069567 -2.079673 -0.049836 -0.098668 -0.023520 0.993593
10006.866598000 4.077254 1.076152 -2.062210 -0.048158 -0.111173 -0.029663 0.992190
10006.899931000 4.110416 1.070850 -2.040553 -0.062658 -0.125736 -0.031495 0.989582
10006.933264000 4.143680 1.057491 -2.009899 -0.074493 -0.138437 -0.033576 0.986995
10006.966597000 4.169281 1.050163 -1.979973 -0.080996 -0.143490 -0.039359 0.985546
10006.999930000 4.196500 1.038030 -1.941954 -0.088195 -0.144854 -0.046106 0.984435
10007.033263000 4.224508 1.025313 -1.899048 -0.092066 -0.145062 -0.058006 0.983421
10007.066596000 4.243091 1.011846 -1.857436 -0.092559 -0.145351 -0.074091 0.982251
10007.099929000 4.257862 1.002623 -1.822672 -0.093977 -0.152553 -0.087203 0.979945
10007.133262000 4.273126 0.972886 -1.786780 -0.099847 -0.163017 -0.099156 0.976537
10007.166595000 4.306032 0.944500 -1.750523 -0.082632 -0.172043 -0.104599 0.976029
10007.199928000 4.334325 0.931344 -1.730821 -0.077261 -0.178195 -0.100289 0.975817
10007.233261000 4.362916 0.912238 -1.706302 -0.076267 -0.186425 -0.096426 0.974747
10007.266594000 4.396001 0.899125 -1.683805 -0.073658 -0.199111 -0.093264 0.972744
10007.299927000 4.430719 0.890967 -1.662398 -0.072093 -0.210545 -0.090989 0.970667
10007.333260000 4.476569 0.876267 -1.634972 -0.073114 -0.222747 -0.093752 0.967599
10007.366593000 4.519790 0.865739 -1.612826 -0.069706 -0.230907 -0.097917 0.965523
10007.399926000 4.571158 0.854948 -1.593263 -0.063990 -0.242549 -0.103842 0.962441
10007.433259000 4.627152 0.847112 -1.571344 -0.061382 -0.251024 -0.111642 0.959560
10007.466592000 4.680366 0.832345 -1.546219 -0.066022 -0.249069 -0.113420 0.959553
10007.499925000 4.719178 0.802478 -1.519373 -0.067381 -0.245888 -0.108451 0.960852
10007.533258000 4.771314 0.792702 -1.496513 -0.067858 -0.248195 -0.103610 0.960760
10007.566591000 4.812141 0.777289 -1.466253 -0.073466 -0.249680 -0.098755 0.960474
10007.599924000 4.851013 0.764624 -1.437201 -0.074920 -0.252249 -0.096235 0.959946
10007.633257000 4.889480 0.753361 -1.402998 -0.076012 -0.256707 -0.098160 0.958482
10007.666590000 4.916919 0.742620 -1.376247 -0.073950 -0.260426 -0.104454 0.956974
10007.699923000 4.950999 0.731481 -1.342874 -0.067192 -0.267123 -0.123016 0.953414
10007.733256000 4.985201 0.722330 -1.309057 -0.056457 -0.271158 -0.144406 0.949964
10007.766589000 5.020453 0.708181 -1.275149 -0.036013 -0.274708 -0.162503 0.947012
10007.799922000 5.070896 0.690797 -1.238421 -0.030474 -0.278067 -0.176812 0.943656
10007.833255000 5.099727 0.653614 -1.207260 -0.035606 -0.287185 -0.172133 0.941609
10007.866588000 5.132754 0.625673 -1.181473 -0.032724 -0.298914 -0.163704 0.939564
10007.899921000 5.162219 0.605924 -1.154865 -0.026212 -0.305703 -0.164022 0.937526
10007.933254000 5.194333 0.594349 -1.126951 -0.021290 -0.317730 -0.165096 0.933455
10007.966587000 5.230281 0.578500 -1.094363 -0.019844 -0.333002 -0.166341 0.927926
10007.999920000 5.263047 0.564077 -1.066792 -0.020601 -0.343458 -0.168563 0.923687
10008.033253000 5.292894 0.553616 -1.038826 -0.019122 -0.352563 -0.173110 0.919438
10008.066586000 5.330717 0.535322 -1.003031 -0.021072 -0.358412 -0.176426 0.916499
10008.099919000 5.355562 0.507763 -0.968223 -0.026147 -0.366291 -0.179200 0.912707
10008.133252000 5.381124 0.482386 -0.931055 -0.021732 -0.382493 -0.180240 0.905948
10008.166585000 5.401627 0.462312 -0.900890 -0.024228 -0.394846 -0.178967 0.900822
10008.199918000 5.414588 0.451568 -0.872632 -0.024413 -0.407000 -0.177312 0.895720
10008.233251000 5.428805 0.440540 -0.837023 -0.021412 -0.419103 -0.178842 0.889893
10008.266584000 5.430278 0.427200 -0.803085 -0.020841 -0.426426 -0.182446 0.885686
10008.299917000 5.431216 0.413881 -0.767327 -0.020088 -0.431217 -0.185815 0.882678
10008.333250000 5.425152 0.396334 -0.731268 -0.017523 -0.434089 -0.196372 0.879032
10008.366583000 5.417235 0.393752 -0.696627 -0.015736 -0.435863 -0.207742 0.875568
10008.399916000 5.406827 0.387064 -0.666831 -0.020610 -0.436754 -0.220067 0.872005
10008.433249000 5.391039 0.356573 -0.628504 -0.029371 -0.441845 -0.232342 0.865983
10008.466582000 5.383193 0.340366 -0.597883 -0.023800 -0.448157 -0.237576 0.861479
10008.499915000 5.374497 0.304203 -0.548146 -0.025021 -0.457938 -0.239196 0.855834
10008.533248000 5.368798 0.288655 -0.521147 -0.025193 -0.470417 -0.238192 0.849316
10008.566581000 5.367076 0.275404 -0.486815 -0.025292 -0.482243 -0.239632 0.842246
10008.599914000 5.363393 0.255706 -0.446474 -0.030476 -0.491958 -0.242383 0.835643
10008.633247000 5.356922 0.224929 -0.395121 -0.030464 -0.501538 -0.244621 0.829272
10008.666580000 5.359523 0.192798 -0.339806 -0.023418 -0.508294 -0.243543 0.825697
10008.699913000 5.370849 0.176980 -0.292088 -0.012035 -0.507647 -0.240496 0.827232
10008.733246000 5.373025 0.159437 -0.251593 -0.016607 -0.500730 -0.240471 0.831365
10008.766579000 5.362868 0.118334 -0.201953 -0.017478 -0.499431 -0.240965 0.831985
10008.799912000 5.363047 0.108565 -0.164187 -0.008845 -0.505026 -0.240838 0.828774
10008.833245000 5.348734 0.083447 -0.120137 -0.015408 -0.511003 -0.240978 0.824966
10008.866578000 5.324718 0.058691 -0.080685 -0.025563 -0.516640 -0.242068 0.820873
10008.899911000 5.307701 0.046775 -0.046601 -0.024636 -0.521104 -0.242432 0.817967
10008.933244000 5.287779 0.036247 -0.013147 -0.021732 -0.523461 -0.242249 0.816598
10008.966577000 5.262306 0.024652 0.020929 -0.021862 -0.521641 -0.240340 0.818321
10008.999910000 5.233820 0.010909 0.055300 -0.019003 -0.517163 -0.240111 0.821297
10009.033243000 5.197434 0.000665 0.083302 -0.009549 -0.509650 -0.243044 0.825285
10009.066576000 5.160340 -0.016191 0.107515 -0.008985 -0.505390 -0.246415 0.826910
10009.099909000 5.125454 -0.040078 0.139178 -0.004422 -0.503989 -0.246290 0.827839
10009.133242000 5.109942 -0.054909 0.174723 -0.001715 -0.500937 -0.243965 0.830385
10009.166575000 5.082144 -0.079063 0.216977 -0.010065 -0.498073 -0.241586 0.832741
10009.199908000 5.057242 -0.096886 0.249658 -0.015528 -0.499807 -0.238214 0.832590
10009.233241000 5.041012 -0.108382 0.282336 -0.017630 -0.501627 -0.236019 0.832079
10009.266574000 5.027133 -0.119176 0.320685 -0.020910 -0.505512 -0.236869 0.829405
10009.299907000 5.006559 -0.142814 0.364866 -0.025198 -0.509562 -0.242581 0.825146
10009.333240000 4.998820 -0.167117 0.416323 -0.024782 -0.513306 -0.239993 0.823593
10009.366573000 4.993428 -0.183836 0.459253 -0.024561 -0.512104 -0.235315 0.825695
10009.399906000 4.982009 -0.213810 0.509693 -0.032460 -0.505805 -0.234648 0.829486
10009.433239000 4.969507 -0.253778 0.567962 -0.034029 -0.498636 -0.237945 0.832818
10009.466572000 4.964030 -0.270920 0.609080 -0.028672 -0.492736 -0.238793 0.836282
10009.499905000 4.953837 -0.301695 0.674643 -0.037080 -0.495919 -0.237127 0.834542
10009.533238000 4.929424 -0.322983 0.706812 -0.044924 -0.489851 -0.233346 0.838795
10009.566571000 4.921032 -0.340819 0.757364 -0.045572 -0.482987 -0.232720 0.842904
10009.599904000 4.902218 -0.360667 0.803155 -0.046906 -0.475141 -0.230227 0.847960
10009.633237000 4.887197 -0.381464 0.849511 -0.041918 -0.470482 -0.230549 0.850727
10009.666570000 4.878646 -0.390045 0.896492 -0.031468 -0.468529 -0.232061 0.851844
10009.699903000 4.851898 -0.407725 0.939931 -0.026407 -0.463918 -0.233366 0.854180
10009.733236000 4.831488 -0.422851 0.974182 -0.024117 -0.460846 -0.235830 0.855233
10009.766569000 4.808803 -0.459015 1.025349 -0.025245 -0.461148 -0.244131 0.852705
10009.799902000 4.788304 -0.498736 1.076320 -0.020632 -0.457671 -0.236457 0.856854
10009.833235000 4.773974 -0.526894 1.120170 -0.021628 -0.455929 -0.227669 0.860132
10009.866568000 4.760339 -0.549080 1.159352 -0.022860 -0.459468 -0.220079 0.860193
10009.899901000 4.752285 -0.557523 1.188108 -0.022117 -0.461220 -0.217680 0.859885
10009.933234000 4.736177 -0.574849 1.229785 -0.026029 -0.464108 -0.222398 0.857010
10009.966567000 4.723455 -0.588105 1.267420 -0.028571 -0.472628 -0.227379 0.850943
10009.999900000 4.703455 -0.630185 1.324818 -0.028647 -0.478906 -0.234799 0.845398
10010.033233000 4.692105 -0.641510 1.353358 -0.022966 -0.482888 -0.234536 0.843377
10010.066566000 4.676679 -0.663387 1.391640 -0.025581 -0.485984 -0.235271 0.841316
10010.099899000 4.660459 -0.689915 1.435938 -0.022044 -0.499573 -0.239068 0.832339
10010.133232000 4.649912 -0.700416 1.468926 -0.017111 -0.513647 -0.239879 0.823609
10010.166565000 4.623655 -0.725336 1.509418 -0.028759 -0.519258 -0.239345 0.819913
10010.199898000 4.598732 -0.739930 1.536133 -0.035142 -0.524869 -0.235787 0.817118
10010.233231000 4.560704 -0.753629 1.578756 -0.035892 -0.530816 -0.233852 0.813793
10010.266564000 4.528177 -0.760312 1.599638 -0.033613 -0.528792 -0.233952 0.815178
10010.299897000 4.493799 -0.765837 1.623726 -0.026934 -0.526698 -0.238029 0.815602
10010.333230000 4.440263 -0.785838 1.664907 -0.019744 -0.525300 -0.248442 0.813601
10010.366563000 4.340480 -0.796295 1.691335 -0.009801 -0.509271 -0.260923 0.820040
10010.399896000 4.294247 -0.813230 1.714484 -0.005261 -0.517217 -0.262564 0.814567
10010.433229000 4.261032 -0.812731 1.726655 -0.010856 -0.516478 -0.262894 0.814874
10010.466562000 4.215130 -0.829375 1.748388 -0.022285 -0.512770 -0.265079 0.816274
10010.499895000 4.168160 -0.852780 1.782307 -0.027266 -0.512562 -0.265304 0.816180
10010.533228000 4.136847 -0.855227 1.802298 -0.026615 -0.514696 -0.268117 0.813937
10010.566561000 4.098500 -0.857174 1.820326 -0.025481 -0.516588 -0.273255 0.811061
10010.599894000 4.050884 -0.874086 1.847624 -0.023515 -0.519046 -0.275584 0.808759
10010.633227000 4.010913 -0.891541 1.875718 -0.018330 -0.520976 -0.271744 0.808952
10010.666560000 3.960689 -0.909493 1.904170 -0.015383 -0.524436 -0.266534 0.808511
10010.699893000 3.916483 -0.928641 1.914567 -0.022349 -0.527202 -0.263139 0.807661
10010.733226000 3.871064 -0.948480 1.935386 -0.019811 -0.535699 -0.261545 0.802638
10010.766559000 3.849657 -0.939749 1.946876 -0.017876 -0.542508 -0.264203 0.797221
10010.799892000 3.809445 -0.943509 1.955062 -0.030505 -0.545938 -0.271579 0.792001
10010.833225000 3.759826 -0.958074 1.971739 -0.038008 -0.550165 -0.275147 0.787507
10010.866558000 3.730263 -0.965131 1.996223 -0.039488 -0.551682 -0.275725 0.786170
10010.899891000 3.693787 -0.968260 2.009596 -0.040208 -0.547101 -0.274929 0.789606
10010.933224000 3.652921 -0.975795 2.027799 -0.039231 -0.543152 -0.273133 0.792997
10010.966557000 3.617713 -0.972513 2.034190 -0.036078 -0.538657 -0.270057 0.797255
10010.999890000 3.559932 -0.969821 2.030062 -0.038201 -0.533327 -0.269080 0.801061
10011.033223000 3.506840 -0.979675 2.034294 -0.040056 -0.538787 -0.272476 0.796154
10011.066556000 3.476495 -0.983341 2.049091 -0.039006 -0.547198 -0.281557 0.787260
10011.099889000 3.429005 -0.994334 2.048899 -0.035653 -0.542908 -0.288263 0.787962
10011.133222000 3.413115 -0.981053 2.061277 -0.033327 -0.539590 -0.284950 0.791540
10011.166555000 3.357396 -0.988978 2.060545 -0.046461 -0.533158 -0.286397 0.794708
10011.199888000 3.318816 -0.996742 2.072438 -0.052198 -0.535290 -0.283006 0.794133
10011.233221000 3.290190 -0.999861 2.086319 -0.053938 -0.535323 -0.283124 0.793953
10011.266554000 3.252990 -0.999244 2.092461 -0.053214 -0.533630 -0.285700 0.794219
10011.299887000 3.219555 -0.998898 2.101595 -0.052258 -0.534428 -0.287628 0.793048
10011.333220000 3.184631 -1.000648 2.106220 -0.053610 -0.533989 -0.287518 0.793294
10011.366553000 3.153249 -1.013372 2.124337 -0.057445 -0.533514 -0.283862 0.794661
10011.399886000 3.119718 -1.029612 2.140643 -0.061831 -0.531622 -0.279843 0.797021
10011.433219000 3.088971 -1.044218 2.158638 -0.060363 -0.534654 -0.279459 0.795238
10011.466552000 3.069041 -1.041290 2.163394 -0.054681 -0.536411 -0.278603 0.794766
10011.499885000 3.033371 -1.037914 2.155821 -0.057434 -0.529191 -0.281244 0.798473
10011.533218000 3.003154 -1.044263 2.157888 -0.060512 -0.524810 -0.282098 0.800833
10011.566551000 2.983792 -1.041293 2.155675 -0.057817 -0.524919 -0.280506 0.801520
10011.599884000 2.962542 -1.039208 2.152012 -0.056602 -0.525258 -0.280836 0.801269
10011.633217000 2.938119 -1.038495 2.135484 -0.058037 -0.526007 -0.278257 0.801574
10011.666550000 2.917584 -1.040194 2.120134 -0.053133 -0.531952 -0.275143 0.799062
10011.699883000 2.897577 -1.030220 2.097346 -0.045643 -0.538875 -0.271772 0.796034
10011.733216000 2.872802 -1.013070 2.058192 -0.042108 -0.542746 -0.271093 0.793827
10011.766549000 2.842178 -1.000883 2.019093 -0.042409 -0.551129 -0.271102 0.788012
10011.799882000 2.822784 -0.975270 1.982729 -0.038417 -0.563617 -0.274335 0.778203
10011.833215000 2.796751 -0.957228 1.960261 -0.037243 -0.573575 -0.283768 0.767529
10011.866548000 2.774605 -0.932385 1.937013 -0.034904 -0.582034 -0.291888 0.758168
10011.899881000 2.750617 -0.911674 1.910025 -0.036738 -0.586265 -0.300539 0.751412
10011.933214000 2.726528 -0.900136 1.895687 -0.040919 -0.589013 -0.312028 0.744331
10011.966547000 2.702220 -0.882810 1.878862 -0.039086 -0.591903 -0.318736 0.739277
10011.999880000 2.671621 -0.875622 1.865787 -0.041075 -0.592453 -0.324864 0.736054
10012.033213000 2.644439 -0.864398 1.862513 -0.041669 -0.591868 -0.330551 0.733956
10012.066546000 2.614656 -0.856710 1.854259 -0.043063 -0.592275 -0.333998 0.731985
10012.099879000 2.579038 -0.844857 1.845612 -0.044888 -0.594138 -0.333262 0.730699
10012.133212000 2.541660 -0.838985 1.838465 -0.047319 -0.595272 -0.330612 0.730826
10012.166545000 2.495317 -0.833422 1.825540 -0.049942 -0.594527 -0.324682 0.733911
10012.199878000 2.450998 -0.840265 1.814078 -0.057727 -0.591480 -0.316789 0.739232
10012.233211000 2.395698 -0.850504 1.782569 -0.063552 -0.590487 -0.312918 0.741194
10012.266544000 2.371881 -0.838090 1.781507 -0.052204 -0.599867 -0.309972 0.735766
10012.299877000 2.345253 -0.827157 1.773406 -0.050081 -0.599261 -0.320400 0.731931
10012.333210000 2.302635 -0.814347 1.750476 -0.054513 -0.594350 -0.325432 0.733396
10012.366543000 2.274200 -0.801568 1.740663 -0.052573 -0.592700 -0.327447 0.733976
10012.399876000 2.243905 -0.787839 1.721945 -0.050914 -0.588365 -0.328567 0.737074
10012.433209000 2.207034 -0.773420 1.697421 -0.048659 -0.581873 -0.323618 0.744532
10012.466542000 2.174229 -0.757139 1.673639 -0.043209 -0.574474 -0.317229 0.753311
10012.499875000 2.135879 -0.734821 1.645948 -0.040591 -0.564974 -0.309491 0.763788
10012.533208000 2.096045 -0.721711 1.614928 -0.045558 -0.550459 -0.297510 0.778721
10012.566541000 2.054874 -0.716705 1.577219 -0.049972 -0.546626 -0.284851 0.785852
10012.599874000 2.022052 -0.707775 1.549168 -0.052922 -0.541224 -0.277147 0.792127
10012.633207000 1.982087 -0.691666 1.519969 -0.053044 -0.530132 -0.273792 0.800740
10012.666540000 1.936570 -0.677112 1.490778 -0.056568 -0.513957 -0.273962 0.810921
10012.699873000 1.898921 -0.664157 1.474933 -0.066722 -0.500838 -0.275731 0.817730
10012.733206000 1.856500 -0.654054 1.457746 -0.072761 -0.494179 -0.274996 0.821505
10012.766539000 1.816526 -0.636923 1.442480 -0.074269 -0.488711 -0.276939 0.823984
10012.799872000 1.760164 -0.611795 1.422411 -0.076299 -0.487695 -0.279058 0.823686
10012.833205000 1.684522 -0.602071 1.414810 -0.096523 -0.486254 -0.289252 0.818886
10012.866538000 1.666147 -0.598055 1.419453 -0.099853 -0.481649 -0.292141 0.820181
10012.899871000 1.649141 -0.592219 1.423732 -0.101627 -0.477239 -0.294150 0.821821
10012.933204000 1.634325 -0.584804 1.428590 -0.102728 -0.473683 -0.295275 0.823337
10012.966537000 1.619584 -0.576117 1.432142 -0.102498 -0.470692 -0.295705 0.824925
10012.999870000 1.606165 -0.567290 1.435458 -0.101372 -0.468119 -0.295624 0.826556
10013.033203000 1.594126 -0.556261 1.437711 -0.098900 -0.465972 -0.294870 0.828336
10013.066536000 1.581319 -0.543913 1.439804 -0.095770 -0.463696 -0.293823 0.830351
10013.099869000 1.570904 -0.531986 1.442112 -0.092267 -0.462617 -0.292279 0.831893
10013.133202000 1.561968 -0.519985 1.445285 -0.087625 -0.462253 -0.290271 0.833299
10013.166535000 1.544488 -0.495258 1.446733 -0.077309 -0.461985 -0.285427 0.836137
10013.199868000 1.537463 -0.483011 1.446944 -0.071807 -0.462602 -0.282561 0.837259
10013.233201000 1.529812 -0.469361 1.447348 -0.065482 -0.463409 -0.279620 0.838318
10013.266534000 1.523671 -0.457637 1.445848 -0.060184 -0.464053 -0.276874 0.839270
10013.299867000 1.517594 -0.444836 1.444987 -0.054415 -0.465939 -0.273636 0.839680
10013.333200000 1.511269 -0.433188 1.445744 -0.049984 -0.467837 -0.271105 0.839722
10013.366533000 1.505931 -0.422762 1.442922 -0.046054 -0.469462 -0.268806 0.839778
10013.399866000 1.499881 -0.411993 1.439230 -0.042222 -0.470799 -0.266595 0.839936
10013.433199000 1.495043 -0.401897 1.438686 -0.039801 -0.473718 -0.264479 0.839082
10013.466532000 1.489381 -0.393824 1.435531 -0.039020 -0.475691 -0.263302 0.838372
10013.499865000 1.478046 -0.380137 1.426705 -0.041981 -0.479289 -0.263500 0.836114
10013.533198000 1.472967 -0.376742 1.422117 -0.045301 -0.481804 -0.264257 0.834255
10013.566531000 1.465874 -0.371530 1.419244 -0.049189 -0.484218 -0.265394 0.832274
10013.599864000 1.459343 -0.367487 1.412606 -0.053478 -0.486257 -0.267257 0.830222
10013.633197000 1.454508 -0.365205 1.408546 -0.059321 -0.489154 -0.268993 0.827558
10013.666530000 1.448550 -0.362190 1.403819 -0.064582 -0.492323 -0.270774 0.824699
10013.699863000 1.442311 -0.360586 1.397272 -0.070134 -0.495477 -0.272584 0.821755
10013.733196000 1.435800 -0.358879 1.392166 -0.075482 -0.499484 -0.274331 0.818267
10013.766529000 1.429748 -0.356974 1.386222 -0.080052 -0.503800 -0.275678 0.814726
10013.799862000 1.423626 -0.354355 1.380100 -0.084465 -0.508192 -0.276377 0.811309
10013.833195000 1.409992 -0.350519 1.367697 -0.090115 -0.519927 -0.277201 0.802941
10013.866528000 1.404138 -0.347958 1.363119 -0.092331 -0.526714 -0.276553 0.798477
10013.899861000 1.397936 -0.345255 1.357299 -0.093416 -0.533722 -0.275444 0.794068
10013.933194000 1.392356 -0.342613 1.352402 -0.093799 -0.540445 -0.274272 0.789871
10013.966527000 1.385803 -0.337267 1.347662 -0.093689 -0.546697 -0.272674 0.786126
10013.999860000 1.379620 -0.335404 1.343533 -0.093694 -0.552487 -0.271225 0.782571
10014.033193000 1.373139 -0.331971 1.337914 -0.093168 -0.556568 -0.269609 0.780296
10014.066526000 1.367120 -0.328696 1.332064 -0.092832 -0.559730 -0.268136 0.778581
10014.099859000 1.360103 -0.326095 1.325606 -0.092740 -0.561016 -0.267544 0.777869
10014.133192000 1.354432 -0.323277 1.319643 -0.092901 -0.560577 -0.266834 0.778410
10014.166525000 1.343128 -0.318853 1.306656 -0.093230 -0.553500 -0.266760 0.783444
10014.199858000 1.337059 -0.317914 1.299664 -0.094133 -0.546086 -0.268167 0.788045
10014.233191000 1.331770 -0.316917 1.292629 -0.094529 -0.536640 -0.269778 0.793916
10014.266524000 1.325586 -0.315849 1.286280 -0.094715 -0.525490 -0.272361 0.800443
10014.299857000 1.320674 -0.313578 1.279838 -0.094334 -0.512846 -0.274927 0.807778
10014.333190000 1.314411 -0.313099 1.272765 -0.093408 -0.497940 -0.278841 0.815830
10014.366523000 1.308054 -0.309810 1.266289 -0.092130 -0.481928 -0.282662 0.824233
10014.399856000 1.301920 -0.306033 1.261846 -0.089297 -0.465696 -0.286015 0.832676
10014.433189000 1.295317 -0.303327 1.256878 -0.087152 -0.448156 -0.289870 0.841151
10014.466522000 1.289449 -0.296740 1.253075 -0.082065 -0.431056 -0.292229 0.849740
10014.499855000 1.271782 -0.281463 1.241055 -0.071963 -0.395072 -0.295395 0.866880
10014.533188000 1.268861 -0.273044 1.251063 -0.065787 -0.381700 -0.293680 0.873916
10014.566521000 1.262844 -0.261958 1.250354 -0.058826 -0.366382 -0.290932 0.881852
10014.599854000 1.254533 -0.249268 1.251868 -0.052283 -0.351697 -0.286439 0.889679
10014.633187000 1.249253 -0.237633 1.256270 -0.046706 -0.337458 -0.279247 0.897754
10014.666520000 1.242573 -0.225154 1.255643 -0.041294 -0.322264 -0.270897 0.906121
10014.699853000 1.235989 -0.211817 1.253939 -0.037052 -0.306217 -0.259391 0.915191
10014.733186000 1.229730 -0.200428 1.252809 -0.034551 -0.290919 -0.246537 0.923792
10014.766519000 1.225406 -0.187545 1.251762 -0.032080 -0.274894 -0.231358 0.932672
10014.799852000 1.221224 -0.176678 1.247814 -0.032030 -0.257690 -0.214817 0.941501
10014.833185000 1.214723 -0.159278 1.233411 -0.035996 -0.217880 -0.178984 0.958748
10014.866518000 1.212139 -0.150219 1.224666 -0.038592 -0.195564 -0.161921 0.966461
10014.899851000 1.211734 -0.139999 1.217782 -0.041499 -0.172136 -0.144595 0.973519
10014.933184000 1.213421 -0.135690 1.207391 -0.046105 -0.148808 -0.128979 0.979334
10014.966517000 1.213791 -0.128873 1.193775 -0.048580 -0.123609 -0.114833 0.984466
10014.999850000 1.214580 -0.123410 1.180696 -0.051782 -0.098563 -0.101924 0.988542
10015.033183000 1.215318 -0.118050 1.167181 -0.054436 -0.073367 -0.089978 0.991745
10015.066516000 1.215667 -0.114735 1.153380 -0.056321 -0.049912 -0.081143 0.993857
10015.099849000 1.216649 -0.112099 1.140515 -0.058084 -0.027626 -0.072923 0.995261
10015.133182000 1.217944 -0.107637 1.126824 -0.058285 -0.007647 -0.066612 0.996046
10015.166515000 1.221938 -0.096232 1.101815 -0.054393 0.022415 -0.057439 0.996614
10015.199848000 1.224637 -0.092923 1.090895 -0.052686 0.033214 -0.053478 0.996625
10015.233181000 1.227728 -0.088306 1.080902 -0.049622 0.041074 -0.050862 0.996626
10015.266514000 1.230311 -0.083566 1.071342 -0.046124 0.047296 -0.047707 0.996674
10015.299847000 1.233209 -0.078848 1.062428 -0.042515 0.052615 -0.044097 0.996734
10015.333180000 1.235969 -0.075713 1.055167 -0.039766 0.056106 -0.041716 0.996760
10015.366513000 1.239373 -0.071744 1.047262 -0.035645 0.059060 -0.038656 0.996869
10015.399846000 1.242475 -0.066395 1.039737 -0.031986 0.061951 -0.035575 0.996932
10015.433179000 1.246319 -0.063212 1.032752 -0.029058 0.064854 -0.032060 0.996956
10015.466512000 1.249954 -0.058819 1.027209 -0.025767 0.067914 -0.028400 0.996954
10015.499845000 1.261450 -0.050914 1.014231 -0.020935 0.075800 -0.021859 0.996664
10015.533178000 1.266891 -0.048471 1.008471 -0.019614 0.081364 -0.017876 0.996331
10015.566511000 1.271630 -0.044724 1.003268 -0.018236 0.087495 -0.014779 0.995888
10015.599844000 1.276621 -0.041985 0.996985 -0.017191 0.094894 -0.010463 0.995284
10015.633177000 1.281018 -0.038026 0.990693 -0.016130 0.102916 -0.005838 0.994542
10015.666510000 1.284555 -0.034568 0.983354 -0.015064 0.111521 -0.001943 0.993646
10015.699843000 1.286263 -0.029952 0.975989 -0.013632 0.121326 0.003276 0.992514
10015.733176000 1.287991 -0.024728 0.967204 -0.012283 0.131825 0.008343 0.991162
10015.766509000 1.287962 -0.019707 0.956511 -0.010552 0.142234 0.013399 0.989686
10015.799842000 1.286876 -0.014218 0.944421 -0.008767 0.153829 0.019937 0.987857
10015.833175000 1.280793 -0.002213 0.915938 -0.004342 0.177322 0.031656 0.983634
10015.866508000 1.276601 0.006052 0.898227 -0.001242 0.188898 0.038243 0.981251
10015.899841000 1.269422 0.014571 0.881733 0.002585 0.201377 0.044729 0.978489
10015.933174000 1.259812 0.022744 0.863189 0.005708 0.213909 0.051171 0.975496
10015.966507000 1.252825 0.028307 0.841044 0.007891 0.226002 0.058188 0.972355
10015.999840000 1.244754 0.037573 0.821683 0.011210 0.237314 0.063879 0.969266
10016.033173000 1.236163 0.046611 0.802465 0.013565 0.248672 0.069647 0.965985
10016.066506000 1.234587 0.054850 0.780987 0.015368 0.258691 0.075775 0.962861
10016.099839000 1.232303 0.063460 0.760579 0.016742 0.267556 0.081610 0.959934
10016.133172000 1.230649 0.071901 0.744150 0.017103 0.276269 0.086486 0.957028
10016.166505000 1.235375 0.088815 0.714122 0.015597 0.289959 0.094859 0.952199
10016.199838000 1.241931 0.096025 0.702388 0.013387 0.295767 0.098907 0.950032
10016.233171000 1.250309 0.102130 0.690192 0.010263 0.300543 0.102917 0.948144
10016.266504000 1.262684 0.108414 0.679018 0.007035 0.304181 0.106356 0.946632
10016.299837000 1.276015 0.114209 0.667647 0.003555 0.307238 0.109503 0.945305
10016.333170000 1.291558 0.120184 0.657812 -0.000157 0.309910 0.112639 0.944070
10016.366503000 1.306983 0.124720 0.647849 -0.004118 0.312559 0.115879 0.942795
10016.399836000 1.323804 0.129418 0.638834 -0.007859 0.314861 0.118728 0.941650
10016.433169000 1.340992 0.134121 0.629301 -0.010975 0.317424 0.121608 0.940390
10016.466502000 1.356972 0.138226 0.620237 -0.013819 0.320017 0.124409 0.939106
10016.499835000 1.388967 0.144558 0.599436 -0.018493 0.325378 0.129996 0.936423
10016.533168000 1.403659 0.148225 0.589201 -0.020138 0.328616 0.132834 0.934859
10016.566501000 1.416553 0.151401 0.577968 -0.021070 0.332248 0.135566 0.933161
10016.599834000 1.430203 0.154916 0.566821 -0.021934 0.335696 0.138235 0.931514
10016.633167000 1.443216 0.159054 0.555067 -0.022040 0.339311 0.140682 0.929834
10016.666500000 1.455566 0.163666 0.544370 -0.021913 0.343230 0.143087 0.928030
10016.699833000 1.467355 0.169035 0.533145 -0.021160 0.347015 0.145261 0.926300
10016.733166000 1.479381 0.174829 0.521614 -0.020660 0.350503 0.147303 0.924674
10016.766499000 1.491467 0.182421 0.509708 -0.019202 0.353882 0.148808 0.923177
10016.799832000 1.503820 0.191490 0.499812 -0.017523 0.357245 0.150170 0.921693
10016.833165000 1.530349 0.215785 0.479291 -0.013035 0.362180 0.151196 0.919671
10016.866498000 1.542566 0.227813 0.469487 -0.011023 0.364782 0.151705 0.918585
10016.899831000 1.557107 0.242519 0.459812 -0.008513 0.366384 0.151525 0.918003
10016.933164000 1.569961 0.259225 0.451208 -0.005587 0.368873 0.151594 0.917017
10016.966497000 1.583505 0.274433 0.442819 -0.002893 0.371289 0.151720 0.916033
10016.999830000 1.597117 0.289969 0.436024 -0.000454 0.374379 0.152406 0.914665
10017.033163000 1.610694 0.304405 0.428742 0.001799 0.377409 0.153194 0.913286
10017.066496000 1.623250 0.319013 0.423957 0.004402 0.382370 0.154922 0.910919
10017.099829000 1.635962 0.331908 0.418124 0.006571 0.387547 0.156979 0.908362
10017.133162000 1.646660 0.342056 0.414694 0.008074 0.394201 0.160191 0.904919
10017.166495000 1.669110 0.357470 0.409059 0.011090 0.411344 0.169320 0.895547
10017.199828000 1.678696 0.361475 0.408363 0.012027 0.421890 0.175578 0.889402
10017.233161000 1.687320 0.362383 0.408214 0.012616 0.433674 0.182766 0.882250
10017.266494000 1.694732 0.362284 0.411055 0.013589 0.446113 0.189839 0.874505
10017.299827000 1.701623 0.360746 0.415273 0.014604 0.459516 0.198032 0.865688
10017.333160000 1.708574 0.357198 0.420142 0.015649 0.472407 0.205811 0.856871
10017.366493000 1.715435 0.352072 0.427431 0.016292 0.485249 0.214084 0.847606
10017.399826000 1.719768 0.345415 0.436302 0.017373 0.498034 0.222062 0.838062
10017.433159000 1.723615 0.338235 0.447579 0.018569 0.510440 0.229776 0.828438
10017.466492000 1.726093 0.329852 0.460539 0.019671 0.522265 0.237050 0.818938
10017.499825000 1.726694 0.309253 0.495313 0.021448 0.543813 0.250262 0.800734
10017.533158000 1.724254 0.298182 0.516591 0.022638 0.553642 0.255843 0.792157
10017.566491000 1.723732 0.287733 0.537823 0.023429 0.561996 0.261694 0.784301
10017.599824000 1.721580 0.276346 0.562363 0.024167 0.570163 0.266709 0.776657
10017.633157000 1.718974 0.264449 0.586725 0.024758 0.577759 0.271839 0.769211
10017.666490000 1.715935 0.252195 0.611825 0.025123 0.585222 0.276675 0.761797
10017.699823000 1.714240 0.240357 0.637004 0.025294 0.591840 0.281065 0.755042
10017.733156000 1.713567 0.230370 0.660990 0.025912 0.598183 0.286044 0.748121
10017.766489000 1.714870 0.219534 0.684818 0.025770 0.604000 0.290807 0.741587
10017.799822000 1.716543 0.208904 0.706797 0.025191 0.609611 0.295705 0.735049
10017.833155000 1.724412 0.188790 0.745903 0.023408 0.620567 0.305695 0.721733
10017.866488000 1.732265 0.181624 0.762378 0.023007 0.625785 0.311013 0.714937
10017.899821000 1.740305 0.174065 0.777807 0.021812 0.630991 0.316614 0.707906
10017.933154000 1.751061 0.166203 0.791616 0.020475 0.636423 0.322652 0.700315
10017.966487000 1.763188 0.160738 0.803347 0.018959 0.641046 0.328407 0.693433
10017.999820000 1.776224 0.154180 0.814007 0.017330 0.646156 0.334873 0.685596
10018.033153000 1.789882 0.149283 0.824582 0.015988 0.651281 0.341041 0.677694
10018.066486000 1.805185 0.145348 0.832634 0.014405 0.656047 0.347424 0.669845
10018.099819000 1.820922 0.142430 0.841516 0.013515 0.661340 0.353541 0.661404
10018.133152000 1.838364 0.138880 0.849096 0.011901 0.666443 0.360689 0.652392
10018.166485000 1.874460 0.134921 0.864211 0.009420 0.676936 0.374484 0.633586
10018.199818000 1.893225 0.132959 0.872610 0.008734 0.683243 0.381944 0.622271
10018.233151000 1.912841 0.132487 0.879072 0.007549 0.688656 0.389700 0.611417
10018.266484000 1.931609 0.131577 0.886542 0.006957 0.694779 0.397277 0.599503
10018.299817000 1.951242 0.130588 0.892783 0.006051 0.700607 0.405673 0.586977
10018.333150000 1.970804 0.128224 0.900106 0.005177 0.706804 0.414862 0.572966
10018.366483000 1.990294 0.125631 0.905953 0.004066 0.712960 0.424897 0.557795
10018.399816000 2.009144 0.121780 0.911840 0.002734 0.718652 0.435633 0.541992
10018.433149000 2.028684 0.117340 0.916750 0.001592 0.724601 0.447147 0.524414
10018.466482000 2.046728 0.111293 0.922295 0.000562 0.730264 0.459336 0.505693
10018.499815000 2.082746 0.094958 0.931483 -0.001035 0.740921 0.485994 0.463513
10018.533148000 2.099946 0.084224 0.935621 -0.001646 0.745299 0.500469 0.440519
10018.566481000 2.116626 0.072942 0.938536 -0.001527 0.749328 0.514895 0.416400
10018.599814000 2.133915 0.060427 0.941698 -0.000964 0.752889 0.529859 0.390393
10018.633147000 2.152014 0.048073 0.944255 0.000530 0.756360 0.544408 0.362683
10018.666480000 2.169130 0.034772 0.946843 0.002981 0.759428 0.558650 0.333421
10018.699813000 2.187772 0.022059 0.948143 0.006310 0.762141 0.572333 0.302548
10018.733146000 2.207356 0.010387 0.949505 0.010775 0.765003 0.584931 0.269276
10018.766479000 2.228365 -0.000458 0.951578 0.016542 0.768216 0.596050 0.233015
10018.799812000 2.249848 -0.010985 0.952831 0.023034 0.771075 0.605412 0.195929
10018.833145000 2.297736 -0.024718 0.955020 0.039145 0.777293 0.617539 0.113705
10018.866478000 2.324061 -0.029751 0.956118 0.047255 0.780369 0.619442 0.071297
10018.899811000 2.351899 -0.032605 0.957090 0.055118 0.783511 0.618266 0.028631
10018.933144000 2.379705 -0.034090 0.957479 0.062089 0.786565 0.614267 -0.011642
10018.966477000 2.408690 -0.035642 0.958803 0.067714 0.789367 0.608175 -0.049375
10018.999810000 2.436814 -0.035217 0.960222 0.071862 0.792273 0.600256 -0.082659
10019.033143000 2.464981 -0.033873 0.962012 0.074717 0.795265 0.590988 -0.112716
10019.066476000 2.491777 -0.032348 0.963662 0.076282 0.798070 0.581704 -0.137427
10019.099809000 2.517333 -0.030939 0.965620 0.076809 0.800785 0.572893 -0.156959
10019.133142000 2.540990 -0.029084 0.968989 0.076718 0.803649 0.564500 -0.172053
10019.166475000 2.581653 -0.025365 0.977274 0.075133 0.809564 0.551107 -0.187731
10019.199808000 2.599859 -0.024829 0.981506 0.074341 0.812147 0.546346 -0.190778
10019.233141000 2.614294 -0.023998 0.986624 0.073368 0.815122 0.542569 -0.189239
10019.266474000 2.627596 -0.023362 0.989993 0.072529 0.817833 0.539650 -0.186190
10019.299807000 2.639952 -0.022954 0.993976 0.071676 0.820536 0.536993 -0.182269
10019.333140000 2.651049 -0.023631 0.995651 0.071015 0.822746 0.535435 -0.177071
10019.366473000 2.661663 -0.024114 0.996644 0.070334 0.824862 0.534051 -0.171594
10019.399806000 2.672187 -0.024831 0.995971 0.069734 0.826959 0.532604 -0.166160
10019.433139000 2.682098 -0.025627 0.992923 0.069267 0.828544 0.531663 -0.161405
10019.466472000 2.692145 -0.026863 0.986411 0.068926 0.829717 0.530842 -0.158194
10019.499805000 2.715368 -0.031294 0.966306 0.068483 0.831212 0.528914 -0.156990
10019.533138000 2.727181 -0.033089 0.951727 0.068336 0.831644 0.527606 -0.159156
10019.566471000 2.741236 -0.034833 0.934931 0.068301 0.831610 0.526253 -0.163760
10019.599804000 2.755198 -0.036902 0.916486 0.068342 0.831402 0.524883 -0.169108
10019.633137000 2.770723 -0.039139 0.896334 0.068417 0.830845 0.523353 -0.176402
10019.666470000 2.787509 -0.041464 0.876250 0.068442 0.830305 0.521521 -0.184188
10019.699803000 2.805259 -0.042651 0.856034 0.068259 0.830030 0.519048 -0.192303
10019.733136000 2.823729 -0.043429 0.835076 0.068051 0.829633 0.516493 -0.200781
10019.766469000 2.843223 -0.043978 0.816257 0.067761 0.829511 0.513473 -0.208962
10019.799802000 2.863734 -0.044064 0.798217 0.067298 0.829532 0.510495 -0.216199
10019.833135000 2.908384 -0.042199 0.770009 0.065910 0.831192 0.503225 -0.227026
10019.866468000 2.932276 -0.041024 0.758160 0.065096 0.832168 0.500320 -0.230083
10019.899801000 2.955974 -0.037483 0.749121 0.064130 0.833989 0.496544 -0.231933
10019.933134000 2.979453 -0.035437 0.742560 0.063251 0.835949 0.493533 -0.231546
10019.966467000 3.002243 -0.032651 0.737069 0.062393 0.838269 0.490504 -0.229823
10019.999800000 3.024299 -0.029286 0.732591 0.061728 0.840339 0.488319 -0.227077
10020.033133000 3.044165 -0.025915 0.730429 0.061116 0.842766 0.486182 -0.222794
10020.066466000 3.062558 -0.022608 0.728208 0.060699 0.844914 0.484876 -0.217558
10020.099799000 3.077298 -0.020108 0.727860 0.060508 0.847262 0.484132 -0.210005
10020.133132000 3.089918 -0.017832 0.728176 0.060388 0.849505 0.483530 -0.202223
10020.166465000 3.103917 -0.014760 0.728630 0.060594 0.853092 0.485115 -0.182281
10020.199798000 3.106536 -0.014029 0.729182 0.060843 0.854765 0.486144 -0.171284
10020.233131000 3.106507 -0.014657 0.730403 0.061124 0.855782 0.487997 -0.160499
10020.266464000 3.104471 -0.014879 0.730926 0.061318 0.856754 0.489738 -0.149565
10020.299797000 3.100943 -0.015137 0.731427 0.061525 0.857490 0.491532 -0.139004
10020.333130000 3.097397 -0.015391 0.731987 0.061790 0.857668 0.493603 -0.130171
10020.366463000 3.094243 -0.015431 0.732318 0.061717 0.857845 0.495229 -0.122644
10020.399796000 3.092903 -0.016255 0.731835 0.061887 0.857419 0.497171 -0.117575
10020.433129000 3.092198 -0.016777 0.730824 0.062141 0.856659 0.499150 -0.114559
10020.466462000 3.094252 -0.016525 0.730361 0.062347 0.855920 0.500555 -0.113833
10020.499795000 3.108630 -0.015110 0.725352 0.062926 0.852754 0.503590 -0.123481
10020.533128000 3.120702 -0.013268 0.721374 0.063319 0.850754 0.504484 -0.133056
10020.566461000 3.135664 -0.011286 0.717512 0.063772 0.848207 0.505188 -0.145819
10020.599794000 3.153550 -0.008689 0.712476 0.064199 0.845308 0.505439 -0.160823
10020.633127000 3.174176 -0.006344 0.707695 0.064611 0.842098 0.504905 -0.178232
10020.666460000 3.195497 -0.003443 0.702130 0.064910 0.838678 0.503759 -0.196553
10020.699793000 3.218293 -0.000734 0.696662 0.065046 0.835094 0.501742 -0.215966
10020.733126000 3.241836 0.002326 0.690627 0.065089 0.831072 0.499459 -0.235847
10020.766459000 3.266188 0.005691 0.683920 0.064864 0.827021 0.496431 -0.255705
10020.799792000 3.290525 0.008487 0.678460 0.064330 0.823278 0.492781 -0.274304
10020.833125000 3.336104 0.015404 0.666885 0.062931 0.816353 0.485210 -0.306886
10020.866458000 3.358185 0.017911 0.662069 0.062010 0.813660 0.481495 -0.319803
10020.899791000 3.378230 0.020601 0.656469 0.061262 0.810943 0.478439 -0.331233
10020.933124000 3.398956 0.023004 0.651522 0.060253 0.808858 0.475018 -0.341286
10020.966457000 3.418170 0.025595 0.646673 0.059393 0.807230 0.472211 -0.349099
10020.999790000 3.437467 0.028085 0.641667 0.058595 0.805541 0.469703 -0.356440
10021.033123000 3.455210 0.030587 0.636669 0.057862 0.804595 0.467448 -0.361624
10021.066456000 3.473785 0.032761 0.632399 0.056955 0.803882 0.465089 -0.366363
10021.099789000 3.491637 0.035221 0.627414 0.056312 0.803327 0.463355 -0.369862
10021.133122000 3.509472 0.037695 0.622429 0.055709 0.803038 0.461766 -0.372556
10021.166455000 3.545213 0.041153 0.613264 0.054504 0.803372 0.458855 -0.375600
10021.199788000 3.562995 0.043677 0.608335 0.053950 0.803635 0.457596 -0.376650
10021.233121000 3.581591 0.045758 0.603962 0.053291 0.804357 0.456108 -0.377009
10021.266454000 3.599499 0.048231 0.598960 0.052824 0.805118 0.455150 -0.376608
10021.299787000 3.617976 0.050396 0.594596 0.052208 0.806101 0.453835 -0.376177
10021.333120000 3.637256 0.052902 0.589608 0.051591 0.807068 0.452501 -0.375796
10021.366453000 3.656380 0.055449 0.584721 0.050993 0.808175 0.451262 -0.374986
10021.399786000 3.676219 0.058242 0.579217 0.050424 0.809134 0.449974 -0.374544
10021.433119000 3.696985 0.060644 0.574321 0.049654 0.810284 0.448279 -0.374193
