10000.000000000 0.000000 0.000000 0.000000 0.000000 0.000000 0.000000 1.000000
10000.033333000 0.011157 0.004739 -0.001700 0.005031 -0.002590 0.009528 0.999939
10000.066666000 0.021958 0.009088 -0.002739 0.010483 -0.005024 0.017980 0.999771
10000.099999000 0.033325 0.014165 -0.004444 0.015747 -0.008620 0.023407 0.999565
10000.133332000 0.044491 0.020090 -0.006558 0.022004 -0.012456 0.024374 0.999383
10000.166665000 0.055506 0.024627 -0.008461 0.027651 -0.016718 0.024990 0.999165
10000.199998000 0.067016 0.031264 -0.011131 0.034559 -0.021400 0.020761 0.998958
10000.233331000 0.078348 0.037181 -0.013225 0.041414 -0.026433 0.016365 0.998658
10000.266664000 0.091019 0.043631 -0.015521 0.048057 -0.031852 0.007845 0.998306
10000.299997000 0.102760 0.050389 -0.018171 0.055774 -0.037432 -0.001764 0.997740
10000.333330000 0.115356 0.056889 -0.020503 0.063123 -0.043758 -0.012917 0.996962
10000.366663000 0.128164 0.064482 -0.023192 0.071212 -0.050007 -0.025295 0.995886
10000.399996000 0.140787 0.070906 -0.025461 0.079095 -0.056102 -0.038277 0.994551
10000.433329000 0.153722 0.078182 -0.028281 0.087479 -0.062743 -0.050417 0.992909
10000.466662000 0.166383 0.084643 -0.030828 0.095675 -0.068995 -0.063532 0.990984
10000.499995000 0.179341 0.092138 -0.033587 0.104396 -0.075834 -0.075415 0.988769
10000.533328000 0.192446 0.099653 -0.036274 0.112858 -0.082047 -0.086482 0.986434
10000.566661000 0.205361 0.105881 -0.038771 0.120474 -0.089140 -0.097731 0.983864
10000.599994000 0.217710 0.113408 -0.041402 0.129071 -0.095476 -0.107896 0.981113
10000.633327000 0.230300 0.120100 -0.043914 0.137267 -0.102325 -0.117534 0.978199
10000.666660000 0.255999 0.133134 -0.048445 0.151871 -0.116022 -0.133486 0.972448
10000.699993000 0.268210 0.138384 -0.050642 0.159082 -0.123127 -0.141061 0.969347
10000.733326000 0.280909 0.144922 -0.052950 0.165835 -0.129776 -0.147225 0.966427
10000.766659000 0.292185 0.150864 -0.054884 0.171695 -0.136768 -0.152403 0.963633
10000.799992000 0.304204 0.155664 -0.056203 0.177178 -0.143850 -0.157476 0.960790
10000.833325000 0.317090 0.160877 -0.058411 0.182457 -0.150876 -0.162319 0.957914
10000.866658000 0.328876 0.164853 -0.059093 0.186951 -0.157992 -0.165973 0.955270
10000.899991000 0.340698 0.168539 -0.060021 0.191267 -0.165080 -0.169012 0.952681
10000.933324000 0.352147 0.172457 -0.060926 0.194736 -0.172518 -0.171945 0.950132
10000.966657000 0.362902 0.175810 -0.061302 0.197459 -0.179440 -0.174239 0.947867
10000.999990000 0.373683 0.179342 -0.061597 0.200217 -0.186253 -0.176577 0.945539
10001.033323000 0.383865 0.180881 -0.061112 0.201580 -0.192834 -0.178101 0.943642
10001.066656000 0.394136 0.183427 -0.061131 0.202591 -0.199703 -0.179477 0.941734
10001.099989000 0.403714 0.184267 -0.060401 0.203205 -0.206273 -0.180558 0.939978
10001.133322000 0.413899 0.184956 -0.059036 0.202982 -0.212888 -0.181609 0.938347
10001.166655000 0.422875 0.184146 -0.057206 0.201821 -0.219524 -0.182689 0.936858
10001.199988000 0.432004 0.183050 -0.055329 0.200118 -0.226164 -0.183409 0.935502
10001.233321000 0.441083 0.181306 -0.052987 0.197403 -0.232454 -0.184077 0.934405
10001.266654000 0.449267 0.179711 -0.050590 0.195103 -0.238360 -0.185014 0.933214
10001.299987000 0.457556 0.176268 -0.046883 0.190679 -0.244741 -0.185757 0.932329
10001.333320000 0.469882 0.167405 -0.039721 0.180984 -0.255517 -0.188027 0.930914
10001.366653000 0.475865 0.161613 -0.035126 0.174990 -0.261213 -0.189479 0.930185
10001.399986000 0.481645 0.156042 -0.030687 0.168686 -0.265777 -0.190969 0.929752
10001.433319000 0.486964 0.148811 -0.025179 0.161452 -0.271108 -0.192665 0.929147
10001.466652000 0.492288 0.141307 -0.019555 0.154569 -0.275803 -0.194481 0.928557
10001.499985000 0.497239 0.133220 -0.013191 0.147144 -0.280442 -0.196624 0.927922
10001.533318000 0.502096 0.124100 -0.006447 0.139138 -0.285002 -0.199302 0.927196
10001.566651000 0.507638 0.113927 0.000973 0.131153 -0.289736 -0.201956 0.926318
10001.599984000 0.512440 0.104913 0.007893 0.123479 -0.293904 -0.204185 0.925571
10001.633317000 0.516832 0.094066 0.015646 0.115399 -0.297486 -0.207394 0.924756
10001.666650000 0.522310 0.084251 0.023591 0.108113 -0.301915 -0.210369 0.923528
10001.699983000 0.527401 0.073297 0.031278 0.100847 -0.305317 -0.213579 0.922494
10001.733316000 0.532710 0.061435 0.039793 0.093713 -0.309440 -0.216868 0.921104
10001.766649000 0.537839 0.050585 0.047863 0.087116 -0.312631 -0.220349 0.919847
10001.799982000 0.543916 0.038259 0.056688 0.081598 -0.315939 -0.223994 0.918342
10001.833315000 0.550976 0.026201 0.065779 0.075961 -0.319910 -0.227643 0.916551
10001.866648000 0.558352 0.014840 0.074337 0.071802 -0.323000 -0.231423 0.914854
10001.899981000 0.566161 0.002675 0.083403 0.068137 -0.326672 -0.235057 0.912903
10001.933314000 0.574223 -0.009988 0.092736 0.065373 -0.329936 -0.239344 0.910815
10001.966647000 0.583172 -0.021161 0.101707 0.064006 -0.333109 -0.243003 0.908786
10001.999980000 0.602666 -0.044822 0.120286 0.063722 -0.339573 -0.251057 0.904213
10002.033313000 0.613927 -0.056088 0.129262 0.065215 -0.342573 -0.255288 0.901786
10002.066646000 0.624813 -0.068081 0.138825 0.067646 -0.345263 -0.259357 0.899417
10002.099979000 0.637098 -0.079247 0.148194 0.070767 -0.348486 -0.263817 0.896633
10002.133312000 0.648984 -0.089730 0.156675 0.075366 -0.350755 -0.267921 0.894153
10002.166645000 0.662154 -0.101040 0.166306 0.080086 -0.353713 -0.272858 0.891079
10002.199978000 0.674823 -0.111615 0.175420 0.085537 -0.355936 -0.277904 0.888123
10002.233311000 0.687109 -0.122981 0.185516 0.090906 -0.358415 -0.282854 0.885024
10002.266644000 0.701050 -0.134128 0.195615 0.097205 -0.360857 -0.288262 0.881611
10002.299977000 0.712684 -0.143594 0.204426 0.103376 -0.362600 -0.293884 0.878332
10002.333310000 0.725193 -0.154154 0.213301 0.109806 -0.364186 -0.299728 0.874914
10002.366643000 0.736651 -0.164117 0.221831 0.116383 -0.365581 -0.305742 0.871394
10002.399976000 0.749518 -0.175022 0.230574 0.122849 -0.366941 -0.311846 0.867764
10002.433309000 0.759957 -0.185035 0.239021 0.129166 -0.367901 -0.318307 0.864086
10002.466642000 0.770644 -0.195277 0.247663 0.135158 -0.368711 -0.324773 0.860411
10002.499975000 0.781229 -0.205353 0.255822 0.140697 -0.369692 -0.331568 0.856501
10002.533308000 0.791266 -0.215407 0.264035 0.146056 -0.370463 -0.338791 0.852435
10002.566641000 0.799154 -0.225932 0.272112 0.150297 -0.371323 -0.345671 0.848553
10002.599974000 0.806136 -0.235436 0.279519 0.154163 -0.371522 -0.352605 0.844911
10002.633307000 0.812458 -0.245509 0.286882 0.157222 -0.372148 -0.359653 0.841092
10002.666640000 0.822499 -0.265800 0.301707 0.160811 -0.373807 -0.372974 0.833846
10002.699973000 0.825039 -0.275074 0.309395 0.161299 -0.374755 -0.379499 0.830375
10002.733306000 0.826587 -0.284569 0.316426 0.160467 -0.375501 -0.385947 0.827221
10002.766639000 0.827966 -0.295354 0.322333 0.159049 -0.376969 -0.392300 0.823832
10002.799972000 0.827572 -0.304783 0.327054 0.157067 -0.377517 -0.398776 0.820847
10002.833305000 0.827672 -0.314636 0.334136 0.154391 -0.379110 -0.404187 0.817968
10002.866638000 0.826736 -0.324454 0.340026 0.151218 -0.380468 -0.410063 0.815000
10002.899971000 0.826789 -0.333210 0.346361 0.148011 -0.382099 -0.415330 0.812154
10002.933304000 0.825269 -0.342624 0.352510 0.143894 -0.383867 -0.420153 0.809575
10002.966637000 0.825182 -0.351684 0.358276 0.139612 -0.385736 -0.424368 0.807235
10002.999970000 0.824126 -0.360273 0.364028 0.135330 -0.387424 -0.429121 0.804639
10003.033303000 0.824119 -0.369800 0.369121 0.130714 -0.389548 -0.432900 0.802349
10003.066636000 0.824083 -0.378718 0.375022 0.125820 -0.391452 -0.436158 0.800438
10003.099969000 0.823858 -0.387572 0.380885 0.121033 -0.393277 -0.439837 0.798266
10003.133302000 0.824841 -0.394692 0.387587 0.116671 -0.395357 -0.442589 0.796364
10003.166635000 0.825705 -0.402479 0.393315 0.112257 -0.397410 -0.445239 0.794498
10003.199968000 0.828675 -0.410166 0.399036 0.107993 -0.399266 -0.447621 0.792818
10003.233301000 0.831756 -0.417676 0.404830 0.103962 -0.401258 -0.449788 0.791122
10003.266634000 0.837214 -0.425793 0.411014 0.100125 -0.403379 -0.451792 0.789395
10003.299967000 0.843279 -0.432655 0.417396 0.097168 -0.405521 -0.453108 0.787912
10003.333300000 0.860477 -0.446362 0.428945 0.092620 -0.409075 -0.456075 0.784904
10003.366633000 0.870148 -0.452086 0.435306 0.091128 -0.410888 -0.456647 0.783799
10003.399966000 0.881671 -0.458504 0.441801 0.089918 -0.412841 -0.457659 0.782321
10003.433299000 0.894603 -0.464594 0.447254 0.089357 -0.414570 -0.458151 0.781182
10003.466632000 0.907454 -0.469932 0.453740 0.089296 -0.415972 -0.458699 0.780121
10003.499965000 0.921099 -0.476217 0.459175 0.089198 -0.417398 -0.459922 0.778649
10003.533298000 0.933868 -0.481910 0.465170 0.089680 -0.418905 -0.460824 0.777250
10003.566631000 0.948162 -0.487546 0.470501 0.089889 -0.420283 -0.460967 0.776396
10003.599964000 0.960976 -0.493121 0.476834 0.090423 -0.421306 -0.462324 0.774972
10003.633297000 0.974196 -0.498658 0.481594 0.090886 -0.422458 -0.462867 0.773966
10003.666630000 0.985125 -0.503883 0.487258 0.091283 -0.423377 -0.463797 0.772859
10003.699963000 0.996524 -0.508883 0.492077 0.091804 -0.424085 -0.464780 0.771818
10003.733296000 1.005778 -0.514276 0.496513 0.092033 -0.424649 -0.466055 0.770712
10003.766629000 1.013793 -0.519500 0.500524 0.091904 -0.425105 -0.467600 0.769539
10003.799962000 1.020805 -0.525941 0.504218 0.091264 -0.425143 -0.469301 0.768558
10003.833295000 1.025172 -0.531294 0.508302 0.090836 -0.425402 -0.471287 0.767249
10003.866628000 1.027400 -0.536228 0.511659 0.089600 -0.425323 -0.473560 0.766037
10003.899961000 1.026772 -0.541911 0.514446 0.088035 -0.424880 -0.475702 0.765137
10003.933294000 1.024067 -0.548035 0.517129 0.085798 -0.424226 -0.478959 0.763721
10003.966627000 1.018403 -0.554004 0.517914 0.082707 -0.423095 -0.482351 0.762553
10003.999960000 0.997434 -0.566505 0.520147 0.074997 -0.420637 -0.490663 0.759401
10004.033293000 0.981696 -0.572260 0.519860 0.069992 -0.418478 -0.495326 0.758043
10004.066626000 0.963317 -0.579255 0.519761 0.064031 -0.416553 -0.500496 0.756232
10004.099959000 0.943309 -0.586337 0.519527 0.057980 -0.414563 -0.506187 0.754023
10004.133292000 0.920256 -0.592817 0.519039 0.050996 -0.411825 -0.511950 0.752135
10004.166625000 0.895697 -0.599690 0.517946 0.044005 -0.409097 -0.517897 0.749991
10004.199958000 0.868850 -0.608040 0.517622 0.036767 -0.406039 -0.524926 0.747151
10004.233291000 0.840847 -0.616208 0.516820 0.029006 -0.403109 -0.531916 0.744129
10004.266624000 0.812807 -0.624290 0.516270 0.021150 -0.399728 -0.538660 0.741361
10004.299957000 0.784202 -0.632526 0.516657 0.013086 -0.396805 -0.545109 0.738397
10004.333290000 0.755422 -0.640998 0.517687 0.005417 -0.393863 -0.552891 0.734271
10004.366623000 0.727253 -0.648831 0.520144 -0.001841 -0.390614 -0.560034 0.730602
10004.399956000 0.698250 -0.659045 0.521356 -0.009649 -0.387255 -0.567934 0.726217
10004.433289000 0.669185 -0.668073 0.524538 -0.017100 -0.383850 -0.574515 0.722703
10004.466622000 0.642723 -0.678447 0.528818 -0.023901 -0.381152 -0.582317 0.717676
10004.499955000 0.616719 -0.688684 0.533487 -0.030892 -0.377575 -0.589334 0.713560
10004.533288000 0.592965 -0.699872 0.540101 -0.037516 -0.374856 -0.595854 0.709249
10004.566621000 0.570974 -0.710999 0.548158 -0.043247 -0.372378 -0.602902 0.704253
10004.599954000 0.550726 -0.721777 0.557222 -0.048708 -0.369487 -0.609206 0.699983
10004.633287000 0.533171 -0.734181 0.567661 -0.054397 -0.366573 -0.614326 0.696613
10004.666620000 0.507271 -0.758145 0.595082 -0.062668 -0.362072 -0.624890 0.688832
10004.699953000 0.498659 -0.771360 0.610324 -0.066037 -0.359524 -0.628640 0.686436
10004.733286000 0.493159 -0.783921 0.627374 -0.069482 -0.357234 -0.631644 0.684531
10004.766619000 0.490115 -0.796625 0.645679 -0.072034 -0.354943 -0.633577 0.683672
10004.799952000 0.489761 -0.810165 0.666513 -0.074008 -0.353018 -0.634805 0.683318
10004.833285000 0.491134 -0.822891 0.686425 -0.075215 -0.351204 -0.636313 0.682719
10004.866618000 0.493982 -0.836310 0.706738 -0.076652 -0.348605 -0.635901 0.684273
10004.899951000 0.498641 -0.848941 0.728037 -0.077063 -0.346761 -0.634545 0.686419
10004.933284000 0.504922 -0.862327 0.750574 -0.077029 -0.345831 -0.632964 0.688348
10004.966617000 0.510749 -0.876225 0.772854 -0.077535 -0.343332 -0.628849 0.693296
10004.999950000 0.518685 -0.889187 0.796205 -0.076319 -0.342655 -0.624396 0.697777
10005.033283000 0.526963 -0.902356 0.818470 -0.074302 -0.342420 -0.619516 0.702443
10005.066616000 0.534922 -0.915835 0.840587 -0.071618 -0.342723 -0.614212 0.707217
10005.099949000 0.543890 -0.927250 0.861858 -0.067576 -0.342598 -0.605585 0.715071
10005.133282000 0.552539 -0.939775 0.882400 -0.062147 -0.344532 -0.597891 0.721084
10005.166615000 0.560265 -0.952247 0.902531 -0.054994 -0.347350 -0.590628 0.726279
10005.199948000 0.567211 -0.962815 0.921175 -0.045639 -0.351451 -0.580433 0.733142
10005.233281000 0.574880 -0.973984 0.939713 -0.034456 -0.359116 -0.573042 0.735847
10005.266614000 0.580762 -0.982872 0.955700 -0.022255 -0.365167 -0.562076 0.741774
10005.299947000 0.585852 -0.991768 0.970408 -0.006685 -0.376560 -0.554429 0.742136
10005.333280000 0.590990 -1.005820 0.993116 0.024429 -0.398454 -0.537517 0.742774
10005.366613000 0.591591 -1.011712 1.001835 0.039408 -0.411379 -0.531952 0.739082
10005.399946000 0.590452 -1.016511 1.009506 0.054084 -0.424349 -0.526355 0.734816
10005.433279000 0.588773 -1.020751 1.015634 0.068262 -0.437867 -0.521400 0.729215
10005.466612000 0.585173 -1.025443 1.020204 0.078221 -0.449996 -0.519966 0.721817
10005.499945000 0.580454 -1.028574 1.022709 0.087237 -0.459111 -0.516540 0.717491
10005.533278000 0.574831 -1.031265 1.024990 0.094770 -0.469421 -0.515627 0.710487
10005.566611000 0.568751 -1.033442 1.025912 0.101037 -0.478687 -0.514993 0.703870
10005.599944000 0.561576 -1.035682 1.026836 0.105490 -0.486241 -0.514909 0.698076
10005.633277000 0.553705 -1.038121 1.026202 0.108553 -0.493286 -0.516149 0.691719
10005.666610000 0.545165 -1.039474 1.025022 0.110647 -0.498128 -0.516840 0.687388
10005.699943000 0.536758 -1.041289 1.023140 0.112068 -0.503300 -0.518472 0.682141
10005.733276000 0.528660 -1.042374 1.020624 0.113235 -0.506962 -0.519365 0.678548
10005.766609000 0.519335 -1.043949 1.018657 0.113733 -0.511340 -0.521441 0.673570
10005.799942000 0.509947 -1.045579 1.016302 0.114080 -0.514367 -0.522872 0.670088
10005.833275000 0.501598 -1.048154 1.013540 0.114279 -0.517256 -0.524284 0.666718
10005.866608000 0.492312 -1.049666 1.011420 0.115066 -0.520279 -0.525070 0.663604
10005.899941000 0.483688 -1.052387 1.010116 0.115426 -0.522719 -0.525986 0.660894
10005.933274000 0.475921 -1.056034 1.007739 0.115139 -0.524943 -0.527643 0.657853
10005.966607000 0.468110 -1.059290 1.006445 0.115786 -0.526650 -0.527715 0.656315
10005.999940000 0.455056 -1.067955 1.006314 0.117766 -0.531247 -0.527817 0.652163
10006.033273000 0.449332 -1.072957 1.007712 0.119338 -0.533388 -0.526871 0.650893
10006.066606000 0.444497 -1.079205 1.009101 0.120415 -0.535501 -0.526571 0.649201
10006.099939000 0.440533 -1.085372 1.011389 0.122100 -0.537520 -0.525449 0.648126
10006.133272000 0.436466 -1.092312 1.014134 0.123860 -0.539511 -0.524233 0.647121
10006.166605000 0.433127 -1.100037 1.017678 0.125609 -0.541868 -0.523261 0.645600
10006.199938000 0.430605 -1.107313 1.022408 0.128101 -0.544884 -0.521673 0.643855
10006.233271000 0.428244 -1.115206 1.026281 0.129855 -0.546564 -0.520306 0.643185
10006.266604000 0.426148 -1.123991 1.031629 0.132247 -0.548913 -0.518381 0.642251
10006.299937000 0.424296 -1.132417 1.037019 0.134362 -0.551370 -0.516936 0.640870
10006.333270000 0.422340 -1.141032 1.042234 0.137051 -0.553787 -0.514713 0.640006
10006.366603000 0.421408 -1.149843 1.047485 0.139244 -0.555585 -0.512877 0.639448
10006.399936000 0.419118 -1.159387 1.053378 0.140944 -0.557561 -0.511629 0.638354
10006.433269000 0.417826 -1.168890 1.059461 0.143104 -0.559918 -0.509977 0.637132
10006.466602000 0.416615 -1.178625 1.065329 0.145033 -0.561984 -0.508540 0.636023
10006.499935000 0.415107 -1.187994 1.072090 0.146842 -0.564572 -0.507379 0.634241
10006.533268000 0.413172 -1.196995 1.077975 0.148419 -0.566171 -0.506139 0.633439
10006.566601000 0.412014 -1.206571 1.083860 0.149726 -0.568190 -0.505419 0.631897
10006.599934000 0.409733 -1.216130 1.089453 0.150714 -0.569969 -0.504895 0.630478
10006.633267000 0.407462 -1.225132 1.095976 0.151934 -0.571912 -0.504178 0.628996
10006.666600000 0.401245 -1.243257 1.107035 0.151639 -0.574612 -0.505603 0.625453
10006.699933000 0.397424 -1.251553 1.112118 0.150672 -0.575364 -0.507015 0.623851
10006.733266000 0.393430 -1.259122 1.117343 0.150166 -0.576442 -0.508162 0.622042
10006.766599000 0.389243 -1.268195 1.123096 0.148068 -0.577778 -0.511153 0.618847
10006.799932000 0.385346 -1.276252 1.127949 0.146501 -0.578941 -0.513493 0.616189
10006.833265000 0.380615 -1.284197 1.132398 0.144914 -0.580142 -0.515945 0.613381
10006.866598000 0.377195 -1.291375 1.136891 0.143418 -0.580790 -0.518073 0.611322
10006.899931000 0.372442 -1.299202 1.141536 0.140770 -0.581959 -0.521878 0.607578
10006.933264000 0.367811 -1.307079 1.146188 0.138715 -0.583027 -0.524926 0.604392
10006.966597000 0.364393 -1.314407 1.150549 0.137313 -0.584844 -0.527358 0.600829
10006.999930000 0.360566 -1.322469 1.155507 0.135459 -0.587074 -0.530560 0.596239
10007.033263000 0.357282 -1.329379 1.159645 0.134490 -0.588413 -0.532418 0.593475
10007.066596000 0.353759 -1.336632 1.164022 0.133878 -0.591074 -0.534098 0.589447
10007.099929000 0.351522 -1.344484 1.167691 0.133364 -0.592816 -0.535444 0.586586
10007.133262000 0.348986 -1.351831 1.172411 0.133773 -0.596318 -0.536047 0.582377
10007.166595000 0.347483 -1.359492 1.177237 0.135523 -0.600217 -0.534956 0.578961
10007.199928000 0.345969 -1.366956 1.181823 0.137734 -0.603558 -0.533135 0.576641
10007.233261000 0.345618 -1.374474 1.186912 0.140148 -0.607696 -0.531193 0.573496
10007.266594000 0.345931 -1.382354 1.191922 0.143872 -0.612241 -0.527499 0.571145
10007.299927000 0.346142 -1.390118 1.197087 0.147586 -0.616535 -0.523772 0.569004
10007.333260000 0.350548 -1.407245 1.208105 0.157613 -0.625878 -0.512849 0.566058
10007.366593000 0.355076 -1.415833 1.213579 0.163434 -0.630329 -0.506362 0.565307
10007.399926000 0.359039 -1.424908 1.219479 0.168861 -0.634550 -0.500160 0.564510
10007.433259000 0.364922 -1.433126 1.224395 0.174687 -0.637797 -0.493458 0.564976
10007.466592000 0.370203 -1.441997 1.230723 0.179573 -0.641434 -0.487928 0.564130
10007.499925000 0.376394 -1.451453 1.236358 0.184396 -0.643961 -0.482273 0.564558
10007.533258000 0.383758 -1.460833 1.242774 0.188954 -0.646802 -0.477058 0.564234
10007.566591000 0.390947 -1.470460 1.249494 0.192838 -0.649196 -0.472585 0.563934
10007.599924000 0.399073 -1.480055 1.256806 0.196654 -0.651200 -0.468077 0.564065
10007.633257000 0.406114 -1.490862 1.264287 0.199619 -0.652968 -0.464629 0.563831
10007.666590000 0.414143 -1.500421 1.271600 0.202087 -0.654461 -0.460854 0.564319
10007.699923000 0.421979 -1.510211 1.279178 0.204395 -0.655812 -0.458160 0.564112
10007.733256000 0.429935 -1.520717 1.286526 0.206171 -0.656625 -0.456121 0.564172
10007.766589000 0.437672 -1.531661 1.294698 0.207687 -0.657391 -0.454356 0.564149
10007.799922000 0.445430 -1.541955 1.302890 0.208654 -0.658024 -0.453179 0.564000
10007.833255000 0.453211 -1.553156 1.310384 0.209851 -0.658325 -0.452735 0.563561
10007.866588000 0.460791 -1.563988 1.318861 0.210216 -0.658524 -0.452293 0.563547
10007.899921000 0.467843 -1.574614 1.325681 0.210058 -0.658154 -0.452447 0.563916
10007.933254000 0.474860 -1.584250 1.332464 0.209764 -0.657845 -0.452876 0.564041
10007.966587000 0.480040 -1.595637 1.341463 0.208768 -0.657570 -0.453934 0.563880
10007.999920000 0.490704 -1.617126 1.355094 0.205930 -0.655848 -0.457322 0.564192
10008.033253000 0.496110 -1.627364 1.361278 0.204136 -0.654548 -0.459623 0.564484
10008.066586000 0.499008 -1.639199 1.369562 0.202090 -0.653551 -0.462788 0.563788
10008.099919000 0.502926 -1.649097 1.374895 0.199656 -0.651818 -0.465843 0.564146
10008.133252000 0.503615 -1.661082 1.382436 0.196604 -0.650697 -0.469264 0.563677
10008.166585000 0.505367 -1.671340 1.389077 0.193603 -0.649059 -0.472756 0.563687
10008.199918000 0.506914 -1.681161 1.394499 0.190589 -0.647154 -0.476405 0.563832
10008.233251000 0.506215 -1.691736 1.401297 0.187694 -0.645582 -0.480641 0.563008
10008.266584000 0.504877 -1.701243 1.407679 0.184415 -0.643892 -0.484494 0.562725
10008.299917000 0.503482 -1.710173 1.413843 0.181036 -0.641960 -0.488333 0.562711
10008.333250000 0.500708 -1.719301 1.418726 0.177565 -0.640174 -0.492495 0.562224
10008.366583000 0.497678 -1.727949 1.424103 0.173994 -0.638235 -0.496660 0.561882
10008.399916000 0.494030 -1.736509 1.428511 0.170506 -0.636282 -0.500767 0.561520
10008.433249000 0.488530 -1.743374 1.432393 0.167160 -0.634229 -0.504685 0.561342
10008.466582000 0.483105 -1.750832 1.436003 0.163540 -0.632215 -0.508890 0.560884
10008.499915000 0.477156 -1.756553 1.438864 0.160363 -0.630241 -0.512666 0.560584
10008.533248000 0.469519 -1.761386 1.440600 0.157277 -0.627934 -0.516249 0.560758
10008.566581000 0.460558 -1.766118 1.442579 0.153776 -0.626104 -0.519419 0.560848
10008.599914000 0.451753 -1.770816 1.444525 0.150881 -0.624618 -0.522758 0.560188
10008.633247000 0.441414 -1.772982 1.445534 0.148356 -0.622760 -0.525643 0.560232
10008.666580000 0.418553 -1.776750 1.444862 0.143308 -0.619886 -0.529592 0.561013
10008.699913000 0.404825 -1.776493 1.443975 0.141459 -0.618551 -0.531683 0.560978
10008.733246000 0.391294 -1.776713 1.442479 0.139624 -0.617525 -0.532795 0.561513
10008.766579000 0.377105 -1.775158 1.440932 0.138097 -0.616533 -0.533560 0.562255
10008.799912000 0.361061 -1.773880 1.437671 0.136592 -0.615543 -0.534370 0.562936
10008.833245000 0.345319 -1.771034 1.435016 0.136060 -0.614744 -0.534908 0.563428
10008.866578000 0.328269 -1.769063 1.432863 0.135189 -0.614498 -0.535025 0.563794
10008.899911000 0.310187 -1.767468 1.429395 0.134127 -0.614119 -0.535283 0.564216
10008.933244000 0.291066 -1.765185 1.426723 0.133706 -0.613929 -0.535718 0.564110
10008.966577000 0.270947 -1.762783 1.423907 0.133135 -0.613944 -0.535378 0.564552
10008.999910000 0.250585 -1.761839 1.420414 0.132705 -0.613794 -0.535834 0.564384
10009.033243000 0.230235 -1.760271 1.417807 0.132908 -0.614043 -0.535568 0.564317
10009.066576000 0.207927 -1.759311 1.414501 0.132444 -0.614357 -0.535310 0.564329
10009.099909000 0.185912 -1.759224 1.412588 0.132957 -0.615059 -0.535709 0.563064
10009.133242000 0.162551 -1.760945 1.410215 0.132626 -0.615628 -0.536101 0.562146
10009.166575000 0.137973 -1.762562 1.409363 0.132600 -0.616935 -0.536493 0.560343
10009.199908000 0.113984 -1.765272 1.408713 0.132703 -0.618158 -0.537435 0.558063
10009.233241000 0.088620 -1.769115 1.408417 0.132935 -0.619419 -0.538516 0.555562
10009.266574000 0.062665 -1.775267 1.408939 0.132395 -0.621171 -0.540477 0.551817
10009.299907000 0.035394 -1.782296 1.409486 0.132287 -0.622661 -0.542936 0.547735
10009.333240000 -0.017712 -1.800581 1.413147 0.131829 -0.627107 -0.549069 0.536545
10009.366573000 -0.046694 -1.812675 1.416466 0.131433 -0.630130 -0.553420 0.528571
10009.399906000 -0.074573 -1.824635 1.420097 0.130803 -0.632718 -0.558196 0.520553
10009.433239000 -0.103903 -1.839204 1.423504 0.129411 -0.635617 -0.564222 0.510781
10009.466572000 -0.133032 -1.852560 1.426953 0.128257 -0.638458 -0.570377 0.500591
10009.499905000 -0.164542 -1.867471 1.431667 -0.127166 0.641956 0.577320 -0.488286
10009.533238000 -0.193321 -1.881362 1.434829 -0.125589 0.645206 0.584604 -0.475577
10009.566571000 -0.223810 -1.893272 1.437892 -0.124136 0.647819 0.592657 -0.462254
10009.599904000 -0.254725 -1.906261 1.440357 -0.122213 0.650158 0.601601 -0.447700
10009.633237000 -0.285095 -1.916935 1.442274 -0.120621 0.651949 0.610331 -0.433484
10009.666570000 -0.316294 -1.926623 1.442414 -0.118308 0.652764 0.621088 -0.417314
10009.699903000 -0.347609 -1.935048 1.441420 -0.116188 0.653104 0.631242 -0.401857
10009.733236000 -0.379218 -1.939950 1.440006 -0.113644 0.651981 0.642353 -0.386509
10009.766569000 -0.409944 -1.942299 1.437097 -0.111333 0.649440 0.652878 -0.373608
10009.799902000 -0.442112 -1.942176 1.432459 -0.108474 0.644995 0.664236 -0.361946
10009.833235000 -0.474286 -1.938884 1.425335 -0.105493 0.638095 0.677126 -0.351009
10009.866568000 -0.504796 -1.931485 1.416638 -0.102015 0.628018 0.690096 -0.344897
10009.899901000 -0.533763 -1.919321 1.406610 -0.099015 0.615923 0.702691 -0.342142
10009.933234000 -0.564838 -1.904844 1.392205 -0.094317 0.598676 0.716609 -0.345199
10009.966567000 -0.596540 -1.885865 1.375439 -0.088629 0.578596 0.729008 -0.354850
10009.999900000 -0.657924 -1.833920 1.334820 -0.072788 0.527452 0.742550 -0.406345
10010.033233000 -0.689016 -1.801925 1.312185 -0.062163 0.498558 0.740158 -0.446924
10010.066566000 -0.719493 -1.765717 1.285881 0.048111 -0.467818 -0.724755 0.503549
10010.099899000 -0.750125 -1.726992 1.257077 0.033318 -0.438155 -0.698008 0.565416
10010.133232000 -0.779238 -1.685937 1.225084 0.019156 -0.409870 -0.655648 0.633850
10010.166565000 -0.806814 -1.640743 1.196049 0.007661 -0.384456 -0.602593 0.699297
10010.199898000 -0.835933 -1.596716 1.166003 0.000672 -0.362959 -0.549279 0.752697
10010.233231000 -0.864936 -1.550979 1.131927 -0.000667 -0.344648 -0.500790 0.793994
10010.266564000 -0.893980 -1.505504 1.096069 0.000207 -0.328967 -0.456184 0.826848
10010.299897000 -0.922876 -1.458197 1.062239 0.004612 -0.316342 -0.420431 0.850379
10010.333230000 -0.950107 -1.415642 1.027988 0.009640 -0.307337 -0.391054 0.867484
10010.366563000 -0.976695 -1.373324 0.995729 0.015143 -0.300649 -0.368431 0.879568
10010.399896000 -1.003667 -1.332373 0.965234 0.021310 -0.295485 -0.351799 0.887959
10010.433229000 -1.030153 -1.293810 0.935571 0.026239 -0.290975 -0.336957 0.895045
10010.466562000 -1.056194 -1.259258 0.908292 0.029977 -0.287509 -0.324767 0.900537
10010.499895000 -1.081397 -1.228311 0.883452 0.033430 -0.285071 -0.317221 0.903874
10010.533228000 -1.107925 -1.202212 0.861291 0.035474 -0.283150 -0.311766 0.906295
10010.566561000 -1.132729 -1.179763 0.843406 0.037499 -0.281687 -0.307303 0.908191
10010.599894000 -1.157777 -1.162971 0.827848 0.038149 -0.280402 -0.304717 0.909432
10010.633227000 -1.182198 -1.153453 0.818017 0.037895 -0.280253 -0.305412 0.909256
10010.666560000 -1.229020 -1.152786 0.812378 0.034291 -0.279611 -0.307873 0.908766
10010.699893000 -1.250703 -1.163796 0.816469 0.030986 -0.280482 -0.312035 0.907196
10010.733226000 -1.273185 -1.180626 0.824974 0.026953 -0.281118 -0.318200 0.904983
10010.766559000 -1.295198 -1.204465 0.836737 0.021286 -0.281877 -0.323943 0.902859
10010.799892000 -1.315469 -1.232492 0.852610 0.015975 -0.283373 -0.332094 0.899532
10010.833225000 -1.336428 -1.265196 0.872204 0.009965 -0.284833 -0.341284 0.895710
10010.866558000 -1.355824 -1.302605 0.893406 0.003303 -0.286474 -0.353343 0.890545
10010.899891000 -1.373468 -1.343890 0.918749 -0.003116 -0.289390 -0.366903 0.884096
10010.933224000 -1.391162 -1.388364 0.945813 -0.009828 -0.292274 -0.381689 0.876808
10010.966557000 -1.405970 -1.432635 0.974487 -0.015660 -0.296092 -0.397416 0.868415
10010.999890000 -1.422835 -1.482805 1.004982 -0.022130 -0.300031 -0.416337 0.857995
10011.033223000 -1.437535 -1.536048 1.036207 -0.027771 -0.305238 -0.438321 0.844946
10011.066556000 -1.448918 -1.584774 1.067896 -0.031190 -0.310798 -0.461772 0.830180
10011.099889000 -1.458897 -1.634799 1.099894 -0.032938 -0.317140 -0.488275 0.812358
10011.133222000 -1.467510 -1.683852 1.132410 -0.033565 -0.324201 -0.513730 0.793630
10011.166555000 -1.474241 -1.733417 1.163821 -0.032457 -0.331624 -0.540786 0.772349
10011.199888000 -1.479657 -1.779744 1.195340 -0.029555 -0.339455 -0.568050 0.749144
10011.233221000 -1.483544 -1.824966 1.219390 -0.025233 -0.345514 -0.592969 0.726891
10011.266554000 -1.485541 -1.870635 1.247175 -0.019629 -0.353628 -0.618023 0.701862
10011.299887000 -1.484739 -1.913398 1.273641 -0.013852 -0.360932 -0.636864 0.681132
10011.333220000 -1.479539 -1.990882 1.321897 -0.002887 -0.374061 -0.661115 0.650382
10011.366553000 -1.475573 -2.025098 1.342698 0.001861 -0.379357 -0.666134 0.642145
10011.399886000 -1.468977 -2.056933 1.362421 0.006594 -0.384354 -0.668937 0.636200
10011.433219000 -1.461570 -2.085745 1.381367 0.010738 -0.388727 -0.668116 0.634348
10011.466552000 -1.454279 -2.111743 1.396915 0.014459 -0.392042 -0.664263 0.636277
10011.499885000 -1.445462 -2.135568 1.412565 0.018983 -0.395088 -0.659942 0.638765
10011.533218000 -1.436892 -2.157314 1.425638 0.022606 -0.397744 -0.654150 0.642944
10011.566551000 -1.427568 -2.175928 1.438293 0.026128 -0.399667 -0.646523 0.649301
10011.599884000 -1.418651 -2.193531 1.448716 0.029685 -0.401292 -0.637856 0.656676
10011.633217000 -1.410105 -2.208061 1.458677 0.033015 -0.402255 -0.629710 0.663752
10011.666550000 -1.401504 -2.221853 1.466161 0.036305 -0.403175 -0.620363 0.671774
10011.699883000 -1.394036 -2.234262 1.473211 0.039330 -0.403539 -0.612374 0.678681
10011.733216000 -1.387545 -2.246124 1.480960 0.042893 -0.404439 -0.604515 0.684947
10011.766549000 -1.382319 -2.256473 1.486607 0.045502 -0.404258 -0.597390 0.691108
10011.799882000 -1.378124 -2.266507 1.491815 0.047803 -0.403983 -0.590933 0.696643
10011.833215000 -1.374950 -2.276583 1.497972 0.050384 -0.404493 -0.586295 0.700075
10011.866548000 -1.374662 -2.286089 1.502085 0.051990 -0.404144 -0.581813 0.703888
10011.899881000 -1.376293 -2.295048 1.506704 0.053251 -0.403774 -0.579129 0.706216
10011.933214000 -1.379332 -2.304587 1.511398 0.053606 -0.403342 -0.577640 0.707654
10011.966547000 -1.385082 -2.314986 1.515089 0.053539 -0.402745 -0.577915 0.707774
10011.999880000 -1.406086 -2.337416 1.524027 0.050765 -0.401256 -0.583910 0.703893
10012.033213000 -1.420251 -2.348441 1.526925 0.048698 -0.399991 -0.589970 0.699694
10012.066546000 -1.437158 -2.361244 1.531009 0.045436 -0.398879 -0.598075 0.693641
10012.099879000 -1.456731 -2.375456 1.535235 0.041822 -0.397902 -0.608334 0.685459
10012.133212000 -1.477871 -2.389304 1.539076 0.037791 -0.396783 -0.620419 0.675437
10012.166545000 -1.502434 -2.403205 1.543420 0.033454 -0.395343 -0.633797 0.663993
10012.199878000 -1.528014 -2.418218 1.547023 0.029271 -0.394283 -0.650129 0.648858
10012.233211000 -1.554779 -2.433086 1.550384 0.025224 -0.393032 -0.668416 0.630959
10012.266544000 -1.582823 -2.447765 1.554579 0.022025 -0.392149 -0.689318 0.608749
10012.299877000 -1.611423 -2.461826 1.556785 0.019470 -0.390762 -0.711173 0.584089
10012.333210000 -1.641034 -2.475720 1.560629 0.018609 -0.390118 -0.735978 0.552990
10012.366543000 -1.670664 -2.489206 1.563059 0.019149 -0.389206 -0.761924 0.517324
10012.399876000 -1.699762 -2.499304 1.563889 -0.022079 0.387664 0.788468 -0.477019
10012.433209000 -1.732433 -2.512261 1.566418 -0.025933 0.386890 0.816051 -0.428608
10012.466542000 -1.765039 -2.524321 1.567492 -0.032346 0.385997 0.843604 -0.371877
10012.499875000 -1.795924 -2.534679 1.569145 -0.041146 0.384984 0.868142 -0.310523
10012.533208000 -1.813440 -2.535045 1.569885 -0.055712 0.382200 0.888050 -0.249373
10012.566541000 -1.845177 -2.543068 1.568007 -0.066403 0.378742 0.905571 -0.179128
10012.599874000 -1.879925 -2.551752 1.566122 -0.075652 0.375674 0.917032 -0.110445
10012.633207000 -1.911194 -2.558330 1.564181 -0.085913 0.372067 0.923297 -0.041313
10012.666540000 -1.958989 -2.572823 1.567091 -0.107701 0.364997 0.920977 0.083537
10012.699873000 -1.984838 -2.575188 1.564191 -0.115685 0.359544 0.915129 0.141013
10012.733206000 -2.009323 -2.576851 1.558168 -0.123147 0.352129 0.906458 0.197923
10012.766539000 -2.030357 -2.579528 1.556445 -0.130714 0.346182 0.894939 0.249311
10012.799872000 -2.051353 -2.578796 1.550798 -0.136703 0.338442 0.881864 0.298471
10012.833205000 -2.073271 -2.577427 1.545540 -0.141192 0.330976 0.867157 0.344323
10012.866538000 -2.093839 -2.573014 1.538820 -0.144320 0.323456 0.851581 0.386469
10012.899871000 -2.114153 -2.567542 1.528557 -0.146156 0.314921 0.834925 0.427040
10012.933204000 -2.133184 -2.561600 1.518288 -0.147349 0.306454 0.817320 0.465148
10012.966537000 -2.153628 -2.553945 1.508513 -0.146952 0.299150 0.799789 0.499251
10012.999870000 -2.173171 -2.547325 1.499522 -0.145613 0.293463 0.782482 0.529525
10013.033203000 -2.192387 -2.538545 1.489043 -0.143538 0.287307 0.765546 0.557486
10013.066536000 -2.211199 -2.530173 1.479029 -0.140720 0.282977 0.749966 0.581097
10013.099869000 -2.228334 -2.519900 1.467306 -0.137625 0.278434 0.735349 0.602326
10013.133202000 -2.246642 -2.510443 1.456300 -0.133678 0.275498 0.721060 0.621533
10013.166535000 -2.261886 -2.500497 1.445327 -0.129806 0.273544 0.709794 0.636016
10013.199868000 -2.277076 -2.489234 1.432776 -0.125791 0.271294 0.698510 0.650123
10013.233201000 -2.291655 -2.478540 1.421877 -0.121847 0.270790 0.689967 0.660130
10013.266534000 -2.305531 -2.467178 1.408956 -0.117285 0.271400 0.682660 0.668252
10013.299867000 -2.317749 -2.456665 1.396587 -0.113761 0.272686 0.677639 0.673429
10013.333200000 -2.342426 -2.434943 1.373243 -0.106665 0.278944 0.672319 0.677348
10013.366533000 -2.353322 -2.423698 1.361961 -0.103329 0.283386 0.671906 0.676431
10013.399866000 -2.363434 -2.412642 1.350169 -0.100448 0.288765 0.673460 0.673036
10013.433199000 -2.372806 -2.400991 1.337743 -0.097588 0.294529 0.675223 0.669181
10013.466532000 -2.380959 -2.390202 1.326668 -0.095267 0.300778 0.678208 0.663694
10013.499865000 -2.388570 -2.378877 1.315312 -0.093280 0.307694 0.682024 0.656861
10013.533198000 -2.396311 -2.368703 1.303312 -0.091030 0.315239 0.686061 0.649352
10013.566531000 -2.403070 -2.357177 1.291895 -0.088985 0.322694 0.690146 0.641599
10013.599864000 -2.408959 -2.345653 1.280956 -0.087254 0.330215 0.694537 0.633216
10013.633197000 -2.413590 -2.333364 1.269878 -0.085996 0.337433 0.699151 0.624445
10013.666530000 -2.418189 -2.321192 1.258785 -0.084564 0.345278 0.703748 0.615118
10013.699863000 -2.422859 -2.308988 1.247769 -0.082983 0.352748 0.707573 0.606649
10013.733196000 -2.426997 -2.296050 1.237681 -0.081675 0.360301 0.711895 0.597258
10013.766529000 -2.429459 -2.283416 1.227363 -0.080720 0.367352 0.715636 0.588559
10013.799862000 -2.431888 -2.270076 1.217099 -0.079899 0.374412 0.719641 0.579266
10013.833195000 -2.434146 -2.255827 1.206523 -0.078924 0.380674 0.722576 0.571614
10013.866528000 -2.435627 -2.241687 1.196468 -0.078153 0.386468 0.725396 0.564212
10013.899861000 -2.437093 -2.226452 1.185652 -0.077451 0.391572 0.727951 0.557458
10013.933194000 -2.438951 -2.210786 1.176103 -0.076638 0.396873 0.730135 0.550927
10013.966527000 -2.439050 -2.194543 1.166094 -0.076424 0.400704 0.732195 0.545424
10013.999860000 -2.440321 -2.159549 1.147495 -0.075649 0.407067 0.735024 0.536948
10014.033193000 -2.439563 -2.141031 1.138157 -0.075873 0.408737 0.736309 0.533880
10014.066526000 -2.440037 -2.121838 1.129049 -0.075537 0.410405 0.736739 0.532051
10014.099859000 -2.439296 -2.101663 1.119714 -0.075745 0.410919 0.737344 0.530784
10014.133192000 -2.437504 -2.081907 1.110921 -0.076033 0.411146 0.737847 0.529867
10014.166525000 -2.435716 -2.060497 1.102505 -0.076280 0.410817 0.738026 0.529838
10014.199858000 -2.433875 -2.039865 1.093625 -0.076553 0.410105 0.737859 0.530583
10014.233191000 -2.430659 -2.018019 1.085062 -0.076904 0.409267 0.737680 0.531427
10014.266524000 -2.427468 -1.996594 1.075636 -0.077416 0.407551 0.737363 0.533109
10014.299857000 -2.423120 -1.973715 1.066886 -0.077756 0.405800 0.736745 0.535245
10014.333190000 -2.418582 -1.951658 1.057350 -0.078147 0.403572 0.735763 0.538215
10014.366523000 -2.412812 -1.928579 1.047712 -0.078539 0.400938 0.734582 0.541728
10014.399856000 -2.406260 -1.905813 1.038558 -0.079183 0.397961 0.733459 0.545339
10014.433189000 -2.399528 -1.882777 1.029031 -0.079313 0.395560 0.731994 0.549023
10014.466522000 -2.391073 -1.859818 1.018429 -0.079720 0.392050 0.730024 0.554081
10014.499855000 -2.382468 -1.836292 1.009379 -0.079640 0.389289 0.727943 0.558758
10014.533188000 -2.373063 -1.813482 0.998433 -0.079683 0.385684 0.725423 0.564500
10014.566521000 -2.362149 -1.790039 0.989103 -0.079647 0.382535 0.722814 0.569968
10014.599854000 -2.350027 -1.767367 0.977348 -0.079551 0.379255 0.720099 0.575583
10014.633187000 -2.336952 -1.744615 0.965572 -0.079082 0.375677 0.716703 0.582194
10014.666520000 -2.308721 -1.700716 0.944143 -0.077389 0.370026 0.709165 0.595127
10014.699853000 -2.292413 -1.678616 0.931842 -0.076227 0.366885 0.704844 0.602312
10014.733186000 -2.275919 -1.656369 0.919169 -0.074787 0.364160 0.700506 0.609168
10014.766519000 -2.258435 -1.635700 0.906661 -0.073114 0.361635 0.695880 0.616138
10014.799852000 -2.239658 -1.614513 0.894147 -0.071221 0.359260 0.690971 0.623232
10014.833185000 -2.221238 -1.594419 0.881287 -0.068846 0.357507 0.686070 0.629886
10014.866518000 -2.201623 -1.574086 0.868644 -0.066548 0.355541 0.681357 0.636329
10014.899851000 -2.183162 -1.555732 0.856243 -0.063772 0.354858 0.676361 0.642296
10014.933184000 -2.163598 -1.535914 0.843626 -0.060770 0.354130 0.671488 0.648077
10014.966517000 -2.144297 -1.518277 0.831064 -0.058007 0.354000 0.667540 0.652464
10014.999850000 -2.125824 -1.499587 0.817637 -0.054498 0.354100 0.662918 0.657406
10015.033183000 -2.107779 -1.482713 0.805243 -0.051042 0.354960 0.658958 0.661190
10015.066516000 -2.089848 -1.465091 0.793506 -0.047418 0.356722 0.655627 0.663817
10015.099849000 -2.071894 -1.448933 0.781222 -0.043895 0.358760 0.652701 0.665843
10015.133182000 -2.055183 -1.433555 0.769378 -0.040735 0.361394 0.650625 0.666649
10015.166515000 -2.040005 -1.418689 0.758408 -0.037236 0.365152 0.648882 0.666505
10015.199848000 -2.025472 -1.404059 0.746259 -0.034079 0.368839 0.647486 0.666001
10015.233181000 -2.011588 -1.390764 0.735773 -0.031503 0.374051 0.647773 0.662936
10015.266514000 -1.999808 -1.378560 0.724977 -0.029452 0.379628 0.648693 0.658948
10015.299847000 -1.988656 -1.366376 0.715602 -0.027300 0.386099 0.650128 0.653847
10015.333180000 -1.972874 -1.345261 0.698184 -0.024570 0.400938 0.655660 0.639339
10015.366513000 -1.966553 -1.336928 0.689407 -0.024427 0.408555 0.659364 0.630655
10015.399846000 -1.962969 -1.328122 0.682063 -0.023953 0.417091 0.663030 0.621170
10015.433179000 -1.960016 -1.320591 0.675448 -0.023715 0.425926 0.667136 0.610699
10015.466512000 -1.957967 -1.313117 0.668465 -0.024393 0.434102 0.671691 0.599827
10015.499845000 -1.957386 -1.306012 0.662618 -0.024701 0.442462 0.675662 0.589150
10015.533178000 -1.957294 -1.299638 0.657254 -0.025482 0.450780 0.680076 0.577619
10015.566511000 -1.956931 -1.292934 0.651668 -0.026328 0.458446 0.684198 0.566575
10015.599844000 -1.957922 -1.285834 0.646542 -0.027056 0.465578 0.687764 0.556314
10015.633177000 -1.959178 -1.279591 0.641823 -0.027843 0.472747 0.691319 0.545723
10015.666510000 -1.959451 -1.273430 0.637623 -0.029166 0.478843 0.694905 0.535691
10015.699843000 -1.960656 -1.265598 0.633400 -0.029970 0.484523 0.697755 0.526761
10015.733176000 -1.961110 -1.259329 0.629889 -0.031180 0.490050 0.700794 0.517462
10015.766509000 -1.960262 -1.253257 0.626157 -0.032643 0.494901 0.703651 0.508806
10015.799842000 -1.959598 -1.245658 0.622464 -0.033997 0.498840 0.706474 0.500896
10015.833175000 -1.957985 -1.237741 0.620285 -0.035046 0.502822 0.708708 0.493633
10015.866508000 -1.955061 -1.229133 0.617063 -0.036585 0.505601 0.711241 0.486996
10015.899841000 -1.951171 -1.220819 0.613736 -0.038228 0.508232 0.713528 0.480746
10015.933174000 -1.946010 -1.211306 0.610628 -0.039779 0.510240 0.715729 0.475189
10015.966507000 -1.938841 -1.200817 0.609422 -0.041380 0.511941 0.717673 0.470265
10015.999840000 -1.919948 -1.176654 0.605030 -0.044866 0.512883 0.722211 0.461898
10016.033173000 -1.907831 -1.162018 0.603053 -0.046552 0.512267 0.724216 0.459268
10016.066506000 -1.893987 -1.147248 0.601831 -0.048216 0.511842 0.726345 0.456198
10016.099839000 -1.879430 -1.131285 0.598702 -0.050013 0.510028 0.728498 0.454600
10016.133172000 -1.862921 -1.114258 0.596649 -0.052075 0.507763 0.730915 0.453022
10016.166505000 -1.845462 -1.097314 0.594966 -0.054035 0.505700 0.733169 0.451454
10016.199838000 -1.826380 -1.079064 0.591882 -0.056337 0.501885 0.735712 0.451293
10016.233171000 -1.806384 -1.060435 0.589966 -0.058703 0.498358 0.738314 0.450650
10016.266504000 -1.785934 -1.041045 0.587530 -0.061114 0.494039 0.740814 0.450982
10016.299837000 -1.765844 -1.021839 0.585288 -0.063396 0.489215 0.742853 0.452570
10016.333170000 -1.743942 -1.002442 0.581961 -0.066233 0.483912 0.745384 0.453702
10016.366503000 -1.722878 -0.982240 0.579634 -0.068872 0.477963 0.747465 0.456185
10016.399836000 -1.700932 -0.961711 0.575542 -0.071547 0.471233 0.749464 0.459482
10016.433169000 -1.679195 -0.940895 0.572564 -0.074351 0.464150 0.751109 0.463542
10016.466502000 -1.658422 -0.920964 0.569061 -0.077307 0.456705 0.752355 0.468407
10016.499835000 -1.637043 -0.902123 0.567352 -0.080804 0.449041 0.753339 0.473618
10016.533168000 -1.616707 -0.882636 0.563033 -0.083926 0.440170 0.753387 0.481263
10016.566501000 -1.596655 -0.860230 0.558793 -0.086719 0.430796 0.753437 0.489108
10016.599834000 -1.576342 -0.840530 0.554423 -0.089993 0.420797 0.752633 0.498372
10016.633167000 -1.558202 -0.820070 0.549554 -0.092855 0.410283 0.750638 0.509498
10016.666500000 -1.524720 -0.781170 0.537055 -0.098111 0.388729 0.744114 0.534376
10016.699833000 -1.508922 -0.762253 0.529856 -0.100550 0.377426 0.739079 0.548819
10016.733166000 -1.494350 -0.743930 0.521987 -0.102661 0.366359 0.733074 0.563777
10016.766499000 -1.479857 -0.725261 0.512422 -0.104412 0.354530 0.725665 0.580359
10016.799832000 -1.465754 -0.708940 0.503157 -0.105783 0.344294 0.717848 0.595790
10016.833165000 -1.452896 -0.692142 0.494473 -0.106880 0.333418 0.708422 0.612819
10016.866498000 -1.440193 -0.675778 0.485996 -0.107708 0.323586 0.698362 0.629271
10016.899831000 -1.427574 -0.658378 0.477849 -0.107624 0.314482 0.688341 0.644752
10016.933164000 -1.415714 -0.640515 0.468405 -0.106978 0.305331 0.677259 0.660794
10016.966497000 -1.403180 -0.622537 0.460594 -0.105829 0.298043 0.667521 0.674082
10016.999830000 -1.390339 -0.604345 0.452261 -0.104292 0.290584 0.656632 0.688126
10017.033163000 -1.377385 -0.585359 0.443383 -0.102512 0.283961 0.646812 0.700351
10017.066496000 -1.363659 -0.566767 0.434374 -0.100585 0.278461 0.638135 0.710722
10017.099829000 -1.349523 -0.546985 0.425535 -0.097891 0.273578 0.629047 0.721021
10017.133162000 -1.333759 -0.527612 0.417530 -0.095643 0.269621 0.621473 0.729334
10017.166495000 -1.317265 -0.507264 0.407959 -0.093415 0.265976 0.614660 0.736698
10017.199828000 -1.300100 -0.486851 0.399607 -0.091057 0.263670 0.609051 0.742458
10017.233161000 -1.280458 -0.466553 0.390736 -0.089347 0.261599 0.604357 0.747219
10017.266494000 -1.261273 -0.445154 0.382830 -0.086978 0.260957 0.600727 0.750642
10017.299827000 -1.238483 -0.424105 0.374651 -0.085495 0.260389 0.598045 0.753147
10017.333160000 -1.189381 -0.377809 0.360605 -0.083535 0.261200 0.596231 0.754523
10017.366493000 -1.162607 -0.355212 0.352997 -0.082978 0.263230 0.597461 0.752904
10017.399826000 -1.134011 -0.332298 0.346885 -0.082642 0.265680 0.599316 0.750603
10017.433159000 -1.104532 -0.309274 0.340726 -0.082394 0.268268 0.601083 0.748294
10017.466492000 -1.072729 -0.286863 0.335179 -0.083289 0.271239 0.604338 0.744491
10017.499825000 -1.041227 -0.264187 0.330033 -0.083706 0.274690 0.608128 0.740080
10017.533158000 -1.008636 -0.240883 0.324610 -0.084440 0.277988 0.612045 0.735523
10017.566491000 -0.976958 -0.219518 0.320482 -0.084622 0.282763 0.616706 0.729766
10017.599824000 -0.943893 -0.198155 0.316400 -0.085334 0.287097 0.621561 0.723848
10017.633157000 -0.911318 -0.178229 0.313366 -0.085949 0.291856 0.626862 0.717270
10017.666490000 -0.879227 -0.159307 0.310831 -0.086470 0.296727 0.632051 0.710624
10017.699823000 -0.847545 -0.141027 0.308818 -0.087180 0.300947 0.636870 0.704434
10017.733156000 -0.815923 -0.124741 0.308053 -0.087953 0.305732 0.642009 0.697579
10017.766489000 -0.786077 -0.110055 0.307425 -0.088084 0.310778 0.646776 0.690897
10017.799822000 -0.755218 -0.095216 0.306648 -0.088428 0.314341 0.651269 0.684995
10017.833155000 -0.730311 -0.082738 0.309143 -0.087721 0.319436 0.655630 0.678539
10017.866488000 -0.705643 -0.073771 0.312350 -0.087718 0.324268 0.659476 0.672493
10017.899821000 -0.680825 -0.067525 0.315096 -0.088132 0.327838 0.662423 0.667795
10017.933154000 -0.659746 -0.063544 0.318704 -0.087707 0.331928 0.665244 0.663010
10017.966487000 -0.639243 -0.060811 0.323351 -0.087517 0.334399 0.667098 0.659923
10017.999820000 -0.607559 -0.064661 0.335426 -0.086087 0.338756 0.668886 0.656068
10018.033153000 -0.596330 -0.071138 0.342892 -0.085157 0.340506 0.669097 0.655067
10018.066486000 -0.586878 -0.079858 0.351334 -0.084407 0.341510 0.669019 0.654721
10018.099819000 -0.579070 -0.089224 0.360264 -0.083274 0.341618 0.668290 0.655554
10018.133152000 -0.572643 -0.101527 0.370274 -0.082207 0.341173 0.666981 0.657252
10018.166485000 -0.569013 -0.116616 0.381148 -0.080983 0.341476 0.665892 0.658349
10018.199818000 -0.565852 -0.132903 0.392820 -0.080114 0.341329 0.664676 0.659759
10018.233151000 -0.563817 -0.148832 0.404149 -0.078904 0.340088 0.663010 0.662218
10018.266484000 -0.562625 -0.167952 0.416797 -0.078185 0.339193 0.661864 0.663906
10018.299817000 -0.561653 -0.187684 0.428903 -0.077324 0.338138 0.660518 0.665882
10018.333150000 -0.561752 -0.207891 0.441974 -0.076243 0.336912 0.659408 0.667726
10018.366483000 -0.562272 -0.230304 0.455723 -0.075676 0.336193 0.658194 0.669349
10018.399816000 -0.561372 -0.252722 0.469737 -0.075761 0.335089 0.657561 0.670514
10018.433149000 -0.560957 -0.274821 0.483848 -0.075674 0.334522 0.657259 0.671103
10018.466482000 -0.560336 -0.297232 0.497700 -0.075989 0.333344 0.656891 0.672013
10018.499815000 -0.558248 -0.319739 0.512875 -0.077136 0.332918 0.657056 0.671933
10018.533148000 -0.555268 -0.341235 0.526756 -0.077785 0.332509 0.657965 0.671170
10018.566481000 -0.551212 -0.362243 0.540934 -0.078842 0.332435 0.659824 0.669256
10018.599814000 -0.545495 -0.383151 0.555872 -0.080600 0.332645 0.662602 0.666190
10018.633147000 -0.537379 -0.402302 0.570299 -0.082577 0.333169 0.666120 0.662166
10018.666480000 -0.516293 -0.436958 0.598947 -0.088171 0.335822 0.676578 0.649378
10018.699813000 -0.502512 -0.451669 0.613414 -0.091195 0.337981 0.682771 0.641308
10018.733146000 -0.487710 -0.464985 0.627668 -0.094886 0.340220 0.689898 0.631892
10018.766479000 -0.470609 -0.477760 0.642017 -0.098553 0.343695 0.698914 0.619419
10018.799812000 -0.453093 -0.489052 0.657099 -0.102448 0.347643 0.708655 0.605357
10018.833145000 -0.435521 -0.496772 0.672345 -0.105238 0.351999 0.718878 0.590116
10018.866478000 -0.416921 -0.504447 0.687605 -0.108722 0.356424 0.729756 0.573234
10018.899811000 -0.394959 -0.511937 0.700971 -0.112899 0.361379 0.741458 0.553984
10018.933144000 -0.372105 -0.517981 0.712147 -0.116604 0.365840 0.753862 0.533157
10018.966477000 -0.348014 -0.524506 0.723716 -0.120368 0.370800 0.767210 0.509321
10018.999810000 -0.323838 -0.529342 0.734456 -0.123387 0.375985 0.781188 0.482863
10019.033143000 -0.298771 -0.533315 0.744400 -0.126330 0.380973 0.794464 0.455771
10019.066476000 -0.275006 -0.537430 0.754143 -0.128626 0.386466 0.807473 0.426717
10019.099809000 -0.250126 -0.539595 0.763363 -0.130675 0.391746 0.821218 0.393778
10019.133142000 -0.225622 -0.541994 0.772589 -0.132099 0.396948 0.833925 0.359932
10019.166475000 -0.199722 -0.543255 0.780248 -0.133608 0.401846 0.845931 0.324145
10019.199808000 -0.177796 -0.544245 0.786521 -0.133319 0.406445 0.857486 0.285914
10019.233141000 -0.155110 -0.544973 0.793581 -0.132320 0.411237 0.868228 0.244040
10019.266474000 -0.140178 -0.548133 0.800878 -0.129261 0.416519 0.876860 0.202288
10019.299807000 -0.131698 -0.550989 0.807297 -0.122869 0.421575 0.884597 0.157053
10019.333140000 -0.123516 -0.558703 0.821962 -0.106413 0.430886 0.893978 0.061778
10019.366473000 -0.108250 -0.558949 0.823731 -0.100549 0.431544 0.896429 0.008635
10019.399806000 -0.097090 -0.558339 0.825832 -0.093049 0.431753 0.895996 -0.046076
10019.433139000 -0.084856 -0.557685 0.826955 -0.084854 0.431765 0.891853 -0.104767
10019.466472000 -0.073541 -0.557034 0.827169 -0.077203 0.430816 0.884710 -0.160390
10019.499805000 -0.062415 -0.557187 0.829355 -0.068335 0.430649 0.872601 -0.220087
10019.533138000 -0.052495 -0.555945 0.830507 -0.060083 0.429700 0.857304 -0.277087
10019.566471000 -0.044757 -0.555746 0.829771 -0.051605 0.427932 0.838913 -0.332320
10019.599804000 -0.036282 -0.556084 0.830256 -0.044303 0.426433 0.817480 -0.384602
10019.633137000 -0.028705 -0.555684 0.831374 -0.038809 0.424523 0.795081 -0.431415
10019.666470000 -0.021776 -0.555983 0.832602 -0.033982 0.422860 0.771794 -0.473676
10019.699803000 -0.014951 -0.556011 0.831808 0.031348 -0.420512 -0.748792 0.511369
10019.733136000 -0.009314 -0.557110 0.833473 0.028799 -0.418510 -0.726265 0.544572
10019.766469000 -0.003230 -0.559187 0.835727 0.027873 -0.417276 -0.704520 0.573372
10019.799802000 0.002135 -0.560849 0.837830 0.026797 -0.415505 -0.682862 0.600280
10019.833135000 0.007212 -0.563258 0.840047 0.027140 -0.413444 -0.662884 0.623629
10019.866468000 0.011941 -0.566766 0.843019 0.027893 -0.412298 -0.644774 0.643039
10019.899801000 0.017101 -0.571581 0.848367 0.029348 -0.411532 -0.628776 0.659106
10019.933134000 0.021367 -0.576614 0.852033 0.030402 -0.409641 -0.613228 0.674701
10019.966467000 0.026227 -0.582289 0.857690 0.031598 -0.408390 -0.598268 0.688691
10019.999800000 0.036137 -0.595724 0.870538 0.034230 -0.405838 -0.574768 0.709765
10020.033133000 0.041257 -0.604617 0.878739 0.034913 -0.404804 -0.564621 0.718414
10020.066466000 0.045886 -0.614475 0.887149 0.035672 -0.403748 -0.556021 0.725642
10020.099799000 0.051136 -0.624098 0.896524 0.036098 -0.402144 -0.547602 0.732878
10020.133132000 0.057407 -0.635121 0.905892 0.036937 -0.401043 -0.540887 0.738404
10020.166465000 0.063144 -0.646337 0.916489 0.037053 -0.400435 -0.534847 0.743114
10020.199798000 0.068971 -0.657944 0.926215 0.036750 -0.398771 -0.528782 0.748346
10020.233131000 0.074520 -0.670193 0.937309 0.036143 -0.397380 -0.524011 0.752460
10020.266464000 0.081199 -0.682742 0.947861 0.035608 -0.396157 -0.519983 0.755916
10020.299797000 0.086336 -0.695561 0.959199 0.034589 -0.395131 -0.517511 0.758193
10020.333130000 0.093109 -0.707818 0.970929 0.034753 -0.394331 -0.514722 0.760498
10020.366463000 0.099609 -0.719989 0.982320 0.033814 -0.393993 -0.513378 0.761623
10020.399796000 0.107281 -0.733014 0.993272 0.032692 -0.393825 -0.512562 0.762308
10020.433129000 0.113822 -0.744795 1.004701 0.032344 -0.394335 -0.512009 0.762431
10020.466462000 0.121058 -0.756479 1.015030 0.031435 -0.394934 -0.512305 0.761960
10020.499795000 0.128687 -0.767963 1.026002 0.031336 -0.397455 -0.515291 0.758632
10020.533128000 0.135710 -0.779629 1.035938 0.031751 -0.401582 -0.518970 0.753919
10020.566461000 0.142950 -0.789102 1.045660 0.032834 -0.406414 -0.522696 0.748691
10020.599794000 0.150550 -0.799081 1.054802 0.035137 -0.412003 -0.526979 0.742504
10020.633127000 0.158373 -0.807340 1.062715 0.039094 -0.421013 -0.531427 0.734033
10020.666460000 0.174792 -0.822870 1.078044 0.051437 -0.443138 -0.538384 0.714930
10020.699793000 0.182406 -0.829317 1.085286 0.058820 -0.455495 -0.541507 0.704155
10020.733126000 0.190674 -0.834674 1.090240 0.066690 -0.466497 -0.541625 0.696115
10020.766459000 0.198697 -0.838934 1.095176 0.075389 -0.477624 -0.539604 0.689216
10020.799792000 0.207037 -0.843107 1.098685 0.083037 -0.488101 -0.537799 0.682374
10020.833125000 0.215671 -0.846924 1.102417 0.089988 -0.497364 -0.536793 0.675563
10020.866458000 0.224878 -0.849264 1.105322 0.096802 -0.504655 -0.533641 0.671700
10020.899791000 0.233107 -0.851556 1.107948 0.101648 -0.510073 -0.531425 0.668641
10020.933124000 0.242603 -0.852943 1.110135 0.106999 -0.516028 -0.528804 0.665306
10020.966457000 0.251418 -0.853471 1.111503 0.111594 -0.520750 -0.527417 0.661965
10020.999790000 0.261193 -0.854162 1.113427 0.115443 -0.524558 -0.524959 0.660250
10021.033123000 0.269931 -0.854977 1.114974 0.118082 -0.527415 -0.524583 0.657802
10021.066456000 0.279125 -0.855099 1.115412 0.119615 -0.529693 -0.524031 0.656132
10021.099789000 0.288696 -0.853888 1.116200 0.121616 -0.531194 -0.523381 0.655069
10021.133122000 0.297988 -0.852943 1.116495 0.122938 -0.532087 -0.523175 0.654261
10021.166455000 0.307292 -0.851735 1.117185 0.124043 -0.533724 -0.522790 0.653026
10021.199788000 0.317002 -0.850932 1.117071 0.124536 -0.534130 -0.523628 0.651927
10021.233121000 0.327547 -0.849087 1.117415 0.125432 -0.535486 -0.523217 0.650973
10021.266454000 0.336821 -0.848030 1.118004 0.125489 -0.536394 -0.524763 0.648966
10021.299787000 0.346625 -0.846603 1.117327 0.125066 -0.536727 -0.525483 0.648190
10021.333120000 0.365618 -0.844156 1.118570 0.123861 -0.537892 -0.528043 0.645370
10021.366453000 0.376159 -0.842566 1.118989 0.123046 -0.538454 -0.529456 0.643897
10021.399786000 0.385895 -0.841794 1.118634 0.121518 -0.538502 -0.530681 0.643138
10021.433119000 0.395045 -0.841491 1.119883 0.120304 -0.539633 -0.533223 0.640309
10021.466452000 0.405353 -0.840543 1.120716 0.118657 -0.539969 -0.534585 0.639197
10021.499785000 0.414448 -0.840364 1.121869 0.117255 -0.540797 -0.537155 0.636596
10021.533118000 0.424594 -0.840165 1.123291 0.115007 -0.541182 -0.539545 0.634655
10021.566451000 0.433641 -0.840041 1.124420 0.113113 -0.541544 -0.541307 0.633184
10021.599784000 0.443562 -0.840509 1.126361 0.111264 -0.542115 -0.544446 0.630326
