10000.000000000 0.000000 0.000000 0.000000 0.000000 0.000000 0.000000 1.000000
10000.033333000 0.044980 0.009475 -0.008712 0.009452 -0.055277 -0.020887 0.998208
10000.066666000 0.084403 0.018100 -0.016559 0.020153 -0.103078 -0.037211 0.993773
10000.099999000 0.119090 0.025782 -0.021676 0.030919 -0.142106 -0.049690 0.988120
10000.133332000 0.149179 0.034566 -0.025156 0.042169 -0.173703 -0.058550 0.982151
10000.166665000 0.175702 0.042886 -0.025819 0.052764 -0.199459 -0.064902 0.976330
10000.199998000 0.196390 0.050932 -0.024515 0.062395 -0.219782 -0.069093 0.971097
10000.233331000 0.213716 0.059009 -0.020454 0.071276 -0.236422 -0.072231 0.966337
10000.266664000 0.227721 0.066796 -0.015664 0.079402 -0.249388 -0.073439 0.962345
10000.299997000 0.237743 0.074617 -0.008851 0.086910 -0.259850 -0.074610 0.958831
10000.333330000 0.246771 0.087818 0.006128 0.099520 -0.273382 -0.073648 0.953905
10000.366663000 0.246620 0.094310 0.014758 0.105430 -0.277730 -0.073273 0.952041
10000.399996000 0.243941 0.099484 0.023756 0.110396 -0.280530 -0.072013 0.950752
10000.433329000 0.237863 0.104975 0.033327 0.115194 -0.282089 -0.071166 0.949785
10000.466662000 0.230098 0.109384 0.041796 0.119260 -0.282688 -0.070030 0.949189
10000.499995000 0.219188 0.112614 0.050734 0.122543 -0.282403 -0.068936 0.948936
10000.533328000 0.205018 0.116247 0.058580 0.126049 -0.281068 -0.067576 0.948971
10000.566661000 0.189090 0.118019 0.066216 0.128751 -0.279244 -0.066354 0.949233
10000.599994000 0.172082 0.119612 0.071761 0.130539 -0.277075 -0.064978 0.949720
10000.633327000 0.152890 0.120295 0.075921 0.131730 -0.273638 -0.064302 0.950597
10000.666660000 0.108657 0.118117 0.080916 0.131939 -0.266793 -0.062895 0.952606
10000.699993000 0.085063 0.116486 0.080360 0.131373 -0.262036 -0.062522 0.954028
10000.733326000 0.061008 0.113766 0.079456 0.129450 -0.257592 -0.061997 0.955534
10000.766659000 0.037931 0.109594 0.076932 0.126391 -0.252616 -0.061696 0.957290
10000.799992000 0.015664 0.104842 0.075754 0.122921 -0.247780 -0.061568 0.959012
10000.833325000 -0.005782 0.099940 0.073154 0.118475 -0.242247 -0.061483 0.960989
10000.866658000 -0.024468 0.094640 0.071748 0.113825 -0.237495 -0.061492 0.962735
10000.899991000 -0.040344 0.088628 0.070845 0.108967 -0.233135 -0.061934 0.964333
10000.933324000 -0.053398 0.083386 0.071247 0.104136 -0.229707 -0.061792 0.965698
10000.966657000 -0.062492 0.077162 0.072348 0.098672 -0.226761 -0.061969 0.966956
10000.999990000 -0.068072 0.064464 0.081073 0.091363 -0.225916 -0.063299 0.967785
10001.033323000 -0.063891 0.057803 0.089298 0.089245 -0.229181 -0.064169 0.967158
10001.066656000 -0.056178 0.051097 0.098437 0.087036 -0.232723 -0.064705 0.966477
10001.099989000 -0.044418 0.045635 0.108769 0.087056 -0.237728 -0.065795 0.965183
10001.133322000 -0.029509 0.038615 0.120616 0.086939 -0.244209 -0.066891 0.963498
10001.166655000 -0.012419 0.032764 0.134864 0.087319 -0.251974 -0.068142 0.961375
10001.199988000 0.007054 0.026395 0.149148 0.087776 -0.260012 -0.069876 0.959065
10001.233321000 0.028270 0.019312 0.164802 0.088317 -0.269148 -0.072103 0.956327
10001.266654000 0.050454 0.013301 0.180825 0.089052 -0.277817 -0.074795 0.953569
10001.299987000 0.072997 0.007256 0.197173 0.090227 -0.287479 -0.078448 0.950295
10001.333320000 0.116933 -0.006648 0.231249 0.091481 -0.308628 -0.089522 0.942532
10001.366653000 0.139004 -0.013310 0.248025 0.093091 -0.319859 -0.097678 0.937808
10001.399986000 0.157618 -0.019867 0.263316 0.093939 -0.330304 -0.106507 0.933130
10001.433319000 0.177489 -0.026480 0.279345 0.095716 -0.342181 -0.117625 0.927316
10001.466652000 0.194351 -0.033493 0.294529 0.098534 -0.353077 -0.130017 0.921262
10001.499985000 0.209600 -0.039754 0.307199 0.100709 -0.363107 -0.142829 0.915211
10001.533318000 0.222268 -0.045942 0.317700 0.104406 -0.372524 -0.156973 0.908672
10001.566651000 0.233073 -0.052144 0.328131 0.108516 -0.381367 -0.170850 0.901994
10001.599984000 0.241194 -0.058203 0.336917 0.112223 -0.388357 -0.183720 0.896009
10001.633317000 0.247948 -0.063585 0.342492 0.115491 -0.393865 -0.195487 0.890684
10001.666650000 0.250508 -0.073687 0.348345 0.120171 -0.400275 -0.212101 0.883376
10001.699983000 0.246338 -0.078597 0.346943 0.120541 -0.399729 -0.216148 0.882591
10001.733316000 0.241940 -0.084934 0.344753 0.119332 -0.398739 -0.218876 0.882531
10001.766649000 0.235660 -0.092561 0.339193 0.116696 -0.395826 -0.219478 0.884044
10001.799982000 0.228051 -0.099464 0.333898 0.112508 -0.392826 -0.219212 0.885989
10001.833315000 0.219561 -0.108564 0.328367 0.106115 -0.388870 -0.218165 0.888776
10001.866648000 0.211178 -0.119188 0.321740 0.098115 -0.384559 -0.217455 0.891740
10001.899981000 0.201910 -0.131494 0.315560 0.088821 -0.380358 -0.217678 0.894458
10001.933314000 0.193997 -0.146606 0.310355 0.076953 -0.376639 -0.218476 0.896933
10001.966647000 0.187305 -0.165042 0.305732 0.063566 -0.373717 -0.221724 0.898406
10001.999980000 0.181789 -0.208344 0.302062 0.032756 -0.371812 -0.235523 0.897336
10002.033313000 0.182217 -0.234473 0.303309 0.015561 -0.373038 -0.246222 0.894414
10002.066646000 0.184259 -0.263015 0.306215 -0.001380 -0.375962 -0.259169 0.889653
10002.099979000 0.186510 -0.291352 0.309423 -0.017684 -0.378869 -0.273675 0.883882
10002.133312000 0.190318 -0.323199 0.314683 -0.033311 -0.383196 -0.289953 0.876344
10002.166645000 0.194713 -0.352486 0.319101 -0.046594 -0.387197 -0.305962 0.868502
10002.199978000 0.198702 -0.382652 0.324221 -0.058637 -0.391995 -0.323037 0.859389
10002.233311000 0.201817 -0.411196 0.330836 -0.069474 -0.397011 -0.339777 0.849769
10002.266644000 0.203261 -0.436722 0.336628 -0.078008 -0.401957 -0.355667 0.840146
10002.299977000 0.204419 -0.460683 0.342135 -0.084938 -0.406710 -0.371694 0.830191
10002.333310000 0.198706 -0.495758 0.352981 -0.095649 -0.414226 -0.396988 0.813430
10002.366643000 0.192582 -0.508657 0.357408 -0.099894 -0.417320 -0.406945 0.806387
10002.399976000 0.184270 -0.518714 0.361962 -0.103155 -0.419532 -0.416226 0.800067
10002.433309000 0.176448 -0.527757 0.366912 -0.106229 -0.421837 -0.423776 0.794470
10002.466642000 0.167358 -0.533635 0.372632 -0.108664 -0.423974 -0.430721 0.789251
10002.499975000 0.159397 -0.538278 0.379548 -0.110007 -0.426176 -0.436548 0.784665
10002.533308000 0.151947 -0.543463 0.386356 -0.111030 -0.428434 -0.441376 0.780579
10002.566641000 0.145927 -0.547201 0.398029 -0.111298 -0.431268 -0.446495 0.776056
10002.599974000 0.142361 -0.551447 0.409384 -0.110344 -0.434285 -0.450767 0.772030
10002.633307000 0.141635 -0.558602 0.424622 -0.108859 -0.438234 -0.454262 0.767950
10002.666640000 0.151768 -0.580795 0.462263 -0.102719 -0.448096 -0.462150 0.758338
10002.699973000 0.161239 -0.595912 0.485036 -0.098841 -0.453422 -0.465782 0.753449
10002.733306000 0.175338 -0.612612 0.511674 -0.093600 -0.460361 -0.468893 0.747961
10002.766639000 0.189440 -0.630066 0.538139 -0.089404 -0.466560 -0.471171 0.743187
10002.799972000 0.205191 -0.649266 0.565854 -0.084372 -0.472920 -0.474478 0.737630
10002.833305000 0.221903 -0.667112 0.595361 -0.078619 -0.479804 -0.478534 0.731172
10002.866638000 0.238124 -0.687064 0.623082 -0.074189 -0.485968 -0.481436 0.725638
10002.899971000 0.254227 -0.708908 0.651131 -0.070618 -0.492143 -0.485003 0.719431
10002.933304000 0.267743 -0.729490 0.676372 -0.067416 -0.497671 -0.489646 0.712759
10002.966637000 0.278086 -0.748297 0.698976 -0.064967 -0.502385 -0.495272 0.705758
10002.999970000 0.288448 -0.781568 0.738165 -0.062311 -0.511845 -0.508642 0.689504
10003.033303000 0.287907 -0.795338 0.753395 -0.061907 -0.516000 -0.516728 0.680371
10003.066636000 0.285026 -0.806358 0.763990 -0.061500 -0.519250 -0.525316 0.671297
10003.099969000 0.279916 -0.816637 0.774037 -0.061599 -0.522564 -0.534322 0.661538
10003.133302000 0.272742 -0.825739 0.782569 -0.061922 -0.525443 -0.542908 0.652170
10003.166635000 0.264426 -0.833278 0.779714 -0.061533 -0.525750 -0.552326 0.644000
10003.199968000 0.255722 -0.839630 0.782886 -0.062270 -0.527003 -0.559843 0.636369
10003.233301000 0.246914 -0.845638 0.788411 -0.063591 -0.528290 -0.565897 0.629783
10003.266634000 0.239662 -0.853065 0.791885 -0.065379 -0.528554 -0.570209 0.625474
10003.299967000 0.234280 -0.859057 0.796292 -0.067157 -0.528380 -0.572592 0.623252
10003.333300000 0.229369 -0.871317 0.808753 -0.073632 -0.526060 -0.567970 0.628689
10003.366633000 0.229665 -0.875254 0.812624 -0.077079 -0.522537 -0.562132 0.636413
10003.399966000 0.233131 -0.880926 0.819797 -0.080932 -0.519003 -0.554704 0.645282
10003.433299000 0.237536 -0.885501 0.826601 -0.084286 -0.515058 -0.545992 0.655366
10003.466632000 0.241750 -0.889875 0.831403 -0.087705 -0.509999 -0.536748 0.666417
10003.499965000 0.247489 -0.894706 0.839500 -0.090691 -0.505593 -0.527811 0.676437
10003.533298000 0.253490 -0.899192 0.847166 -0.093456 -0.501010 -0.519024 0.686199
10003.566631000 0.259553 -0.904885 0.854249 -0.096163 -0.496292 -0.511912 0.694545
10003.599964000 0.263262 -0.910531 0.861469 -0.099189 -0.491736 -0.506607 0.701218
10003.633297000 0.267606 -0.916762 0.869886 -0.102400 -0.487786 -0.502983 0.706107
10003.666630000 0.269814 -0.930482 0.885680 -0.111734 -0.481528 -0.504767 0.707712
10003.699963000 0.268848 -0.937242 0.895692 -0.117037 -0.479944 -0.509739 0.704359
10003.733296000 0.265853 -0.945171 0.903708 -0.123225 -0.478440 -0.517427 0.698699
10003.766629000 0.260519 -0.953141 0.913125 -0.129424 -0.477479 -0.526526 0.691400
10003.799962000 0.255800 -0.961774 0.921328 -0.134860 -0.476922 -0.536618 0.682934
10003.833295000 0.249742 -0.969929 0.931045 -0.139540 -0.477202 -0.546952 0.673536
10003.866628000 0.242922 -0.979428 0.940214 -0.143356 -0.477673 -0.556683 0.664366
10003.899961000 0.236061 -0.989047 0.947327 -0.146310 -0.477777 -0.565597 0.656066
10003.933294000 0.229248 -0.998285 0.956470 -0.147935 -0.478051 -0.571915 0.649997
10003.966627000 0.221719 -1.008586 0.964810 -0.148983 -0.477418 -0.575161 0.647353
10003.999960000 0.209013 -1.029759 0.981084 -0.148811 -0.473099 -0.567111 0.657584
10004.033293000 0.203095 -1.040166 0.989658 -0.146867 -0.469977 -0.556017 0.669624
10004.066626000 0.200416 -1.049954 0.997698 -0.142697 -0.466822 -0.541966 0.684096
10004.099959000 0.196797 -1.058859 1.004683 -0.137537 -0.463304 -0.525933 0.699877
10004.133292000 0.191266 -1.069521 1.012192 -0.131107 -0.460464 -0.509694 0.714839
10004.166625000 0.186497 -1.079494 1.020493 -0.123363 -0.458552 -0.493406 0.728740
10004.199958000 0.182439 -1.087748 1.028832 -0.114195 -0.457181 -0.477425 0.741627
10004.233291000 0.177324 -1.095486 1.037629 -0.104814 -0.456857 -0.463595 0.751914
10004.266624000 0.173100 -1.102909 1.047340 -0.095289 -0.457632 -0.451255 0.760172
10004.299957000 0.168452 -1.108529 1.057598 -0.085958 -0.459409 -0.441303 0.766033
10004.333290000 0.157681 -1.114915 1.079846 -0.071007 -0.465013 -0.429161 0.771065
10004.366623000 0.151536 -1.115339 1.092464 -0.065502 -0.469374 -0.427156 0.770023
10004.399956000 0.144966 -1.115544 1.104142 -0.061590 -0.473945 -0.427446 0.767380
10004.433289000 0.138643 -1.115653 1.117786 -0.058450 -0.479400 -0.429190 0.763253
10004.466622000 0.131845 -1.113983 1.131479 -0.056043 -0.485257 -0.432597 0.757789
10004.499955000 0.124214 -1.112962 1.147599 -0.054840 -0.491855 -0.437461 0.750799
10004.533288000 0.117089 -1.113188 1.161293 -0.054562 -0.497875 -0.443419 0.743319
10004.566621000 0.109447 -1.112532 1.175764 -0.054024 -0.504567 -0.450231 0.734701
10004.599954000 0.102083 -1.113409 1.190780 -0.054402 -0.510639 -0.457109 0.726182
10004.633287000 0.093968 -1.116060 1.206493 -0.055028 -0.516505 -0.464388 0.717313
10004.666620000 0.080070 -1.128205 1.240128 -0.056652 -0.526877 -0.477795 0.700645
10004.699953000 0.072847 -1.137242 1.256849 -0.057657 -0.530392 -0.483107 0.694239
10004.733286000 0.066056 -1.148262 1.273825 -0.059503 -0.533047 -0.488914 0.687956
10004.766619000 0.060889 -1.159972 1.290772 -0.060893 -0.534632 -0.492965 0.683700
10004.799952000 0.056411 -1.172196 1.306615 -0.063285 -0.534369 -0.497088 0.680697
10004.833285000 0.053778 -1.187277 1.322892 -0.065830 -0.534013 -0.500770 0.678031
10004.866618000 0.052905 -1.202040 1.338060 -0.068709 -0.532292 -0.503631 0.676978
10004.899951000 0.054064 -1.218267 1.351931 -0.072358 -0.529282 -0.506209 0.677036
10004.933284000 0.057258 -1.235223 1.365254 -0.076131 -0.525571 -0.508095 0.678099
10004.966617000 0.063849 -1.251560 1.378735 -0.079946 -0.521732 -0.509787 0.679353
10004.999950000 0.084208 -1.287412 1.400727 -0.089291 -0.511110 -0.512137 0.684478
10005.033283000 0.099054 -1.303243 1.409923 -0.093635 -0.505375 -0.512101 0.688172
10005.066616000 0.115852 -1.319733 1.418327 -0.098051 -0.499080 -0.511280 0.692747
10005.099949000 0.134350 -1.334640 1.425677 -0.102443 -0.492494 -0.509656 0.698001
10005.133282000 0.154727 -1.349518 1.431708 -0.106645 -0.485564 -0.507135 0.704037
10005.166615000 0.174602 -1.363106 1.437686 -0.110569 -0.478737 -0.504185 0.710199
10005.199948000 0.194800 -1.375485 1.442495 -0.114836 -0.470565 -0.499933 0.717947
10005.233281000 0.213794 -1.387046 1.447288 -0.118933 -0.462536 -0.495137 0.725779
10005.266614000 0.233009 -1.396902 1.452319 -0.122923 -0.453692 -0.488692 0.735006
10005.299947000 0.250208 -1.405648 1.455758 -0.126861 -0.443715 -0.480851 0.745524
10005.333280000 0.277730 -1.420528 1.464845 -0.135206 -0.421057 -0.460871 0.769434
10005.366613000 0.287409 -1.425940 1.469371 -0.139371 -0.407776 -0.448529 0.783017
10005.399946000 0.296147 -1.430668 1.472879 -0.142639 -0.394514 -0.435077 0.796694
10005.433279000 0.301490 -1.435771 1.476881 -0.145939 -0.380654 -0.420625 0.810481
10005.466612000 0.305174 -1.438656 1.482526 -0.148428 -0.366631 -0.405162 0.824254
10005.499945000 0.308137 -1.442180 1.489384 -0.150077 -0.353789 -0.390617 0.836497
10005.533278000 0.309387 -1.446653 1.496284 -0.151183 -0.341308 -0.376058 0.848076
10005.566611000 0.309163 -1.450676 1.504162 -0.151886 -0.330102 -0.363069 0.857988
10005.599944000 0.308413 -1.455603 1.512883 -0.152098 -0.320301 -0.351477 0.866451
10005.633277000 0.305585 -1.462511 1.523172 -0.152649 -0.311997 -0.341890 0.873194
10005.666610000 0.300649 -1.481701 1.547342 -0.153577 -0.304248 -0.333504 0.878989
10005.699943000 0.296892 -1.493029 1.561168 -0.154273 -0.303914 -0.333814 0.878866
10005.733276000 0.293888 -1.505649 1.575381 -0.155110 -0.305759 -0.336875 0.876908
10005.766609000 0.290599 -1.519498 1.591038 -0.156106 -0.310465 -0.343774 0.872388
10005.799942000 0.288104 -1.533745 1.607715 -0.156730 -0.317428 -0.353212 0.865977
10005.833275000 0.285267 -1.548498 1.624348 -0.157606 -0.325645 -0.364383 0.858103
10005.866608000 0.283859 -1.563696 1.641589 -0.157741 -0.336590 -0.378331 0.847756
10005.899941000 0.283262 -1.578038 1.658450 -0.157006 -0.348179 -0.392821 0.836548
10005.933274000 0.283663 -1.590797 1.675796 -0.155355 -0.360992 -0.408394 0.823871
10005.966607000 0.284629 -1.604043 1.692325 -0.153249 -0.374319 -0.424161 0.810239
10005.999940000 0.293244 -1.624970 1.724562 -0.146185 -0.400409 -0.451503 0.783867
10006.033273000 0.299105 -1.633999 1.739618 -0.141964 -0.411973 -0.462180 0.772343
10006.066606000 0.306059 -1.641033 1.754895 -0.138038 -0.422450 -0.471250 0.761843
10006.099939000 0.314539 -1.649176 1.768537 -0.133642 -0.432122 -0.479036 0.752287
10006.133272000 0.323895 -1.655808 1.782754 -0.129575 -0.441244 -0.485770 0.743332
10006.166605000 0.332389 -1.664548 1.796660 -0.126058 -0.449811 -0.492615 0.734240
10006.199938000 0.340936 -1.672055 1.809827 -0.122520 -0.457701 -0.498682 0.725821
10006.233271000 0.348973 -1.682961 1.822641 -0.119873 -0.465128 -0.504766 0.717285
10006.266604000 0.356116 -1.695319 1.836229 -0.117325 -0.472703 -0.511817 0.707694
10006.299937000 0.362524 -1.709767 1.848172 -0.115289 -0.479904 -0.519214 0.697723
10006.333270000 0.370761 -1.748329 1.871733 -0.112015 -0.495107 -0.537016 0.673748
10006.366603000 0.371798 -1.771575 1.884076 -0.110523 -0.503684 -0.548015 0.658609
10006.399936000 0.372065 -1.795604 1.894403 -0.109103 -0.511544 -0.558801 0.643553
10006.433269000 0.372065 -1.821773 1.904605 -0.107056 -0.519900 -0.569363 0.627749
10006.466602000 0.371130 -1.846784 1.914835 -0.104801 -0.528156 -0.579506 0.611752
10006.499935000 0.370651 -1.872013 1.924162 -0.102068 -0.536467 -0.588698 0.596003
10006.533268000 0.369341 -1.895547 1.932855 -0.098701 -0.544751 -0.596989 0.580611
10006.566601000 0.369670 -1.915478 1.941643 -0.095163 -0.552366 -0.602406 0.568281
10006.599934000 0.369723 -1.933366 1.949015 -0.091720 -0.559512 -0.606827 0.557041
10006.633267000 0.371122 -1.946803 1.954738 -0.087965 -0.565938 -0.608516 0.549258
10006.666600000 0.377990 -1.958077 1.964808 -0.080296 -0.576443 -0.604827 0.543553
10006.699933000 0.383690 -1.956031 1.968861 -0.075883 -0.580891 -0.599328 0.545539
10006.733266000 0.390612 -1.949397 1.971510 -0.071456 -0.584548 -0.592639 0.549524
10006.766599000 0.398371 -1.939993 1.974437 -0.066885 -0.587812 -0.584733 0.555060
10006.799932000 0.405966 -1.926812 1.977795 -0.062073 -0.590790 -0.576435 0.561104
10006.833265000 0.414269 -1.913244 1.980917 -0.057391 -0.593503 -0.568342 0.566963
10006.866598000 0.422929 -1.897156 1.984195 -0.052789 -0.595698 -0.560271 0.573108
10006.899931000 0.430567 -1.880727 1.988158 -0.048388 -0.598039 -0.553330 0.577784
10006.933264000 0.437725 -1.865993 1.994171 -0.044709 -0.600796 -0.548352 0.579961
10006.966597000 0.442891 -1.851016 2.001079 -0.041979 -0.603199 -0.545338 0.580513
10006.999930000 0.449725 -1.829364 2.018891 -0.040518 -0.608376 -0.548476 0.572199
10007.033263000 0.451313 -1.822273 2.030364 -0.042015 -0.611133 -0.555121 0.562666
10007.066596000 0.451907 -1.817295 2.043209 -0.044222 -0.614156 -0.564493 0.549732
10007.099929000 0.452003 -1.813727 2.056914 -0.047851 -0.616168 -0.576593 0.534404
10007.133262000 0.452376 -1.812841 2.070828 -0.051508 -0.618269 -0.590827 0.515765
10007.166595000 0.451971 -1.812788 2.084146 0.055703 0.619069 0.606811 -0.495410
10007.199928000 0.452633 -1.812775 2.098476 0.060022 0.618678 0.623419 -0.474325
10007.233261000 0.454166 -1.814629 2.111261 0.064290 0.616543 0.640573 -0.453219
10007.266594000 0.457518 -1.816264 2.125101 0.068605 0.612839 0.656722 -0.434093
10007.299927000 0.462078 -1.818050 2.137379 0.073028 0.606695 0.670873 -0.420141
10007.333260000 0.478126 -1.822118 2.157675 0.087278 0.583821 0.690207 -0.418510
10007.366593000 0.488329 -1.823700 2.165340 0.097063 0.568404 0.693363 -0.432138
10007.399926000 0.499617 -1.824782 2.172686 0.109099 0.550257 0.691763 -0.454729
10007.433259000 0.510908 -1.826891 2.178315 0.122855 0.530347 0.685444 -0.483534
10007.466592000 0.521706 -1.829453 2.184113 -0.136028 -0.510989 -0.675113 0.514401
10007.499925000 0.529596 -1.833588 2.189013 -0.150498 -0.490849 -0.661411 0.546766
10007.533258000 0.534367 -1.839358 2.194825 -0.162934 -0.472987 -0.648435 0.573818
10007.566591000 0.535999 -1.845670 2.200913 -0.175093 -0.455750 -0.635522 0.598119
10007.599924000 0.533787 -1.854542 2.207616 -0.184542 -0.442319 -0.627321 0.613813
10007.633257000 0.525187 -1.864031 2.214986 -0.193580 -0.430146 -0.623620 0.623377
10007.666590000 0.488511 -1.893833 2.233972 -0.205289 -0.419955 -0.644981 0.604561
10007.699923000 0.460035 -1.911579 2.246137 -0.203761 -0.423286 -0.673684 0.570492
10007.733256000 0.429447 -1.930795 2.258204 -0.191815 -0.433425 -0.713849 0.515528
10007.766589000 0.398549 -1.948716 2.269782 0.164476 0.449986 0.762543 -0.434728
10007.799922000 0.371717 -1.962808 2.276406 0.119401 0.467732 0.811520 -0.329249
10007.833255000 0.339556 -1.982473 2.288950 0.071292 0.484952 0.845318 -0.212549
10007.866588000 0.307594 -2.001507 2.300578 0.029040 0.496475 0.860441 -0.110954
10007.899921000 0.275262 -2.022628 2.313759 0.000947 0.505203 0.862164 -0.037979
10007.933254000 0.247154 -2.041539 2.323634 -0.016014 0.511379 0.859183 0.006234
10007.966587000 0.224319 -2.058548 2.334615 -0.023137 0.516597 0.855542 0.025297
10007.999920000 0.199549 -2.085946 2.354384 -0.017106 0.523163 0.852045 0.005244
10008.033253000 0.199091 -2.095243 2.363567 -0.005496 0.524451 0.850816 -0.032140
10008.066586000 0.201679 -2.101936 2.371448 0.011001 0.524411 0.847523 -0.081095
10008.099919000 0.207450 -2.105845 2.379444 0.031543 0.522734 0.840356 -0.139845
10008.133252000 0.217115 -2.109152 2.385239 0.054589 0.519244 0.827526 -0.206414
10008.166585000 0.229094 -2.109741 2.389758 0.077146 0.514023 0.809296 -0.273622
10008.199918000 0.245732 -2.108472 2.394313 0.095737 0.508871 0.786604 -0.336361
10008.233251000 0.258450 -2.109014 2.397986 0.111980 0.503964 0.763113 -0.388766
10008.266584000 0.273479 -2.106400 2.398514 0.123139 0.498647 0.739753 -0.434689
10008.299917000 0.289531 -2.103585 2.399501 0.130696 0.494652 0.718510 -0.471148
10008.333250000 0.317135 -2.096932 2.396830 -0.138267 -0.488905 -0.686182 0.520584
10008.366583000 0.326200 -2.094085 2.394260 -0.141004 -0.486434 -0.675931 0.535366
10008.399916000 0.337989 -2.089832 2.392744 -0.141752 -0.485474 -0.666977 0.547141
10008.433249000 0.348663 -2.085286 2.391315 -0.142206 -0.484899 -0.660820 0.554947
10008.466582000 0.355278 -2.081204 2.387629 -0.143314 -0.483397 -0.656794 0.560723
10008.499915000 0.363539 -2.077164 2.385354 -0.143298 -0.482853 -0.653942 0.564517
10008.533248000 0.368177 -2.073924 2.382660 -0.144241 -0.482037 -0.652754 0.566345
10008.566581000 0.372352 -2.071920 2.380970 -0.144676 -0.482130 -0.652849 0.566046
10008.599914000 0.377143 -2.069915 2.379974 -0.144585 -0.482364 -0.653243 0.565414
10008.633247000 0.379321 -2.069737 2.379674 -0.144479 -0.483181 -0.655131 0.562552
10008.666580000 0.383847 -2.072473 2.383296 -0.142922 -0.486174 -0.658247 0.556703
10008.699913000 0.385788 -2.075417 2.386939 -0.141178 -0.488921 -0.659897 0.552775
10008.733246000 0.387678 -2.079842 2.392128 -0.139096 -0.491989 -0.661705 0.548403
10008.766579000 0.389898 -2.085111 2.398354 -0.136921 -0.495416 -0.663122 0.544136
10008.799912000 0.391120 -2.090621 2.404542 -0.134481 -0.499105 -0.664653 0.539487
10008.833245000 0.394149 -2.097006 2.412216 -0.131874 -0.503074 -0.665771 0.535046
10008.866578000 0.397481 -2.103951 2.420465 -0.129189 -0.507231 -0.667346 0.529788
10008.899911000 0.401826 -2.110614 2.428608 -0.126600 -0.511212 -0.668361 0.525288
10008.933244000 0.406449 -2.117918 2.437541 -0.124309 -0.514950 -0.669657 0.520513
10008.966577000 0.413062 -2.124551 2.446269 -0.121868 -0.518928 -0.670530 0.515995
10008.999910000 0.428426 -2.136250 2.462136 -0.118263 -0.524782 -0.672410 0.508411
10009.033243000 0.438687 -2.141160 2.469849 -0.116714 -0.527411 -0.673382 0.504749
10009.066576000 0.451037 -2.145383 2.477528 -0.115161 -0.529899 -0.673154 0.502801
10009.099909000 0.462119 -2.148900 2.482582 -0.114208 -0.531116 -0.673562 0.501186
10009.133242000 0.474681 -2.152042 2.488341 -0.113100 -0.532612 -0.673058 0.500526
10009.166575000 0.488031 -2.154288 2.494109 -0.112037 -0.534166 -0.671355 0.501395
10009.199908000 0.501070 -2.155057 2.497675 -0.111392 -0.534886 -0.669013 0.503896
10009.233241000 0.513630 -2.156069 2.501590 -0.110487 -0.535583 -0.665658 0.507782
10009.266574000 0.527619 -2.155912 2.504602 -0.109376 -0.536308 -0.660693 0.513708
10009.299907000 0.539830 -2.154765 2.506422 -0.108028 -0.536870 -0.654448 0.521344
10009.333240000 0.560779 -2.151399 2.505907 -0.105150 -0.536814 -0.638250 0.541675
10009.366573000 0.569426 -2.149154 2.504250 -0.102882 -0.536963 -0.628580 0.553149
10009.399906000 0.577637 -2.147749 2.500360 -0.100795 -0.536482 -0.618064 0.565707
10009.433239000 0.586513 -2.143712 2.497852 -0.096842 -0.536874 -0.606499 0.578400
10009.466572000 0.593835 -2.139493 2.494948 -0.092790 -0.537105 -0.595318 0.590343
10009.499905000 0.602004 -2.135324 2.492959 -0.088102 -0.537254 -0.583708 0.602396
10009.533238000 0.608994 -2.131587 2.490200 -0.083777 -0.537346 -0.572977 0.613138
10009.566571000 0.615300 -2.129398 2.487201 -0.079797 -0.536929 -0.562741 0.623428
10009.599904000 0.621549 -2.127091 2.485736 -0.075599 -0.536348 -0.553453 0.632697
10009.633237000 0.629579 -2.124841 2.485244 -0.071567 -0.535899 -0.545068 0.640774
10009.666570000 0.642894 -2.124032 2.488412 -0.066459 -0.533076 -0.532038 0.654483
10009.699903000 0.649792 -2.125813 2.491737 -0.065291 -0.531195 -0.527546 0.659746
10009.733236000 0.657229 -2.127836 2.495259 -0.064612 -0.528750 -0.524259 0.664380
10009.766569000 0.663968 -2.130360 2.500830 -0.064634 -0.525981 -0.521554 0.668691
10009.799902000 0.670523 -2.134642 2.508048 -0.064988 -0.523685 -0.519725 0.671875
10009.833235000 0.675451 -2.140445 2.515127 -0.066538 -0.520689 -0.518974 0.674627
10009.866568000 0.678882 -2.147375 2.523467 -0.068338 -0.517819 -0.518843 0.676753
10009.899901000 0.680401 -2.155030 2.531923 -0.070578 -0.515120 -0.519675 0.677944
10009.933234000 0.681393 -2.163605 2.540016 -0.073395 -0.511931 -0.520837 0.679167
10009.966567000 0.679574 -2.173450 2.549015 -0.076301 -0.509408 -0.522624 0.679372
10009.999900000 0.668453 -2.198386 2.565820 -0.083091 -0.504608 -0.528380 0.677703
10010.033233000 0.660168 -2.210546 2.574099 -0.086041 -0.502717 -0.531984 0.675918
10010.066566000 0.651151 -2.223158 2.583019 -0.088563 -0.501389 -0.535446 0.673843
10010.099899000 0.640784 -2.235148 2.591816 -0.090816 -0.500516 -0.539430 0.671007
10010.133232000 0.630201 -2.247269 2.603391 -0.092544 -0.500678 -0.543608 0.667268
10010.166565000 0.616693 -2.260681 2.612968 -0.094847 -0.500589 -0.548465 0.663024
10010.199898000 0.601355 -2.272398 2.622954 -0.097007 -0.500436 -0.553157 0.658917
10010.233231000 0.590261 -2.280920 2.634505 -0.097274 -0.501543 -0.557809 0.654096
10010.266564000 0.578844 -2.287106 2.650039 -0.096587 -0.503911 -0.562187 0.648606
10010.299897000 0.567314 -2.292252 2.664720 -0.096091 -0.505921 -0.566421 0.643411
10010.333230000 0.543126 -2.298415 2.697708 -0.094678 -0.511340 -0.575652 0.631025
10010.366563000 0.532166 -2.297987 2.716216 -0.093054 -0.514599 -0.579784 0.624804
10010.399896000 0.521642 -2.296022 2.733379 -0.091698 -0.517396 -0.583665 0.619054
10010.433229000 0.510940 -2.294667 2.751506 -0.090210 -0.520987 -0.587663 0.612443
10010.466562000 0.501396 -2.293863 2.769566 -0.088829 -0.524788 -0.591630 0.605542
10010.499895000 0.493657 -2.292472 2.785779 -0.087509 -0.528277 -0.595182 0.599187
10010.533228000 0.487571 -2.292880 2.801259 -0.085643 -0.532519 -0.598525 0.592332
10010.566561000 0.484444 -2.295126 2.814954 -0.083562 -0.536729 -0.601386 0.585896
10010.599894000 0.483321 -2.298254 2.827026 -0.081356 -0.541320 -0.604143 0.579107
10010.633227000 0.485010 -2.304345 2.836687 -0.079108 -0.545795 -0.606094 0.573150
10010.666560000 0.498764 -2.326865 2.846947 -0.074621 -0.554543 -0.609487 0.561640
10010.699893000 0.509405 -2.342099 2.847864 -0.072307 -0.558611 -0.610452 0.556842
10010.733226000 0.522036 -2.360746 2.846387 -0.070538 -0.562132 -0.611795 0.552031
10010.766559000 0.535917 -2.380296 2.841142 -0.068742 -0.564664 -0.613592 0.547662
10010.799892000 0.549084 -2.400942 2.834571 -0.067885 -0.566760 -0.615797 0.543110
10010.833225000 0.560698 -2.422497 2.826504 -0.068069 -0.567694 -0.618652 0.538851
10010.866558000 0.570410 -2.444820 2.817422 -0.068837 -0.567956 -0.622537 0.533981
10010.899891000 0.576654 -2.465833 2.807848 -0.070852 -0.567142 -0.627646 0.528574
10010.933224000 0.580753 -2.486776 2.796782 -0.073700 -0.564739 -0.634085 0.523044
10010.966557000 0.579758 -2.504192 2.786079 -0.077482 -0.561530 -0.641835 0.516458
10010.999890000 0.562779 -2.531572 2.767163 0.086882 0.551268 0.664113 -0.497502
10011.033223000 0.548303 -2.538531 2.758493 0.091834 0.544133 0.677560 -0.486207
10011.066556000 0.529937 -2.544961 2.749810 0.097394 0.535727 0.692416 -0.473361
10011.099889000 0.508524 -2.549058 2.744375 0.101845 0.527445 0.708168 -0.458177
10011.133222000 0.486183 -2.551000 2.739641 0.106027 0.518625 0.722962 -0.443974
10011.166555000 0.464055 -2.551989 2.736207 0.109478 0.509322 0.736801 -0.430965
10011.199888000 0.448210 -2.550789 2.736192 0.111742 0.500751 0.746787 -0.423167
10011.233221000 0.433553 -2.547440 2.737040 0.115052 0.491295 0.752162 -0.423845
10011.266554000 0.419425 -2.543600 2.738371 0.122018 0.479985 0.750769 -0.437117
10011.299887000 0.408072 -2.538365 2.741591 0.134351 0.466727 0.736971 -0.470096
10011.333220000 0.399673 -2.525440 2.754746 -0.164634 -0.436405 -0.665238 0.583013
10011.366553000 0.398589 -2.518025 2.761026 -0.169982 -0.424090 -0.618553 0.639254
10011.399886000 0.399084 -2.514628 2.769162 -0.165572 -0.418594 -0.574486 0.683616
10011.433219000 0.399057 -2.513089 2.778545 -0.152184 -0.419242 -0.538171 0.715156
10011.466552000 0.403330 -2.510259 2.786526 -0.130317 -0.425014 -0.508886 0.737167
10011.499885000 0.407078 -2.509783 2.795867 -0.106395 -0.434272 -0.485347 0.751350
10011.533218000 0.418914 -2.506312 2.807517 -0.079783 -0.446979 -0.464978 0.760027
10011.566551000 0.432503 -2.500803 2.819828 -0.054059 -0.460709 -0.448242 0.764136
10011.599884000 0.444917 -2.497734 2.832420 -0.032297 -0.474530 -0.435872 0.764064
10011.633217000 0.454574 -2.496327 2.843616 -0.015244 -0.487198 -0.427541 0.761324
10011.666550000 0.458154 -2.498407 2.862428 0.001665 -0.509770 -0.424744 0.748147
10011.699883000 0.451193 -2.502865 2.869801 0.002412 -0.519495 -0.429627 0.738606
10011.733216000 0.439887 -2.508445 2.875767 -0.000140 -0.528479 -0.437123 0.727760
10011.766549000 0.425710 -2.516339 2.880093 -0.005237 -0.536834 -0.446840 0.715623
10011.799882000 0.407975 -2.523845 2.883596 -0.011713 -0.544273 -0.458254 0.702590
10011.833215000 0.387290 -2.533404 2.886063 -0.019107 -0.551247 -0.471282 0.688226
10011.866548000 0.365390 -2.542645 2.888005 -0.026283 -0.557432 -0.485305 0.673096
10011.899881000 0.341313 -2.553083 2.888864 -0.032840 -0.562847 -0.500461 0.657012
10011.933214000 0.317722 -2.562259 2.888938 -0.037758 -0.567618 -0.515943 0.640458
10011.966547000 0.294488 -2.571643 2.890533 -0.040557 -0.572062 -0.532333 0.622673
10011.999880000 0.252652 -2.586565 2.890269 -0.036392 -0.578419 -0.567586 0.584768
10012.033213000 0.234020 -2.594063 2.891122 -0.029159 -0.580738 -0.587143 0.563166
10012.066546000 0.216371 -2.600924 2.891459 -0.018009 -0.582359 -0.608200 0.539098
10012.099879000 0.199711 -2.606635 2.893439 -0.003804 -0.583402 -0.630061 0.512495
10012.133212000 0.184213 -2.612266 2.894535 -0.014049 0.583370 0.653072 -0.482679
10012.166545000 0.168881 -2.617482 2.896741 -0.035433 0.582333 0.677012 -0.448651
10012.199878000 0.152727 -2.623921 2.900621 -0.057999 0.580167 0.700098 -0.412195
10012.233211000 0.137909 -2.631124 2.904929 -0.081823 0.576988 0.721650 -0.373646
10012.266544000 0.122114 -2.639398 2.911415 -0.105789 0.573111 0.740813 -0.333988
10012.299877000 0.105113 -2.650664 2.918599 -0.127318 0.568752 0.756739 -0.296071
10012.333210000 0.069312 -2.676580 2.938845 -0.159617 0.562218 0.777340 -0.232758
10012.366543000 0.049889 -2.692148 2.950003 -0.169411 0.560728 0.782995 -0.209291
10012.399876000 0.029573 -2.707966 2.962731 -0.175846 0.560518 0.786349 -0.191189
10012.433209000 0.008606 -2.725054 2.976489 -0.179806 0.561562 0.788207 -0.176205
10012.466542000 -0.012084 -2.742715 2.989891 -0.181105 0.563775 0.788577 -0.165844
10012.499875000 -0.032882 -2.760454 3.003407 -0.180563 0.566534 0.788337 -0.157990
10012.533208000 -0.052600 -2.777506 3.015928 -0.178688 0.569967 0.787377 -0.152465
10012.566541000 -0.072978 -2.793129 3.027309 -0.175751 0.573512 0.786307 -0.148047
10012.599874000 -0.091287 -2.808807 3.037765 -0.172655 0.577208 0.784890 -0.144806
10012.633207000 -0.109668 -2.822303 3.045993 -0.170239 0.580520 0.783839 -0.140042
10012.666540000 -0.141107 -2.843763 3.055833 -0.166278 0.586687 0.781865 -0.129758
10012.699873000 -0.153925 -2.851608 3.058220 -0.166001 0.589255 0.781125 -0.122744
10012.733206000 -0.166237 -2.858028 3.058270 -0.166086 0.591275 0.780806 -0.114682
10012.766539000 -0.176972 -2.863258 3.058066 -0.166914 0.593463 0.780166 -0.106221
10012.799872000 -0.185625 -2.867119 3.056978 -0.167993 0.595442 0.779472 -0.098233
10012.833205000 -0.193333 -2.870383 3.055849 -0.169532 0.597163 0.778834 -0.089849
10012.866538000 -0.199802 -2.874101 3.055114 -0.171495 0.599072 0.777870 -0.081369
10012.899871000 -0.203641 -2.878213 3.055491 -0.173206 0.600922 0.776739 -0.074626
10012.933204000 -0.206969 -2.882857 3.056475 -0.174817 0.602792 0.775460 -0.068868
10012.966537000 -0.208740 -2.887352 3.059682 -0.176271 0.604885 0.773834 -0.064985
10012.999870000 -0.208486 -2.901994 3.075059 -0.178176 0.609749 0.769757 -0.062725
10013.033203000 -0.205644 -2.910633 3.086708 -0.178777 0.612643 0.767178 -0.064387
10013.066536000 -0.202255 -2.919700 3.100462 -0.179292 0.615403 0.764635 -0.066835
10013.099869000 -0.197186 -2.929756 3.115253 -0.179297 0.618342 0.761912 -0.070673
10013.133202000 -0.190693 -2.939843 3.130993 -0.179302 0.621365 0.759041 -0.074922
10013.166535000 -0.183925 -2.950644 3.147073 -0.179381 0.624256 0.756321 -0.078132
10013.199868000 -0.176407 -2.960281 3.163961 -0.178942 0.627424 0.753431 -0.081608
10013.233201000 -0.166839 -2.969779 3.179658 -0.179094 0.630220 0.750812 -0.083838
10013.266534000 -0.157553 -2.978653 3.194286 -0.178937 0.633153 0.748325 -0.084315
10013.299867000 -0.147436 -2.985576 3.207429 -0.178698 0.636027 0.745981 -0.083959
10013.333200000 -0.124373 -2.995227 3.228200 -0.179533 0.641689 0.741832 -0.075419
10013.366533000 -0.111823 -2.997290 3.235237 -0.179476 0.644499 0.740018 -0.069158
10013.399866000 -0.100697 -2.997962 3.239831 -0.179798 0.646987 0.738527 -0.060480
10013.433199000 -0.088670 -2.998081 3.243109 -0.180109 0.649483 0.736982 -0.050890
10013.466532000 -0.076979 -2.995877 3.244258 -0.180279 0.651600 0.735713 -0.040543
10013.499865000 -0.065528 -2.994062 3.243444 -0.180361 0.653379 0.734613 -0.030169
10013.533198000 -0.055969 -2.990671 3.242186 -0.180307 0.654722 0.733794 -0.019346
10013.566531000 -0.046736 -2.986547 3.240351 -0.180666 0.655541 0.733179 -0.008591
10013.599864000 -0.038649 -2.982985 3.237364 -0.180498 0.655837 0.733006 0.000787
10013.633197000 -0.032405 -2.978798 3.232626 -0.180242 0.655498 0.733308 0.009778
10013.666530000 -0.025999 -2.970359 3.226015 -0.179894 0.652883 0.735407 0.023649
10013.699863000 -0.024670 -2.967648 3.221481 -0.179782 0.650259 0.737577 0.028661
10013.733196000 -0.024899 -2.963791 3.217426 -0.179760 0.647355 0.739970 0.032606
10013.766529000 -0.026676 -2.961357 3.214758 -0.179773 0.644299 0.742507 0.035271
10013.799862000 -0.027818 -2.959670 3.212207 -0.179889 0.641079 0.745186 0.036807
10013.833195000 -0.029674 -2.958906 3.211022 -0.179999 0.638248 0.747569 0.037147
10013.866528000 -0.031498 -2.959725 3.210964 -0.180140 0.635662 0.749774 0.036362
10013.899861000 -0.032860 -2.961141 3.212651 -0.180295 0.633856 0.751337 0.034821
10013.933194000 -0.033220 -2.963590 3.216732 -0.180391 0.632927 0.752217 0.032134
10013.966527000 -0.031353 -2.968151 3.221756 -0.180388 0.632666 0.752584 0.028479
10013.999860000 -0.022843 -2.982262 3.238906 -0.180383 0.635904 0.750154 0.018915
10014.033193000 -0.016203 -2.991646 3.250997 -0.180412 0.639080 0.747558 0.013611
10014.066526000 -0.007711 -3.001852 3.265496 -0.180395 0.643039 0.744239 0.008211
10014.099859000 0.001363 -3.013285 3.280153 -0.180426 0.647154 0.740694 0.003274
10014.133192000 0.010891 -3.025236 3.295559 -0.180506 0.651151 0.737169 -0.001060
10014.166525000 0.020401 -3.037361 3.310798 -0.180574 0.654697 0.733993 -0.004268
10014.199858000 0.028982 -3.049829 3.326267 -0.180644 0.657792 0.731191 -0.006074
10014.233191000 0.037224 -3.061653 3.341101 -0.180689 0.660044 0.729141 -0.006840
10014.266524000 0.045016 -3.073058 3.355052 -0.180707 0.661229 0.728066 -0.006395
10014.299857000 0.049836 -3.084147 3.366637 -0.180562 0.660953 0.728372 -0.003612
10014.333190000 0.054224 -3.100952 3.385157 -0.180243 0.655565 0.733268 0.008041
10014.366523000 0.053782 -3.108053 3.391352 -0.180035 0.649992 0.738106 0.017249
10014.399856000 0.050153 -3.113604 3.394816 -0.179990 0.642786 0.744038 0.028933
10014.433189000 0.044329 -3.117770 3.397538 -0.180031 0.634196 0.750719 0.042486
10014.466522000 0.037058 -3.121780 3.398074 -0.180315 0.624187 0.757963 0.058037
10014.499855000 0.028170 -3.124727 3.399257 -0.180919 0.613254 0.765268 0.074518
10014.533188000 0.016702 -3.127287 3.398531 -0.181778 0.601545 0.772361 0.092518
10014.566521000 0.004759 -3.129359 3.397862 -0.182980 0.589759 0.778806 0.110292
10014.599854000 -0.008795 -3.130529 3.396931 -0.184424 0.577842 0.784811 0.127115
10014.633187000 -0.024427 -3.132024 3.395608 -0.186022 0.566482 0.790021 0.142694
10014.666520000 -0.055485 -3.135311 3.395416 -0.189209 0.548326 0.798445 0.161321
10014.699853000 -0.072431 -3.137022 3.395627 -0.190516 0.541684 0.802218 0.163486
10014.733186000 -0.090222 -3.140387 3.397277 -0.191394 0.537257 0.805334 0.161743
10014.766519000 -0.108267 -3.144244 3.399564 -0.191950 0.534219 0.808338 0.156061
10014.799852000 -0.125777 -3.149688 3.401975 -0.192098 0.532826 0.810927 0.146944
10014.833185000 -0.143715 -3.156068 3.405350 -0.191878 0.532887 0.812846 0.136000
10014.866518000 -0.161121 -3.163630 3.410056 -0.191205 0.534218 0.814131 0.123462
10014.899851000 -0.177488 -3.173281 3.414210 -0.190390 0.536395 0.814752 0.110507
10014.933184000 -0.194268 -3.184630 3.418558 -0.189458 0.539116 0.814699 0.098612
10014.966517000 -0.208378 -3.197822 3.423986 -0.188564 0.542358 0.813937 0.088307
10014.999850000 -0.235384 -3.233264 3.435852 -0.187274 0.548877 0.810953 0.077577
10015.033183000 -0.245965 -3.253909 3.442290 -0.187006 0.551935 0.809030 0.076588
10015.066516000 -0.257936 -3.275822 3.448706 -0.186749 0.554903 0.806822 0.079028
10015.099849000 -0.267949 -3.299252 3.455605 -0.186545 0.557657 0.804592 0.082776
10015.133182000 -0.277827 -3.322498 3.461051 -0.186571 0.559874 0.802419 0.088637
10015.166515000 -0.287795 -3.344390 3.466279 -0.186432 0.561878 0.800316 0.095031
10015.199848000 -0.297766 -3.366282 3.470004 -0.186423 0.563495 0.798259 0.102485
10015.233181000 -0.309694 -3.386058 3.472068 -0.186234 0.564677 0.796416 0.110354
10015.266514000 -0.321849 -3.403477 3.473345 -0.186056 0.565391 0.794845 0.118054
10015.299847000 -0.333276 -3.417418 3.473133 -0.186106 0.565537 0.793624 0.125274
10015.333180000 -0.362021 -3.435308 3.465981 -0.186170 0.564162 0.792386 0.138513
10015.366513000 -0.378269 -3.437412 3.459337 -0.186475 0.562312 0.792595 0.144306
10015.399846000 -0.395823 -3.436664 3.451084 -0.186897 0.560148 0.793061 0.149523
10015.433179000 -0.412781 -3.432700 3.440953 -0.187530 0.557329 0.793919 0.154627
10015.466512000 -0.430679 -3.426027 3.429173 -0.188094 0.553939 0.795174 0.159594
10015.499845000 -0.448587 -3.416950 3.416587 -0.188707 0.550317 0.796597 0.164238
10015.533178000 -0.465375 -3.406122 3.403751 -0.189446 0.546500 0.798113 0.168710
10015.566511000 -0.480538 -3.393668 3.389681 -0.190358 0.542047 0.799956 0.173264
10015.599844000 -0.494942 -3.380074 3.374331 -0.191402 0.537361 0.801892 0.177701
10015.633177000 -0.508720 -3.366022 3.358582 -0.192362 0.532621 0.803714 0.182632
10015.666510000 -0.527897 -3.336974 3.326781 -0.194542 0.522785 0.807336 0.192506
10015.699843000 -0.534709 -3.323109 3.311921 -0.195634 0.518010 0.808892 0.197706
10015.733176000 -0.540507 -3.308982 3.296978 -0.196805 0.513256 0.810217 0.203430
10015.766509000 -0.545789 -3.296006 3.281654 -0.197845 0.508814 0.811255 0.209357
10015.799842000 -0.549428 -3.283837 3.267861 -0.198889 0.504535 0.812258 0.214765
10015.833175000 -0.554807 -3.272476 3.254374 -0.199904 0.500455 0.812688 0.221633
10015.866508000 -0.560224 -3.260945 3.240512 -0.200849 0.496452 0.813063 0.228307
10015.899841000 -0.566636 -3.252448 3.228541 -0.201659 0.493111 0.812999 0.234964
10015.933174000 -0.575507 -3.245117 3.216836 -0.202416 0.489987 0.812358 0.242928
10015.966507000 -0.585811 -3.238378 3.207211 -0.203007 0.487723 0.811414 0.250044
10015.999840000 -0.613488 -3.232876 3.190856 -0.204061 0.484462 0.808340 0.265032
10016.033173000 -0.632724 -3.231775 3.184224 -0.204097 0.483676 0.806113 0.273101
10016.066506000 -0.653849 -3.233168 3.178356 -0.203836 0.483422 0.803664 0.280851
10016.099839000 -0.675379 -3.234990 3.175073 -0.203581 0.483520 0.800885 0.288697
10016.133172000 -0.698790 -3.238313 3.170672 -0.203200 0.483605 0.797877 0.297032
10016.166505000 -0.722454 -3.242003 3.168341 -0.202333 0.484102 0.794917 0.304652
10016.199838000 -0.744109 -3.246733 3.167017 -0.202013 0.484567 0.791793 0.312168
10016.233171000 -0.765366 -3.250524 3.164943 -0.201235 0.484735 0.788746 0.320025
10016.266504000 -0.785614 -3.254264 3.164346 -0.200347 0.484563 0.785847 0.327877
10016.299837000 -0.802618 -3.257557 3.164593 -0.199613 0.484234 0.782872 0.335833
10016.333170000 -0.825314 -3.261019 3.166219 -0.198703 0.481883 0.777458 0.351944
10016.366503000 -0.833044 -3.262096 3.167271 -0.198145 0.480257 0.774771 0.360307
10016.399836000 -0.836030 -3.261374 3.168416 -0.197941 0.478031 0.772783 0.367576
10016.433169000 -0.838813 -3.260781 3.170589 -0.197468 0.476391 0.770740 0.374189
10016.466502000 -0.837777 -3.260145 3.171849 -0.197350 0.474831 0.769671 0.378412
10016.499835000 -0.835877 -3.258669 3.171901 -0.197449 0.473573 0.769021 0.381247
10016.533168000 -0.833232 -3.257664 3.171986 -0.197392 0.473145 0.769299 0.381247
10016.566501000 -0.828598 -3.257481 3.171001 -0.197897 0.473481 0.770557 0.378014
10016.599834000 -0.823277 -3.257128 3.170800 -0.198312 0.475286 0.772878 0.370721
10016.633167000 -0.819342 -3.257408 3.167773 -0.198724 0.478278 0.776071 0.359822
10016.666500000 -0.812808 -3.262583 3.161101 -0.199120 0.490151 0.784814 0.322753
10016.699833000 -0.809772 -3.266150 3.156376 -0.198809 0.498831 0.789596 0.296952
10016.733166000 -0.807813 -3.270519 3.150880 -0.198101 0.508729 0.793721 0.268251
10016.766499000 -0.807754 -3.274293 3.146032 -0.196659 0.519538 0.796740 0.237930
10016.799832000 -0.807046 -3.277294 3.143295 -0.194916 0.531315 0.798158 0.206530
10016.833165000 -0.807756 -3.280070 3.139956 -0.193008 0.542941 0.798027 0.176397
10016.866498000 -0.808715 -3.280617 3.140092 -0.191045 0.554622 0.796377 0.147241
10016.899831000 -0.809974 -3.279591 3.141663 -0.189186 0.565946 0.793360 0.120390
10016.933164000 -0.812042 -3.276305 3.145506 -0.187546 0.576559 0.789332 0.096750
10016.966497000 -0.814331 -3.270134 3.153171 -0.186206 0.586273 0.784773 0.075782
10016.999830000 -0.819346 -3.247359 3.180863 -0.184280 0.603237 0.774743 0.043798
10017.033163000 -0.821994 -3.231053 3.199486 -0.183680 0.610574 0.769712 0.031679
10017.066496000 -0.826535 -3.212155 3.221457 -0.183278 0.616993 0.765006 0.022231
10017.099829000 -0.830122 -3.191477 3.243718 -0.182981 0.622537 0.760768 0.014036
10017.133162000 -0.834528 -3.168848 3.266807 -0.182830 0.627372 0.756922 0.006848
10017.166495000 -0.839903 -3.146488 3.290048 -0.182723 0.631775 0.753308 0.000485
10017.199828000 -0.844807 -3.123108 3.312905 -0.182722 0.635499 0.750145 -0.005993
10017.233161000 -0.851096 -3.100466 3.332882 -0.182647 0.638158 0.747819 -0.012686
10017.266494000 -0.858572 -3.079140 3.349758 -0.182660 0.640021 0.746086 -0.019062
10017.299827000 -0.866047 -3.059091 3.362963 -0.182632 0.640879 0.745100 -0.027298
10017.333160000 -0.884550 -3.026431 3.372897 -0.182037 0.638845 0.746020 -0.046840
10017.366493000 -0.894466 -3.013481 3.369964 -0.181469 0.636230 0.747464 -0.059824
10017.399826000 -0.905485 -3.002281 3.362352 -0.180726 0.632474 0.749622 -0.073360
10017.433159000 -0.914936 -2.993207 3.350878 -0.179688 0.628200 0.751789 -0.088831
10017.466492000 -0.924636 -2.985538 3.336602 -0.178181 0.623356 0.754074 -0.105125
10017.499825000 -0.933635 -2.977431 3.319902 -0.176568 0.618126 0.756243 -0.121822
10017.533158000 -0.940957 -2.969708 3.300132 -0.174215 0.612635 0.758090 -0.140098
10017.566491000 -0.947163 -2.962266 3.279373 -0.171577 0.607242 0.759511 -0.157992
10017.599824000 -0.952001 -2.953300 3.257778 -0.168721 0.602097 0.760408 -0.175480
10017.633157000 -0.953745 -2.942948 3.236470 -0.165556 0.597004 0.760831 -0.193168
10017.666490000 -0.950862 -2.918382 3.195664 -0.159269 0.588453 0.760041 -0.225155
10017.699823000 -0.945475 -2.903198 3.176467 -0.156109 0.584802 0.758995 -0.239922
10017.733156000 -0.937360 -2.885756 3.158660 -0.152996 0.581357 0.757793 -0.253703
10017.766489000 -0.927854 -2.868539 3.141610 -0.150098 0.578306 0.756432 -0.266163
10017.799822000 -0.917658 -2.850081 3.124807 -0.147257 0.575207 0.755250 -0.277578
10017.833155000 -0.905816 -2.830169 3.108882 -0.144246 0.572028 0.753980 -0.288948
10017.866488000 -0.895227 -2.809716 3.093438 -0.141321 0.568804 0.752994 -0.299150
10017.899821000 -0.883131 -2.789497 3.078575 -0.138181 0.565300 0.751944 -0.309713
10017.933154000 -0.870588 -2.769986 3.062726 -0.134918 0.561519 0.750962 -0.320233
10017.966487000 -0.859898 -2.749671 3.047463 -0.131173 0.557256 0.750141 -0.330979
10017.999820000 -0.842271 -2.713273 3.016655 -0.122883 0.547489 0.748774 -0.352835
10018.033153000 -0.835559 -2.696891 3.001513 -0.118011 0.542170 0.747790 -0.364604
10018.066486000 -0.830964 -2.681309 2.986535 -0.112980 0.537125 0.746402 -0.376319
10018.099819000 -0.827146 -2.666520 2.970786 -0.107490 0.531727 0.744470 -0.389200
10018.133152000 -0.826417 -2.651753 2.954705 -0.101711 0.526229 0.742666 -0.401478
10018.166485000 -0.825507 -2.638235 2.939360 -0.096306 0.521695 0.739641 -0.414116
10018.199818000 -0.825128 -2.625808 2.923154 -0.091384 0.517659 0.736479 -0.425765
10018.233151000 -0.827038 -2.613022 2.907399 -0.086875 0.514422 0.732724 -0.436966
10018.266484000 -0.830408 -2.601559 2.892550 -0.083806 0.512485 0.729417 -0.445294
10018.299817000 -0.834148 -2.590414 2.876428 -0.081649 0.511565 0.726304 -0.451793
10018.333150000 -0.845105 -2.569509 2.847653 -0.082753 0.514820 0.721098 -0.456213
10018.366483000 -0.852581 -2.559144 2.832796 -0.085150 0.518433 0.718793 -0.455317
10018.399816000 -0.860669 -2.549752 2.818756 -0.088961 0.523288 0.717327 -0.451330
10018.433149000 -0.869832 -2.540120 2.805754 -0.093538 0.528956 0.716192 -0.445561
10018.466482000 -0.878814 -2.531240 2.791894 -0.098282 0.534984 0.714822 -0.439502
10018.499815000 -0.887948 -2.521514 2.778695 -0.103114 0.540958 0.713863 -0.432588
10018.533148000 -0.898363 -2.511754 2.765420 -0.107764 0.546952 0.712693 -0.425793
10018.566481000 -0.908100 -2.503131 2.752400 -0.112308 0.552320 0.712530 -0.417887
10018.599814000 -0.918317 -2.493866 2.739460 -0.116052 0.556829 0.712761 -0.410420
10018.633147000 -0.928461 -2.484553 2.726429 -0.119050 0.560130 0.713838 -0.403132
10018.666480000 -0.946731 -2.465317 2.700227 -0.122535 0.562397 0.719202 -0.389157
10018.699813000 -0.954986 -2.455209 2.686862 -0.122910 0.561098 0.723475 -0.382944
10018.733146000 -0.963257 -2.445114 2.673608 -0.122716 0.558479 0.728908 -0.376477
10018.766479000 -0.970899 -2.434124 2.659338 -0.121721 0.554039 0.735571 -0.370352
10018.799812000 -0.977970 -2.423751 2.645825 -0.120450 0.548322 0.743517 -0.363341
10018.833145000 -0.985293 -2.413242 2.632169 -0.118811 0.541354 0.752274 -0.356236
10018.866478000 -0.991670 -2.402436 2.618680 -0.116909 0.533400 0.761610 -0.348952
10018.899811000 -0.999029 -2.391983 2.605146 -0.115020 0.524002 0.772251 -0.340326
10018.933144000 -1.005740 -2.380545 2.591048 -0.112816 0.513372 0.783107 -0.332363
10018.966477000 -1.012100 -2.369714 2.577349 -0.111235 0.502189 0.794617 -0.322515
10018.999810000 -1.024876 -2.347821 2.549810 -0.108859 0.477263 0.818292 -0.301278
10019.033143000 -1.031266 -2.336889 2.535968 -0.108198 0.464005 0.829908 -0.290251
10019.066476000 -1.037897 -2.325399 2.521437 -0.108279 0.450330 0.841495 -0.278147
10019.099809000 -1.045199 -2.314722 2.507444 -0.109871 0.436281 0.853557 -0.262729
10019.133142000 -1.051554 -2.303760 2.493726 -0.109629 0.423421 0.862504 -0.254524
10019.166475000 -1.058742 -2.293280 2.480049 -0.110594 0.410418 0.871700 -0.243855
10019.199808000 -1.065926 -2.282950 2.466702 -0.106579 0.399884 0.875959 -0.247850
10019.233141000 -1.073521 -2.271995 2.452635 -0.087169 0.393550 0.867766 -0.290691
10019.266474000 -1.079796 -2.263742 2.441466 -0.021610 0.394978 0.807527 -0.437521
