10000.000000000 0.000000 0.000000 0.000000 0.000000 0.000000 0.000000 1.000000
10000.033333000 0.042819 0.008623 -0.009332 0.009290 -0.055037 -0.020961 0.998221
10000.066666000 0.081365 0.016903 -0.017343 0.019931 -0.102840 -0.037248 0.993800
10000.099999000 0.115173 0.024494 -0.022369 0.030719 -0.141827 -0.049741 0.988164
10000.133332000 0.144370 0.033078 -0.025683 0.041961 -0.173388 -0.058583 0.982214
10000.166665000 0.169978 0.040579 -0.026726 0.052467 -0.199018 -0.064993 0.976430
10000.199998000 0.190350 0.048396 -0.025379 0.062085 -0.219367 -0.069186 0.971204
10000.233331000 0.207062 0.056204 -0.021671 0.070934 -0.235945 -0.072317 0.966472
10000.266664000 0.220820 0.063671 -0.016905 0.079023 -0.248934 -0.073518 0.962488
10000.299997000 0.230506 0.071236 -0.010343 0.086504 -0.259372 -0.074681 0.958992
10000.333330000 0.239249 0.084011 0.004294 0.099079 -0.272888 -0.073720 0.954086
10000.366663000 0.238971 0.090293 0.012642 0.104968 -0.277214 -0.073351 0.952236
10000.399996000 0.236275 0.095283 0.021429 0.109916 -0.280005 -0.072090 0.950957
10000.433329000 0.230428 0.100583 0.030775 0.114696 -0.281571 -0.071255 0.949992
10000.466662000 0.222752 0.104851 0.039108 0.118753 -0.282170 -0.070128 0.949400
10000.499995000 0.212021 0.107969 0.047823 0.122025 -0.281867 -0.069037 0.949155
10000.533328000 0.198649 0.111487 0.055534 0.125515 -0.280607 -0.067699 0.949169
10000.566661000 0.183091 0.113151 0.063147 0.128208 -0.278809 -0.066483 0.949425
10000.599994000 0.166671 0.114686 0.068650 0.129988 -0.276673 -0.065117 0.949903
10000.633327000 0.148038 0.115307 0.072825 0.131174 -0.273269 -0.064457 0.950770
10000.666660000 0.104937 0.113156 0.077887 0.131386 -0.266478 -0.063077 0.952758
10000.699993000 0.081763 0.111491 0.077529 0.130825 -0.261741 -0.062722 0.954171
10000.733326000 0.058137 0.108714 0.076812 0.128908 -0.257313 -0.062239 0.955667
10000.766659000 0.035560 0.104578 0.074533 0.125857 -0.252365 -0.061955 0.957410
10000.799992000 0.013754 0.100053 0.073404 0.122415 -0.247532 -0.061840 0.959124
10000.833325000 -0.007173 0.095227 0.071069 0.117978 -0.242031 -0.061760 0.961087
10000.866658000 -0.025410 0.090072 0.069848 0.113344 -0.237306 -0.061771 0.962820
10000.899991000 -0.040949 0.084226 0.069121 0.108503 -0.232966 -0.062216 0.964408
10000.933324000 -0.053625 0.079188 0.069555 0.103691 -0.229556 -0.062082 0.965763
10000.966657000 -0.062458 0.073163 0.070835 0.098250 -0.226634 -0.062254 0.967010
10000.999990000 -0.067801 0.060846 0.079386 0.090958 -0.225801 -0.063578 0.967832
10001.033323000 -0.063900 0.054420 0.087239 0.088844 -0.229016 -0.064436 0.967216
10001.066656000 -0.056427 0.047892 0.096031 0.086627 -0.232529 -0.064949 0.966544
10001.099989000 -0.045025 0.042605 0.106101 0.086659 -0.237514 -0.066043 0.965254
10001.133322000 -0.030548 0.035735 0.117464 0.086529 -0.243945 -0.067127 0.963586
10001.166655000 -0.013937 0.030045 0.131226 0.086896 -0.251677 -0.068369 0.961474
10001.199988000 0.005020 0.023875 0.145091 0.087350 -0.259687 -0.070083 0.959177
10001.233321000 0.025690 0.016977 0.160252 0.087886 -0.268787 -0.072266 0.956455
10001.266654000 0.047242 0.011175 0.175806 0.088625 -0.277416 -0.074956 0.953712
10001.299987000 0.069239 0.005297 0.191616 0.089781 -0.287063 -0.078575 0.950453
10001.333320000 0.112666 -0.008340 0.225188 0.091018 -0.308284 -0.089614 0.942680
10001.366653000 0.133983 -0.014765 0.241512 0.092627 -0.319478 -0.097735 0.937978
10001.399986000 0.152903 -0.021055 0.256650 0.093463 -0.330043 -0.106497 0.933271
10001.433319000 0.172028 -0.027545 0.272207 0.095229 -0.341893 -0.117610 0.927474
10001.466652000 0.188576 -0.034384 0.287029 0.098035 -0.352805 -0.129978 0.921425
10001.499985000 0.203665 -0.040090 0.299189 0.100227 -0.362854 -0.142701 0.915384
10001.533318000 0.215828 -0.046225 0.310074 0.103927 -0.372325 -0.156805 0.908837
10001.566651000 0.227003 -0.052090 0.320602 0.108067 -0.381267 -0.170635 0.902131
10001.599984000 0.234384 -0.057729 0.328811 0.111801 -0.388140 -0.183500 0.896201
10001.633317000 0.240712 -0.062861 0.334283 0.115081 -0.393626 -0.195241 0.890896
10001.666650000 0.243407 -0.072731 0.339891 0.119760 -0.400043 -0.211861 0.883594
10001.699983000 0.239264 -0.077485 0.338515 0.120142 -0.399484 -0.215909 0.882815
10001.733316000 0.234924 -0.083607 0.336488 0.118955 -0.398503 -0.218621 0.882751
10001.766649000 0.229124 -0.090540 0.331631 0.116419 -0.395679 -0.219145 0.884228
10001.799982000 0.220704 -0.097117 0.325994 0.112224 -0.392522 -0.218885 0.886240
10001.833315000 0.212859 -0.106419 0.320619 0.105800 -0.388619 -0.217905 0.888988
10001.866648000 0.204503 -0.116766 0.314252 0.097829 -0.384304 -0.217195 0.891945
10001.899981000 0.195607 -0.128579 0.308448 0.088595 -0.380146 -0.217386 0.894641
10001.933314000 0.188026 -0.143489 0.303424 0.076735 -0.376453 -0.218203 0.897097
10001.966647000 0.181490 -0.161355 0.299019 0.063385 -0.373549 -0.221420 0.898564
10001.999980000 0.175829 -0.203637 0.295237 0.032636 -0.371567 -0.235288 0.897503
10002.033313000 0.176272 -0.230035 0.295949 0.015338 -0.372736 -0.246178 0.894555
10002.066646000 0.178706 -0.257750 0.298794 -0.001559 -0.375706 -0.259106 0.889779
10002.099979000 0.181748 -0.286381 0.301727 -0.017953 -0.378712 -0.273647 0.883952
10002.133312000 0.185443 -0.317388 0.306757 -0.033563 -0.383039 -0.289912 0.876416
10002.166645000 0.189986 -0.345987 0.311105 -0.046832 -0.387077 -0.305912 0.868560
10002.199978000 0.194248 -0.375277 0.316388 -0.058871 -0.391994 -0.322845 0.859445
10002.233311000 0.197517 -0.403313 0.322657 -0.069700 -0.397015 -0.339594 0.849821
10002.266644000 0.199173 -0.428621 0.328160 -0.078252 -0.401978 -0.355537 0.840169
10002.299977000 0.200405 -0.451889 0.333692 -0.085158 -0.406777 -0.371518 0.830214
10002.333310000 0.195460 -0.487409 0.344043 -0.095986 -0.414352 -0.396939 0.813350
10002.366643000 0.189666 -0.500181 0.348348 -0.100250 -0.417470 -0.406898 0.806289
10002.399976000 0.181642 -0.509850 0.352896 -0.103485 -0.419707 -0.416131 0.799983
10002.433309000 0.174175 -0.518437 0.357740 -0.106485 -0.422034 -0.423668 0.794388
10002.466642000 0.165404 -0.524009 0.363351 -0.108898 -0.424182 -0.430577 0.789186
10002.499975000 0.158023 -0.528855 0.370220 -0.110264 -0.426465 -0.436367 0.784572
10002.533308000 0.151083 -0.533768 0.376979 -0.111253 -0.428787 -0.441125 0.780495
10002.566641000 0.145291 -0.537291 0.388318 -0.111507 -0.431613 -0.446230 0.775987
10002.599974000 0.142365 -0.542963 0.399754 -0.110734 -0.434797 -0.450582 0.771794
10002.633307000 0.141723 -0.549784 0.414641 -0.109227 -0.438749 -0.454018 0.767748
10002.666640000 0.151529 -0.571432 0.451710 -0.103087 -0.448656 -0.461882 0.758120
10002.699973000 0.160874 -0.585895 0.474635 -0.099177 -0.454113 -0.465360 0.753250
10002.733306000 0.174332 -0.602326 0.500700 -0.093979 -0.461009 -0.468501 0.747760
10002.766639000 0.188096 -0.619178 0.526637 -0.089765 -0.467227 -0.470730 0.743004
10002.799972000 0.203803 -0.639226 0.553974 -0.084960 -0.473716 -0.473945 0.737395
10002.833305000 0.220246 -0.658479 0.582467 -0.079454 -0.480602 -0.478133 0.730820
10002.866638000 0.235843 -0.677369 0.610581 -0.075016 -0.486896 -0.480855 0.725316
10002.899971000 0.250984 -0.697863 0.637335 -0.071363 -0.492885 -0.484458 0.719216
10002.933304000 0.263988 -0.716775 0.661982 -0.068090 -0.498422 -0.488813 0.712742
10002.966637000 0.273932 -0.734691 0.684527 -0.065580 -0.503209 -0.494379 0.705740
10002.999970000 0.283844 -0.766676 0.722326 -0.062877 -0.512559 -0.507723 0.689599
10003.033303000 0.284218 -0.782534 0.738830 -0.062686 -0.517117 -0.515837 0.680127
10003.066636000 0.281264 -0.793055 0.750289 -0.062307 -0.520591 -0.524334 0.670952
10003.099969000 0.276525 -0.803139 0.761428 -0.062538 -0.524267 -0.532923 0.661231
10003.133302000 0.269669 -0.811751 0.770819 -0.062854 -0.527381 -0.541294 0.651859
10003.166635000 0.262179 -0.819593 0.773894 -0.062780 -0.529084 -0.549863 0.643257
10003.199968000 0.253899 -0.825638 0.776957 -0.063438 -0.530354 -0.557339 0.635667
10003.233301000 0.245190 -0.830598 0.782819 -0.064737 -0.531752 -0.563143 0.629221
10003.266634000 0.238615 -0.838692 0.788650 -0.066633 -0.532558 -0.567225 0.624659
10003.299967000 0.233166 -0.844191 0.793691 -0.068630 -0.532631 -0.569243 0.622541
10003.333300000 0.228083 -0.854008 0.803905 -0.074828 -0.529828 -0.564808 0.628231
10003.366633000 0.228375 -0.857743 0.807935 -0.078352 -0.526361 -0.558900 0.635953
10003.399966000 0.231429 -0.862048 0.813928 -0.082129 -0.522570 -0.551518 0.644983
10003.433299000 0.235650 -0.866391 0.820665 -0.085561 -0.518616 -0.542793 0.655051
10003.466632000 0.239651 -0.870457 0.825522 -0.089045 -0.513553 -0.533547 0.666079
10003.499965000 0.245117 -0.874864 0.833016 -0.092043 -0.509020 -0.524664 0.676132
10003.533298000 0.250911 -0.879275 0.840658 -0.094895 -0.504433 -0.515896 0.685853
10003.566631000 0.256697 -0.884546 0.847691 -0.097653 -0.499715 -0.508754 0.694203
10003.599964000 0.260288 -0.889743 0.854538 -0.100683 -0.495100 -0.503444 0.700916
10003.633297000 0.264434 -0.895681 0.862746 -0.103929 -0.491124 -0.499838 0.705803
10003.666630000 0.266643 -0.908836 0.878451 -0.113240 -0.484923 -0.501636 0.707381
10003.699963000 0.265718 -0.915348 0.887998 -0.118530 -0.483315 -0.506632 0.704046
10003.733296000 0.262819 -0.922848 0.895660 -0.124634 -0.481803 -0.514391 0.698380
10003.766629000 0.257651 -0.930302 0.904732 -0.130739 -0.480850 -0.523493 0.691119
10003.799962000 0.253069 -0.938722 0.912941 -0.136148 -0.480374 -0.533606 0.682620
10003.833295000 0.247262 -0.946514 0.922320 -0.140712 -0.480659 -0.543989 0.673233
10003.866628000 0.240665 -0.955633 0.931242 -0.144458 -0.481149 -0.553732 0.664084
10003.899961000 0.234092 -0.964826 0.938322 -0.147336 -0.481302 -0.562642 0.655800
10003.933294000 0.227601 -0.973885 0.946970 -0.148969 -0.481528 -0.568966 0.649782
10003.966627000 0.220400 -0.983567 0.954990 -0.149938 -0.480906 -0.572215 0.647161
10003.999960000 0.207962 -1.004265 0.970988 -0.149834 -0.476572 -0.564255 0.657301
10004.033293000 0.202173 -1.014248 0.979223 -0.147926 -0.473358 -0.553212 0.669333
10004.066626000 0.199124 -1.023934 0.987282 -0.144030 -0.470224 -0.539297 0.683595
10004.099959000 0.195125 -1.032957 0.994025 -0.139140 -0.466659 -0.523461 0.699183
10004.133292000 0.189948 -1.042732 1.001164 -0.132705 -0.463744 -0.507130 0.714248
10004.166625000 0.185414 -1.051973 1.009098 -0.124894 -0.461740 -0.490856 0.728188
10004.199958000 0.181605 -1.059641 1.017388 -0.115786 -0.460334 -0.474766 0.741137
10004.233291000 0.176714 -1.067301 1.025983 -0.106476 -0.459954 -0.460925 0.751434
10004.266624000 0.172646 -1.074359 1.035284 -0.096974 -0.460649 -0.448557 0.759734
10004.299957000 0.168087 -1.079655 1.045235 -0.087647 -0.462351 -0.438593 0.765628
10004.333290000 0.157627 -1.086023 1.067213 -0.072758 -0.467941 -0.426412 0.770656
10004.366623000 0.151694 -1.086498 1.079588 -0.067269 -0.472310 -0.424381 0.769609
10004.399956000 0.145241 -1.086233 1.090788 -0.063276 -0.476836 -0.424617 0.767023
10004.433289000 0.139051 -1.086085 1.104058 -0.060085 -0.482283 -0.426322 0.762917
10004.466622000 0.132520 -1.084990 1.117595 -0.057739 -0.488214 -0.429752 0.757381
10004.499955000 0.125077 -1.084170 1.133351 -0.056533 -0.494840 -0.434620 0.750362
10004.533288000 0.118141 -1.084062 1.146840 -0.056164 -0.500890 -0.440528 0.742893
10004.566621000 0.110764 -1.083930 1.161261 -0.055654 -0.507671 -0.447363 0.734193
10004.599954000 0.103600 -1.085040 1.176341 -0.056025 -0.513842 -0.454231 0.725604
10004.633287000 0.095788 -1.087910 1.191882 -0.056643 -0.519796 -0.461516 0.716664
10004.666620000 0.082279 -1.100000 1.225562 -0.058194 -0.530343 -0.474896 0.699874
10004.699953000 0.075419 -1.109171 1.242485 -0.059192 -0.533986 -0.480201 0.693370
10004.733286000 0.068873 -1.119851 1.259325 -0.060990 -0.536697 -0.485980 0.687066
10004.766619000 0.063954 -1.131193 1.276301 -0.062319 -0.538350 -0.490022 0.682769
10004.799952000 0.059634 -1.143847 1.292361 -0.064813 -0.538233 -0.494186 0.679621
10004.833285000 0.057118 -1.158062 1.308102 -0.067268 -0.537826 -0.497874 0.677008
10004.866618000 0.056371 -1.172477 1.323330 -0.070135 -0.536177 -0.500735 0.675914
10004.899951000 0.057480 -1.188313 1.337254 -0.073783 -0.533211 -0.503344 0.675934
10004.933284000 0.060550 -1.204569 1.350400 -0.077520 -0.529491 -0.505280 0.676995
10004.966617000 0.067043 -1.220365 1.363750 -0.081348 -0.525685 -0.506928 0.678279
10004.999950000 0.086842 -1.254645 1.385152 -0.090660 -0.515000 -0.509302 0.683497
10005.033283000 0.101146 -1.270006 1.394396 -0.095029 -0.509271 -0.509325 0.687168
10005.066616000 0.117517 -1.285731 1.402681 -0.099458 -0.502951 -0.508502 0.691790
10005.099949000 0.135472 -1.299876 1.410172 -0.103936 -0.496389 -0.506777 0.697117
10005.133282000 0.155324 -1.313954 1.416327 -0.108139 -0.489461 -0.504240 0.703189
10005.166615000 0.174657 -1.326916 1.422266 -0.112103 -0.482620 -0.501294 0.709376
10005.199948000 0.194159 -1.338745 1.427075 -0.116392 -0.474414 -0.497116 0.717119
10005.233281000 0.212587 -1.349493 1.431939 -0.120517 -0.466369 -0.492288 0.725002
10005.266614000 0.231262 -1.358930 1.436922 -0.124560 -0.457497 -0.485871 0.734242
10005.299947000 0.248023 -1.367681 1.440080 -0.128581 -0.447471 -0.478128 0.744735
10005.333280000 0.274742 -1.382109 1.449523 -0.137209 -0.424837 -0.458171 0.768614
10005.366613000 0.284476 -1.386953 1.454529 -0.141376 -0.411646 -0.445818 0.782181
10005.399946000 0.292938 -1.391481 1.458601 -0.144788 -0.398446 -0.432401 0.795806
10005.433279000 0.298988 -1.395765 1.463505 -0.148031 -0.384785 -0.417880 0.809570
10005.466612000 0.302478 -1.398602 1.469153 -0.150692 -0.370744 -0.402465 0.823324
10005.499945000 0.305285 -1.402062 1.475892 -0.152496 -0.357880 -0.387978 0.835548
10005.533278000 0.306549 -1.406421 1.482804 -0.153735 -0.345417 -0.373466 0.847098
10005.566611000 0.306250 -1.410357 1.490507 -0.154578 -0.334170 -0.360494 0.857018
10005.599944000 0.305546 -1.415190 1.499177 -0.154910 -0.324380 -0.348930 0.865464
10005.633277000 0.302719 -1.421856 1.509202 -0.155544 -0.316028 -0.339362 0.872219
10005.666610000 0.298024 -1.440488 1.533122 -0.156603 -0.308356 -0.330966 0.877983
10005.699943000 0.294441 -1.451682 1.546749 -0.157355 -0.308081 -0.331283 0.877825
10005.733276000 0.291238 -1.463722 1.560404 -0.158161 -0.309806 -0.334312 0.875923
10005.766609000 0.287978 -1.477749 1.575913 -0.159383 -0.314630 -0.341118 0.871346
10005.799942000 0.285389 -1.492136 1.592273 -0.160232 -0.321678 -0.350441 0.864893
10005.833275000 0.282445 -1.506340 1.608375 -0.161056 -0.329860 -0.361561 0.857045
10005.866608000 0.281036 -1.521044 1.625332 -0.161141 -0.340872 -0.375437 0.846692
10005.899941000 0.280517 -1.534989 1.641960 -0.160357 -0.352585 -0.389859 0.835451
10005.933274000 0.280771 -1.547749 1.659123 -0.158797 -0.365523 -0.405312 0.822739
10005.966607000 0.281765 -1.560509 1.675820 -0.156614 -0.379018 -0.420973 0.809073
10005.999940000 0.290123 -1.580795 1.707655 -0.149394 -0.405320 -0.448169 0.782650
10006.033273000 0.295809 -1.589214 1.722542 -0.145054 -0.416958 -0.458761 0.771132
10006.066606000 0.302404 -1.595763 1.737241 -0.140990 -0.427395 -0.467810 0.760663
10006.099939000 0.310383 -1.603264 1.750770 -0.136538 -0.437065 -0.475505 0.751150
10006.133272000 0.319348 -1.609214 1.764584 -0.132299 -0.446162 -0.482234 0.742217
10006.166605000 0.327556 -1.617606 1.778501 -0.128730 -0.454813 -0.489009 0.733106
10006.199938000 0.335842 -1.624525 1.791460 -0.125046 -0.462737 -0.495074 0.724666
10006.233271000 0.343534 -1.634836 1.804049 -0.122308 -0.470168 -0.501141 0.716129
10006.266604000 0.350295 -1.646688 1.817237 -0.119723 -0.477741 -0.508139 0.706558
10006.299937000 0.356439 -1.660401 1.829012 -0.117598 -0.484968 -0.515492 0.696595
10006.333270000 0.364409 -1.697256 1.852190 -0.114077 -0.500164 -0.533198 0.672698
10006.366603000 0.365308 -1.719917 1.864142 -0.112508 -0.508708 -0.544154 0.657613
10006.399936000 0.365804 -1.743234 1.874652 -0.110978 -0.516688 -0.554821 0.642566
10006.433269000 0.365999 -1.767983 1.885202 -0.108638 -0.525113 -0.565340 0.626773
10006.466602000 0.365274 -1.792173 1.895727 -0.106272 -0.533509 -0.575352 0.610773
10006.499935000 0.364669 -1.816320 1.904902 -0.103461 -0.541743 -0.584509 0.595114
10006.533268000 0.363334 -1.839437 1.913934 -0.100175 -0.550175 -0.592612 0.579727
10006.566601000 0.363588 -1.858648 1.922653 -0.096579 -0.557761 -0.597966 0.567461
10006.599934000 0.363608 -1.875913 1.930119 -0.093092 -0.564918 -0.602311 0.556258
10006.633267000 0.365030 -1.888920 1.935898 -0.089264 -0.571335 -0.603964 0.548485
10006.666600000 0.371653 -1.899533 1.945742 -0.081536 -0.581770 -0.600187 0.542836
10006.699933000 0.377073 -1.897528 1.949561 -0.077166 -0.586152 -0.594672 0.544827
10006.733266000 0.383702 -1.891072 1.952092 -0.072806 -0.589761 -0.587954 0.548810
10006.766599000 0.391156 -1.881946 1.954697 -0.068276 -0.592942 -0.580061 0.554335
10006.799932000 0.398339 -1.869160 1.957739 -0.063563 -0.595844 -0.571762 0.560373
10006.833265000 0.406264 -1.855967 1.960653 -0.058974 -0.598503 -0.563663 0.566215
10006.866598000 0.414385 -1.840407 1.963667 -0.054465 -0.600643 -0.555609 0.572329
10006.899931000 0.421468 -1.824567 1.967257 -0.050168 -0.602907 -0.548699 0.576989
10006.933264000 0.428341 -1.810030 1.972953 -0.046444 -0.605632 -0.543729 0.579148
10006.966597000 0.433189 -1.795584 1.979420 -0.043762 -0.607990 -0.540734 0.579690
10006.999930000 0.439415 -1.774163 1.996565 -0.042263 -0.613155 -0.543873 0.571364
10007.033263000 0.440693 -1.767125 2.007511 -0.043703 -0.615903 -0.550554 0.561822
10007.066596000 0.441077 -1.762082 2.019824 -0.045822 -0.618933 -0.559941 0.548897
10007.099929000 0.441005 -1.758470 2.033067 -0.049363 -0.620986 -0.572056 0.533565
10007.133262000 0.441174 -1.757346 2.046395 -0.052887 -0.623120 -0.586328 0.514921
10007.166595000 0.440674 -1.757169 2.059688 0.056941 0.624071 0.602299 -0.494499
10007.199928000 0.441336 -1.757058 2.073398 0.061050 0.623703 0.618986 -0.473417
10007.233261000 0.442626 -1.758533 2.085786 0.065165 0.621636 0.636200 -0.452295
10007.266594000 0.445758 -1.759828 2.098993 0.069299 0.617952 0.652456 -0.433169
10007.299927000 0.450258 -1.761315 2.110836 0.073530 0.611871 0.666684 -0.419213
10007.333260000 0.465285 -1.764780 2.129827 0.087736 0.588967 0.686364 -0.417522
10007.366593000 0.474973 -1.765816 2.137092 0.097521 0.573528 0.689715 -0.431102
10007.399926000 0.485641 -1.766776 2.144362 0.109742 0.555463 0.688244 -0.453584
10007.433259000 0.496260 -1.768530 2.149465 0.123688 0.535450 0.682156 -0.482346
10007.466592000 0.506421 -1.771182 2.155345 -0.137241 -0.516195 -0.671908 0.513076
10007.499925000 0.514091 -1.774452 2.159817 -0.151726 -0.495887 -0.658366 0.545554
10007.533258000 0.518590 -1.779809 2.165570 -0.164369 -0.478024 -0.645479 0.572566
10007.566591000 0.520078 -1.785627 2.171269 -0.176658 -0.460675 -0.632714 0.596862
10007.599924000 0.517688 -1.794606 2.177819 -0.186425 -0.447295 -0.624627 0.612384
10007.633257000 0.509298 -1.804625 2.185393 -0.195976 -0.435376 -0.620830 0.621781
10007.666590000 0.473865 -1.833061 2.204398 -0.207580 -0.425407 -0.642119 0.603012
10007.699923000 0.446516 -1.850842 2.216523 -0.206021 -0.429000 -0.670618 0.569022
10007.733256000 0.416182 -1.871013 2.229523 -0.194462 -0.439710 -0.710347 0.514049
10007.766589000 0.382032 -1.891615 2.243298 0.169137 0.457049 0.758568 -0.432521
10007.799922000 0.347518 -1.912594 2.257641 0.128408 0.478453 0.805661 -0.324815
10007.833255000 0.312134 -1.934485 2.272208 0.080809 0.497787 0.838228 -0.207488
10007.866588000 0.276914 -1.955588 2.287641 0.039296 0.511911 0.851555 -0.106097
10007.899921000 0.245018 -1.976598 2.302071 0.010326 0.521531 0.852495 -0.033929
10007.933254000 0.216148 -1.995561 2.315051 -0.006375 0.529078 0.848495 0.009561
10007.966587000 0.192968 -2.011912 2.328221 -0.013276 0.534996 0.844274 0.028353
10007.999920000 0.167501 -2.038725 2.351278 -0.005891 0.542394 0.840064 0.008126
10008.033253000 0.166152 -2.047408 2.360790 0.006930 0.543374 0.838967 -0.028821
10008.066586000 0.168879 -2.053716 2.368967 0.024422 0.542893 0.835865 -0.077465
10008.099919000 0.176850 -2.057029 2.376581 0.045281 0.540432 0.829052 -0.136218
10008.133252000 0.189985 -2.059727 2.381899 0.068248 0.536067 0.816528 -0.203117
10008.166585000 0.206110 -2.059684 2.386564 0.090297 0.530360 0.798323 -0.270640
10008.199918000 0.225049 -2.057819 2.390179 0.108913 0.524333 0.775886 -0.333487
10008.233251000 0.245189 -2.055389 2.393521 0.122858 0.519203 0.751892 -0.387289
10008.266584000 0.264817 -2.051728 2.395165 0.132674 0.514383 0.728059 -0.433288
10008.299917000 0.284980 -2.047087 2.395968 0.138800 0.510439 0.706493 -0.470165
10008.333250000 0.320162 -2.036525 2.394327 -0.143334 -0.505408 -0.673223 0.520374
10008.366583000 0.333921 -2.031316 2.392288 -0.144160 -0.503542 -0.662276 0.535774
10008.399916000 0.346468 -2.025879 2.389922 -0.144354 -0.502316 -0.653336 0.547715
10008.433249000 0.356866 -2.020559 2.386869 -0.144506 -0.501126 -0.647465 0.555680
10008.466582000 0.365071 -2.015528 2.383489 -0.144840 -0.499874 -0.643176 0.561669
10008.499915000 0.372782 -2.011394 2.381077 -0.144904 -0.499204 -0.640402 0.565405
10008.533248000 0.378274 -2.007463 2.378224 -0.145315 -0.498399 -0.639139 0.567436
10008.566581000 0.383321 -2.004966 2.376889 -0.145245 -0.498738 -0.639094 0.567207
10008.599914000 0.387744 -2.003079 2.376024 -0.145195 -0.498998 -0.639525 0.566504
10008.633247000 0.390796 -2.002479 2.376218 -0.144614 -0.500118 -0.641257 0.563701
10008.666580000 0.395520 -2.004591 2.379905 -0.142706 -0.503161 -0.644323 0.557953
10008.699913000 0.397414 -2.007307 2.383602 -0.140853 -0.505922 -0.645948 0.554035
10008.733246000 0.399228 -2.011433 2.388972 -0.138698 -0.509050 -0.647697 0.549654
10008.766579000 0.401399 -2.016194 2.395156 -0.136382 -0.512444 -0.649091 0.545418
10008.799912000 0.402614 -2.021302 2.401494 -0.133833 -0.516175 -0.650554 0.540769
10008.833245000 0.405568 -2.027090 2.409131 -0.131074 -0.520103 -0.651646 0.536349
10008.866578000 0.408866 -2.033457 2.417521 -0.128225 -0.524294 -0.653161 0.531088
10008.899911000 0.413015 -2.039452 2.425656 -0.125515 -0.528238 -0.654141 0.526603
10008.933244000 0.417617 -2.045981 2.434581 -0.123010 -0.531956 -0.655404 0.521859
10008.966577000 0.423969 -2.051798 2.443285 -0.120419 -0.535869 -0.656251 0.517376
10008.999910000 0.439445 -2.062068 2.460047 -0.116316 -0.542078 -0.657935 0.509650
10009.033243000 0.449423 -2.066219 2.467752 -0.114553 -0.544680 -0.658939 0.505965
10009.066576000 0.461268 -2.069606 2.475466 -0.112908 -0.547112 -0.658714 0.504000
10009.099909000 0.472525 -2.072361 2.481595 -0.111639 -0.548741 -0.658939 0.502215
10009.133242000 0.484876 -2.074790 2.487864 -0.110347 -0.550383 -0.658359 0.501463
10009.166575000 0.497713 -2.076246 2.493355 -0.109150 -0.551781 -0.656739 0.502313
10009.199908000 0.510716 -2.076280 2.497281 -0.108295 -0.552608 -0.654308 0.504755
10009.233241000 0.522779 -2.076685 2.501279 -0.107400 -0.553260 -0.650939 0.508573
10009.266574000 0.536239 -2.075784 2.504376 -0.106328 -0.553911 -0.645929 0.514445
10009.299907000 0.548038 -2.074259 2.506270 -0.105108 -0.554399 -0.639622 0.521994
10009.333240000 0.570097 -2.068744 2.506355 -0.101689 -0.554427 -0.622926 0.542433
10009.366573000 0.579462 -2.065330 2.505292 -0.099105 -0.554696 -0.612904 0.553930
10009.399906000 0.589318 -2.061980 2.502550 -0.096287 -0.554508 -0.601831 0.566612
10009.433239000 0.597886 -2.057551 2.499984 -0.092524 -0.554701 -0.590105 0.579243
10009.466572000 0.605098 -2.053083 2.497086 -0.088634 -0.554782 -0.578725 0.591132
10009.499905000 0.612716 -2.049035 2.495008 -0.084330 -0.554725 -0.566985 0.603073
10009.533238000 0.619980 -2.044491 2.492176 -0.079905 -0.554660 -0.555994 0.613872
10009.566571000 0.627357 -2.040826 2.489836 -0.075467 -0.554348 -0.545287 0.624231
10009.599904000 0.633654 -2.038081 2.488611 -0.071331 -0.553706 -0.535799 0.633435
10009.633237000 0.641075 -2.035610 2.487752 -0.067561 -0.552961 -0.527363 0.641528
10009.666570000 0.654981 -2.032981 2.492054 -0.062118 -0.550367 -0.513881 0.655106
10009.699903000 0.662359 -2.033512 2.496246 -0.060684 -0.548741 -0.509092 0.660323
10009.733236000 0.669520 -2.035044 2.500072 -0.060143 -0.546350 -0.505728 0.664924
10009.766569000 0.675928 -2.036957 2.505674 -0.060270 -0.543592 -0.503002 0.669227
10009.799902000 0.682317 -2.040353 2.513079 -0.060611 -0.541366 -0.501118 0.672406
10009.833235000 0.687061 -2.045340 2.520175 -0.062186 -0.538401 -0.500396 0.675175
10009.866568000 0.690386 -2.051661 2.528469 -0.064066 -0.535562 -0.500294 0.677329
10009.899901000 0.691901 -2.058765 2.536975 -0.066370 -0.532955 -0.501150 0.678530
10009.933234000 0.692832 -2.066829 2.545045 -0.069257 -0.529819 -0.502410 0.679765
10009.966567000 0.691046 -2.076318 2.554035 -0.072272 -0.527376 -0.504279 0.679966
10009.999900000 0.680724 -2.100503 2.571146 -0.079048 -0.522869 -0.510179 0.678289
10010.033233000 0.671680 -2.113935 2.579265 -0.082668 -0.520962 -0.514163 0.676314
10010.066566000 0.661680 -2.127860 2.587621 -0.085959 -0.519451 -0.518032 0.674110
10010.099899000 0.649873 -2.141574 2.595444 -0.089170 -0.518188 -0.522571 0.671155
10010.133232000 0.637095 -2.155876 2.605094 -0.092204 -0.517656 -0.527449 0.667329
10010.166565000 0.623007 -2.170125 2.614222 -0.095061 -0.517457 -0.532608 0.662971
10010.199898000 0.607302 -2.182520 2.623769 -0.097648 -0.517176 -0.537540 0.658821
10010.233231000 0.592777 -2.194424 2.634705 -0.099740 -0.517879 -0.543031 0.653430
10010.266564000 0.576383 -2.204754 2.646323 -0.101646 -0.518785 -0.548566 0.647770
10010.299897000 0.561392 -2.212834 2.658912 -0.103014 -0.519975 -0.553568 0.642321
10010.333230000 0.531892 -2.222889 2.688279 -0.104417 -0.524130 -0.563956 0.629554
10010.366563000 0.518194 -2.224595 2.704723 -0.104364 -0.526773 -0.568645 0.623106
10010.399896000 0.505872 -2.224095 2.720708 -0.104114 -0.529272 -0.572872 0.617130
10010.433229000 0.494612 -2.223143 2.737972 -0.103086 -0.532821 -0.576969 0.610395
10010.466562000 0.485379 -2.221786 2.755566 -0.101641 -0.536791 -0.580832 0.603456
10010.499895000 0.477830 -2.219929 2.771371 -0.100266 -0.540414 -0.584292 0.597078
10010.533228000 0.471922 -2.219806 2.786509 -0.098313 -0.544799 -0.587526 0.590205
10010.566561000 0.468881 -2.221534 2.799941 -0.096148 -0.549130 -0.590282 0.583762
10010.599894000 0.467820 -2.224107 2.811855 -0.093803 -0.553857 -0.592917 0.576968
10010.633227000 0.469738 -2.229447 2.821574 -0.091305 -0.558474 -0.594694 0.571060
10010.666560000 0.483147 -2.250486 2.832659 -0.086445 -0.567423 -0.597829 0.559606
10010.699893000 0.493400 -2.264972 2.834369 -0.084009 -0.571608 -0.598654 0.554816
10010.733226000 0.505445 -2.283080 2.833961 -0.082202 -0.575232 -0.599901 0.549973
10010.766559000 0.518892 -2.301993 2.830050 -0.080269 -0.577927 -0.601565 0.545598
10010.799892000 0.531368 -2.322334 2.824760 -0.079435 -0.580120 -0.603713 0.541001
10010.833225000 0.542646 -2.343357 2.818042 -0.079480 -0.581176 -0.606505 0.536721
10010.866558000 0.552004 -2.365292 2.810332 -0.080155 -0.581560 -0.610353 0.531820
10010.899891000 0.558092 -2.385933 2.801986 -0.082021 -0.580866 -0.615459 0.526381
10010.933224000 0.562089 -2.406555 2.792347 -0.084747 -0.578665 -0.621888 0.520788
10010.966557000 0.560706 -2.424151 2.782802 -0.088599 -0.575616 -0.629710 0.514084
10010.999890000 0.541025 -2.453407 2.765625 0.098860 0.565647 0.652534 -0.494440
10011.033223000 0.523174 -2.462802 2.757211 0.105178 0.558446 0.666542 -0.482491
10011.066556000 0.501985 -2.470773 2.748846 0.111777 0.550024 0.681862 -0.469088
10011.099889000 0.477763 -2.476065 2.742899 0.117159 0.541532 0.698193 -0.453370
10011.133222000 0.451592 -2.479297 2.737215 0.122779 0.532192 0.713669 -0.438603
10011.166555000 0.425697 -2.481348 2.733220 0.127555 0.522544 0.728109 -0.424893
10011.199888000 0.401303 -2.480880 2.730097 0.132626 0.512219 0.739500 -0.416152
10011.233221000 0.379775 -2.477923 2.729410 0.138329 0.501407 0.746109 -0.415665
10011.266554000 0.361304 -2.475045 2.729980 0.147372 0.489013 0.745548 -0.428142
10011.299887000 0.346848 -2.470005 2.732205 0.161320 0.474056 0.732961 -0.460450
10011.333220000 0.337557 -2.456890 2.743767 -0.193203 -0.439699 -0.663692 0.573455
10011.366553000 0.340212 -2.449516 2.751375 -0.198113 -0.426811 -0.617596 0.630206
10011.399886000 0.346979 -2.442752 2.760345 -0.191571 -0.421422 -0.573463 0.675903
10011.433219000 0.359036 -2.434503 2.771639 -0.173569 -0.424134 -0.535654 0.709266
10011.466552000 0.373808 -2.427145 2.783494 -0.148438 -0.432819 -0.504140 0.732446
10011.499885000 0.388792 -2.420465 2.796217 -0.120395 -0.444971 -0.477899 0.747742
10011.533218000 0.405385 -2.414088 2.809558 -0.092010 -0.458954 -0.455979 0.756954
10011.566551000 0.419590 -2.408280 2.821638 -0.066221 -0.472689 -0.438535 0.761490
10011.599884000 0.431375 -2.404776 2.833815 -0.044524 -0.486205 -0.425793 0.761789
10011.633217000 0.440765 -2.403361 2.844689 -0.027529 -0.498726 -0.417096 0.759306
10011.666550000 0.443931 -2.404750 2.862861 -0.010389 -0.521133 -0.413841 0.746357
10011.699883000 0.437175 -2.408761 2.870154 -0.009409 -0.530919 -0.418524 0.736800
10011.733216000 0.426208 -2.413870 2.876044 -0.011676 -0.539996 -0.425855 0.725890
10011.766549000 0.412578 -2.421201 2.880295 -0.016398 -0.548481 -0.435453 0.713639
10011.799882000 0.395484 -2.428352 2.883726 -0.022526 -0.556085 -0.446771 0.700470
10011.833215000 0.375558 -2.437129 2.886405 -0.029438 -0.563279 -0.459658 0.685978
10011.866548000 0.354424 -2.445819 2.888487 -0.036156 -0.569677 -0.473567 0.670742
10011.899881000 0.331196 -2.455480 2.889500 -0.042179 -0.575330 -0.488628 0.654568
10011.933214000 0.308659 -2.464217 2.889608 -0.046573 -0.580320 -0.504057 0.637955
10011.966547000 0.286218 -2.473067 2.891165 -0.048848 -0.584984 -0.520419 0.620138
10011.999880000 0.245359 -2.487669 2.890969 -0.043760 -0.591805 -0.555715 0.582265
10012.033213000 0.227336 -2.494502 2.891522 -0.035868 -0.594316 -0.575327 0.560804
10012.066546000 0.210346 -2.500978 2.891775 -0.024062 -0.596178 -0.596386 0.536950
10012.099879000 0.194478 -2.506463 2.893193 -0.009111 -0.597328 -0.618338 0.510661
10012.133212000 0.179578 -2.511920 2.894281 -0.009367 0.597566 0.641261 -0.481260
10012.166545000 0.164942 -2.517300 2.896122 -0.031462 0.596711 0.665195 -0.447729
10012.199878000 0.149505 -2.523645 2.899979 -0.054793 0.594782 0.688239 -0.411775
10012.233211000 0.135179 -2.530864 2.904271 -0.079401 0.591816 0.709792 -0.373690
10012.266544000 0.120007 -2.539151 2.910723 -0.104174 0.588072 0.728995 -0.334492
10012.299877000 0.103700 -2.549412 2.917295 -0.126567 0.583610 0.745059 -0.297099
10012.333210000 0.069234 -2.572901 2.937365 -0.160415 0.576963 0.765765 -0.234487
10012.366543000 0.050485 -2.587653 2.948248 -0.170655 0.575377 0.771475 -0.211294
10012.399876000 0.030940 -2.602637 2.960742 -0.177480 0.575068 0.774862 -0.193356
10012.433209000 0.010895 -2.618489 2.974001 -0.181833 0.575908 0.776788 -0.178515
10012.466542000 -0.008866 -2.634956 2.987216 -0.183409 0.577992 0.777153 -0.168285
10012.499875000 -0.028926 -2.652056 3.000548 -0.183048 0.580683 0.776897 -0.160411
10012.533208000 -0.047731 -2.668204 3.012845 -0.181385 0.583939 0.775964 -0.154904
10012.566541000 -0.067529 -2.683404 3.024259 -0.178520 0.587463 0.774853 -0.150398
10012.599874000 -0.085185 -2.698454 3.034697 -0.175526 0.591095 0.773410 -0.147088
10012.633207000 -0.103034 -2.711407 3.042586 -0.173231 0.594279 0.772397 -0.142221
10012.666540000 -0.133702 -2.732462 3.052640 -0.169448 0.600380 0.770360 -0.131820
10012.699873000 -0.146144 -2.740293 3.054832 -0.169260 0.602866 0.769635 -0.124761
10012.733206000 -0.157904 -2.746620 3.054825 -0.169520 0.604800 0.769324 -0.116707
10012.766539000 -0.168499 -2.752137 3.054128 -0.170419 0.606854 0.768754 -0.108176
10012.799872000 -0.176808 -2.756091 3.053031 -0.171638 0.608766 0.768053 -0.100196
10012.833205000 -0.184192 -2.759445 3.051858 -0.173319 0.610409 0.767415 -0.091844
10012.866538000 -0.190393 -2.763239 3.051098 -0.175422 0.612238 0.766444 -0.083401
10012.899871000 -0.194062 -2.767258 3.051577 -0.177251 0.614034 0.765286 -0.076686
10012.933204000 -0.197254 -2.771830 3.052606 -0.178953 0.615840 0.763991 -0.070951
10012.966537000 -0.199004 -2.776141 3.055781 -0.180459 0.617875 0.762343 -0.067071
10012.999870000 -0.198837 -2.789913 3.070982 -0.182372 0.622609 0.758220 -0.064820
10013.033203000 -0.196154 -2.797886 3.082517 -0.182925 0.625448 0.755601 -0.066486
10013.066536000 -0.192926 -2.806201 3.096205 -0.183399 0.628179 0.752997 -0.068926
10013.099869000 -0.188099 -2.815281 3.110812 -0.183340 0.631059 0.750240 -0.072738
10013.133202000 -0.181903 -2.824497 3.126429 -0.183253 0.634033 0.747325 -0.076975
10013.166535000 -0.175394 -2.834350 3.142482 -0.183283 0.636887 0.744549 -0.080178
10013.199868000 -0.168209 -2.843037 3.159180 -0.182785 0.640010 0.741610 -0.083614
10013.233201000 -0.159068 -2.851738 3.174684 -0.182872 0.642718 0.738990 -0.085819
10013.266534000 -0.150198 -2.859847 3.189395 -0.182654 0.645629 0.736448 -0.086283
10013.299867000 -0.140557 -2.866083 3.202504 -0.182375 0.648468 0.734064 -0.085902
10013.333200000 -0.118245 -2.874518 3.223438 -0.183354 0.654048 0.729810 -0.077336
10013.366533000 -0.106192 -2.876133 3.230510 -0.183370 0.656812 0.727959 -0.071051
10013.399866000 -0.095362 -2.876373 3.235186 -0.183865 0.659238 0.726436 -0.062371
10013.433199000 -0.083723 -2.876116 3.238577 -0.184331 0.661685 0.724851 -0.052778
10013.466532000 -0.072421 -2.873756 3.239781 -0.184679 0.663739 0.723565 -0.042402
10013.499865000 -0.061305 -2.871764 3.239248 -0.184938 0.665493 0.722421 -0.032025
10013.533198000 -0.052092 -2.868435 3.238071 -0.185061 0.666787 0.721595 -0.021173
10013.566531000 -0.043156 -2.864351 3.236324 -0.185598 0.667562 0.720976 -0.010407
10013.599864000 -0.035306 -2.860913 3.233416 -0.185595 0.667815 0.720816 -0.001003
10013.633197000 -0.029253 -2.856900 3.228905 -0.185499 0.667477 0.721111 0.007994
10013.666530000 -0.023101 -2.848961 3.222274 -0.185392 0.664827 0.723295 0.021892
10013.699863000 -0.021811 -2.846470 3.217823 -0.185371 0.662217 0.725522 0.026895
10013.733196000 -0.021995 -2.842888 3.213722 -0.185432 0.659320 0.727985 0.030831
10013.766529000 -0.023681 -2.840653 3.211064 -0.185501 0.656298 0.730577 0.033469
10013.799862000 -0.024769 -2.839110 3.208649 -0.185653 0.653142 0.733290 0.034979
10013.833195000 -0.026511 -2.838484 3.207420 -0.185781 0.650332 0.735736 0.035291
10013.866528000 -0.028272 -2.839282 3.207445 -0.185905 0.647808 0.737967 0.034476
10013.899861000 -0.029600 -2.840573 3.209006 -0.186029 0.646015 0.739577 0.032919
10013.933194000 -0.029974 -2.842814 3.212965 -0.186076 0.645097 0.740481 0.030225
10013.966527000 -0.028164 -2.846995 3.218065 -0.186021 0.644877 0.740827 0.026555
10013.999860000 -0.020018 -2.859993 3.235256 -0.185848 0.648125 0.738312 0.017011
10014.033193000 -0.013678 -2.868591 3.247322 -0.185774 0.651276 0.735656 0.011732
10014.066526000 -0.005556 -2.877905 3.261775 -0.185645 0.655203 0.732260 0.006356
10014.099859000 0.003161 -2.888398 3.276396 -0.185582 0.659260 0.728652 0.001447
10014.133192000 0.012320 -2.899391 3.291812 -0.185573 0.663208 0.725059 -0.002862
10014.166525000 0.021428 -2.910540 3.307036 -0.185567 0.666703 0.721828 -0.006047
10014.199858000 0.029650 -2.922078 3.322534 -0.185583 0.669755 0.718975 -0.007832
10014.233191000 0.037549 -2.932936 3.337318 -0.185606 0.671954 0.716906 -0.008591
10014.266524000 0.045004 -2.943413 3.351199 -0.185620 0.673101 0.715831 -0.008139
10014.299857000 0.049647 -2.953633 3.362731 -0.185537 0.672805 0.716157 -0.005366
10014.333190000 0.053755 -2.969366 3.381285 -0.185404 0.667451 0.721176 0.006254
10014.366523000 0.053375 -2.976009 3.387385 -0.185375 0.661896 0.726149 0.015408
10014.399856000 0.049894 -2.981304 3.390801 -0.185530 0.654720 0.732249 0.027036
10014.433189000 0.044405 -2.985289 3.393325 -0.185834 0.646126 0.739152 0.040507
10014.466522000 0.037441 -2.989262 3.393885 -0.186402 0.636161 0.746605 0.055981
10014.499855000 0.028956 -2.992249 3.394797 -0.187338 0.625202 0.754179 0.072400
10014.533188000 0.018001 -2.994871 3.394138 -0.188555 0.613532 0.761492 0.090302
10014.566521000 0.006463 -2.997126 3.393475 -0.190073 0.601781 0.768160 0.107988
10014.599854000 -0.006472 -2.998449 3.392449 -0.191845 0.589868 0.774405 0.124693
10014.633187000 -0.021498 -2.999992 3.391169 -0.193773 0.578524 0.779821 0.140146
10014.666520000 -0.052034 -3.003884 3.390836 -0.197192 0.560475 0.788554 0.158636
10014.699853000 -0.068615 -3.005948 3.391050 -0.198516 0.553958 0.792396 0.160716
10014.733186000 -0.085852 -3.009258 3.392629 -0.199401 0.549582 0.795582 0.158898
10014.766519000 -0.103371 -3.013195 3.394798 -0.199905 0.546628 0.798605 0.153184
10014.799852000 -0.120590 -3.018756 3.397261 -0.199876 0.545391 0.801155 0.144046
10014.833185000 -0.137937 -3.025015 3.400546 -0.199515 0.545530 0.803045 0.133076
10014.866518000 -0.154802 -3.032340 3.405212 -0.198675 0.546942 0.804275 0.120517
10014.899851000 -0.170739 -3.041771 3.409444 -0.197654 0.549210 0.804819 0.107559
10014.933184000 -0.187021 -3.052878 3.413954 -0.196552 0.552013 0.804670 0.095688
10014.966517000 -0.200947 -3.065833 3.419829 -0.195464 0.555396 0.803762 0.085413
10014.999850000 -0.227222 -3.100366 3.432492 -0.193966 0.561999 0.800597 0.074688
10015.033183000 -0.237705 -3.120254 3.439576 -0.193636 0.565104 0.798571 0.073802
10015.066516000 -0.249271 -3.141559 3.446315 -0.193417 0.568013 0.796327 0.076249
10015.099849000 -0.258775 -3.164169 3.453643 -0.193324 0.570699 0.794059 0.079993
10015.133182000 -0.268404 -3.186796 3.459652 -0.193415 0.572871 0.791858 0.085850
10015.166515000 -0.277983 -3.208029 3.465336 -0.193390 0.574796 0.789748 0.092244
10015.199848000 -0.287430 -3.229195 3.469706 -0.193518 0.576362 0.787676 0.099621
10015.233181000 -0.298963 -3.248463 3.472212 -0.193471 0.577463 0.785842 0.107511
10015.266514000 -0.310373 -3.265352 3.473892 -0.193508 0.578075 0.784299 0.115148
10015.299847000 -0.321574 -3.279182 3.474062 -0.193661 0.578196 0.783072 0.122407
10015.333180000 -0.349409 -3.297151 3.467437 -0.193980 0.576744 0.781882 0.135638
10015.366513000 -0.365106 -3.299499 3.460590 -0.194380 0.574796 0.782192 0.141429
10015.399846000 -0.382612 -3.299438 3.452398 -0.194677 0.572709 0.782704 0.146560
10015.433179000 -0.399468 -3.296285 3.442176 -0.195305 0.569915 0.783613 0.151669
10015.466512000 -0.416983 -3.290386 3.430068 -0.195923 0.566493 0.784965 0.156620
10015.499845000 -0.434236 -3.282199 3.416954 -0.196659 0.562806 0.786495 0.161248
10015.533178000 -0.450519 -3.272102 3.403639 -0.197467 0.558932 0.788132 0.165677
10015.566511000 -0.465639 -3.260588 3.389211 -0.198344 0.554500 0.790078 0.170197
10015.599844000 -0.480063 -3.248142 3.374031 -0.199342 0.549956 0.792047 0.174563
10015.633177000 -0.493594 -3.235231 3.358205 -0.200347 0.545280 0.793933 0.179445
10015.666510000 -0.512283 -3.208029 3.325581 -0.202628 0.535390 0.797806 0.189223
10015.699843000 -0.519048 -3.195097 3.310403 -0.203759 0.530607 0.799466 0.194405
10015.733176000 -0.524669 -3.181805 3.295163 -0.204997 0.525818 0.800911 0.200081
10015.766509000 -0.529788 -3.169707 3.279730 -0.206117 0.521364 0.802043 0.205968
10015.799842000 -0.533274 -3.158384 3.265856 -0.207241 0.517066 0.803137 0.211339
10015.833175000 -0.538610 -3.147829 3.252232 -0.208330 0.512958 0.803656 0.218195
10015.866508000 -0.543812 -3.137137 3.238398 -0.209389 0.508950 0.804101 0.224825
10015.899841000 -0.550137 -3.129152 3.225866 -0.210245 0.505479 0.804176 0.231494
10015.933174000 -0.558770 -3.122365 3.213873 -0.211104 0.502249 0.803642 0.239460
10015.966507000 -0.569116 -3.116199 3.203938 -0.211701 0.499915 0.802787 0.246578
10015.999840000 -0.598038 -3.111402 3.186821 -0.212363 0.496588 0.799911 0.261621
10016.033173000 -0.617278 -3.110745 3.180001 -0.212425 0.495759 0.797709 0.269738
10016.066506000 -0.638538 -3.112368 3.174046 -0.212081 0.495481 0.795305 0.277507
10016.099839000 -0.660308 -3.114396 3.169969 -0.211790 0.495402 0.792588 0.285528
10016.133172000 -0.683694 -3.117950 3.165313 -0.211341 0.495425 0.789634 0.293883
10016.166505000 -0.706078 -3.121448 3.162475 -0.210684 0.495654 0.786803 0.301463
10016.199838000 -0.728426 -3.126047 3.161219 -0.210073 0.496177 0.783713 0.308985
10016.233171000 -0.749783 -3.129841 3.159134 -0.209278 0.496301 0.780675 0.316913
10016.266504000 -0.769707 -3.133595 3.158349 -0.208454 0.496043 0.777807 0.324814
10016.299837000 -0.786798 -3.136868 3.158628 -0.207705 0.495705 0.774844 0.332795
10016.333170000 -0.810405 -3.140101 3.159854 -0.206635 0.493296 0.769516 0.349008
10016.366503000 -0.817660 -3.141082 3.160674 -0.206245 0.491539 0.766907 0.357360
10016.399836000 -0.820983 -3.140306 3.161713 -0.206043 0.489297 0.764958 0.364656
10016.433169000 -0.823595 -3.139636 3.163627 -0.205667 0.487570 0.762982 0.371262
10016.466502000 -0.822514 -3.138902 3.164792 -0.205622 0.485957 0.761957 0.375483
10016.499835000 -0.820792 -3.137480 3.164852 -0.205740 0.484707 0.761313 0.378329
10016.533168000 -0.817992 -3.136524 3.164891 -0.205721 0.484264 0.761616 0.378296
10016.566501000 -0.813641 -3.136276 3.163859 -0.206130 0.484618 0.762871 0.375079
10016.599834000 -0.808237 -3.136086 3.163761 -0.206502 0.486490 0.765146 0.367743
10016.633167000 -0.804273 -3.136557 3.160891 -0.206798 0.489567 0.768263 0.356833
10016.666500000 -0.797839 -3.141828 3.154564 -0.206655 0.501661 0.776764 0.319792
10016.699833000 -0.794801 -3.145462 3.150178 -0.205976 0.510487 0.781366 0.294013
10016.733166000 -0.792895 -3.149850 3.144955 -0.204818 0.520515 0.785304 0.265349
10016.766499000 -0.792638 -3.153687 3.140438 -0.202965 0.531445 0.788108 0.235067
10016.799832000 -0.791920 -3.156673 3.137873 -0.200738 0.543318 0.789307 0.203726
10016.833165000 -0.792600 -3.159441 3.134738 -0.198358 0.555014 0.788958 0.173661
10016.866498000 -0.793527 -3.159947 3.134869 -0.195937 0.566735 0.787096 0.144571
10016.899831000 -0.794756 -3.158910 3.136400 -0.193661 0.578081 0.783865 0.117785
10016.933164000 -0.796774 -3.155591 3.139991 -0.191644 0.588677 0.779653 0.094199
10016.966497000 -0.799078 -3.149330 3.147235 -0.189969 0.598371 0.774915 0.073286
10016.999830000 -0.804064 -3.126324 3.173296 -0.187533 0.615203 0.764621 0.041380
10017.033163000 -0.806722 -3.109863 3.190737 -0.186745 0.622439 0.759499 0.029291
10017.066496000 -0.811209 -3.090856 3.211491 -0.186248 0.628781 0.754685 0.019896
10017.099829000 -0.814995 -3.069956 3.232567 -0.185815 0.634306 0.750327 0.011741
10017.133162000 -0.819378 -3.047232 3.254177 -0.185551 0.639055 0.746430 0.004557
10017.166495000 -0.824779 -3.024793 3.276010 -0.185351 0.643387 0.742762 -0.001771
10017.199828000 -0.829847 -3.001337 3.297232 -0.185216 0.647017 0.739592 -0.008212
10017.233161000 -0.836069 -2.978845 3.315593 -0.185041 0.649582 0.737280 -0.014890
10017.266494000 -0.843276 -2.957872 3.330840 -0.184961 0.651321 0.735607 -0.021266
10017.299827000 -0.850910 -2.937828 3.342808 -0.184755 0.652155 0.734636 -0.029493
10017.333160000 -0.868634 -2.906110 3.351132 -0.183974 0.650066 0.735638 -0.049033
10017.366493000 -0.878350 -2.893541 3.347924 -0.183194 0.647535 0.737082 -0.062034
10017.399826000 -0.889181 -2.882823 3.340206 -0.182191 0.643865 0.739278 -0.075582
10017.433159000 -0.898500 -2.874185 3.328931 -0.180864 0.639727 0.741447 -0.091070
10017.466492000 -0.907976 -2.867091 3.314949 -0.179038 0.634989 0.743776 -0.107385
10017.499825000 -0.916772 -2.859929 3.298128 -0.176915 0.629768 0.746109 -0.124158
10017.533158000 -0.923816 -2.853016 3.278824 -0.174258 0.624387 0.747989 -0.142432
10017.566491000 -0.929730 -2.846463 3.258654 -0.171309 0.619095 0.749445 -0.160332
10017.599824000 -0.934307 -2.838496 3.237551 -0.168162 0.614004 0.750404 -0.177805
10017.633157000 -0.936014 -2.829138 3.216890 -0.164695 0.609046 0.750829 -0.195436
10017.666490000 -0.932985 -2.806731 3.176617 -0.157914 0.600517 0.750173 -0.227339
10017.699823000 -0.927836 -2.792621 3.157667 -0.154522 0.596893 0.749181 -0.242009
10017.733156000 -0.919890 -2.776271 3.139988 -0.151241 0.593476 0.748020 -0.255691
10017.766489000 -0.910660 -2.760184 3.123085 -0.148136 0.590484 0.746677 -0.268064
10017.799822000 -0.900719 -2.742845 3.106249 -0.145125 0.587383 0.745553 -0.279411
10017.833155000 -0.889168 -2.724097 3.090064 -0.141916 0.584148 0.744377 -0.290748
10017.866488000 -0.878683 -2.704890 3.074401 -0.138887 0.580882 0.743476 -0.300883
10017.899821000 -0.867086 -2.685895 3.059509 -0.135510 0.577448 0.742463 -0.311351
10017.933154000 -0.855110 -2.667684 3.043868 -0.132013 0.573738 0.741537 -0.321745
10017.966487000 -0.844584 -2.648518 3.028177 -0.128145 0.569380 0.740873 -0.332405
10017.999820000 -0.827184 -2.614247 2.997378 -0.119494 0.559763 0.739555 -0.354182
10018.033153000 -0.820471 -2.599134 2.982337 -0.114470 0.554491 0.738634 -0.365863
10018.066486000 -0.815851 -2.584362 2.966921 -0.109307 0.549244 0.737417 -0.377623
10018.099819000 -0.812020 -2.570640 2.950989 -0.103605 0.543773 0.735598 -0.390478
10018.133152000 -0.810501 -2.557014 2.934543 -0.097824 0.538186 0.733877 -0.402753
10018.166485000 -0.809294 -2.544514 2.919120 -0.092276 0.533592 0.730923 -0.415351
10018.199818000 -0.808715 -2.533065 2.903111 -0.087216 0.529548 0.727809 -0.426927
10018.233151000 -0.810537 -2.521206 2.887504 -0.082524 0.526272 0.724112 -0.438052
10018.266484000 -0.813754 -2.510653 2.872927 -0.079309 0.524335 0.720816 -0.446326
10018.299817000 -0.817303 -2.500306 2.856912 -0.077064 0.523348 0.717732 -0.452800
10018.333150000 -0.828073 -2.481076 2.828583 -0.077959 0.526534 0.712463 -0.457253
10018.366483000 -0.835260 -2.471565 2.814097 -0.080358 0.530135 0.710081 -0.456381
10018.399816000 -0.843007 -2.462932 2.800277 -0.084232 0.534973 0.708522 -0.452445
10018.433149000 -0.851794 -2.454089 2.787554 -0.088884 0.540650 0.707268 -0.446732
10018.466482000 -0.860378 -2.446016 2.774252 -0.093756 0.546726 0.705760 -0.440685
10018.499815000 -0.869213 -2.436935 2.761124 -0.098678 0.552653 0.704698 -0.433864
10018.533148000 -0.879200 -2.428024 2.748005 -0.103379 0.558584 0.703440 -0.427164
10018.566481000 -0.888727 -2.420196 2.734744 -0.107846 0.563842 0.703231 -0.419426
10018.599814000 -0.898523 -2.411566 2.722005 -0.111714 0.568353 0.703361 -0.412041
10018.633147000 -0.908265 -2.402979 2.709235 -0.114843 0.571683 0.704372 -0.404784
10018.666480000 -0.925938 -2.385104 2.683344 -0.118566 0.574031 0.709689 -0.390859
10018.699813000 -0.933884 -2.375776 2.670340 -0.119046 0.572860 0.713940 -0.384642
10018.733146000 -0.941868 -2.366405 2.657313 -0.118957 0.570331 0.719406 -0.378188
10018.766479000 -0.949174 -2.356234 2.643305 -0.118071 0.566036 0.726104 -0.372068
10018.799812000 -0.956207 -2.346606 2.630131 -0.116864 0.560501 0.734126 -0.365021
10018.833145000 -0.963250 -2.336859 2.616700 -0.115352 0.553688 0.742978 -0.357919
10018.866478000 -0.969411 -2.326847 2.603433 -0.113565 0.545905 0.752429 -0.350630
10018.899811000 -0.976495 -2.317186 2.590102 -0.111815 0.536680 0.763217 -0.342011
10018.933144000 -0.982936 -2.306650 2.576195 -0.109718 0.526228 0.774241 -0.334061
10018.966477000 -0.988950 -2.296640 2.562799 -0.108330 0.515280 0.785894 -0.324226
10018.999810000 -1.001210 -2.276467 2.535859 -0.106309 0.490832 0.809915 -0.303018
10019.033143000 -1.007369 -2.266363 2.522278 -0.105828 0.477776 0.821737 -0.292024
10019.066476000 -1.013861 -2.255740 2.507988 -0.106070 0.464292 0.833552 -0.279952
10019.099809000 -1.020945 -2.245966 2.494418 -0.107896 0.450478 0.845825 -0.264590
10019.133142000 -1.027051 -2.235862 2.480919 -0.107777 0.437789 0.854964 -0.256440
10019.166475000 -1.034077 -2.226222 2.467582 -0.108881 0.424961 0.864366 -0.245815
10019.199808000 -1.041132 -2.216522 2.454326 -0.104760 0.414415 0.868849 -0.249776
10019.233141000 -1.048451 -2.206283 2.440224 -0.084607 0.408023 0.860745 -0.292363
10019.266474000 -1.055950 -2.196939 2.427377 -0.016235 0.407444 0.800880 -0.438540
