10000.000000000 0.000000 0.000000 0.000000 0.000000 0.000000 0.000000 1.000000
10000.033333000 -0.000704 0.005593 -0.000081 -0.000473 0.000461 -0.002133 0.999998
10000.066666000 -0.000812 0.003144 -0.000570 -0.001124 0.000325 -0.003024 0.999995
10000.099999000 -0.004963 0.004969 0.000056 -0.000910 0.000683 -0.004265 0.999990
10000.133332000 -0.005169 0.005290 -0.000555 -0.001740 -0.000446 -0.006169 0.999979
10000.166665000 -0.008262 0.009582 -0.000362 -0.006928 0.000600 -0.007528 0.999947
10000.199998000 -0.013888 0.004484 0.002397 -0.011159 0.000542 -0.008632 0.999900
10000.233331000 -0.017497 0.005780 0.000751 -0.008068 -0.000641 -0.009199 0.999925
10000.266664000 -0.020496 0.000117 -0.000925 -0.005312 -0.002307 -0.009706 0.999936
10000.299997000 -0.023253 0.001496 -0.001567 -0.001957 -0.003667 -0.010613 0.999935
10000.333330000 -0.025726 0.001800 -0.000599 0.001848 -0.005475 -0.012234 0.999908
10000.366663000 -0.025770 -0.004040 0.000004 0.005860 -0.007771 -0.013058 0.999867
10000.399996000 -0.029330 -0.013366 -0.000294 0.010366 -0.007977 -0.014742 0.999806
10000.433329000 -0.028635 -0.020451 -0.004477 0.017528 -0.008902 -0.016168 0.999676
10000.466662000 -0.030750 -0.021996 -0.006193 0.025753 -0.008540 -0.017542 0.999478
10000.499995000 -0.039089 -0.026002 -0.010346 0.031815 -0.006892 -0.018611 0.999297
10000.533328000 -0.036949 -0.030231 -0.013545 0.037371 -0.008911 -0.019752 0.999066
10000.566661000 -0.037864 -0.033473 -0.016627 0.042902 -0.009672 -0.021455 0.998802
10000.599994000 -0.040698 -0.038057 -0.017536 0.048738 -0.009643 -0.022319 0.998516
10000.633327000 -0.039949 -0.044882 -0.021705 0.056416 -0.010721 -0.022264 0.998102
10000.666660000 -0.042860 -0.053217 -0.024792 0.063348 -0.011054 -0.023780 0.997647
10000.699993000 -0.040022 -0.052657 -0.025681 0.070487 -0.011696 -0.025831 0.997110
10000.733326000 -0.042413 -0.056405 -0.027655 0.077138 -0.012739 -0.027128 0.996570
10000.766659000 -0.041818 -0.058765 -0.030977 0.083147 -0.014841 -0.027671 0.996042
10000.799992000 -0.042852 -0.065106 -0.030285 0.087116 -0.016238 -0.027978 0.995673
10000.833325000 -0.044039 -0.072038 -0.035503 0.089216 -0.017899 -0.028844 0.995434
10000.866658000 -0.052190 -0.080228 -0.037882 0.089938 -0.018771 -0.031316 0.995278
10000.899991000 -0.052348 -0.081702 -0.038393 0.093062 -0.021780 -0.033883 0.994845
10000.933324000 -0.054160 -0.084553 -0.039524 0.094805 -0.023647 -0.036521 0.994545
10000.966657000 -0.053250 -0.084998 -0.040685 0.097095 -0.025990 -0.037839 0.994216
10000.999990000 -0.050155 -0.083805 -0.036649 0.098311 -0.030069 -0.038345 0.993962
10001.033323000 -0.053163 -0.084540 -0.037097 0.099228 -0.034342 -0.038333 0.993733
10001.066656000 -0.055390 -0.081780 -0.037882 0.101242 -0.040873 -0.038635 0.993271
10001.099989000 -0.055531 -0.082675 -0.039653 0.100603 -0.048563 -0.040315 0.992923
10001.133322000 -0.059378 -0.084178 -0.035684 0.099963 -0.055413 -0.043039 0.992514
10001.166655000 -0.060982 -0.077794 -0.035935 0.101743 -0.062762 -0.046468 0.991741
10001.199988000 -0.069460 -0.083283 -0.037204 0.100732 -0.069288 -0.049636 0.991256
10001.233321000 -0.070625 -0.083020 -0.034811 0.100306 -0.077817 -0.053231 0.990480
10001.266654000 -0.075189 -0.078815 -0.032265 0.100314 -0.086570 -0.056326 0.989581
10001.299987000 -0.078463 -0.077655 -0.032325 0.099026 -0.095813 -0.058833 0.988712
10001.333320000 -0.074631 -0.083870 -0.026683 0.096719 -0.108007 -0.062503 0.987458
10001.366653000 -0.079617 -0.083741 -0.025640 0.095440 -0.115693 -0.064955 0.986553
10001.399986000 -0.082817 -0.082495 -0.024384 0.095030 -0.123745 -0.067390 0.985452
10001.433319000 -0.086589 -0.078133 -0.025995 0.094129 -0.131561 -0.071313 0.984249
10001.466652000 -0.089520 -0.077238 -0.023872 0.091427 -0.140144 -0.075286 0.983022
10001.499985000 -0.080429 -0.079935 -0.015645 0.087784 -0.152058 -0.079434 0.981256
10001.533318000 -0.085062 -0.078099 -0.014829 0.086041 -0.160456 -0.082017 0.979859
10001.566651000 -0.087619 -0.076007 -0.013590 0.083679 -0.168945 -0.084809 0.978398
10001.599984000 -0.087442 -0.070640 -0.011380 0.082255 -0.177389 -0.087488 0.976787
10001.633317000 -0.089962 -0.068603 -0.008426 0.078467 -0.186110 -0.091251 0.975130
10001.666650000 -0.082802 -0.070188 -0.001554 0.074466 -0.197911 -0.096916 0.972571
10001.699983000 -0.088492 -0.057633 -0.000992 0.072387 -0.206670 -0.097813 0.970814
10001.733316000 -0.090182 -0.052816 0.001580 0.068627 -0.215924 -0.100762 0.968769
10001.766649000 -0.092544 -0.050840 0.002331 0.063839 -0.224079 -0.104885 0.966805
10001.799982000 -0.095877 -0.049168 0.005715 0.060291 -0.229820 -0.109808 0.965137
10001.833315000 -0.095360 -0.052752 0.010276 0.056043 -0.236263 -0.115968 0.963115
10001.866648000 -0.097597 -0.045443 0.012271 0.054530 -0.240662 -0.118282 0.961830
10001.899981000 -0.100339 -0.043575 0.016175 0.051013 -0.245893 -0.121154 0.960342
10001.933314000 -0.102237 -0.038959 0.021851 0.046672 -0.251764 -0.123757 0.958708
10001.966647000 -0.103596 -0.036284 0.026724 0.040981 -0.257999 -0.126471 0.956955
10001.999980000 -0.102171 -0.037664 0.037060 0.035989 -0.268219 -0.129296 0.953963
10002.033313000 -0.112165 -0.037203 0.038230 0.032585 -0.275116 -0.131934 0.951758
10002.066646000 -0.117923 -0.033982 0.042735 0.028970 -0.284463 -0.132993 0.948976
10002.099979000 -0.125588 -0.034860 0.062091 0.020340 -0.302204 -0.136434 0.943210
10002.133312000 -0.133633 -0.038290 0.077386 0.015399 -0.310154 -0.140913 0.940059
10002.166645000 -0.144862 -0.042327 0.101603 0.010526 -0.318846 -0.145400 0.936528
10002.199978000 -0.166698 -0.054872 0.124882 0.011666 -0.322149 -0.151779 0.934370
10002.233311000 -0.177134 -0.060202 0.143765 0.013357 -0.324904 -0.152688 0.933245
10002.266644000 -0.190594 -0.068954 0.175014 0.011423 -0.328857 -0.154867 0.931525
10002.299977000 -0.197831 -0.072613 0.195539 0.009339 -0.332065 -0.155584 0.930290
10002.333310000 -0.203724 -0.075801 0.215361 0.001806 -0.335656 -0.156172 0.928947
10002.366643000 -0.211815 -0.084500 0.233605 -0.002978 -0.336652 -0.159187 0.928071
10002.399976000 -0.216562 -0.093598 0.252293 -0.006289 -0.339112 -0.159376 0.927126
10002.433309000 -0.216412 -0.101115 0.272506 -0.005301 -0.343100 -0.157623 0.925964
10002.466642000 -0.214847 -0.109365 0.293579 -0.007561 -0.346351 -0.156497 0.924928
10002.499975000 -0.206372 -0.117814 0.321948 -0.010282 -0.350983 -0.156323 0.923184
10002.533308000 -0.200695 -0.131694 0.349158 -0.013862 -0.352164 -0.158183 0.922370
10002.566641000 -0.191007 -0.144278 0.378929 -0.012404 -0.354111 -0.161080 0.921143
10002.599974000 -0.178028 -0.162236 0.410470 -0.009650 -0.357761 -0.165377 0.919002
10002.633307000 -0.164925 -0.171613 0.436955 0.002597 -0.362887 -0.167729 0.916610
10002.666640000 -0.152711 -0.168925 0.461931 0.000426 -0.367116 -0.174800 0.913603
10002.699973000 -0.146372 -0.195572 0.487527 -0.012626 -0.371840 -0.181645 0.910264
10002.733306000 -0.134281 -0.207991 0.509881 -0.007106 -0.381234 -0.178192 0.907115
10002.766639000 -0.125384 -0.215328 0.529544 -0.008295 -0.389257 -0.178040 0.903721
10002.799972000 -0.121160 -0.223820 0.548697 -0.011703 -0.395922 -0.179882 0.900418
10002.833305000 -0.115077 -0.232444 0.567472 -0.013957 -0.405991 -0.181777 0.895507
10002.866638000 -0.115321 -0.242234 0.585828 -0.014959 -0.413980 -0.188024 0.890530
10002.899971000 -0.117313 -0.251360 0.605513 -0.012898 -0.418802 -0.193005 0.887236
10002.933304000 -0.121814 -0.256727 0.625495 -0.012066 -0.423998 -0.195242 0.884285
10002.966637000 -0.129291 -0.262459 0.643387 -0.012483 -0.432367 -0.197883 0.879628
10002.999970000 -0.137019 -0.267309 0.663006 -0.013083 -0.442375 -0.203262 0.873394
10003.033303000 -0.147241 -0.278431 0.684056 -0.013970 -0.454892 -0.207998 0.865803
10003.066636000 -0.158490 -0.288278 0.702914 -0.011314 -0.467816 -0.211580 0.858052
10003.099969000 -0.170042 -0.293774 0.720800 -0.007988 -0.479685 -0.217657 0.849979
10003.133302000 -0.179986 -0.300241 0.738717 -0.009996 -0.493178 -0.223046 0.840789
10003.166635000 -0.190689 -0.313885 0.752129 -0.010234 -0.503932 -0.229563 0.832615
10003.199968000 -0.198778 -0.323424 0.763465 -0.005946 -0.515938 -0.230044 0.825138
10003.233301000 -0.203554 -0.323930 0.775643 -0.003641 -0.528815 -0.230822 0.816739
10003.266634000 -0.211659 -0.329335 0.783220 -0.005974 -0.539229 -0.235964 0.808404
10003.299967000 -0.218514 -0.335742 0.787202 -0.004810 -0.551187 -0.239885 0.799140
10003.333300000 -0.219982 -0.345554 0.802985 -0.001978 -0.566250 -0.243213 0.787531
10003.366633000 -0.225714 -0.355540 0.806631 0.000550 -0.575430 -0.245632 0.780093
10003.399966000 -0.225011 -0.361455 0.817679 0.004641 -0.587752 -0.246232 0.770646
10003.433299000 -0.223322 -0.369127 0.828226 0.007929 -0.599398 -0.248531 0.760849
10003.466632000 -0.221208 -0.375882 0.839484 0.012125 -0.608978 -0.254779 0.751057
10003.499965000 -0.216124 -0.388495 0.867158 0.014406 -0.623478 -0.262340 0.736373
10003.533298000 -0.214488 -0.399689 0.878777 0.017173 -0.632763 -0.273143 0.724368
10003.566631000 -0.211685 -0.408212 0.890340 0.023203 -0.641520 -0.279974 0.713813
10003.599964000 -0.209248 -0.417995 0.902925 0.026910 -0.649755 -0.285225 0.704089
10003.633297000 -0.207770 -0.428460 0.910030 0.030466 -0.657335 -0.288053 0.695707
10003.666630000 -0.198326 -0.434516 0.931607 0.036397 -0.670455 -0.287650 0.682952
10003.699963000 -0.196156 -0.443142 0.935143 0.039958 -0.676854 -0.289920 0.675439
10003.733296000 -0.191598 -0.448396 0.942106 0.043112 -0.684003 -0.289307 0.668268
10003.766629000 -0.190702 -0.455990 0.947615 0.044880 -0.689843 -0.289483 0.662044
10003.799962000 -0.188974 -0.462519 0.953822 0.047781 -0.695063 -0.287663 0.657156
10003.833295000 -0.184324 -0.466214 0.965134 0.050616 -0.703400 -0.284344 0.649472
10003.866628000 -0.185091 -0.474976 0.964562 0.052149 -0.709121 -0.284017 0.643244
10003.899961000 -0.181314 -0.476234 0.967735 0.055942 -0.715619 -0.281738 0.636698
10003.933294000 -0.180268 -0.481745 0.970341 0.057409 -0.720987 -0.279156 0.631628
10003.966627000 -0.179189 -0.483100 0.967497 0.060233 -0.725252 -0.276937 0.627445
10003.999960000 -0.177981 -0.484736 0.976572 0.059590 -0.732796 -0.273278 0.620305
10004.033293000 -0.176220 -0.486213 0.978518 0.060735 -0.738579 -0.271460 0.614103
10004.066626000 -0.177065 -0.487730 0.975693 0.061460 -0.742970 -0.271461 0.608709
10004.099959000 -0.176234 -0.489930 0.978467 0.063536 -0.748477 -0.270763 0.602024
10004.133292000 -0.172594 -0.487626 0.966079 0.066419 -0.751582 -0.271394 0.597543
10004.166625000 -0.170421 -0.484389 0.968365 0.069710 -0.757172 -0.271062 0.590218
10004.199958000 -0.170159 -0.489980 0.962524 0.070435 -0.761190 -0.272477 0.584281
10004.233291000 -0.169235 -0.489344 0.964270 0.071407 -0.766002 -0.270966 0.578549
10004.266624000 -0.165818 -0.491090 0.960334 0.072783 -0.770335 -0.271077 0.572541
10004.299957000 -0.166782 -0.487750 0.962217 0.073536 -0.775123 -0.270205 0.566362
10004.333290000 -0.166023 -0.483975 0.961187 0.073822 -0.779342 -0.271056 0.560094
10004.366623000 -0.172155 -0.481507 0.965533 0.072083 -0.784378 -0.269921 0.553804
10004.399956000 -0.172620 -0.481554 0.964997 0.071022 -0.789234 -0.270290 0.546817
10004.433289000 -0.177401 -0.479352 0.965524 0.067839 -0.794119 -0.270401 0.540052
10004.466622000 -0.186133 -0.474955 0.963235 0.065477 -0.798989 -0.271790 0.532410
10004.499955000 -0.186341 -0.470945 0.960096 0.065468 -0.803459 -0.274199 0.524387
10004.533288000 -0.180972 -0.457062 0.955123 0.066938 -0.807148 -0.273785 0.518723
10004.566621000 -0.175694 -0.452201 0.949247 0.067467 -0.810621 -0.276445 0.511782
10004.599954000 -0.173095 -0.442053 0.942050 0.066204 -0.813628 -0.279215 0.505634
10004.633287000 -0.172931 -0.438203 0.936263 -0.063970 0.816693 0.283914 -0.498310
10004.666620000 -0.182972 -0.447198 0.941409 -0.056680 0.820580 0.290543 -0.488898
10004.699953000 -0.176239 -0.436275 0.939642 -0.058103 0.822346 0.295441 -0.482790
10004.733286000 -0.176232 -0.433306 0.930822 -0.057572 0.824909 0.299131 -0.476163
10004.766619000 -0.174174 -0.431665 0.924232 -0.054881 0.829144 0.301039 -0.467851
10004.799952000 -0.171637 -0.432092 0.912699 -0.053525 0.832946 0.304500 -0.458929
10004.833285000 -0.176003 -0.429884 0.909167 -0.052146 0.837189 0.307573 -0.449215
10004.866618000 -0.169914 -0.422297 0.898136 -0.049043 0.841179 0.309115 -0.440976
10004.899951000 -0.168114 -0.415958 0.889386 -0.046397 0.845036 0.312535 -0.431374
10004.933284000 -0.169152 -0.408434 0.870955 -0.042380 0.847242 0.318365 -0.423117
10004.966617000 -0.170891 -0.397238 0.861827 -0.039152 0.851041 0.321507 -0.413316
10004.999950000 -0.198161 -0.399034 0.859684 -0.037723 0.856284 0.326271 -0.398624
10005.033283000 -0.200371 -0.394164 0.841434 -0.036732 0.859438 0.327541 -0.390813
10005.066616000 -0.201762 -0.387236 0.823516 -0.036009 0.863660 0.326844 -0.382058
10005.099949000 -0.209379 -0.389957 0.807421 -0.033061 0.869363 0.327618 -0.368485
10005.133282000 -0.207309 -0.380245 0.792430 -0.032774 0.873314 0.328249 -0.358470
10005.166615000 -0.228219 -0.381530 0.779450 -0.031951 0.880267 0.324545 -0.344646
10005.199948000 -0.217551 -0.386402 0.734709 -0.031700 0.887107 0.320330 -0.330793
10005.233281000 -0.221275 -0.387429 0.730561 -0.033275 0.891154 0.317463 -0.322419
10005.266614000 -0.212511 -0.383892 0.722186 -0.036122 0.893853 0.315267 -0.316746
10005.299947000 -0.218055 -0.391107 0.719147 -0.036055 0.897175 0.315462 -0.307019
10005.333280000 -0.236213 -0.391567 0.735369 -0.033605 0.901664 0.316120 -0.293158
10005.366613000 -0.218537 -0.387828 0.722808 -0.030077 0.903114 0.316246 -0.288912
10005.399946000 -0.214458 -0.386255 0.722237 -0.027790 0.905340 0.316276 -0.282058
10005.433279000 -0.216954 -0.387976 0.725335 -0.025184 0.907031 0.318828 -0.273877
10005.466612000 -0.214935 -0.388165 0.730977 -0.026010 0.909348 0.319143 -0.265626
10005.499945000 -0.246864 -0.406535 0.749581 -0.024920 0.911895 0.325684 -0.248509
10005.533278000 -0.229739 -0.395849 0.752496 -0.027321 0.912303 0.328756 -0.242644
10005.566611000 -0.230456 -0.398534 0.762653 -0.028694 0.913291 0.332816 -0.233044
10005.599944000 -0.232133 -0.404913 0.770165 -0.025815 0.914078 0.337598 -0.223208
10005.633277000 -0.229438 -0.407553 0.780937 -0.024563 0.914817 0.341873 -0.213612
10005.666610000 -0.257981 -0.420502 0.804228 -0.024360 0.916617 0.347163 -0.196720
10005.699943000 -0.239786 -0.424041 0.800269 -0.024066 0.916281 0.350985 -0.191464
10005.733276000 -0.235610 -0.419552 0.816053 -0.023506 0.918599 0.349879 -0.182231
10005.766609000 -0.230883 -0.424800 0.823541 -0.023538 0.919614 0.352214 -0.172342
10005.799942000 -0.236103 -0.428219 0.830385 -0.022459 0.920249 0.355879 -0.161205
10005.833275000 -0.281416 -0.431537 0.862649 -0.018931 0.924139 0.354920 -0.140149
10005.866608000 -0.261889 -0.429304 0.863733 -0.018780 0.924945 0.355194 -0.134016
10005.899941000 -0.251787 -0.428010 0.870589 -0.019264 0.925999 0.355616 -0.125268
10005.933274000 -0.247534 -0.430364 0.872824 -0.018878 0.926396 0.357182 -0.117708
10005.966607000 -0.254055 -0.431171 0.884631 -0.017413 0.927746 0.357101 -0.107068
10005.999940000 -0.285507 -0.445361 0.898748 -0.014292 0.928953 0.358487 -0.091261
10006.033273000 -0.261701 -0.441962 0.893484 -0.015835 0.929027 0.359624 -0.085607
10006.066606000 -0.254631 -0.441819 0.898107 -0.016577 0.929776 0.359594 -0.077029
10006.099939000 -0.252670 -0.444382 0.898960 -0.015582 0.930202 0.360666 -0.066341
10006.133272000 -0.253548 -0.443633 0.903138 -0.014237 0.930961 0.360864 -0.053721
10006.166605000 -0.276355 -0.440304 0.919138 -0.011726 0.932066 0.360269 -0.036358
10006.199938000 -0.266514 -0.444166 0.917595 -0.010608 0.931818 0.361911 -0.024941
10006.233271000 -0.256868 -0.436051 0.924501 -0.011308 0.932049 0.361922 -0.013018
10006.266604000 -0.248625 -0.441462 0.921411 -0.012013 0.931142 0.364451 -0.002432
10006.299937000 -0.239651 -0.436662 0.925681 -0.012252 0.931259 0.364127 0.004369
10006.333270000 -0.260344 -0.444578 0.918110 -0.011067 0.929856 0.367426 0.015594
10006.366603000 -0.256145 -0.434134 0.927965 -0.010160 0.930091 0.366632 0.020207
10006.399936000 -0.248326 -0.435703 0.925744 -0.009933 0.928531 0.370298 0.024712
10006.433269000 -0.244549 -0.432649 0.931835 -0.009980 0.927175 0.373248 0.030559
10006.466602000 -0.238940 -0.432119 0.931756 -0.010087 0.924220 0.379948 0.036816
10006.499935000 -0.242385 -0.436699 0.923338 -0.010979 0.920903 0.387046 0.044863
10006.533268000 -0.242957 -0.429865 0.933090 -0.010237 0.919246 0.390135 0.051736
10006.566601000 -0.237634 -0.425552 0.937537 -0.011853 0.917001 0.394591 0.057151
10006.599934000 -0.234816 -0.419153 0.944557 -0.012366 0.914840 0.398850 0.061914
10006.633267000 -0.231502 -0.417952 0.946652 -0.012307 0.912558 0.403167 0.067394
10006.666600000 -0.225118 -0.428222 0.930815 -0.012855 0.908121 0.411962 0.073744
10006.699933000 -0.220632 -0.418657 0.945787 -0.012512 0.906984 0.413817 0.077320
10006.733266000 -0.222299 -0.413001 0.951226 -0.012121 0.904635 0.417872 0.082889
10006.766599000 -0.219523 -0.409697 0.956849 -0.013018 0.901923 0.422347 0.089381
10006.799932000 -0.208241 -0.406969 0.963078 -0.014118 0.899238 0.426813 0.094882
10006.833265000 -0.205623 -0.410461 0.952002 -0.015827 0.893746 0.435875 0.104793
10006.866598000 -0.201759 -0.397187 0.974008 -0.014243 0.892330 0.436785 0.112971
10006.899931000 -0.191963 -0.395807 0.978535 -0.015185 0.886808 0.443547 0.128869
10006.933264000 -0.184522 -0.394063 0.983921 -0.016498 0.883298 0.447323 0.139336
10006.966597000 -0.173576 -0.394680 0.987626 -0.017469 0.879952 0.450806 0.148842
10006.999930000 -0.168329 -0.404435 0.974864 -0.019538 0.874086 0.457788 0.161313
10007.033263000 -0.159800 -0.397138 0.991608 -0.019404 0.873148 0.457007 0.168465
10007.066596000 -0.149697 -0.397241 0.995601 -0.019222 0.870509 0.459318 0.175701
10007.099929000 -0.144502 -0.397552 0.997133 -0.018925 0.868169 0.460744 0.183408
10007.133262000 -0.138843 -0.396021 1.000844 -0.018750 0.866002 0.462708 0.188654
10007.166595000 -0.140392 -0.399854 0.995926 -0.020220 0.861959 0.466848 0.196648
10007.199928000 -0.138055 -0.396068 0.998808 -0.019815 0.858773 0.470618 0.201581
10007.233261000 -0.132532 -0.394584 1.001016 -0.021486 0.854826 0.475958 0.205607
10007.266594000 -0.129496 -0.393283 1.003880 -0.022984 0.852022 0.478958 0.210070
10007.299927000 -0.126008 -0.389764 1.008976 -0.023381 0.850112 0.480561 0.214065
10007.333260000 -0.125027 -0.389547 1.010340 -0.025040 0.847758 0.482138 0.219595
10007.366593000 -0.119106 -0.389608 1.012716 -0.026192 0.846696 0.482332 0.223106
10007.399926000 -0.116220 -0.389773 1.014460 -0.024771 0.845315 0.482520 0.228042
10007.433259000 -0.113786 -0.387837 1.013351 -0.024056 0.843143 0.483861 0.233258
10007.466592000 -0.111540 -0.386551 1.007717 -0.024367 0.840747 0.485647 0.238113
10007.499925000 -0.113547 -0.384371 0.999885 -0.023097 0.839410 0.485083 0.244031
10007.533258000 -0.108504 -0.384194 0.992777 -0.023236 0.838293 0.485070 0.247854
10007.566591000 -0.107758 -0.378945 0.982390 -0.022338 0.837057 0.484865 0.252471
10007.599924000 -0.108680 -0.376040 0.965566 -0.021962 0.835618 0.484680 0.257575
10007.633257000 -0.108976 -0.371880 0.950393 -0.022402 0.836021 0.481132 0.262830
10007.666590000 -0.119696 -0.359587 0.927437 -0.020073 0.835091 0.478753 0.270214
10007.699923000 -0.116452 -0.352797 0.909206 -0.019924 0.834389 0.477553 0.274483
10007.733256000 -0.118881 -0.340371 0.886120 -0.019750 0.831584 0.478142 0.281884
10007.766589000 -0.114940 -0.331045 0.859371 -0.024220 0.828189 0.479206 0.289615
10007.799922000 -0.111586 -0.320792 0.836073 -0.023791 0.825852 0.478376 0.297590
10007.833255000 -0.114091 -0.307661 0.808096 -0.022990 0.820917 0.478750 0.310426
10007.866588000 -0.098958 -0.307246 0.785250 -0.025393 0.818499 0.478668 0.316689
10007.899921000 -0.095516 -0.298997 0.763327 -0.022543 0.816857 0.476101 0.324906
10007.933254000 -0.095063 -0.290274 0.745499 -0.020827 0.814098 0.474537 0.334104
10007.966587000 -0.090442 -0.286663 0.727925 -0.023101 0.812197 0.471010 0.343441
10007.999920000 -0.105108 -0.271341 0.712431 -0.020941 0.808238 0.464981 0.360700
10008.033253000 -0.104337 -0.265748 0.702062 -0.021113 0.804360 0.461992 0.372992
10008.066586000 -0.108300 -0.256423 0.684133 -0.019335 0.797254 0.461033 0.389181
10008.099919000 -0.113576 -0.248866 0.671514 -0.020531 0.789074 0.459797 0.406851
10008.133252000 -0.113023 -0.244233 0.660395 -0.022896 0.782021 0.456886 0.423288
10008.166585000 -0.129272 -0.235018 0.642214 -0.025555 0.773799 0.450142 0.444921
10008.199918000 -0.145163 -0.227263 0.632977 -0.027840 0.765594 0.442474 0.466162
10008.233251000 -0.152503 -0.220154 0.627380 -0.035502 0.756195 0.438442 0.484435
10008.266584000 -0.157585 -0.215702 0.621834 -0.043659 0.746768 0.436099 0.500250
10008.299917000 -0.166542 -0.212335 0.610632 -0.046552 0.738700 0.430799 0.516301
10008.333250000 -0.182343 -0.203829 0.592812 -0.047977 0.729362 0.425368 0.533659
10008.366583000 -0.186053 -0.203098 0.583852 -0.049646 0.723397 0.420788 0.545133
10008.399916000 -0.191985 -0.201037 0.569933 -0.048135 0.716601 0.418386 0.555985
10008.433249000 -0.199215 -0.195503 0.551524 -0.046236 0.708276 0.416359 0.568202
10008.466582000 -0.195333 -0.192176 0.542628 -0.046011 0.703966 0.412491 0.576338
10008.499915000 -0.197972 -0.183355 0.526259 -0.044331 0.697206 0.408982 0.587087
10008.533248000 -0.193314 -0.178048 0.514423 -0.045754 0.691797 0.405375 0.595814
10008.566581000 -0.191211 -0.166851 0.501812 -0.046639 0.685791 0.401756 0.605069
10008.599914000 -0.185736 -0.157033 0.488865 -0.049773 0.678472 0.399577 0.614440
10008.633247000 -0.178874 -0.149153 0.475508 -0.049435 0.671382 0.395186 0.625004
10008.666580000 -0.175378 -0.139788 0.455121 -0.049001 0.663589 0.386066 0.638906
10008.699913000 -0.167823 -0.137149 0.439713 -0.050685 0.656971 0.377458 0.650650
10008.733246000 -0.164268 -0.130524 0.422732 -0.050487 0.649419 0.369334 0.662796
10008.766579000 -0.162781 -0.125131 0.404828 -0.050313 0.642218 0.362502 0.673511
10008.799912000 -0.160272 -0.125648 0.396155 -0.046396 0.638204 0.355609 0.681238
10008.833245000 -0.164227 -0.119166 0.382692 -0.043335 0.631518 0.346472 0.692289
10008.866578000 -0.165088 -0.116860 0.374007 -0.044056 0.623150 0.342091 0.701937
10008.899911000 -0.166210 -0.114756 0.362391 -0.047834 0.614610 0.337431 0.711412
10008.933244000 -0.168203 -0.112716 0.351451 -0.048951 0.607779 0.332859 0.719315
10008.966577000 -0.171428 -0.111921 0.340785 -0.046809 0.601848 0.327960 0.726657
10008.999910000 -0.178464 -0.105373 0.323239 -0.042950 0.593405 0.322563 0.736192
10009.033243000 -0.188892 -0.103769 0.313006 -0.040839 0.586432 0.314194 0.745460
10009.066576000 -0.198090 -0.101280 0.299759 -0.046240 0.575857 0.307345 0.756168
10009.099909000 -0.208445 -0.092884 0.287347 -0.056066 0.566875 0.300400 0.765029
10009.133242000 -0.220284 -0.091231 0.281397 -0.066912 0.553964 0.300228 0.773634
10009.166575000 -0.237427 -0.095931 0.278846 -0.076011 0.540249 0.292827 0.785242
10009.199908000 -0.249636 -0.101761 0.272902 -0.080969 0.527975 0.285906 0.795578
10009.233241000 -0.264060 -0.106710 0.266211 -0.080194 0.515551 0.277048 0.806858
10009.266574000 -0.280518 -0.114023 0.264910 -0.079025 0.503581 0.267927 0.817543
10009.299907000 -0.296702 -0.124775 0.271157 -0.078470 0.493014 0.259575 0.826680
10009.333240000 -0.310367 -0.123605 0.260174 -0.074688 0.478611 0.248514 0.838805
10009.366573000 -0.316846 -0.128792 0.255441 -0.071874 0.468288 0.241462 0.846898
10009.399906000 -0.327537 -0.133129 0.257636 -0.068547 0.460030 0.236079 0.853194
10009.433239000 -0.334876 -0.137254 0.257658 -0.066353 0.450198 0.229166 0.860466
10009.466572000 -0.343301 -0.142045 0.262770 -0.065527 0.442638 0.223107 0.866026
10009.499905000 -0.350988 -0.132163 0.247445 -0.060204 0.430340 0.214640 0.874707
10009.533238000 -0.355915 -0.140368 0.247758 -0.059124 0.419887 0.210196 0.880918
10009.566571000 -0.366181 -0.138360 0.251621 -0.055959 0.411442 0.203503 0.886663
10009.599904000 -0.371704 -0.141238 0.252092 -0.053773 0.401556 0.198547 0.892435
10009.633237000 -0.380124 -0.143615 0.254512 -0.049663 0.391555 0.192697 0.898380
10009.666570000 -0.380931 -0.135443 0.243463 -0.045371 0.376408 0.185785 0.906500
10009.699903000 -0.384898 -0.139609 0.247184 -0.045268 0.365584 0.183255 0.911437
10009.733236000 -0.388105 -0.137229 0.248120 -0.043506 0.354796 0.179307 0.916557
10009.766569000 -0.392174 -0.136495 0.251819 -0.041001 0.345155 0.174104 0.921344
10009.799902000 -0.394965 -0.137962 0.255510 -0.038365 0.336172 0.168675 0.925778
10009.833235000 -0.387823 -0.131023 0.247422 -0.036457 0.322660 0.162248 0.931792
10009.866568000 -0.391321 -0.127980 0.254410 -0.038749 0.314214 0.156944 0.935487
10009.899901000 -0.392250 -0.122377 0.256330 -0.039242 0.304044 0.152136 0.939613
10009.933234000 -0.392362 -0.120102 0.257047 -0.038228 0.294979 0.145638 0.943565
10009.966567000 -0.392904 -0.122926 0.262280 -0.037492 0.286990 0.142411 0.946546
10009.999900000 -0.385443 -0.127401 0.264902 -0.039552 0.276710 0.139788 0.949909
10010.033233000 -0.389809 -0.122572 0.271389 -0.039177 0.268450 0.135366 0.952930
10010.066566000 -0.389404 -0.122558 0.277146 -0.040827 0.260365 0.131987 0.955574
10010.099899000 -0.387218 -0.126007 0.284201 -0.042899 0.250937 0.128896 0.958424
10010.133232000 -0.389985 -0.122843 0.292098 -0.042183 0.241316 0.123491 0.961633
10010.166565000 -0.386188 -0.131891 0.297282 -0.044518 0.230326 0.120067 0.964651
10010.199898000 -0.391619 -0.134317 0.308703 -0.044868 0.221224 0.114376 0.967453
10010.233231000 -0.394049 -0.135068 0.316140 -0.043425 0.211983 0.107632 0.970357
10010.266564000 -0.399419 -0.142291 0.324332 -0.042298 0.203187 0.101211 0.972976
10010.299897000 -0.397521 -0.145038 0.332649 -0.040655 0.192415 0.094196 0.975936
10010.333230000 -0.389105 -0.154601 0.337101 -0.040045 0.181627 0.088061 0.978598
10010.366563000 -0.398574 -0.145699 0.347666 -0.034632 0.175932 0.082314 0.980343
10010.399896000 -0.398358 -0.154509 0.356287 -0.034380 0.168840 0.079705 0.981814
10010.433229000 -0.398062 -0.161975 0.365456 -0.033520 0.161262 0.075724 0.983431
10010.466562000 -0.398671 -0.166561 0.375913 -0.031757 0.154966 0.072172 0.984768
10010.499895000 -0.393129 -0.183957 0.385483 -0.035289 0.147458 0.069105 0.986020
10010.533228000 -0.401787 -0.183731 0.396160 -0.032847 0.143720 0.065601 0.986895
10010.566561000 -0.402723 -0.189460 0.408158 -0.032322 0.138875 0.063211 0.987762
10010.599894000 -0.402119 -0.196238 0.417883 -0.032022 0.132530 0.060090 0.988838
10010.633227000 -0.403048 -0.202382 0.429334 -0.031751 0.126181 0.056689 0.989877
10010.666560000 -0.397822 -0.208410 0.439792 -0.029898 0.118900 0.054471 0.990960
10010.699893000 -0.401399 -0.214697 0.450585 -0.027808 0.113603 0.050671 0.991843
10010.733226000 -0.402027 -0.223011 0.462492 -0.024801 0.108939 0.047710 0.992593
10010.766559000 -0.403504 -0.227976 0.471889 -0.021262 0.103895 0.044997 0.993342
10010.799892000 -0.404905 -0.233846 0.481622 -0.014918 0.097848 0.041200 0.994236
10010.833225000 -0.403542 -0.240526 0.486204 -0.007955 0.090854 0.037494 0.995126
10010.866558000 -0.405091 -0.244258 0.492797 0.000395 0.085682 0.032673 0.995787
10010.899891000 -0.405890 -0.247951 0.498377 0.004891 0.081609 0.027461 0.996274
10010.933224000 -0.407096 -0.260908 0.503640 0.011579 0.078481 0.023450 0.996573
10010.966557000 -0.405984 -0.265201 0.505328 0.023139 0.075918 0.023197 0.996576
10010.999890000 -0.406403 -0.277575 0.502893 0.029794 0.073772 0.023913 0.996543
10011.033223000 -0.406141 -0.285011 0.502556 0.036193 0.070229 0.024536 0.996572
10011.066556000 -0.404935 -0.287832 0.499044 0.044493 0.065033 0.023863 0.996605
10011.099889000 -0.400327 -0.291160 0.494279 0.051272 0.059901 0.023426 0.996611
10011.133222000 -0.393509 -0.291368 0.489779 0.056782 0.054445 0.023187 0.996631
10011.166555000 -0.391921 -0.298242 0.481126 0.058061 0.050097 0.020033 0.996854
10011.199888000 -0.378091 -0.298221 0.473847 0.061826 0.043708 0.016117 0.996999
10011.233221000 -0.370826 -0.305305 0.463287 0.066521 0.039751 0.011124 0.996931
10011.266554000 -0.363253 -0.303852 0.451753 0.075462 0.034215 0.007616 0.996532
10011.299887000 -0.350617 -0.301541 0.438765 0.080502 0.027531 0.003131 0.996369
10011.333220000 -0.340478 -0.301951 0.428217 0.079305 0.021252 -0.000685 0.996624
10011.366553000 -0.336611 -0.312017 0.416181 0.079234 0.016211 -0.004914 0.996712
10011.399886000 -0.325366 -0.307695 0.402581 0.085801 0.008843 -0.008307 0.996238
10011.433219000 -0.316510 -0.305355 0.392101 0.090265 0.002793 -0.012236 0.995839
10011.466552000 -0.308375 -0.303155 0.383521 0.092868 -0.003362 -0.015238 0.995556
10011.499885000 -0.292053 -0.293282 0.378119 0.095533 -0.013721 -0.016616 0.995193
10011.533218000 -0.290189 -0.293487 0.375464 0.094457 -0.021050 -0.019487 0.995116
10011.566551000 -0.286237 -0.289921 0.370225 0.093578 -0.031546 -0.022345 0.994861
10011.599884000 -0.277763 -0.287173 0.368922 0.088684 -0.042085 -0.025782 0.994836
10011.633217000 -0.273246 -0.288977 0.373709 0.082171 -0.049234 -0.028478 0.994994
10011.666550000 -0.247407 -0.294675 0.381329 0.079782 -0.064804 -0.031032 0.994219
10011.699883000 -0.247663 -0.290178 0.387965 0.078249 -0.072943 -0.034192 0.993674
10011.733216000 -0.243131 -0.290565 0.399259 0.073235 -0.080042 -0.037890 0.993375
10011.766549000 -0.237188 -0.296077 0.415474 0.068436 -0.087307 -0.040568 0.993000
10011.799882000 -0.233195 -0.302614 0.435400 0.064819 -0.095168 -0.042198 0.992452
10011.833215000 -0.204743 -0.313747 0.469869 0.059990 -0.107940 -0.043789 0.991379
10011.866548000 -0.204214 -0.320271 0.500661 0.054873 -0.110522 -0.046154 0.991284
10011.899881000 -0.203903 -0.332249 0.530571 0.054310 -0.112334 -0.047201 0.991062
10011.933214000 -0.203085 -0.339550 0.561799 0.054430 -0.114756 -0.046145 0.990828
10011.966547000 -0.204769 -0.355738 0.591988 0.054808 -0.118205 -0.046694 0.990375
10011.999880000 -0.208323 -0.367127 0.622672 0.055870 -0.123968 -0.047364 0.989579
10012.033213000 -0.211923 -0.378022 0.652814 0.052801 -0.125448 -0.051081 0.989376
10012.066546000 -0.211765 -0.386908 0.679862 0.052829 -0.128792 -0.051214 0.988938
10012.099879000 -0.207446 -0.393614 0.707737 0.051956 -0.132347 -0.051655 0.988492
10012.133212000 -0.201389 -0.406393 0.736944 0.046445 -0.135261 -0.053737 0.988261
10012.166545000 -0.195151 -0.413720 0.765689 0.045930 -0.140763 -0.053303 0.987540
10012.199878000 -0.191090 -0.426593 0.793327 0.042747 -0.142042 -0.054503 0.987434
10012.233211000 -0.178123 -0.434648 0.822518 0.042391 -0.145280 -0.054927 0.986955
10012.266544000 -0.166312 -0.449986 0.854565 0.042853 -0.148475 -0.057790 0.986296
10012.299877000 -0.153447 -0.459729 0.885123 0.048492 -0.152263 -0.060492 0.985294
10012.333210000 -0.137436 -0.469138 0.919587 0.052976 -0.158779 -0.064424 0.983785
10012.366543000 -0.120407 -0.475302 0.949306 0.058745 -0.164134 -0.069110 0.982259
10012.399876000 -0.104358 -0.481057 0.984055 0.056288 -0.172694 -0.071864 0.980737
10012.433209000 -0.092018 -0.496954 1.015827 0.052869 -0.183026 -0.075695 0.978763
10012.466542000 -0.077770 -0.504953 1.048123 0.054750 -0.195852 -0.076258 0.976130
10012.499875000 -0.067283 -0.516635 1.078588 0.049755 -0.208323 -0.080233 0.973493
10012.533208000 -0.057363 -0.526238 1.108756 0.045191 -0.219116 -0.084128 0.971014
10012.566541000 -0.049623 -0.536545 1.141890 0.042964 -0.225265 -0.090263 0.969155
10012.599874000 -0.045586 -0.546169 1.173490 0.042389 -0.229636 -0.094748 0.967726
10012.633207000 -0.041958 -0.556479 1.207114 0.040280 -0.234454 -0.096986 0.966438
10012.666540000 -0.030611 -0.565629 1.244922 0.038796 -0.241343 -0.097355 0.964765
10012.699873000 -0.032746 -0.582845 1.280315 0.035035 -0.242791 -0.099005 0.964377
10012.733206000 -0.039825 -0.604462 1.317009 0.036887 -0.243358 -0.099647 0.964099
10012.766539000 -0.039771 -0.607220 1.346776 0.044313 -0.246621 -0.098883 0.963035
10012.799872000 -0.044833 -0.621068 1.381366 0.038667 -0.247721 -0.100024 0.962878
10012.833205000 -0.045217 -0.633134 1.412148 0.039708 -0.251982 -0.098112 0.961926
10012.866538000 -0.048660 -0.640845 1.441066 0.036483 -0.255303 -0.096165 0.961375
10012.899871000 -0.048153 -0.649271 1.469703 0.032259 -0.256450 -0.097242 0.961112
10012.933204000 -0.050228 -0.661601 1.497865 0.028508 -0.258040 -0.099639 0.960560
10012.966537000 -0.051096 -0.670157 1.522442 0.028166 -0.262313 -0.100561 0.959315
10012.999870000 -0.038895 -0.676625 1.554232 0.027740 -0.271858 -0.100130 0.956712
10013.033203000 -0.036440 -0.682742 1.579844 0.025587 -0.279588 -0.099974 0.954558
10013.066536000 -0.032398 -0.690034 1.604291 0.028611 -0.289677 -0.102557 0.951184
10013.099869000 -0.026186 -0.698513 1.630658 0.029319 -0.302332 -0.109017 0.946494
10013.133202000 -0.019310 -0.703532 1.654066 0.033854 -0.314817 -0.118364 0.941135
10013.166535000 -0.001932 -0.709192 1.682505 0.029491 -0.330344 -0.130033 0.934395
10013.199868000 0.001251 -0.719189 1.702156 0.027606 -0.340902 -0.139993 0.929207
10013.233201000 0.008835 -0.721330 1.720474 0.026942 -0.354063 -0.146996 0.923204
10013.266534000 0.013286 -0.725061 1.734559 0.024367 -0.365024 -0.156471 0.917431
10013.299867000 0.016703 -0.731535 1.750062 0.021676 -0.376541 -0.164567 0.911408
10013.333200000 0.022355 -0.736880 1.764629 0.019672 -0.387908 -0.166967 0.906235
10013.366533000 0.020883 -0.742963 1.776469 0.017130 -0.394544 -0.169674 0.902913
10013.399866000 0.021360 -0.748197 1.789057 0.017207 -0.402397 -0.170097 0.899360
10013.433199000 0.021245 -0.751690 1.801518 0.018317 -0.409670 -0.171905 0.895703
10013.466532000 0.019925 -0.753271 1.813180 0.017629 -0.415589 -0.173079 0.892759
10013.499865000 0.021592 -0.755371 1.829584 0.017619 -0.423994 -0.174664 0.888488
10013.533198000 0.018217 -0.759436 1.844782 0.015636 -0.429358 -0.178492 0.885182
10013.566531000 0.014733 -0.761754 1.861346 0.013696 -0.433737 -0.178918 0.882991
10013.599864000 0.007630 -0.770167 1.875852 0.012096 -0.437653 -0.180266 0.880805
10013.633197000 0.000795 -0.778009 1.893813 0.013244 -0.443041 -0.180013 0.878143
10013.666530000 -0.001536 -0.781820 1.914817 0.014344 -0.447553 -0.178662 0.876111
10013.699863000 -0.010090 -0.789396 1.936212 0.013237 -0.444808 -0.177625 0.877735
10013.733196000 -0.019333 -0.802757 1.958160 0.009700 -0.442737 -0.173815 0.879590
10013.766529000 -0.028435 -0.815954 1.976956 0.008839 -0.443149 -0.170778 0.879986
10013.799862000 -0.036778 -0.828820 1.993826 0.006343 -0.445226 -0.170264 0.879058
10013.833195000 -0.053700 -0.842975 2.001779 0.004519 -0.441036 -0.169922 0.881245
10013.866528000 -0.063928 -0.865485 2.017694 0.003996 -0.438862 -0.167973 0.882706
10013.899861000 -0.072191 -0.882775 2.031616 0.005229 -0.437734 -0.167219 0.883402
10013.933194000 -0.076533 -0.894300 2.043530 0.011343 -0.439150 -0.163906 0.883263
10013.966527000 -0.083192 -0.904735 2.053176 0.016752 -0.441384 -0.163599 0.882119
10013.999860000 -0.090921 -0.911608 2.058183 0.021979 -0.442286 -0.168782 0.880575
10014.033193000 -0.096267 -0.917130 2.067653 0.023248 -0.444276 -0.174147 0.878494
10014.066526000 -0.103778 -0.933023 2.077278 0.022536 -0.446526 -0.180480 0.876090
10014.099859000 -0.109644 -0.947992 2.084311 0.028457 -0.455204 -0.180920 0.871348
10014.133192000 -0.109017 -0.948743 2.096719 0.036909 -0.469669 -0.181013 0.863298
10014.166525000 -0.105959 -0.955804 2.117692 0.037816 -0.484482 -0.185419 0.854088
10014.199858000 -0.106794 -0.961805 2.135403 0.038805 -0.497239 -0.191724 0.845275
10014.233191000 -0.107463 -0.969821 2.155019 0.042092 -0.511097 -0.197807 0.835393
10014.266524000 -0.104734 -0.969697 2.174088 0.048031 -0.523144 -0.207704 0.825150
10014.299857000 -0.103117 -0.968118 2.188077 0.046932 -0.535908 -0.219872 0.813792
10014.333190000 -0.103408 -0.982121 2.199914 0.044756 -0.552049 -0.230038 0.800201
10014.366523000 -0.096266 -0.980885 2.212712 0.050835 -0.568789 -0.233758 0.786926
10014.399856000 -0.095874 -0.986114 2.221934 0.048865 -0.583607 -0.240283 0.774131
10014.433189000 -0.093249 -0.992428 2.232556 0.049968 -0.599521 -0.242045 0.761244
10014.466522000 -0.092141 -0.992925 2.243332 0.052608 -0.612873 -0.245686 0.749171
10014.499855000 -0.092649 -0.992975 2.254464 0.054138 -0.624641 -0.244608 0.739635
10014.533188000 -0.094347 -0.992088 2.260825 0.062273 -0.636338 -0.246744 0.728226
10014.566521000 -0.094765 -0.980920 2.269580 0.065778 -0.648242 -0.243866 0.718321
10014.599854000 -0.101960 -0.978951 2.281431 0.057532 -0.657315 -0.244022 0.710690
10014.633187000 -0.113053 -0.977617 2.287726 0.051095 -0.662021 -0.244197 0.706743
10014.666520000 -0.120894 -0.968607 2.293760 0.046414 -0.665323 -0.234950 0.707099
10014.699853000 -0.131740 -0.965441 2.294947 0.042848 -0.665035 -0.235170 0.707522
10014.733186000 -0.141078 -0.964746 2.298282 0.043463 -0.664929 -0.234711 0.707736
10014.766519000 -0.150114 -0.967103 2.303690 0.043691 -0.666940 -0.228867 0.707744
10014.799852000 -0.157799 -0.969755 2.306290 0.045725 -0.668718 -0.226379 0.706737
10014.833185000 -0.163106 -0.969909 2.314656 0.048551 -0.674424 -0.218703 0.703536
10014.866518000 -0.166552 -0.965125 2.326354 0.047402 -0.679239 -0.215871 0.699848
10014.899851000 -0.174877 -0.972572 2.343073 0.038219 -0.684497 -0.215974 0.695240
10014.933184000 -0.178616 -0.973515 2.359805 0.037419 -0.688699 -0.216495 0.690958
10014.966517000 -0.181118 -0.979910 2.376936 0.037605 -0.693717 -0.218207 0.685368
10014.999850000 -0.181563 -0.988249 2.394292 0.035355 -0.700601 -0.217969 0.678526
10015.033183000 -0.181559 -0.996635 2.415692 0.030146 -0.707583 -0.220820 0.670564
10015.066516000 -0.180357 -0.999115 2.431825 0.027504 -0.711114 -0.223782 0.665945
10015.099849000 -0.180738 -1.004312 2.448527 0.024299 -0.715984 -0.225601 0.660213
10015.133182000 -0.182565 -1.012345 2.465260 0.021224 -0.722011 -0.226500 0.653412
10015.166515000 -0.182259 -1.014416 2.476894 0.017895 -0.726888 -0.222909 0.649326
10015.199848000 -0.185540 -1.020295 2.491692 0.012332 -0.731407 -0.218962 0.645715
10015.233181000 -0.189543 -1.024676 2.499600 0.009227 -0.734526 -0.217485 0.642718
10015.266514000 -0.194074 -1.031796 2.503937 0.007473 -0.736735 -0.214173 0.641323
10015.299847000 -0.196894 -1.037794 2.507832 0.004000 -0.740423 -0.207868 0.639178
10015.333180000 -0.198391 -1.037466 2.512467 0.002151 -0.746532 -0.200117 0.634538
10015.366513000 -0.200808 -1.036271 2.519496 0.000260 -0.750518 -0.194636 0.631538
10015.399846000 -0.204526 -1.037907 2.520987 -0.003957 -0.752029 -0.193857 0.629966
10015.433179000 -0.208244 -1.039630 2.520223 -0.007470 -0.753452 -0.193646 0.628295
10015.466512000 -0.209124 -1.040004 2.515945 -0.009024 -0.756740 -0.193063 0.624492
10015.499845000 -0.210968 -1.042352 2.512093 -0.010335 -0.761137 -0.195586 0.618312
10015.533178000 -0.212259 -1.040476 2.507607 -0.009450 -0.764973 -0.199155 0.612424
10015.566511000 -0.214304 -1.038863 2.499443 -0.007734 -0.768260 -0.206904 0.605728
10015.599844000 -0.215483 -1.038615 2.484665 -0.005892 -0.770997 -0.215281 0.599319
10015.633177000 -0.216217 -1.038080 2.472040 -0.003280 -0.775840 -0.221903 0.590610
10015.666510000 -0.220105 -1.044901 2.466880 -0.000462 -0.781301 -0.230219 0.580145
10015.699843000 -0.214664 -1.039318 2.448988 0.008940 -0.785812 -0.236372 0.571443
10015.733176000 -0.210590 -1.038187 2.430821 0.011004 -0.789784 -0.240523 0.564153
10015.766509000 -0.207508 -1.037037 2.415290 0.014575 -0.793141 -0.248229 0.555966
10015.799842000 -0.200985 -1.035488 2.392643 0.022277 -0.795806 -0.255571 0.548526
10015.833175000 -0.203627 -1.043584 2.381340 0.024466 -0.801166 -0.265404 0.535812
10015.866508000 -0.195842 -1.038952 2.357942 0.025976 -0.803295 -0.270092 0.530182
10015.899841000 -0.190180 -1.035874 2.339752 0.025937 -0.807800 -0.272936 0.521817
10015.933174000 -0.184171 -1.031381 2.320059 0.028096 -0.811944 -0.274921 0.514175
10015.966507000 -0.176854 -1.023454 2.301016 0.031511 -0.814651 -0.277174 0.508455
10015.999840000 -0.180113 -1.026988 2.291101 -0.037689 0.817931 0.289729 -0.495605
10016.033173000 -0.176180 -1.017551 2.276184 -0.036937 0.820488 0.294153 -0.488783
10016.066506000 -0.169376 -1.008651 2.256724 -0.038722 0.821210 0.301019 -0.483220
10016.099839000 -0.163173 -1.003663 2.232186 -0.040924 0.822685 0.306614 -0.476971
10016.133172000 -0.153346 -0.995727 2.211167 -0.045313 0.827624 0.306116 -0.468272
10016.166505000 -0.155633 -0.996929 2.206602 -0.044750 0.833847 0.308959 -0.455237
10016.199838000 -0.148526 -0.991552 2.186019 -0.045534 0.838909 0.308842 -0.445842
10016.233171000 -0.137766 -0.981717 2.165403 -0.049342 0.843705 0.309001 -0.436171
10016.266504000 -0.126465 -0.975471 2.146546 -0.053939 0.847913 0.311443 -0.425603
10016.299837000 -0.117471 -0.971251 2.123698 -0.055564 0.853126 0.311899 -0.414496
10016.333170000 -0.113672 -0.970319 2.111521 -0.056150 0.859608 0.311447 -0.401151
10016.366503000 -0.109432 -0.967405 2.097847 -0.055809 0.864707 0.312782 -0.389017
10016.399836000 -0.097068 -0.961405 2.080065 -0.058025 0.869034 0.314000 -0.377912
10016.433169000 -0.087802 -0.956194 2.063829 -0.058457 0.873475 0.315262 -0.366380
10016.466502000 -0.079524 -0.951944 2.050862 -0.058574 0.877422 0.316029 -0.356125
10016.499835000 -0.074839 -0.946239 2.032782 -0.059893 0.881480 0.315872 -0.345875
10016.533168000 -0.068369 -0.942332 2.024467 -0.058472 0.885266 0.315800 -0.336386
10016.566501000 -0.054999 -0.934632 2.008716 -0.057059 0.890920 0.314342 -0.322794
10016.599834000 -0.047593 -0.929030 1.994982 -0.055675 0.893474 0.315677 -0.314567
10016.633167000 -0.038229 -0.923211 1.982869 -0.055298 0.896170 0.316711 -0.305803
10016.666500000 -0.037193 -0.916607 1.966448 -0.053407 0.899210 0.318859 -0.294783
10016.699833000 -0.027545 -0.909158 1.953797 -0.052608 0.902092 0.320234 -0.284451
10016.733166000 -0.020621 -0.903152 1.940330 -0.050491 0.904359 0.322720 -0.274658
10016.766499000 -0.015242 -0.902306 1.925931 -0.047301 0.906900 0.324826 -0.264165
10016.799832000 -0.005331 -0.898459 1.912861 -0.047025 0.910431 0.323661 -0.253273
10016.833165000 0.002712 -0.890748 1.906636 -0.043556 0.914722 0.322330 -0.239771
10016.866498000 0.017837 -0.881156 1.890667 -0.041203 0.917078 0.324732 -0.227638
10016.899831000 0.025025 -0.882653 1.878654 -0.039141 0.920075 0.326412 -0.213038
10016.933164000 0.034928 -0.876634 1.872040 -0.040270 0.923511 0.325714 -0.198538
10016.966497000 0.040260 -0.872867 1.865832 -0.040767 0.926273 0.325563 -0.185379
10016.999830000 0.027443 -0.872535 1.868659 -0.039975 0.928906 0.326247 -0.170583
10017.033163000 0.031714 -0.869341 1.854590 -0.038858 0.929896 0.328031 -0.161797
10017.066496000 0.029500 -0.869075 1.844615 -0.038448 0.931631 0.327484 -0.152775
10017.099829000 0.025212 -0.867417 1.835171 -0.040157 0.933663 0.325060 -0.144905
10017.133162000 0.013753 -0.870786 1.816623 -0.041155 0.935927 0.321425 -0.137962
10017.166495000 -0.000841 -0.870064 1.805566 -0.042779 0.940409 0.311871 -0.128598
10017.199828000 -0.009810 -0.869143 1.794372 -0.045724 0.942725 0.307533 -0.120839
10017.233161000 -0.011054 -0.869386 1.774373 -0.047379 0.945989 0.299027 -0.115944
10017.266494000 -0.018122 -0.865308 1.765281 -0.049981 0.949096 0.290557 -0.110884
10017.299827000 -0.018062 -0.858603 1.748870 -0.051166 0.950690 0.285870 -0.108853
10017.333160000 -0.043021 -0.857030 1.732867 -0.050548 0.952923 0.280875 -0.102427
10017.366493000 -0.043177 -0.879878 1.708943 -0.050751 0.953526 0.279673 -0.099981
10017.399826000 -0.053607 -0.870967 1.700090 -0.052589 0.954137 0.277550 -0.099109
10017.433159000 -0.069984 -0.869421 1.687746 -0.053562 0.954610 0.275171 -0.100661
10017.466492000 -0.069771 -0.866258 1.673685 -0.053281 0.955899 0.268953 -0.105274
10017.499825000 -0.029951 -0.846557 1.654192 -0.054271 0.955874 0.264640 -0.115433
10017.533158000 -0.062305 -0.842819 1.653860 -0.055343 0.955704 0.265886 -0.113452
10017.566491000 -0.077134 -0.825163 1.649800 -0.056934 0.955678 0.264724 -0.115579
10017.599824000 -0.070865 -0.807373 1.632760 -0.060438 0.955187 0.262154 -0.123450
10017.633157000 -0.066797 -0.818313 1.600024 -0.061076 0.953544 0.264220 -0.131190
10017.666490000 -0.037987 -0.799477 1.563432 -0.063464 0.952376 0.262993 -0.140668
10017.699823000 -0.046409 -0.806289 1.540814 -0.063036 0.952406 0.261926 -0.142630
10017.733156000 -0.035922 -0.786166 1.514580 -0.062606 0.953941 0.253695 -0.147365
10017.766489000 -0.011757 -0.777945 1.477696 -0.061400 0.955025 0.245560 -0.154458
10017.799822000 -0.004945 -0.776412 1.446750 -0.058459 0.954804 0.243900 -0.159517
10017.833155000 0.011268 -0.769922 1.409413 -0.054453 0.954550 0.241181 -0.166435
10017.866488000 0.020508 -0.752987 1.389961 -0.051784 0.953907 0.241075 -0.171062
10017.899821000 0.023161 -0.728520 1.375887 -0.050828 0.952293 0.244997 -0.174731
10017.933154000 0.042635 -0.712321 1.350161 -0.048033 0.948281 0.255922 -0.181549
10017.966487000 0.044143 -0.693498 1.328806 -0.046966 0.944908 0.264365 -0.187228
10017.999820000 0.045488 -0.690000 1.295642 -0.045327 0.938664 0.280054 -0.196025
10018.033153000 0.038976 -0.669657 1.282598 -0.045900 0.934168 0.289848 -0.203007
10018.066486000 0.033132 -0.647157 1.279025 -0.049674 0.929751 0.297845 -0.210673
10018.099819000 0.025228 -0.624111 1.261018 -0.051339 0.923316 0.309444 -0.221578
10018.133152000 0.011892 -0.613607 1.248613 -0.047922 0.918301 0.318640 -0.229990
10018.166485000 0.014630 -0.604464 1.201799 -0.041161 0.912668 0.326978 -0.241720
10018.199818000 -0.002189 -0.578452 1.187790 -0.037282 0.911391 0.327547 -0.246354
10018.233151000 -0.002171 -0.550036 1.163696 -0.034472 0.908862 0.329515 -0.253379
10018.266484000 -0.015830 -0.529777 1.138564 -0.031150 0.905360 0.335565 -0.258358
10018.299817000 -0.034344 -0.513175 1.106869 -0.026476 0.902263 0.341414 -0.262025
10018.333150000 -0.035431 -0.496650 1.058814 -0.027613 0.894960 0.352998 -0.271435
10018.366483000 -0.070133 -0.483691 1.043256 -0.025060 0.892987 0.356325 -0.273822
10018.399816000 -0.078271 -0.469856 1.010851 -0.022892 0.891994 0.354153 -0.279997
10018.433149000 -0.084484 -0.454952 0.977146 -0.022289 0.891867 0.347284 -0.288912
10018.466482000 -0.090256 -0.439943 0.946817 -0.020241 0.891495 0.340889 -0.297693
10018.499815000 -0.091875 -0.428233 0.914644 -0.021038 0.890305 0.332496 -0.310421
10018.533148000 -0.093589 -0.411344 0.889162 -0.018106 0.886189 0.330346 -0.324365
10018.566481000 -0.098509 -0.394554 0.862411 -0.018927 0.878879 0.335319 -0.338783
10018.599814000 -0.109573 -0.375177 0.842044 -0.018831 0.873446 0.335146 -0.352725
10018.633147000 -0.112613 -0.353138 0.817277 -0.016036 0.868192 0.331739 -0.368694
10018.666480000 -0.110726 -0.324293 0.780979 -0.012894 0.861001 0.327524 -0.388895
10018.699813000 -0.109998 -0.301147 0.744681 -0.012878 0.853436 0.322646 -0.409123
10018.733146000 -0.117296 -0.286896 0.725431 -0.011443 0.848280 0.312538 -0.427329
10018.766479000 -0.115570 -0.272202 0.686050 -0.001778 0.840163 0.309736 -0.445182
10018.799812000 -0.115646 -0.256162 0.654415 0.002632 0.833473 0.305746 -0.460256
10018.833145000 -0.110631 -0.242033 0.613935 0.003428 0.825592 0.303383 -0.475757
10018.866478000 -0.124394 -0.237082 0.595609 0.003946 0.820605 0.301911 -0.485224
10018.899811000 -0.129699 -0.226442 0.566387 0.004582 0.813402 0.300797 -0.497873
10018.933144000 -0.135548 -0.217620 0.540014 -0.004310 -0.808325 -0.299616 0.506776
10018.966477000 -0.140317 -0.208546 0.519630 -0.001781 -0.802932 -0.299288 0.515484
10018.999810000 -0.138543 -0.188666 0.493555 0.003404 -0.792831 -0.301674 0.529529
10019.033143000 -0.155373 -0.179513 0.485959 0.005592 -0.785817 -0.303597 0.538785
10019.066476000 -0.168444 -0.170276 0.470430 0.005284 -0.779215 -0.303410 0.548396
10019.099809000 -0.180785 -0.159215 0.456640 0.003846 -0.772909 -0.302540 0.557733
10019.133142000 -0.194852 -0.147333 0.435087 -0.000740 -0.766644 -0.300188 0.567577
10019.166475000 -0.202626 -0.136959 0.407601 -0.003899 -0.760317 -0.295998 0.578176
10019.199808000 -0.225200 -0.142536 0.399101 -0.009292 -0.756777 -0.288738 0.586372
10019.233141000 -0.241425 -0.134191 0.384407 -0.013245 -0.751099 -0.285154 0.595284
10019.266474000 -0.257434 -0.131611 0.370316 -0.013977 -0.745350 -0.283030 0.603450
10019.299807000 -0.270695 -0.123486 0.357438 -0.010791 -0.737026 -0.282751 0.613782
10019.333140000 -0.280474 -0.109579 0.348002 -0.003375 -0.725576 -0.282726 0.627371
10019.366473000 -0.299659 -0.118906 0.346057 -0.003551 -0.716734 -0.280113 0.638604
10019.399806000 -0.311101 -0.118514 0.339063 -0.005476 -0.706569 -0.276683 0.651289
10019.433139000 -0.321425 -0.120443 0.338726 -0.005988 -0.697520 -0.274696 0.661794
10019.466472000 -0.329143 -0.119999 0.338112 -0.004161 -0.686949 -0.274277 0.672946
10019.499805000 -0.329125 -0.106884 0.322425 -0.003934 -0.674520 -0.266174 0.688592
10019.533138000 -0.335322 -0.109982 0.321733 -0.004273 -0.663733 -0.263182 0.700125
10019.566471000 -0.338862 -0.105610 0.318105 -0.004589 -0.652494 -0.258243 0.712419
10019.599804000 -0.340100 -0.103175 0.309875 -0.006051 -0.642296 -0.254134 0.723073
10019.633137000 -0.340175 -0.099244 0.300439 -0.007830 -0.632365 -0.248171 0.733802
10019.666470000 -0.337697 -0.091760 0.273727 -0.010046 -0.619532 -0.241549 0.746816
10019.699803000 -0.335382 -0.084157 0.261209 -0.011334 -0.609520 -0.236004 0.756742
10019.733136000 -0.331370 -0.077223 0.244595 -0.012652 -0.599559 -0.233462 0.765418
10019.766469000 -0.327901 -0.073197 0.232546 -0.013771 -0.590234 -0.228497 0.774095
10019.799802000 -0.320406 -0.065771 0.218189 -0.016954 -0.582165 -0.223331 0.781614
10019.833135000 -0.311930 -0.051214 0.191343 -0.016632 -0.571817 -0.222863 0.789355
10019.866468000 -0.304092 -0.047576 0.181695 -0.019091 -0.564224 -0.218119 0.796060
10019.899801000 -0.295889 -0.042787 0.173626 -0.020343 -0.555871 -0.215102 0.802699
10019.933134000 -0.285786 -0.040199 0.167564 -0.021617 -0.547936 -0.211411 0.809076
10019.966467000 -0.276942 -0.035262 0.162964 -0.021326 -0.538347 -0.207673 0.816455
10019.999800000 -0.270391 -0.027876 0.155236 -0.020348 -0.524860 -0.206559 0.825495
10020.033133000 -0.262571 -0.028569 0.157387 -0.021968 -0.512555 -0.202488 0.834149
10020.066466000 -0.254365 -0.030116 0.159958 -0.023048 -0.498847 -0.197127 0.843660
10020.099799000 -0.245918 -0.028607 0.165276 -0.022540 -0.483976 -0.192170 0.853423
10020.133132000 -0.236166 -0.035793 0.174508 -0.022936 -0.468816 -0.186266 0.863129
10020.166465000 -0.242595 -0.027018 0.165348 -0.018813 -0.448029 -0.173105 0.876899
10020.199798000 -0.226629 -0.029193 0.180770 -0.017713 -0.435499 -0.163215 0.885092
10020.233131000 -0.221640 -0.031413 0.188285 -0.017839 -0.418136 -0.155435 0.894809
10020.266464000 -0.213911 -0.032515 0.198026 -0.016914 -0.402037 -0.147900 0.903441
10020.299797000 -0.207672 -0.033439 0.206933 -0.018410 -0.385899 -0.140342 0.911618
10020.333130000 -0.212915 -0.019236 0.199114 -0.017698 -0.365181 -0.131013 0.921502
10020.366463000 -0.207985 -0.021560 0.211570 -0.022980 -0.350390 -0.127808 0.927558
10020.399796000 -0.202972 -0.021143 0.222445 -0.022545 -0.335739 -0.123004 0.933617
10020.433129000 -0.199927 -0.019233 0.231525 -0.022839 -0.324242 -0.118461 0.938250
10020.466462000 -0.196466 -0.021719 0.244768 -0.024242 -0.314841 -0.118683 0.941383
10020.499795000 -0.197784 -0.019288 0.251103 -0.022760 -0.303764 -0.115885 0.945400
10020.533128000 -0.196546 -0.019709 0.260851 -0.023053 -0.296026 -0.110620 0.948473
10020.566461000 -0.192421 -0.022403 0.273510 -0.023818 -0.292173 -0.105576 0.950222
10020.599794000 -0.188883 -0.022063 0.284188 -0.022786 -0.288855 -0.102035 0.951647
10020.633127000 -0.188758 -0.024956 0.295631 -0.024880 -0.284067 -0.101171 0.953127
10020.666460000 -0.188580 -0.027662 0.306640 -0.025204 -0.279877 -0.100244 0.954455
10020.699793000 -0.183214 -0.027190 0.321835 -0.024681 -0.276908 -0.096884 0.955681
10020.733126000 -0.180102 -0.029827 0.334404 -0.026972 -0.273385 -0.094274 0.956894
10020.766459000 -0.175965 -0.031993 0.349003 -0.028888 -0.269962 -0.090388 0.958184
10020.799792000 -0.171780 -0.036421 0.364461 -0.030630 -0.265509 -0.085828 0.959792
10020.833125000 -0.166943 -0.043812 0.380072 -0.025228 -0.257498 -0.081362 0.962517
10020.866458000 -0.162980 -0.043324 0.391090 -0.022429 -0.249233 -0.077038 0.965114
10020.899791000 -0.157193 -0.043030 0.405890 -0.023525 -0.239990 -0.076268 0.967489
10020.933124000 -0.152802 -0.040954 0.417677 -0.022517 -0.229312 -0.075846 0.970132
10020.966457000 -0.147743 -0.037137 0.427379 -0.024389 -0.222814 -0.072808 0.971832
10020.999790000 -0.147354 -0.033124 0.431811 -0.026912 -0.215456 -0.070888 0.973565
10021.033123000 -0.144653 -0.027326 0.436980 -0.028167 -0.207063 -0.069723 0.975433
10021.066456000 -0.143590 -0.022505 0.438810 -0.027358 -0.196760 -0.069594 0.977596
10021.099789000 -0.142336 -0.018989 0.440017 -0.029415 -0.187878 -0.068388 0.979367
10021.133122000 -0.142239 -0.012686 0.435778 -0.031171 -0.178316 -0.065188 0.981317
10021.166455000 -0.145698 -0.015164 0.430988 -0.032569 -0.167492 -0.063898 0.983261
10021.199788000 -0.144324 -0.008203 0.422578 -0.027834 -0.155910 -0.058435 0.985648
10021.233121000 -0.147889 -0.002312 0.412670 -0.024926 -0.145955 -0.053225 0.987544
10021.266454000 -0.151780 0.007284 0.400934 -0.023040 -0.136099 -0.050284 0.989150
10021.299787000 -0.160160 0.022524 0.380130 -0.021275 -0.118556 -0.041573 0.991849
10021.333120000 -0.171755 0.031694 0.361392 -0.018763 -0.103534 -0.034275 0.993858
10021.366453000 -0.177743 0.039997 0.341104 -0.016744 -0.088617 -0.024936 0.995613
10021.399786000 -0.180855 0.051404 0.320660 -0.014873 -0.076764 -0.013652 0.996845
10021.433119000 -0.183433 0.063553 0.299612 -0.013584 -0.067594 -0.002658 0.997617
10021.466452000 -0.184339 0.071093 0.279396 -0.013522 -0.061141 0.006949 0.998013
10021.499785000 -0.197272 0.079927 0.251124 -0.011485 -0.052051 0.009925 0.998529
10021.533118000 -0.189094 0.081290 0.231211 -0.009293 -0.048651 0.010182 0.998721
10021.566451000 -0.184789 0.089938 0.211780 -0.005260 -0.039613 0.009650 0.999155
10021.599784000 -0.176940 0.099613 0.198732 -0.004006 -0.029183 0.009934 0.999517
