10000.000000000 0.000000 0.000000 0.000000 0.000000 0.000000 0.000000 1.000000
10000.033333000 0.002196 -0.001605 0.000672 0.002160 0.003468 -0.001224 0.999991
10000.066666000 -0.005651 -0.002698 -0.000680 0.001930 0.008120 -0.000837 0.999965
10000.099999000 -0.002903 -0.000439 0.000368 0.002355 0.010371 -0.000237 0.999943
10000.133332000 -0.008861 -0.004141 0.004932 0.001213 0.013187 0.001720 0.999911
10000.166665000 -0.017373 -0.002365 0.006999 0.002625 0.015044 0.003957 0.999876
10000.199998000 -0.015055 0.006393 0.008895 0.004246 0.014904 0.004393 0.999870
10000.233331000 -0.009186 0.014650 0.008678 0.003573 0.014854 0.004956 0.999871
10000.266664000 -0.017224 0.015882 0.014372 -0.001797 0.016775 0.007361 0.999831
10000.299997000 -0.018993 0.015620 0.019139 -0.006505 0.017297 0.009656 0.999783
10000.333330000 -0.012805 0.003364 0.025171 -0.011110 0.017970 0.010771 0.999719
10000.366663000 0.008902 0.018832 0.026317 -0.011601 0.017802 0.011218 0.999711
10000.399996000 0.022469 0.023887 0.033049 -0.018425 0.019679 0.011375 0.999572
10000.433329000 0.037215 0.031942 0.032761 -0.030522 0.022249 0.013852 0.999190
10000.466662000 0.038331 0.025775 0.036684 -0.042066 0.026009 0.019707 0.998582
10000.499995000 0.060358 0.020412 0.034784 -0.044006 0.027772 0.023536 0.998368
10000.533328000 0.084770 0.017557 0.025210 -0.042159 0.028564 0.028194 0.998305
10000.566661000 0.104047 0.015095 0.010487 -0.035870 0.027047 0.031307 0.998500
10000.599994000 0.137257 0.019587 -0.007140 -0.028226 0.022142 0.030251 0.998898
10000.633327000 0.172013 0.025824 -0.023500 -0.021513 0.018130 0.027199 0.999234
10000.666660000 0.213103 0.032294 -0.031873 -0.014936 0.016846 0.024246 0.999452
10000.699993000 0.279325 0.042440 -0.046135 -0.010226 0.019783 0.024554 0.999450
10000.733326000 0.326061 0.054787 -0.052756 -0.008735 0.033135 0.028298 0.999012
10000.766659000 0.358874 0.064264 -0.062471 -0.014689 0.049436 0.037276 0.997973
10000.799992000 0.389416 0.058413 -0.065848 -0.020747 0.061445 0.051080 0.996587
10000.833325000 0.406074 0.049403 -0.060875 -0.018192 0.076783 0.064275 0.994808
10000.866658000 0.401600 0.055596 -0.069237 -0.010741 0.092352 0.071256 0.993115
10000.899991000 0.422764 0.060124 -0.076648 -0.006976 0.096587 0.074354 0.992519
10000.933324000 0.452852 0.067782 -0.075536 -0.008314 0.097227 0.072641 0.992573
10000.966657000 0.457697 0.069688 -0.071758 -0.012504 0.097935 0.069290 0.992699
10000.999990000 0.473969 0.064741 -0.056932 -0.014836 0.095763 0.064872 0.993177
10001.033323000 0.490454 0.062726 -0.048138 -0.019784 0.091601 0.055158 0.994070
10001.066656000 0.506692 0.068351 -0.043146 -0.028098 0.086028 0.045327 0.994864
10001.099989000 0.520031 0.057436 -0.033227 -0.039998 0.081580 0.041798 0.994986
10001.133322000 0.539322 0.043620 -0.026645 -0.041279 0.073127 0.039085 0.995701
10001.166655000 0.575368 0.041223 -0.032803 -0.035821 0.065004 0.038439 0.996501
10001.199988000 0.574267 0.038831 -0.035859 -0.027485 0.061188 0.038929 0.996988
10001.233321000 0.602232 0.038193 -0.046199 -0.017075 0.053099 0.036653 0.997770
10001.266654000 0.624780 0.040789 -0.054044 -0.008126 0.046160 0.032559 0.998370
10001.299987000 0.648474 0.045761 -0.064742 -0.003677 0.041310 0.030341 0.998679
10001.333320000 0.705323 0.044800 -0.081687 -0.001330 0.033323 0.028441 0.999039
10001.366653000 0.732435 0.046290 -0.095565 0.001046 0.028914 0.022766 0.999322
10001.399986000 0.771215 0.067121 -0.115794 0.004704 0.018326 0.013663 0.999728
10001.433319000 0.803374 0.083900 -0.132205 0.003132 0.008973 0.007060 0.999930
10001.466652000 0.827306 0.096289 -0.145093 -0.002076 0.006923 0.003438 0.999968
10001.499985000 0.859832 0.102145 -0.163493 -0.004959 0.004155 0.001353 0.999978
10001.533318000 0.870118 0.112401 -0.181734 -0.007495 0.001920 -0.000908 0.999970
10001.566651000 0.881993 0.116641 -0.195486 -0.010476 -0.002314 0.000313 0.999942
10001.599984000 0.882835 0.121766 -0.212356 -0.010642 -0.004953 -0.000184 0.999931
10001.633317000 0.889327 0.125658 -0.228390 -0.009647 -0.007767 -0.000723 0.999923
10001.666650000 0.895093 0.146321 -0.258596 -0.008131 -0.006963 -0.002314 0.999940
10001.699983000 0.884774 0.160408 -0.281139 -0.010147 -0.006073 -0.004123 0.999922
10001.733316000 0.871761 0.169433 -0.302797 -0.012657 -0.009314 -0.004834 0.999865
10001.766649000 0.851070 0.178724 -0.327008 -0.009481 -0.015214 -0.008302 0.999805
10001.799982000 0.835126 0.197185 -0.352597 -0.006120 -0.022132 -0.013358 0.999647
10001.833315000 0.808371 0.219645 -0.383210 -0.006860 -0.026257 -0.016620 0.999494
10001.866648000 0.796795 0.245459 -0.412878 -0.012641 -0.030062 -0.016536 0.999331
10001.899981000 0.772955 0.263528 -0.437406 -0.022454 -0.029657 -0.016161 0.999177
10001.933314000 0.761241 0.270639 -0.457287 -0.030168 -0.031539 -0.014603 0.998940
10001.966647000 0.745241 0.285852 -0.485853 -0.032770 -0.030864 -0.014961 0.998874
10001.999980000 0.729845 0.292342 -0.510971 -0.037810 -0.031145 -0.015661 0.998677
10002.033313000 0.724328 0.295960 -0.535734 -0.038052 -0.032328 -0.016735 0.998613
10002.066646000 0.716763 0.304916 -0.559625 -0.036375 -0.033986 -0.019409 0.998572
10002.099979000 0.710497 0.324893 -0.596972 -0.036014 -0.036275 -0.023524 0.998416
10002.133312000 0.714836 0.340867 -0.624621 -0.035584 -0.036967 -0.024751 0.998376
10002.166645000 0.719715 0.356151 -0.652955 -0.037387 -0.036165 -0.022636 0.998390
10002.199978000 0.734476 0.377472 -0.680547 -0.038544 -0.035289 -0.016803 0.998492
10002.233311000 0.750706 0.402911 -0.710543 -0.039845 -0.032388 -0.016019 0.998552
10002.266644000 0.769397 0.425305 -0.739193 -0.047230 -0.022362 -0.015889 0.998507
10002.299977000 0.783606 0.445150 -0.766971 -0.055632 -0.011813 -0.012145 0.998308
10002.333310000 0.790875 0.450513 -0.788463 -0.071353 -0.001225 -0.001781 0.997449
10002.366643000 0.788855 0.449211 -0.808434 -0.079336 0.006187 0.009090 0.996787
10002.399976000 0.787681 0.455270 -0.829317 -0.073792 0.016564 0.017961 0.996974
10002.433309000 0.796348 0.464390 -0.858497 -0.067410 0.030425 0.025897 0.996925
10002.466642000 0.798819 0.474056 -0.880347 -0.063680 0.046317 0.036350 0.996232
10002.499975000 0.802866 0.490105 -0.904778 -0.062816 0.060081 0.043751 0.995254
10002.533308000 0.788030 0.494910 -0.929675 -0.064151 0.084002 0.058884 0.992653
10002.566641000 0.775686 0.497910 -0.947150 -0.062443 0.095516 0.066976 0.991207
10002.599974000 0.770311 0.500746 -0.964627 -0.058785 0.100931 0.071109 0.990606
10002.633307000 0.774584 0.508799 -0.983597 -0.053156 0.108844 0.074800 0.989814
10002.666640000 0.782301 0.518432 -1.001076 -0.047222 0.121409 0.081058 0.988160
10002.699973000 0.797312 0.524624 -1.015605 -0.046180 0.136906 0.088936 0.985502
10002.733306000 0.807134 0.528682 -1.029364 -0.047736 0.152312 0.101210 0.981977
10002.766639000 0.816880 0.532126 -1.041301 -0.049039 0.163091 0.117257 0.978390
10002.799972000 0.838091 0.538273 -1.059179 -0.045428 0.166769 0.128832 0.976487
10002.833305000 0.863363 0.549989 -1.081913 -0.038847 0.169626 0.134939 0.975453
10002.866638000 0.885808 0.553926 -1.102358 -0.037166 0.169799 0.135687 0.975385
10002.899971000 0.907113 0.569908 -1.122910 -0.038083 0.169087 0.132353 0.975931
10002.933304000 0.926865 0.581819 -1.139280 -0.042041 0.172627 0.132411 0.975141
10002.966637000 0.946707 0.600866 -1.156165 -0.042019 0.178256 0.132633 0.974098
10002.999970000 0.960555 0.614195 -1.164118 -0.046881 0.189099 0.138725 0.970978
10003.033303000 0.976296 0.619887 -1.174053 -0.052988 0.198800 0.151262 0.966846
10003.066636000 0.994340 0.625451 -1.189712 -0.052337 0.206710 0.163423 0.963237
10003.099969000 1.006341 0.630932 -1.203633 -0.047664 0.215341 0.171463 0.960186
10003.133302000 1.014558 0.630984 -1.214993 -0.044994 0.226429 0.177080 0.956738
10003.166635000 1.011815 0.637251 -1.227448 -0.040037 0.240216 0.184252 0.952231
10003.199968000 1.014814 0.637933 -1.236042 -0.037648 0.252822 0.191925 0.947538
10003.233301000 1.011310 0.640325 -1.241151 -0.033608 0.264677 0.196942 0.943414
10003.266634000 1.007946 0.633024 -1.242742 -0.031041 0.276703 0.198343 0.939751
10003.299967000 0.992357 0.630922 -1.242885 -0.025949 0.289117 0.198367 0.936156
10003.333300000 0.975014 0.624899 -1.237176 -0.024976 0.300065 0.198987 0.932599
10003.366633000 0.957167 0.623204 -1.234422 -0.019564 0.306753 0.198942 0.930560
10003.399966000 0.947773 0.616039 -1.233637 -0.018370 0.312533 0.199887 0.928456
10003.433299000 0.933382 0.607243 -1.225675 -0.016410 0.321380 0.200316 0.925375
10003.466632000 0.923153 0.604677 -1.223138 -0.013076 0.329791 0.198661 0.922822
10003.499965000 0.911647 0.600262 -1.219506 -0.012490 0.338495 0.199508 0.919490
10003.533298000 0.903697 0.607317 -1.223626 -0.012521 0.347914 0.200114 0.915835
10003.566631000 0.903738 0.609607 -1.224298 -0.014057 0.357187 0.202743 0.911655
10003.599964000 0.906316 0.613957 -1.229559 -0.015007 0.365538 0.205934 0.907606
10003.633297000 0.910382 0.619396 -1.233372 -0.017031 0.374692 0.209653 0.902974
10003.666630000 0.920356 0.629330 -1.245940 -0.021234 0.380929 0.214373 0.899159
10003.699963000 0.931918 0.637890 -1.255218 -0.027840 0.386526 0.223727 0.894298
10003.733296000 0.948983 0.637751 -1.266941 -0.032574 0.394087 0.234228 0.888128
10003.766629000 0.965229 0.645340 -1.290668 -0.030959 0.407500 0.243157 0.879693
10003.799962000 0.987801 0.659240 -1.321724 -0.028861 0.422266 0.252515 0.870112
10003.833295000 1.002100 0.670891 -1.350830 -0.026100 0.434984 0.261243 0.861313
10003.866628000 1.014336 0.680873 -1.373017 -0.025203 0.444796 0.267648 0.854333
10003.899961000 1.037374 0.692444 -1.401412 -0.025145 0.449651 0.270915 0.850756
10003.933294000 1.059339 0.706256 -1.435359 -0.022771 0.453529 0.273233 0.848019
10003.966627000 1.079720 0.720546 -1.463071 -0.021273 0.457796 0.274834 0.845244
10003.999960000 1.091728 0.739873 -1.482400 -0.018378 0.464942 0.279259 0.839944
10004.033293000 1.108824 0.769992 -1.515214 -0.021016 0.469575 0.282868 0.836088
10004.066626000 1.133088 0.776361 -1.536209 -0.031803 0.476014 0.297932 0.826823
10004.099959000 1.153567 0.787326 -1.557684 -0.035328 0.483927 0.311203 0.817141
10004.133292000 1.174575 0.805125 -1.587444 -0.033523 0.493462 0.318342 0.808721
10004.166625000 1.194083 0.818008 -1.603201 -0.031039 0.509788 0.325253 0.795841
10004.199958000 1.217901 0.836182 -1.634148 -0.032986 0.523371 0.335685 0.782503
10004.233291000 1.240437 0.852476 -1.656314 -0.034935 0.535025 0.348569 0.768783
10004.266624000 1.263244 0.865343 -1.678047 -0.035404 0.545720 0.357063 0.757259
10004.299957000 1.284870 0.886918 -1.703366 -0.035712 0.553459 0.356954 0.751659
10004.333290000 1.309454 0.896875 -1.710338 -0.038821 0.564274 0.353933 0.744862
10004.366623000 1.335452 0.905828 -1.716122 -0.043521 0.569360 0.352029 0.741627
10004.399956000 1.365414 0.918314 -1.730526 -0.046940 0.568387 0.349265 0.743469
10004.433289000 1.397937 0.928381 -1.750647 -0.046007 0.562351 0.343286 0.750866
10004.466622000 1.429826 0.933334 -1.777510 -0.043339 0.554865 0.334102 0.760673
10004.499955000 1.464546 0.939452 -1.817483 -0.041304 0.552189 0.328587 0.765122
10004.533288000 1.492415 0.946653 -1.840270 -0.040174 0.557106 0.329040 0.761414
10004.566621000 1.517490 0.953304 -1.863177 -0.039250 0.559727 0.335450 0.756729
10004.599954000 1.541718 0.963599 -1.888018 -0.034335 0.557784 0.334668 0.758746
10004.633287000 1.565899 0.976346 -1.918635 -0.030118 0.554984 0.326267 0.764615
10004.666620000 1.596546 0.991261 -1.956637 -0.025069 0.549966 0.320032 0.771031
10004.699953000 1.616855 1.008306 -1.983696 -0.023575 0.541110 0.315327 0.779239
10004.733286000 1.636968 1.024771 -2.013028 -0.026559 0.530110 0.304217 0.791031
10004.766619000 1.657023 1.042485 -2.042613 -0.030226 0.518888 0.289623 0.803716
10004.799952000 1.682417 1.054886 -2.071243 -0.037055 0.506597 0.282542 0.813730
10004.833285000 1.706262 1.058931 -2.095133 -0.043887 0.498596 0.273184 0.821491
10004.866618000 1.724471 1.072346 -2.114833 -0.044928 0.488375 0.262449 0.831018
10004.899951000 1.744715 1.080822 -2.132607 -0.043552 0.474908 0.260597 0.839437
10004.933284000 1.767685 1.085970 -2.145664 -0.039093 0.458421 0.256129 0.850129
10004.966617000 1.790359 1.094037 -2.161835 -0.032466 0.442688 0.250008 0.860505
10004.999950000 1.821697 1.101706 -2.176598 -0.031854 0.430334 0.243313 0.868675
10005.033283000 1.847375 1.107947 -2.176271 -0.035225 0.422542 0.236788 0.874156
10005.066616000 1.879765 1.109896 -2.175297 -0.040368 0.413895 0.222877 0.881695
10005.099949000 1.912839 1.114301 -2.173746 -0.039821 0.404657 0.205187 0.890261
10005.133282000 1.957588 1.121019 -2.170042 -0.044488 0.388294 0.190920 0.900444
10005.166615000 1.996739 1.116115 -2.173205 -0.055795 0.368707 0.187314 0.908766
10005.199948000 2.028719 1.114558 -2.177550 -0.057047 0.353919 0.183136 0.915395
10005.233281000 2.059734 1.119656 -2.185032 -0.056962 0.339654 0.184082 0.920600
10005.266614000 2.088807 1.118331 -2.189214 -0.055764 0.322098 0.184928 0.926793
10005.299947000 2.109804 1.117709 -2.192799 -0.050077 0.303293 0.183906 0.933640
10005.333280000 2.141199 1.128028 -2.205862 -0.049019 0.281812 0.177273 0.941676
10005.366613000 2.187205 1.146833 -2.223358 -0.055108 0.252152 0.164910 0.951939
10005.399946000 2.225465 1.154806 -2.241782 -0.057436 0.234286 0.154045 0.958166
10005.433279000 2.258262 1.161749 -2.262642 -0.055559 0.215931 0.137947 0.965017
10005.466612000 2.296201 1.179172 -2.291256 -0.051008 0.194224 0.114269 0.972943
10005.499945000 2.330150 1.194609 -2.315157 -0.053812 0.179853 0.098615 0.977258
10005.533278000 2.367732 1.202043 -2.336388 -0.054232 0.167027 0.088170 0.980503
10005.566611000 2.403294 1.207348 -2.355669 -0.053139 0.155601 0.079604 0.983172
10005.599944000 2.441827 1.207250 -2.370631 -0.053027 0.142492 0.076828 0.985384
10005.633277000 2.479526 1.209545 -2.382350 -0.045502 0.131246 0.074658 0.987487
10005.666610000 2.526718 1.214756 -2.391357 -0.039511 0.114983 0.069068 0.990175
10005.699943000 2.575632 1.226351 -2.392350 -0.036013 0.102520 0.056188 0.992490
10005.733276000 2.617933 1.234117 -2.388596 -0.039033 0.094437 0.041100 0.993916
10005.766609000 2.651443 1.240399 -2.382261 -0.043904 0.091977 0.022034 0.994549
10005.799942000 2.678213 1.256357 -2.377543 -0.052562 0.090495 0.014015 0.994410
10005.833275000 2.731217 1.245548 -2.368880 -0.071865 0.078625 0.007452 0.994283
10005.866608000 2.762886 1.240740 -2.366604 -0.078804 0.073045 0.009942 0.994161
10005.899941000 2.801813 1.230411 -2.367293 -0.080865 0.063366 0.014562 0.994602
10005.933274000 2.842614 1.227167 -2.371338 -0.074900 0.052564 0.014800 0.995695
10005.966607000 2.877513 1.227790 -2.375862 -0.067678 0.043556 0.011811 0.996686
10005.999940000 2.924588 1.231509 -2.382893 -0.065209 0.031008 0.009648 0.997343
10006.033273000 2.968859 1.234816 -2.389575 -0.065567 0.017428 0.008291 0.997661
10006.066606000 3.015529 1.233589 -2.397060 -0.064381 0.007896 0.004386 0.997885
10006.099939000 3.069064 1.241217 -2.409204 -0.056759 -0.000424 -0.004230 0.998379
10006.133272000 3.130822 1.244435 -2.423164 -0.050223 -0.008277 -0.015352 0.998586
10006.166605000 3.188733 1.245965 -2.431665 -0.047821 -0.002864 -0.013821 0.998756
10006.199938000 3.269573 1.229015 -2.432841 -0.043523 0.006753 -0.000965 0.999029
10006.233271000 3.327153 1.231515 -2.436208 -0.035855 0.008703 0.007905 0.999288
10006.266604000 3.376980 1.228623 -2.432983 -0.034856 0.011402 0.018595 0.999154
10006.299937000 3.420346 1.227202 -2.423486 -0.033297 0.011706 0.027407 0.999001
10006.333270000 3.463974 1.226914 -2.414693 -0.032311 0.010122 0.031479 0.998931
10006.366603000 3.499144 1.214612 -2.396220 -0.033198 0.013880 0.033790 0.998781
10006.399936000 3.542697 1.211664 -2.375591 -0.026669 0.015890 0.031481 0.999022
10006.433269000 3.581943 1.210658 -2.353079 -0.023557 0.017108 0.025572 0.999249
10006.466602000 3.624337 1.201190 -2.325526 -0.023364 0.015707 0.018205 0.999438
10006.499935000 3.647166 1.199336 -2.301132 -0.030148 0.014080 0.018839 0.999269
10006.533268000 3.681082 1.171556 -2.271408 -0.033487 0.006349 0.014911 0.999308
10006.566601000 3.720212 1.159228 -2.252464 -0.025765 0.002628 0.009504 0.999619
10006.599934000 3.748750 1.148429 -2.233937 -0.025623 -0.001078 0.011055 0.999610
10006.633267000 3.785074 1.129690 -2.212655 -0.024719 -0.012857 0.012598 0.999532
10006.666600000 3.823803 1.115017 -2.193762 -0.022000 -0.026828 0.008344 0.999363
10006.699933000 3.859231 1.113895 -2.175817 -0.018250 -0.041872 0.002991 0.998952
10006.733266000 3.920544 1.111457 -2.147813 -0.023865 -0.066321 -0.008757 0.997474
10006.766599000 3.961050 1.102631 -2.127554 -0.032377 -0.078536 -0.017187 0.996237
10006.799932000 4.005407 1.091793 -2.108150 -0.040225 -0.088851 -0.021101 0.995009
10006.833265000 4.045875 1.067087 -2.081860 -0.050162 -0.098696 -0.022853 0.993590
10006.866598000 4.080498 1.073775 -2.064325 -0.048462 -0.111221 -0.029007 0.992189
10006.899931000 4.113664 1.068391 -2.042699 -0.062994 -0.125783 -0.030795 0.989577
10006.933264000 4.147134 1.055249 -2.012058 -0.074769 -0.138572 -0.032933 0.986977
10006.966597000 4.172809 1.048119 -1.982054 -0.081221 -0.143672 -0.038777 0.985524
10006.999930000 4.200103 1.036292 -1.943923 -0.088349 -0.145063 -0.045497 0.984419
10007.033263000 4.228160 1.023373 -1.901144 -0.092279 -0.145280 -0.057364 0.983406
10007.066596000 4.246893 1.010022 -1.859305 -0.092753 -0.145612 -0.073486 0.982239
10007.099929000 4.261712 1.000779 -1.824684 -0.094169 -0.152815 -0.086570 0.979941
10007.133262000 4.276791 0.971312 -1.788467 -0.099989 -0.163274 -0.098536 0.976542
10007.166595000 4.309787 0.942866 -1.752168 -0.082788 -0.172302 -0.103967 0.976037
10007.199928000 4.338229 0.929531 -1.732454 -0.077478 -0.178477 -0.099657 0.975813
10007.233261000 4.366965 0.910853 -1.707989 -0.076364 -0.186720 -0.095792 0.974745
10007.266594000 4.400117 0.897545 -1.685374 -0.073815 -0.199423 -0.092647 0.972727
10007.299927000 4.434759 0.890125 -1.664210 -0.072053 -0.210794 -0.090357 0.970675
10007.333260000 4.481358 0.873903 -1.636086 -0.073501 -0.223333 -0.093123 0.967496
10007.366593000 4.524230 0.863350 -1.614230 -0.070140 -0.231350 -0.097258 0.965452
10007.399926000 4.575483 0.852893 -1.594583 -0.064336 -0.242933 -0.103180 0.962392
10007.433259000 4.631955 0.844875 -1.572507 -0.061814 -0.251545 -0.110951 0.959476
10007.466592000 4.684802 0.829648 -1.546913 -0.066588 -0.249595 -0.112791 0.959451
10007.499925000 4.724081 0.799904 -1.519708 -0.067915 -0.246516 -0.107768 0.960731
10007.533258000 4.775577 0.790781 -1.497780 -0.068258 -0.248511 -0.102938 0.960722
10007.566591000 4.816470 0.775276 -1.467696 -0.073907 -0.249949 -0.098126 0.960435
10007.599924000 4.855172 0.763157 -1.438723 -0.075259 -0.252452 -0.095527 0.959937
10007.633257000 4.893586 0.752003 -1.404737 -0.076335 -0.256854 -0.097430 0.958492
10007.666590000 4.922182 0.740695 -1.377057 -0.074387 -0.260965 -0.103820 0.956862
10007.699923000 4.956188 0.730198 -1.343941 -0.067434 -0.267609 -0.122401 0.953340
10007.733256000 4.990432 0.720359 -1.310610 -0.056915 -0.271542 -0.143781 0.949922
10007.766589000 5.025993 0.706346 -1.276350 -0.036405 -0.275168 -0.161849 0.946975
10007.799922000 5.076452 0.689001 -1.239583 -0.030906 -0.278525 -0.176153 0.943631
10007.833255000 5.105944 0.651562 -1.208541 -0.036080 -0.287722 -0.171412 0.941558
10007.866588000 5.139097 0.623935 -1.182756 -0.033152 -0.299425 -0.163000 0.939509
10007.899921000 5.168388 0.604393 -1.156341 -0.026618 -0.306143 -0.163292 0.937498
10007.933254000 5.200660 0.592742 -1.128248 -0.021721 -0.318219 -0.164375 0.933406
10007.966587000 5.236590 0.577054 -1.095648 -0.020250 -0.333471 -0.165583 0.927884
10007.999920000 5.269366 0.562607 -1.068040 -0.021023 -0.343935 -0.167804 0.923639
10008.033253000 5.299276 0.552185 -1.039895 -0.019529 -0.353087 -0.172376 0.919366
10008.066586000 5.336962 0.534165 -1.004226 -0.021442 -0.358856 -0.175630 0.916470
10008.099919000 5.362558 0.506083 -0.968788 -0.026601 -0.366985 -0.178487 0.912555
10008.133252000 5.387920 0.480899 -0.931947 -0.022136 -0.383065 -0.179494 0.905844
10008.166585000 5.408853 0.460505 -0.901261 -0.024712 -0.395599 -0.178219 0.900627
10008.199918000 5.421448 0.450096 -0.873206 -0.024868 -0.407614 -0.176506 0.895588
10008.233251000 5.436084 0.438748 -0.837414 -0.021881 -0.419816 -0.178109 0.889693
10008.266584000 5.438034 0.424951 -0.802568 -0.021426 -0.427392 -0.181697 0.885360
10008.299917000 5.439088 0.411576 -0.766640 -0.020668 -0.432228 -0.185097 0.882321
10008.333250000 5.432840 0.394006 -0.730883 -0.018113 -0.435051 -0.195653 0.878705
10008.366583000 5.424999 0.391616 -0.695863 -0.016293 -0.436897 -0.206997 0.875219
10008.399916000 5.414826 0.384680 -0.665479 -0.021216 -0.437920 -0.219303 0.871597
10008.433249000 5.399006 0.354367 -0.627278 -0.029938 -0.442993 -0.231579 0.865582
10008.466582000 5.391109 0.338229 -0.596659 -0.024352 -0.449295 -0.236779 0.861090
10008.499915000 5.382912 0.301391 -0.546916 -0.025674 -0.459162 -0.238418 0.855376
10008.533248000 5.377255 0.286015 -0.519786 -0.025824 -0.471645 -0.237373 0.848845
10008.566581000 5.375325 0.272920 -0.485324 -0.025917 -0.483465 -0.238800 0.841763
10008.599914000 5.372036 0.253205 -0.445002 -0.031095 -0.493230 -0.241495 0.835127
10008.633247000 5.365799 0.222054 -0.393083 -0.031157 -0.502925 -0.243725 0.828670
10008.666580000 5.368121 0.190153 -0.337461 -0.024066 -0.509650 -0.242650 0.825105
10008.699913000 5.379817 0.173639 -0.289212 -0.012862 -0.509135 -0.239603 0.826563
10008.733246000 5.382030 0.156392 -0.248421 -0.017413 -0.502232 -0.239568 0.830703
10008.766579000 5.371535 0.115415 -0.198316 -0.018248 -0.500927 -0.240108 0.831316
10008.799912000 5.371261 0.106191 -0.160955 -0.009551 -0.506405 -0.239931 0.828188
10008.833245000 5.356792 0.081167 -0.116561 -0.016118 -0.512404 -0.240081 0.824344
10008.866578000 5.332773 0.056499 -0.077326 -0.026253 -0.517999 -0.241183 0.820255
10008.899911000 5.315632 0.044713 -0.043315 -0.025315 -0.522433 -0.241536 0.817363
10008.933244000 5.296268 0.033875 -0.009286 -0.022420 -0.524958 -0.241388 0.815873
10008.966577000 5.270598 0.021887 0.025170 -0.022648 -0.523194 -0.239504 0.817553
10008.999910000 5.241857 0.008231 0.059491 -0.019812 -0.518690 -0.239268 0.820560
10009.033243000 5.205262 -0.001789 0.087527 -0.010330 -0.511184 -0.242200 0.824575
10009.066576000 5.168104 -0.018381 0.111662 -0.009748 -0.506925 -0.245551 0.826218
10009.099909000 5.133212 -0.042448 0.143509 -0.005211 -0.505563 -0.245449 0.827124
10009.133242000 5.117394 -0.057020 0.178831 -0.002508 -0.502462 -0.243110 0.829713
10009.166575000 5.089906 -0.081506 0.221033 -0.010922 -0.499624 -0.240786 0.832033
10009.199908000 5.064812 -0.098995 0.253735 -0.016344 -0.501332 -0.237411 0.831886
10009.233241000 5.048544 -0.110319 0.285731 -0.018428 -0.503045 -0.235238 0.831426
10009.266574000 5.034366 -0.121221 0.324468 -0.021751 -0.506969 -0.236100 0.828713
10009.299907000 5.013771 -0.144506 0.368705 -0.025981 -0.511044 -0.241792 0.824437
10009.333240000 5.006435 -0.169034 0.420607 -0.025591 -0.514877 -0.239188 0.822822
10009.366573000 5.000447 -0.185330 0.462658 -0.025362 -0.513487 -0.234532 0.825035
10009.399906000 4.988914 -0.215307 0.513467 -0.033276 -0.507212 -0.233908 0.828804
10009.433239000 4.976394 -0.254745 0.570953 -0.034768 -0.499902 -0.237218 0.832236
10009.466572000 4.970555 -0.271558 0.612148 -0.029343 -0.493953 -0.238089 0.835741
10009.499905000 4.960659 -0.302329 0.677502 -0.037783 -0.497096 -0.236412 0.834013
10009.533238000 4.935724 -0.323654 0.710023 -0.045663 -0.491018 -0.232649 0.838267
10009.566571000 4.927442 -0.341120 0.760853 -0.046253 -0.484231 -0.232000 0.842352
10009.599904000 4.908291 -0.361200 0.806406 -0.047650 -0.476250 -0.229563 0.847476
10009.633237000 4.893242 -0.381720 0.852544 -0.042628 -0.471512 -0.229856 0.850309
10009.666570000 4.884824 -0.390180 0.899434 -0.032147 -0.469519 -0.231346 0.851468
10009.699903000 4.858112 -0.407961 0.942767 -0.027132 -0.464879 -0.232644 0.853832
10009.733236000 4.838009 -0.423401 0.976997 -0.024894 -0.461797 -0.235109 0.854896
10009.766569000 4.815135 -0.459304 1.027929 -0.025993 -0.462042 -0.243405 0.852406
10009.799902000 4.794678 -0.499098 1.079223 -0.021407 -0.458600 -0.235748 0.856534
10009.833235000 4.780293 -0.527101 1.123072 -0.022410 -0.456817 -0.226956 0.859830
10009.866568000 4.766546 -0.548901 1.162018 -0.023658 -0.460250 -0.219301 0.859952
10009.899901000 4.758442 -0.557545 1.190895 -0.022924 -0.462045 -0.216973 0.859600
10009.933234000 4.741983 -0.574574 1.232711 -0.026815 -0.464949 -0.221712 0.856707
10009.966567000 4.729505 -0.588164 1.270908 -0.029377 -0.473530 -0.226666 0.850605
10009.999900000 4.709262 -0.629471 1.327967 -0.029374 -0.479756 -0.234085 0.845089
10010.033233000 4.698850 -0.642210 1.357172 -0.023825 -0.483883 -0.233831 0.842979
10010.066566000 4.683405 -0.663420 1.394980 -0.026359 -0.486892 -0.234545 0.840970
10010.099899000 4.667077 -0.689980 1.439329 -0.022825 -0.500484 -0.238331 0.831982
10010.133232000 4.656552 -0.700664 1.472701 -0.017924 -0.514606 -0.239132 0.823211
10010.166565000 4.630019 -0.725116 1.513071 -0.029553 -0.520187 -0.238576 0.819521
10010.199898000 4.605512 -0.740317 1.539893 -0.036031 -0.525800 -0.234971 0.816716
10010.233231000 4.568248 -0.753766 1.583146 -0.036653 -0.531946 -0.233128 0.813229
10010.266564000 4.535431 -0.760830 1.604122 -0.034477 -0.529936 -0.233228 0.814607
10010.299897000 4.501867 -0.766261 1.628102 -0.027781 -0.527904 -0.237286 0.815010
10010.333230000 4.448382 -0.786339 1.669540 -0.020570 -0.526558 -0.247725 0.812985
10010.366563000 4.348953 -0.797780 1.696806 -0.010843 -0.510697 -0.260188 0.819374
10010.399896000 4.302690 -0.815102 1.719917 -0.006345 -0.518697 -0.261870 0.813841
10010.433229000 4.269553 -0.813551 1.732125 -0.011824 -0.517962 -0.262148 0.814158
10010.466562000 4.223965 -0.830278 1.753001 -0.023278 -0.514188 -0.264364 0.815586
10010.499895000 4.176965 -0.853524 1.787535 -0.028266 -0.514110 -0.264563 0.815413
10010.533228000 4.145043 -0.855652 1.807866 -0.027614 -0.516242 -0.267317 0.813187
10010.566561000 4.107414 -0.858220 1.825932 -0.026478 -0.518208 -0.272539 0.810236
10010.599894000 4.060166 -0.875453 1.853398 -0.024553 -0.520753 -0.274860 0.807877
10010.633227000 4.019716 -0.892470 1.881219 -0.019351 -0.522610 -0.270979 0.808130
10010.666560000 3.969578 -0.910327 1.909961 -0.016385 -0.526139 -0.265807 0.807624
10010.699893000 3.925289 -0.929101 1.920527 -0.023332 -0.528921 -0.262391 0.806752
10010.733226000 3.879640 -0.948973 1.941070 -0.020813 -0.537379 -0.260794 0.801734
10010.766559000 3.858236 -0.940198 1.952639 -0.018859 -0.544210 -0.263431 0.796294
10010.799892000 3.818137 -0.944092 1.960705 -0.031486 -0.547652 -0.270839 0.791032
10010.833225000 3.768354 -0.958673 1.976936 -0.039016 -0.551810 -0.274385 0.786572
10010.866558000 3.738771 -0.966002 2.001387 -0.040513 -0.553378 -0.275031 0.785168
10010.899891000 3.702701 -0.968999 2.015492 -0.041175 -0.548981 -0.274216 0.788498
10010.933224000 3.661724 -0.976692 2.033452 -0.040245 -0.545016 -0.272451 0.791901
10010.966557000 3.626673 -0.973081 2.039796 -0.037056 -0.540529 -0.269333 0.796188
10010.999890000 3.568771 -0.970288 2.035383 -0.039187 -0.535194 -0.268384 0.800001
10011.033223000 3.515661 -0.979767 2.039048 -0.040969 -0.540584 -0.271763 0.795132
10011.066556000 3.485401 -0.984047 2.054344 -0.039962 -0.549112 -0.280889 0.786117
10011.099889000 3.437721 -0.994727 2.053995 -0.036561 -0.544824 -0.287591 0.786843
10011.133222000 3.422408 -0.980912 2.066972 -0.034170 -0.541658 -0.284096 0.790398
10011.166555000 3.366542 -0.988755 2.065838 -0.047301 -0.535178 -0.285600 0.793587
10011.199888000 3.327960 -0.996560 2.077661 -0.053058 -0.537295 -0.282206 0.793006
10011.233221000 3.299260 -0.999352 2.091379 -0.054698 -0.537343 -0.282394 0.792795
10011.266554000 3.261972 -0.999269 2.097506 -0.054063 -0.535673 -0.285031 0.793025
10011.299887000 3.228608 -0.998884 2.106646 -0.053106 -0.536508 -0.286924 0.791842
10011.333220000 3.193914 -1.000669 2.111538 -0.054460 -0.536132 -0.286806 0.792048
10011.366553000 3.162286 -1.013183 2.129027 -0.058325 -0.535576 -0.283131 0.793469
10011.399886000 3.128741 -1.029209 2.145183 -0.062673 -0.533690 -0.279128 0.795823
10011.433219000 3.097858 -1.043830 2.163010 -0.061214 -0.536692 -0.278763 0.794044
10011.466552000 3.078028 -1.040939 2.167810 -0.055547 -0.538468 -0.277881 0.793567
10011.499885000 3.042185 -1.037364 2.160066 -0.058330 -0.531249 -0.280497 0.797304
10011.533218000 3.012048 -1.043836 2.161966 -0.061414 -0.526876 -0.281392 0.799655
10011.566551000 2.992786 -1.040482 2.159616 -0.058645 -0.526952 -0.279735 0.800394
10011.599884000 2.971751 -1.039107 2.156567 -0.057563 -0.527453 -0.280109 0.800011
10011.633217000 2.946780 -1.037049 2.139736 -0.058800 -0.528057 -0.277403 0.800466
10011.666550000 2.927047 -1.037913 2.124091 -0.053770 -0.533956 -0.274201 0.798006
10011.699883000 2.906226 -1.027989 2.101347 -0.046223 -0.540884 -0.270911 0.794931
10011.733216000 2.881583 -1.010895 2.061712 -0.042688 -0.544683 -0.270212 0.792770
10011.766549000 2.851133 -0.998649 2.022779 -0.042923 -0.553108 -0.270212 0.786902
10011.799882000 2.831922 -0.973373 1.985974 -0.038972 -0.565571 -0.273457 0.777066
10011.833215000 2.805766 -0.954840 1.962181 -0.037674 -0.575337 -0.282877 0.766517
10011.866548000 2.782691 -0.929213 1.938642 -0.035350 -0.583805 -0.290847 0.757186
10011.899881000 2.758553 -0.908092 1.910820 -0.037103 -0.587959 -0.299485 0.750491
10011.933214000 2.734340 -0.896587 1.896456 -0.041326 -0.590728 -0.310919 0.743413
10011.966547000 2.710082 -0.879320 1.878995 -0.039422 -0.593551 -0.317666 0.738398
10011.999880000 2.679598 -0.872030 1.866479 -0.041388 -0.594235 -0.323716 0.735105
10012.033213000 2.652326 -0.860858 1.862639 -0.041966 -0.593573 -0.329445 0.733059
10012.066546000 2.622257 -0.852941 1.855229 -0.043364 -0.594176 -0.332841 0.730953
10012.099879000 2.587116 -0.841261 1.845954 -0.045223 -0.595917 -0.332023 0.729793
10012.133212000 2.549914 -0.835093 1.838771 -0.047578 -0.597088 -0.329345 0.729900
10012.166545000 2.503366 -0.829653 1.825386 -0.050246 -0.596274 -0.323457 0.733013
10012.199878000 2.459413 -0.836666 1.813496 -0.058024 -0.593182 -0.315576 0.738363
10012.233211000 2.404205 -0.846452 1.782380 -0.063800 -0.592285 -0.311653 0.740270
10012.266544000 2.380289 -0.834233 1.780869 -0.052463 -0.601582 -0.308722 0.734872
10012.299877000 2.353830 -0.823338 1.772636 -0.050311 -0.600991 -0.319142 0.731045
10012.333210000 2.311126 -0.810453 1.749541 -0.054710 -0.596090 -0.324173 0.732527
10012.366543000 2.282977 -0.797840 1.739374 -0.052757 -0.594406 -0.326181 0.733147
10012.399876000 2.252559 -0.784151 1.720723 -0.051112 -0.590115 -0.327305 0.736222
10012.433209000 2.215963 -0.770029 1.695914 -0.048920 -0.583600 -0.322331 0.743721
10012.466542000 2.183234 -0.753715 1.671969 -0.043479 -0.576192 -0.315927 0.752530
10012.499875000 2.144361 -0.729815 1.643080 -0.040635 -0.566530 -0.308189 0.763160
10012.533208000 2.104522 -0.718594 1.611208 -0.045888 -0.551876 -0.296416 0.778116
10012.566541000 2.063869 -0.712363 1.574062 -0.050075 -0.548173 -0.283645 0.785203
10012.599874000 2.031173 -0.703213 1.546266 -0.053052 -0.542848 -0.275841 0.791463
10012.633207000 1.991202 -0.687751 1.516956 -0.053278 -0.531783 -0.272556 0.800051
10012.666540000 1.945921 -0.673184 1.487337 -0.056790 -0.515561 -0.272762 0.810292
10012.699873000 1.906867 -0.662248 1.468816 -0.067245 -0.501958 -0.274913 0.817275
10012.733206000 1.866152 -0.652734 1.454007 -0.073482 -0.495805 -0.273889 0.820830
10012.766539000 1.825855 -0.635495 1.438273 -0.074887 -0.490303 -0.275935 0.823320
10012.799872000 1.769561 -0.610358 1.418686 -0.076943 -0.489442 -0.277947 0.822965
10012.833205000 1.693501 -0.600910 1.409656 -0.097129 -0.487757 -0.288371 0.818231
10012.866538000 1.675110 -0.596638 1.414599 -0.100446 -0.483251 -0.291171 0.819511
10012.899871000 1.658030 -0.591045 1.418834 -0.102325 -0.478840 -0.293151 0.821161
10012.933204000 1.643414 -0.583660 1.423003 -0.103312 -0.475185 -0.294369 0.822722
10012.966537000 1.628696 -0.575214 1.426691 -0.103111 -0.472219 -0.294851 0.824282
10012.999870000 1.615408 -0.565951 1.430039 -0.101883 -0.469678 -0.294747 0.825922
10013.033203000 1.603425 -0.555995 1.432371 -0.099633 -0.467564 -0.294029 0.827650
10013.066536000 1.591266 -0.542710 1.434861 -0.096264 -0.465421 -0.292803 0.829689
10013.099869000 1.580010 -0.529819 1.436266 -0.092664 -0.464099 -0.291237 0.831388
10013.133202000 1.570889 -0.517515 1.438356 -0.087938 -0.463492 -0.289271 0.832925
10013.166535000 1.553307 -0.492771 1.439902 -0.077686 -0.463255 -0.284329 0.835773
10013.199868000 1.546329 -0.480517 1.440256 -0.072145 -0.463899 -0.281503 0.836868
10013.233201000 1.538661 -0.466950 1.440300 -0.065882 -0.464642 -0.278532 0.837966
10013.266534000 1.532528 -0.455232 1.438499 -0.060565 -0.465227 -0.275827 0.838937
10013.299867000 1.526282 -0.442439 1.438159 -0.054815 -0.467203 -0.272574 0.839297
10013.333200000 1.520112 -0.430759 1.437738 -0.050358 -0.468863 -0.270045 0.839468
10013.366533000 1.514582 -0.420582 1.434871 -0.046494 -0.470486 -0.267760 0.839515
10013.399866000 1.509115 -0.409038 1.432239 -0.042507 -0.472072 -0.265391 0.839589
10013.433199000 1.503693 -0.399977 1.429842 -0.040261 -0.474574 -0.263526 0.838876
10013.466532000 1.498200 -0.391643 1.426947 -0.039411 -0.476614 -0.262333 0.838133
10013.499865000 1.486734 -0.378423 1.417846 -0.042471 -0.480169 -0.262577 0.835875
10013.533198000 1.481482 -0.374248 1.413520 -0.045653 -0.482712 -0.263196 0.834046
10013.566531000 1.474752 -0.369998 1.409250 -0.049683 -0.484883 -0.264524 0.832134
10013.599864000 1.468166 -0.365935 1.403415 -0.054010 -0.487101 -0.266311 0.829996
10013.633197000 1.462355 -0.363574 1.397849 -0.059803 -0.489608 -0.268227 0.827503
10013.666530000 1.456152 -0.360529 1.392484 -0.065058 -0.492604 -0.269989 0.824751
10013.699863000 1.450254 -0.359048 1.386597 -0.070606 -0.495957 -0.271788 0.821689
10013.733196000 1.443369 -0.357510 1.380797 -0.075992 -0.499784 -0.273615 0.818276
10013.766529000 1.437528 -0.355296 1.375008 -0.080479 -0.504162 -0.274892 0.814726
10013.799862000 1.431124 -0.353306 1.368405 -0.084999 -0.508447 -0.275726 0.811315
10013.833195000 1.417768 -0.349300 1.356580 -0.090606 -0.520328 -0.276426 0.802894
10013.866528000 1.411784 -0.346460 1.351282 -0.092736 -0.526964 -0.275848 0.798509
10013.899861000 1.405634 -0.344092 1.346012 -0.093876 -0.534098 -0.274700 0.794019
10013.933194000 1.399524 -0.341287 1.340406 -0.094282 -0.540632 -0.273583 0.789924
10013.966527000 1.392909 -0.337190 1.336809 -0.094400 -0.547152 -0.272130 0.785912
10013.999860000 1.386274 -0.334525 1.331240 -0.094235 -0.552617 -0.270706 0.782593
10014.033193000 1.380146 -0.330888 1.325934 -0.093658 -0.556813 -0.269027 0.780264
10014.066526000 1.373989 -0.328004 1.320271 -0.093426 -0.559998 -0.267589 0.778505
10014.099859000 1.367090 -0.324935 1.313621 -0.093229 -0.561266 -0.266953 0.777834
10014.133192000 1.361352 -0.322605 1.307764 -0.093478 -0.560843 -0.266297 0.778333
10014.166525000 1.349834 -0.317997 1.294384 -0.093794 -0.553672 -0.266242 0.783432
10014.199858000 1.343889 -0.317066 1.287697 -0.094693 -0.546342 -0.267635 0.787982
10014.233191000 1.338664 -0.315755 1.280500 -0.095022 -0.536867 -0.269215 0.793894
10014.266524000 1.332491 -0.314831 1.273838 -0.095227 -0.525651 -0.271838 0.800454
10014.299857000 1.327376 -0.312598 1.267305 -0.094861 -0.512967 -0.274432 0.807808
10014.333190000 1.321262 -0.311866 1.260252 -0.093892 -0.498074 -0.278306 0.815875
10014.366523000 1.314433 -0.308888 1.253862 -0.092716 -0.482054 -0.282223 0.824244
10014.399856000 1.308353 -0.304702 1.248613 -0.089756 -0.465590 -0.285544 0.832847
10014.433189000 1.301793 -0.301595 1.243776 -0.087530 -0.448070 -0.289355 0.841336
10014.466522000 1.295402 -0.295326 1.239709 -0.082514 -0.430827 -0.291851 0.849943
10014.499855000 1.280970 -0.281299 1.233868 -0.072705 -0.396740 -0.294489 0.866365
10014.533188000 1.274022 -0.271807 1.234056 -0.066283 -0.380595 -0.293357 0.874469
10014.566521000 1.267104 -0.261040 1.232557 -0.059443 -0.364958 -0.290738 0.882464
10014.599854000 1.261040 -0.249110 1.237122 -0.053046 -0.351204 -0.285984 0.889974
10014.633187000 1.254911 -0.236161 1.240811 -0.047122 -0.336608 -0.278879 0.898165
10014.666520000 1.247980 -0.223740 1.240996 -0.041847 -0.321519 -0.270374 0.906517
10014.699853000 1.240783 -0.211493 1.238619 -0.037956 -0.305265 -0.259019 0.915577
10014.733186000 1.235043 -0.199705 1.238363 -0.035313 -0.290146 -0.246033 0.924141
10014.766519000 1.230251 -0.186983 1.236068 -0.032910 -0.273831 -0.230916 0.933066
10014.799852000 1.226483 -0.175675 1.232373 -0.032777 -0.256706 -0.214282 0.941866
10014.833185000 1.219308 -0.158130 1.217379 -0.036542 -0.216626 -0.178723 0.959060
10014.866518000 1.216877 -0.149194 1.209313 -0.039333 -0.194323 -0.161244 0.966795
10014.899851000 1.216374 -0.141444 1.199618 -0.042694 -0.170536 -0.144132 0.973818
10014.933184000 1.216712 -0.136709 1.189041 -0.047281 -0.146812 -0.128419 0.979653
10014.966517000 1.216669 -0.129712 1.175426 -0.049651 -0.121489 -0.114398 0.984728
10014.999850000 1.217403 -0.123975 1.162296 -0.052683 -0.096392 -0.101411 0.988761
10015.033183000 1.217558 -0.119024 1.148859 -0.055441 -0.071032 -0.089541 0.991899
10015.066516000 1.218578 -0.113755 1.134799 -0.056687 -0.047693 -0.080422 0.994004
10015.099849000 1.218418 -0.110782 1.121897 -0.058331 -0.025066 -0.072197 0.995368
10015.133182000 1.219149 -0.105998 1.108684 -0.058502 -0.004841 -0.065723 0.996110
10015.166515000 1.221121 -0.096098 1.084811 -0.055143 0.025792 -0.056671 0.996535
10015.199848000 1.223311 -0.091513 1.073419 -0.052998 0.036782 -0.052592 0.996530
10015.233181000 1.226258 -0.086554 1.063244 -0.049811 0.044674 -0.049975 0.996507
10015.266514000 1.228657 -0.081732 1.053665 -0.046283 0.050938 -0.046807 0.996530
10015.299847000 1.231466 -0.077340 1.044851 -0.042777 0.056257 -0.043243 0.996562
10015.333180000 1.234369 -0.073740 1.037425 -0.039871 0.059696 -0.040838 0.996584
10015.366513000 1.237605 -0.069778 1.029414 -0.035729 0.062681 -0.037783 0.996678
10015.399846000 1.240995 -0.064534 1.021922 -0.032106 0.065467 -0.034743 0.996733
10015.433179000 1.244772 -0.061221 1.014802 -0.029131 0.068381 -0.031237 0.996745
10015.466512000 1.248724 -0.056956 1.009236 -0.025876 0.071328 -0.027630 0.996734
10015.499845000 1.260093 -0.049183 0.996197 -0.021063 0.079219 -0.021102 0.996411
10015.533178000 1.265443 -0.046145 0.990470 -0.019564 0.084817 -0.017044 0.996059
10015.566511000 1.270237 -0.043398 0.984810 -0.018416 0.090906 -0.013968 0.995591
10015.599844000 1.275244 -0.040001 0.978677 -0.017198 0.098310 -0.009582 0.994961
10015.633177000 1.279761 -0.036574 0.972262 -0.016268 0.106239 -0.005129 0.994194
10015.666510000 1.283514 -0.032823 0.964962 -0.015129 0.114768 -0.001214 0.993276
10015.699843000 1.285613 -0.028467 0.957277 -0.013719 0.124459 0.004069 0.992122
10015.733176000 1.286947 -0.023589 0.948199 -0.012463 0.135004 0.009023 0.990726
10015.766509000 1.287176 -0.018210 0.937546 -0.010640 0.145337 0.014057 0.989225
10015.799842000 1.285981 -0.013042 0.926074 -0.008919 0.156975 0.020584 0.987348
10015.833175000 1.279409 -0.000281 0.897054 -0.004216 0.180518 0.032419 0.983028
10015.866508000 1.273210 0.007841 0.880191 -0.001137 0.192612 0.038902 0.980503
10015.899841000 1.265134 0.016086 0.863467 0.002671 0.205303 0.045439 0.977639
10015.933174000 1.256205 0.024090 0.845163 0.005764 0.217627 0.051828 0.974638
10015.966507000 1.246760 0.032543 0.826458 0.008597 0.230440 0.058629 0.971281
10015.999840000 1.238287 0.041451 0.807175 0.011847 0.241803 0.064285 0.968121
10016.033173000 1.229026 0.050402 0.788213 0.014205 0.253310 0.070064 0.964740
10016.066506000 1.224213 0.057891 0.767372 0.015921 0.263983 0.076192 0.961381
10016.099839000 1.222138 0.066965 0.747541 0.017400 0.272762 0.082007 0.958422
10016.133172000 1.219634 0.074879 0.730829 0.017720 0.281608 0.087037 0.955410
10016.166505000 1.223903 0.091929 0.700542 0.016278 0.295254 0.095416 0.950503
10016.199838000 1.231009 0.099451 0.687861 0.014132 0.300828 0.099443 0.948374
10016.233171000 1.239519 0.105705 0.675585 0.011044 0.305513 0.103422 0.946490
10016.266504000 1.251477 0.112047 0.664302 0.007853 0.309202 0.106886 0.944938
10016.299837000 1.264743 0.118033 0.652649 0.004424 0.312215 0.110046 0.943606
10016.333170000 1.279658 0.123217 0.642446 0.000561 0.314985 0.113286 0.942311
10016.366503000 1.295144 0.128008 0.632655 -0.003337 0.317622 0.116506 0.941027
10016.399836000 1.311976 0.132989 0.623302 -0.006997 0.319866 0.119380 0.939886
10016.433169000 1.328882 0.137740 0.613598 -0.010095 0.322458 0.122250 0.938602
10016.466502000 1.344746 0.141500 0.604294 -0.013005 0.325056 0.125125 0.937290
10016.499835000 1.376435 0.148585 0.583346 -0.017492 0.330412 0.130650 0.934587
10016.533168000 1.390522 0.151959 0.572938 -0.019176 0.333750 0.133569 0.932953
10016.566501000 1.403880 0.155310 0.561630 -0.020081 0.337254 0.136260 0.931284
10016.599834000 1.417287 0.158902 0.550456 -0.020923 0.340747 0.138921 0.929599
10016.633167000 1.429982 0.162802 0.538667 -0.021083 0.344398 0.141380 0.927878
10016.666500000 1.442505 0.167672 0.527636 -0.020889 0.348221 0.143772 0.926086
10016.699833000 1.454001 0.173033 0.516388 -0.020128 0.352044 0.145962 0.924313
10016.733166000 1.466120 0.178829 0.504533 -0.019634 0.355454 0.148027 0.922689
10016.766499000 1.478119 0.186334 0.492398 -0.018194 0.358810 0.149522 0.921177
10016.799832000 1.490400 0.195775 0.482550 -0.016429 0.362172 0.150846 0.919678
10016.833165000 1.516379 0.218936 0.461288 -0.012188 0.367122 0.152010 0.917587
10016.866498000 1.529202 0.232244 0.451083 -0.009920 0.369513 0.152394 0.916590
10016.899831000 1.543497 0.246987 0.441353 -0.007414 0.371146 0.152169 0.915992
10016.933164000 1.556329 0.263591 0.432562 -0.004512 0.373618 0.152252 0.914991
10016.966497000 1.569799 0.278888 0.423995 -0.001810 0.376011 0.152350 0.914003
10016.999830000 1.583261 0.294318 0.417176 0.000608 0.379137 0.153043 0.912597
10017.033163000 1.596826 0.308945 0.409787 0.002902 0.382143 0.153811 0.911208
10017.066496000 1.609398 0.323544 0.404796 0.005495 0.387061 0.155528 0.908826
10017.099829000 1.621981 0.336334 0.398883 0.007657 0.392256 0.157619 0.906219
10017.133162000 1.632818 0.346949 0.395289 0.009264 0.398826 0.160745 0.902781
10017.166495000 1.655438 0.362190 0.389316 0.012255 0.415871 0.169907 0.893327
10017.199828000 1.664509 0.365859 0.388683 0.013160 0.426526 0.176180 0.887053
10017.233161000 1.672754 0.366715 0.389106 0.013766 0.438453 0.183344 0.879747
10017.266494000 1.680256 0.366678 0.391592 0.014795 0.450787 0.190444 0.871954
10017.299827000 1.687242 0.364788 0.395633 0.015751 0.464131 0.198645 0.863061
10017.333160000 1.694371 0.361715 0.400391 0.016941 0.476923 0.206386 0.854203
10017.366493000 1.700904 0.356103 0.407727 0.017519 0.489827 0.214715 0.844784
10017.399826000 1.705240 0.349475 0.416763 0.018659 0.502615 0.222683 0.835130
10017.433159000 1.708914 0.341843 0.427913 0.019772 0.515028 0.230343 0.825407
10017.466492000 1.711394 0.333578 0.441019 0.020936 0.526842 0.237600 0.815810
10017.499825000 1.712493 0.313330 0.475783 0.022854 0.548245 0.250781 0.797505
10017.533158000 1.710824 0.302901 0.496991 0.024236 0.557965 0.256502 0.788856
10017.566491000 1.709731 0.291384 0.518523 0.024785 0.566482 0.262165 0.780867
10017.599824000 1.707953 0.279722 0.542835 0.025485 0.574591 0.267237 0.773162
10017.633157000 1.705212 0.267427 0.567106 0.026009 0.582186 0.272318 0.765654
10017.666490000 1.702798 0.255242 0.592900 0.026399 0.589736 0.277064 0.758123
10017.699823000 1.701857 0.244357 0.617453 0.026870 0.596112 0.281747 0.751364
10017.733156000 1.700848 0.233694 0.642013 0.027314 0.602600 0.286504 0.744341
10017.766489000 1.701952 0.222391 0.666207 0.027137 0.608549 0.291258 0.737632
10017.799822000 1.703259 0.210056 0.688514 0.026124 0.614335 0.295912 0.730990
10017.833155000 1.711895 0.191095 0.727183 0.024697 0.625036 0.305995 0.717696
10017.866488000 1.719254 0.182800 0.744421 0.024046 0.630543 0.311117 0.710664
10017.899821000 1.727356 0.175247 0.759755 0.022873 0.635725 0.316674 0.703596
10017.933154000 1.738289 0.167433 0.773436 0.021588 0.641112 0.322718 0.695961
10017.966487000 1.750650 0.161848 0.785085 0.020076 0.645709 0.328511 0.689012
10017.999820000 1.763800 0.155472 0.795637 0.018503 0.650785 0.334922 0.681149
10018.033153000 1.777614 0.150454 0.806055 0.017182 0.655868 0.341139 0.673176
10018.066486000 1.792973 0.146641 0.813932 0.015653 0.660594 0.347483 0.665302
10018.099819000 1.808872 0.143553 0.822725 0.014756 0.665865 0.353636 0.656770
10018.133152000 1.826433 0.140117 0.830003 0.013191 0.670894 0.360767 0.647745
10018.166485000 1.862731 0.136198 0.844792 0.010829 0.681299 0.374584 0.628809
10018.199818000 1.881716 0.134422 0.852815 0.010183 0.687497 0.382008 0.617506
10018.233151000 1.901209 0.133714 0.859278 0.009020 0.692924 0.389759 0.606517
10018.266484000 1.920192 0.132800 0.866211 0.008443 0.698915 0.397370 0.594595
10018.299817000 1.939796 0.131992 0.872606 0.007635 0.704766 0.405667 0.581963
10018.333150000 1.959394 0.129644 0.879717 0.006811 0.710896 0.414820 0.567895
10018.366483000 1.979000 0.127040 0.885258 0.005754 0.716944 0.424867 0.552673
10018.399816000 1.997914 0.123250 0.890919 0.004510 0.722548 0.435585 0.536814
10018.433149000 2.017511 0.118719 0.895593 0.003436 0.728396 0.447121 0.519144
10018.466482000 2.035656 0.112746 0.900939 0.002490 0.733950 0.459275 0.500378
10018.499815000 2.071835 0.096492 0.909692 0.001075 0.744352 0.485877 0.458107
10018.533148000 2.089244 0.085855 0.913603 0.000559 0.748594 0.500332 0.435057
10018.566481000 2.106032 0.074501 0.916375 0.000723 0.752493 0.514731 0.410860
10018.599814000 2.123382 0.061992 0.919216 0.001405 0.755865 0.529694 0.384825
10018.633147000 2.141595 0.049702 0.921574 0.003004 0.759172 0.544199 0.357065
10018.666480000 2.158789 0.036358 0.923897 0.005526 0.762050 0.558408 0.327764
10018.699813000 2.177511 0.023554 0.925086 0.008938 0.764608 0.572028 0.296780
10018.733146000 2.197095 0.011949 0.926161 0.013495 0.767250 0.584553 0.263521
10018.766479000 2.218126 0.001150 0.927653 0.019308 0.770134 0.595686 0.227331
10018.799812000 2.239406 -0.009276 0.928930 0.025996 0.772848 0.604845 0.190246
10018.833145000 2.287256 -0.022840 0.930374 0.042309 0.778565 0.616759 0.107957
10018.866478000 2.312838 -0.027765 0.931400 0.050679 0.781427 0.618448 0.065774
10018.899811000 2.340292 -0.030952 0.932324 0.058722 0.784346 0.617102 0.023193
10018.933144000 2.367823 -0.032661 0.932697 0.065779 0.787205 0.612937 -0.016983
10018.966477000 2.396776 -0.034277 0.933587 0.071377 0.789735 0.606822 -0.054688
10018.999810000 2.424883 -0.033746 0.934741 0.075517 0.792441 0.598829 -0.087972
10019.033143000 2.453180 -0.032192 0.936132 0.078289 0.795227 0.589522 -0.118108
10019.066476000 2.479950 -0.030591 0.937617 0.079822 0.797902 0.580157 -0.142826
10019.099809000 2.505424 -0.028919 0.939141 0.080344 0.800471 0.571334 -0.162385
10019.133142000 2.529246 -0.026997 0.942279 0.080160 0.803239 0.562900 -0.177555
10019.166475000 2.569959 -0.023009 0.950056 0.078519 0.809058 0.549453 -0.193291
10019.199808000 2.588156 -0.022647 0.953982 0.077661 0.811591 0.544749 -0.196310
10019.233141000 2.602798 -0.021799 0.958850 0.076623 0.814562 0.540973 -0.194846
10019.266474000 2.616078 -0.021090 0.961937 0.075696 0.817258 0.538129 -0.191770
10019.299807000 2.628595 -0.020710 0.965682 0.074812 0.819967 0.535491 -0.187900
10019.333140000 2.639689 -0.021408 0.967233 0.074147 0.822211 0.533936 -0.182713
10019.366473000 2.650281 -0.021888 0.968061 0.073452 0.824353 0.532575 -0.177233
10019.399806000 2.660804 -0.022533 0.967238 0.072827 0.826485 0.531127 -0.171819
10019.433139000 2.670705 -0.023391 0.964086 0.072360 0.828098 0.530192 -0.167075
10019.466472000 2.680616 -0.024617 0.957482 0.072019 0.829300 0.529363 -0.163859
10019.499805000 2.703602 -0.029067 0.937044 0.071559 0.830794 0.527444 -0.162674
10019.533138000 2.715240 -0.030938 0.922300 0.071397 0.831204 0.526153 -0.164818
10019.566471000 2.729066 -0.032693 0.905353 0.071377 0.831143 0.524784 -0.169439
10019.599804000 2.742830 -0.034715 0.886701 0.071397 0.830897 0.523411 -0.174795
10019.633137000 2.758100 -0.036988 0.866344 0.071461 0.830285 0.521889 -0.182079
10019.666470000 2.774697 -0.039385 0.846085 0.071466 0.829695 0.520046 -0.189872
10019.699803000 2.792214 -0.040493 0.825498 0.071274 0.829348 0.517582 -0.198017
10019.733136000 2.810320 -0.041361 0.804405 0.071055 0.828903 0.515025 -0.206446
10019.766469000 2.829870 -0.041865 0.785132 0.070720 0.828694 0.512018 -0.214716
10019.799802000 2.849976 -0.041946 0.766913 0.070272 0.828688 0.509022 -0.221888
10019.833135000 2.894308 -0.040150 0.738043 0.068796 0.830235 0.501807 -0.232736
10019.866468000 2.917988 -0.038845 0.726041 0.068009 0.831229 0.498836 -0.235787
10019.899801000 2.941567 -0.035415 0.716692 0.067008 0.833020 0.495089 -0.237641
10019.933134000 2.965021 -0.033272 0.709828 0.066101 0.834983 0.492065 -0.237287
10019.966467000 2.987711 -0.030506 0.704043 0.065222 0.837312 0.489048 -0.235555
10019.999800000 3.009702 -0.027113 0.699260 0.064543 0.839394 0.486871 -0.232828
10020.033133000 3.029533 -0.023728 0.696876 0.063915 0.841855 0.484728 -0.228548
10020.066466000 3.047848 -0.020373 0.694360 0.063473 0.844032 0.483442 -0.223306
10020.099799000 3.062623 -0.017864 0.693767 0.063275 0.846418 0.482708 -0.215789
10020.133132000 3.075165 -0.015625 0.693910 0.063147 0.848701 0.482143 -0.207983
10020.166465000 3.089154 -0.012540 0.694342 0.063396 0.852459 0.483654 -0.188080
10020.199798000 3.091729 -0.011880 0.694819 0.063680 0.854185 0.484718 -0.177091
10020.233131000 3.091723 -0.012477 0.696064 0.063962 0.855285 0.486556 -0.166312
10020.266464000 3.089648 -0.012717 0.696634 0.064166 0.856333 0.488302 -0.155363
10020.299797000 3.086149 -0.012942 0.697162 0.064368 0.857142 0.490095 -0.144814
10020.333130000 3.082632 -0.013183 0.697732 0.064613 0.857375 0.492181 -0.135981
10020.366463000 3.079315 -0.013344 0.698202 0.064649 0.857607 0.493803 -0.128414
10020.399796000 3.077983 -0.014165 0.697715 0.064813 0.857213 0.495755 -0.123340
10020.433129000 3.077263 -0.014685 0.696720 0.065072 0.856476 0.497734 -0.120315
10020.466462000 3.079346 -0.014426 0.696187 0.065272 0.855733 0.499154 -0.119606
10020.499795000 3.093605 -0.013022 0.691018 0.065908 0.852515 0.502173 -0.129214
10020.533128000 3.105690 -0.011103 0.686865 0.066292 0.850456 0.503053 -0.138807
10020.566461000 3.120626 -0.009128 0.682812 0.066750 0.847828 0.503748 -0.151559
10020.599794000 3.138389 -0.006628 0.677563 0.067227 0.844827 0.504003 -0.166523
10020.633127000 3.158991 -0.004111 0.672419 0.067617 0.841505 0.503455 -0.183931
10020.666460000 3.180298 -0.001232 0.666579 0.067911 0.837961 0.502300 -0.202249
10020.699793000 3.203061 0.001520 0.660808 0.068040 0.834250 0.500271 -0.221647
10020.733126000 3.226535 0.004640 0.654441 0.068071 0.830100 0.497972 -0.241505
10020.766459000 3.250765 0.007994 0.647421 0.067864 0.825915 0.494941 -0.261329
10020.799792000 3.274939 0.010744 0.641720 0.067360 0.822057 0.491275 -0.279881
10020.833125000 3.320563 0.017882 0.629345 0.065873 0.814892 0.483705 -0.312477
10020.866458000 3.342605 0.020365 0.624222 0.064951 0.812099 0.479995 -0.325394
10020.899791000 3.362562 0.023103 0.618340 0.064178 0.809305 0.476943 -0.336796
10020.933124000 3.383206 0.025588 0.613135 0.063162 0.807159 0.473506 -0.346839
10020.966457000 3.402441 0.028106 0.607943 0.062285 0.805445 0.470725 -0.354680
10020.999790000 3.421647 0.030646 0.602698 0.061480 0.803710 0.468214 -0.362002
10021.033123000 3.439411 0.033135 0.597484 0.060695 0.802726 0.465956 -0.367194
10021.066456000 3.457919 0.035369 0.592888 0.059796 0.801975 0.463593 -0.371944
10021.099789000 3.475718 0.037872 0.587653 0.059137 0.801389 0.461861 -0.375451
10021.133122000 3.493553 0.040367 0.582415 0.058495 0.801082 0.460268 -0.378153
10021.166455000 3.529111 0.043850 0.572784 0.057289 0.801389 0.457376 -0.381183
10021.199788000 3.546880 0.046392 0.567567 0.056719 0.801633 0.456114 -0.382266
10021.233121000 3.565398 0.048523 0.562952 0.056024 0.802359 0.454636 -0.382605
10021.266454000 3.583242 0.050992 0.557702 0.055572 0.803118 0.453671 -0.382226
10021.299787000 3.601669 0.053207 0.553111 0.054943 0.804109 0.452342 -0.381807
10021.333120000 3.620868 0.055713 0.547857 0.054301 0.805074 0.451030 -0.381418
10021.366453000 3.639950 0.058291 0.542703 0.053701 0.806184 0.449786 -0.380626
10021.399786000 3.659729 0.061160 0.536909 0.053091 0.807147 0.448498 -0.380190
10021.433119000 3.680425 0.063532 0.531698 0.052320 0.808282 0.446829 -0.379851
