10000.000000000 0.000000 0.000000 0.000000 0.000000 0.000000 0.000000 1.000000
10000.033333000 -0.000702 0.005600 -0.000083 -0.000472 0.000461 -0.002134 0.999998
10000.066666000 -0.000828 0.003156 -0.000580 -0.001122 0.000327 -0.003024 0.999995
10000.099999000 -0.004941 0.004934 0.000031 -0.000918 0.000680 -0.004262 0.999990
10000.133332000 -0.005142 0.005282 -0.000588 -0.001744 -0.000450 -0.006159 0.999979
10000.166665000 -0.008277 0.009739 -0.000188 -0.006890 0.000599 -0.007545 0.999948
10000.199998000 -0.013842 0.004486 0.002531 -0.011150 0.000528 -0.008646 0.999900
10000.233331000 -0.017430 0.005777 0.000924 -0.008053 -0.000659 -0.009227 0.999925
10000.266664000 -0.020410 0.000126 -0.000819 -0.005299 -0.002327 -0.009725 0.999936
10000.299997000 -0.023067 0.001454 -0.001476 -0.001957 -0.003709 -0.010627 0.999935
10000.333330000 -0.025607 0.001764 -0.000525 0.001850 -0.005500 -0.012245 0.999908
10000.366663000 -0.025672 -0.004059 0.000110 0.005867 -0.007796 -0.013073 0.999867
10000.399996000 -0.029141 -0.013470 -0.000211 0.010348 -0.008018 -0.014745 0.999806
10000.433329000 -0.028512 -0.020543 -0.004420 0.017513 -0.008928 -0.016171 0.999676
10000.466662000 -0.030616 -0.022043 -0.006051 0.025748 -0.008575 -0.017551 0.999478
10000.499995000 -0.038814 -0.026160 -0.010276 0.031779 -0.006949 -0.018592 0.999298
10000.533328000 -0.036709 -0.030257 -0.013442 0.037364 -0.008962 -0.019732 0.999067
10000.566661000 -0.037626 -0.033751 -0.016591 0.042836 -0.009721 -0.021440 0.998805
10000.599994000 -0.040554 -0.038128 -0.017400 0.048723 -0.009678 -0.022318 0.998516
10000.633327000 -0.039681 -0.045271 -0.021581 0.056322 -0.010781 -0.022256 0.998106
10000.666660000 -0.042528 -0.053600 -0.024684 0.063253 -0.011126 -0.023763 0.997653
10000.699993000 -0.039817 -0.053125 -0.025631 0.070372 -0.011740 -0.025798 0.997118
10000.733326000 -0.042140 -0.056942 -0.027587 0.077007 -0.012798 -0.027094 0.996580
10000.766659000 -0.041532 -0.059111 -0.030804 0.083059 -0.014905 -0.027672 0.996049
10000.799992000 -0.042421 -0.065577 -0.030085 0.086999 -0.016332 -0.027960 0.995682
10000.833325000 -0.043876 -0.072702 -0.035474 0.089051 -0.017935 -0.028786 0.995450
10000.866658000 -0.051966 -0.080872 -0.037831 0.089778 -0.018821 -0.031281 0.995293
10000.899991000 -0.052127 -0.082482 -0.038365 0.092872 -0.021830 -0.033833 0.994864
10000.933324000 -0.053986 -0.085308 -0.039436 0.094620 -0.023694 -0.036493 0.994562
10000.966657000 -0.052993 -0.085615 -0.040587 0.096937 -0.026048 -0.037808 0.994231
10000.999990000 -0.049729 -0.084551 -0.036512 0.098132 -0.030166 -0.038323 0.993978
10001.033323000 -0.053110 -0.085356 -0.036979 0.099025 -0.034370 -0.038263 0.993755
10001.066656000 -0.055055 -0.082416 -0.037792 0.101088 -0.040943 -0.038616 0.993284
10001.099989000 -0.055794 -0.083342 -0.039736 0.100425 -0.048524 -0.040248 0.992945
10001.133322000 -0.059607 -0.084762 -0.035709 0.099804 -0.055388 -0.042985 0.992534
10001.166655000 -0.061050 -0.078265 -0.035865 0.101604 -0.062768 -0.046390 0.991758
10001.199988000 -0.068953 -0.084179 -0.037115 0.100519 -0.069425 -0.049580 0.991271
10001.233321000 -0.069867 -0.083730 -0.034802 0.100129 -0.077984 -0.053161 0.990488
10001.266654000 -0.073994 -0.079597 -0.032306 0.100129 -0.086834 -0.056285 0.989579
10001.299987000 -0.077666 -0.078411 -0.032284 0.098847 -0.096005 -0.058794 0.988714
10001.333320000 -0.072742 -0.084988 -0.026850 0.096484 -0.108398 -0.062501 0.987438
10001.366653000 -0.078777 -0.084315 -0.025658 0.095305 -0.115895 -0.064924 0.986545
10001.399986000 -0.081569 -0.083219 -0.024429 0.094869 -0.124029 -0.067359 0.985434
10001.433319000 -0.085166 -0.078854 -0.026063 0.093975 -0.131878 -0.071281 0.984224
10001.466652000 -0.088176 -0.077989 -0.023889 0.091265 -0.140449 -0.075276 0.982995
10001.499985000 -0.077890 -0.080914 -0.015956 0.087595 -0.152579 -0.079368 0.981197
10001.533318000 -0.083318 -0.079055 -0.014971 0.085852 -0.160847 -0.082017 0.979812
10001.566651000 -0.085575 -0.077038 -0.013817 0.083477 -0.169386 -0.084775 0.978342
10001.599984000 -0.085192 -0.071798 -0.011663 0.082034 -0.177871 -0.087464 0.976720
10001.633317000 -0.087475 -0.070001 -0.008808 0.078202 -0.186636 -0.091253 0.975051
10001.666650000 -0.080767 -0.071181 -0.001792 0.074287 -0.198350 -0.096894 0.972497
10001.699983000 -0.086018 -0.058795 -0.001228 0.072177 -0.207209 -0.097772 0.970719
10001.733316000 -0.087353 -0.054206 0.001247 0.068383 -0.216527 -0.100743 0.968654
10001.766649000 -0.090084 -0.052122 0.002054 0.063618 -0.224622 -0.104890 0.966693
10001.799982000 -0.093312 -0.050371 0.005443 0.060089 -0.230384 -0.109779 0.965019
10001.833315000 -0.092322 -0.054205 0.009825 0.055797 -0.236906 -0.115914 0.962978
10001.866648000 -0.094511 -0.046999 0.011844 0.054272 -0.241324 -0.118269 0.961681
10001.899981000 -0.097353 -0.045074 0.015790 0.050768 -0.246542 -0.121151 0.960189
10001.933314000 -0.099048 -0.040644 0.021367 0.046401 -0.252449 -0.123786 0.958537
10001.966647000 -0.100498 -0.037994 0.026160 0.040702 -0.258656 -0.126515 0.956783
10001.999980000 -0.098934 -0.039393 0.036496 0.035713 -0.268903 -0.129334 0.953776
10002.033313000 -0.108873 -0.038775 0.037844 0.032340 -0.275837 -0.131910 0.951561
10002.066646000 -0.114500 -0.035633 0.042416 0.028719 -0.285230 -0.132994 0.948753
10002.099979000 -0.122335 -0.036418 0.061750 0.020105 -0.302938 -0.136437 0.942979
10002.133312000 -0.130005 -0.040014 0.076982 0.015138 -0.310981 -0.140903 0.939791
10002.166645000 -0.141484 -0.043921 0.101233 0.010287 -0.319634 -0.145387 0.936264
10002.199978000 -0.163066 -0.056564 0.124470 0.011411 -0.323008 -0.151751 0.934081
10002.233311000 -0.173546 -0.061851 0.143323 0.013111 -0.325758 -0.152654 0.932956
10002.266644000 -0.186925 -0.070579 0.174589 0.011170 -0.329747 -0.154791 0.931226
10002.299977000 -0.194375 -0.074347 0.195024 0.009059 -0.332909 -0.155586 0.929990
10002.333310000 -0.199903 -0.077258 0.214982 0.001593 -0.336601 -0.156036 0.928628
10002.366643000 -0.207954 -0.086222 0.233144 -0.003258 -0.337617 -0.159105 0.927734
10002.399976000 -0.212526 -0.095310 0.251784 -0.006564 -0.340109 -0.159219 0.926786
10002.433309000 -0.212288 -0.102984 0.272049 -0.005610 -0.344141 -0.157526 0.925592
10002.466642000 -0.210810 -0.111187 0.293123 -0.007865 -0.347377 -0.156401 0.924557
10002.499975000 -0.202451 -0.119660 0.321492 -0.010601 -0.351991 -0.156256 0.922808
10002.533308000 -0.196759 -0.133496 0.348771 -0.014173 -0.353198 -0.158105 0.921983
10002.566641000 -0.186991 -0.145857 0.378737 -0.012654 -0.355198 -0.160917 0.920750
10002.599974000 -0.174165 -0.163875 0.410182 -0.009903 -0.358798 -0.165262 0.918616
10002.633307000 -0.161064 -0.173121 0.436769 0.002354 -0.363944 -0.167534 0.916227
10002.666640000 -0.149030 -0.170644 0.461650 0.000122 -0.368113 -0.174676 0.913225
10002.699973000 -0.142941 -0.197512 0.487174 -0.012988 -0.372777 -0.181651 0.909874
10002.733306000 -0.130402 -0.209238 0.509893 -0.007269 -0.382311 -0.177918 0.906714
10002.766639000 -0.121552 -0.216661 0.529601 -0.008488 -0.390335 -0.177786 0.903304
10002.799972000 -0.117372 -0.225103 0.548781 -0.011883 -0.397002 -0.179630 0.899990
10002.833305000 -0.111404 -0.233870 0.567575 -0.014168 -0.407049 -0.181585 0.895063
10002.866638000 -0.111367 -0.243396 0.586114 -0.015098 -0.415132 -0.187685 0.890063
10002.899971000 -0.113457 -0.252451 0.605785 -0.013016 -0.419934 -0.192659 0.886775
10002.933304000 -0.118006 -0.257761 0.625725 -0.012171 -0.425120 -0.194883 0.883825
10002.966637000 -0.125417 -0.263687 0.643714 -0.012634 -0.433540 -0.197548 0.879124
10002.999970000 -0.133108 -0.268431 0.663514 -0.013199 -0.443604 -0.202899 0.872854
10003.033303000 -0.143220 -0.279665 0.684588 -0.014115 -0.456157 -0.207579 0.865235
10003.066636000 -0.154613 -0.289300 0.703477 -0.011394 -0.469061 -0.211159 0.857475
10003.099969000 -0.165917 -0.294896 0.721522 -0.008096 -0.481026 -0.217144 0.849351
10003.133302000 -0.175906 -0.301400 0.739373 -0.010113 -0.494504 -0.222534 0.840144
10003.166635000 -0.186477 -0.315278 0.753027 -0.010400 -0.505360 -0.229040 0.831892
10003.199968000 -0.194585 -0.324716 0.764313 -0.006074 -0.517342 -0.229513 0.824405
10003.233301000 -0.199365 -0.325361 0.776612 -0.003815 -0.530257 -0.230300 0.815950
10003.266634000 -0.207484 -0.330654 0.784089 -0.006092 -0.540642 -0.235446 0.807610
10003.299967000 -0.214361 -0.337187 0.788110 -0.004965 -0.552607 -0.239357 0.798317
10003.333300000 -0.215802 -0.347042 0.803984 -0.002132 -0.567694 -0.242674 0.786656
10003.366633000 -0.221483 -0.356945 0.807678 0.000437 -0.576885 -0.245056 0.779199
10003.399966000 -0.220818 -0.362821 0.818641 0.004547 -0.589163 -0.245658 0.769752
10003.433299000 -0.219195 -0.370622 0.829346 0.007792 -0.600837 -0.247970 0.759898
10003.466632000 -0.217210 -0.377500 0.840566 0.011935 -0.610398 -0.254238 0.750090
10003.499965000 -0.212159 -0.389886 0.868297 0.014315 -0.624889 -0.261784 0.735376
10003.533298000 -0.210659 -0.401064 0.879876 0.017102 -0.634134 -0.272592 0.723378
10003.566631000 -0.207797 -0.409836 0.891605 0.023061 -0.642942 -0.279377 0.712771
10003.599964000 -0.205379 -0.419650 0.904291 0.026770 -0.651192 -0.284624 0.703008
10003.633297000 -0.204010 -0.430026 0.911368 0.030372 -0.658731 -0.287489 0.694623
10003.666630000 -0.194576 -0.436064 0.933095 0.036276 -0.671874 -0.286975 0.681847
10003.699963000 -0.192385 -0.444660 0.936629 0.039845 -0.678262 -0.289232 0.674328
10003.733296000 -0.187948 -0.449913 0.943707 0.042989 -0.685420 -0.288618 0.667121
10003.766629000 -0.186913 -0.457631 0.949232 0.044753 -0.691259 -0.288782 0.660881
10003.799962000 -0.185301 -0.464263 0.955590 0.047586 -0.696513 -0.286955 0.655943
10003.833295000 -0.180942 -0.467626 0.966791 0.050495 -0.704792 -0.283617 0.648290
10003.866628000 -0.181422 -0.476849 0.966402 0.051914 -0.710560 -0.283317 0.641982
10003.899961000 -0.177864 -0.477756 0.969094 0.055766 -0.716928 -0.281025 0.635554
10003.933294000 -0.176870 -0.483743 0.972677 0.057101 -0.722566 -0.278467 0.630154
10003.966627000 -0.175798 -0.484921 0.969692 0.059970 -0.726774 -0.276206 0.626030
10003.999960000 -0.174662 -0.486784 0.978724 0.059221 -0.734315 -0.272582 0.618848
10004.033293000 -0.172908 -0.488160 0.980660 0.060402 -0.740073 -0.270759 0.612645
10004.066626000 -0.173470 -0.490492 0.978510 0.061064 -0.744564 -0.270831 0.607080
10004.099959000 -0.171644 -0.491364 0.977270 0.063339 -0.749614 -0.270208 0.600878
10004.133292000 -0.170411 -0.490182 0.970539 0.066020 -0.753399 -0.270739 0.595593
10004.166625000 -0.168256 -0.486845 0.972555 0.069335 -0.758915 -0.270405 0.588322
10004.199958000 -0.169063 -0.492485 0.968139 0.069998 -0.763193 -0.271775 0.582044
10004.233291000 -0.167876 -0.491819 0.968792 0.070898 -0.767785 -0.270302 0.576556
10004.266624000 -0.166406 -0.493671 0.966955 0.072086 -0.772472 -0.270315 0.570106
10004.299957000 -0.165624 -0.491800 0.967360 0.072319 -0.777151 -0.269556 0.564044
10004.333290000 -0.165309 -0.488112 0.967463 0.072719 -0.781537 -0.270406 0.557488
10004.366623000 -0.169741 -0.485455 0.971693 0.071137 -0.786524 -0.269199 0.551227
10004.399956000 -0.172181 -0.485147 0.971927 0.069867 -0.791520 -0.269444 0.544073
10004.433289000 -0.175599 -0.482751 0.972243 0.067037 -0.796316 -0.269591 0.537314
10004.466622000 -0.182240 -0.478242 0.966866 0.064811 -0.800718 -0.271164 0.530208
10004.499955000 -0.183464 -0.474404 0.964397 0.064595 -0.805267 -0.273506 0.522079
10004.533288000 -0.175855 -0.459689 0.957130 0.066590 -0.808689 -0.273152 0.516698
10004.566621000 -0.172092 -0.454326 0.950387 0.066756 -0.812122 -0.275769 0.509855
10004.599954000 -0.169596 -0.446475 0.945226 0.065759 -0.815323 -0.278870 0.503146
10004.633287000 -0.166316 -0.442123 0.935995 -0.063841 0.817922 0.283658 -0.496453
10004.666620000 -0.177147 -0.451307 0.941789 -0.056466 0.821880 0.290277 -0.486893
10004.699953000 -0.171334 -0.440077 0.940896 -0.057831 0.823779 0.295087 -0.480591
10004.733286000 -0.171241 -0.437956 0.931345 -0.057318 0.826239 0.298989 -0.473971
10004.766619000 -0.169419 -0.436177 0.925787 -0.054651 0.830559 0.300783 -0.465526
10004.799952000 -0.166361 -0.435462 0.913922 -0.053374 0.834327 0.304073 -0.456715
10004.833285000 -0.170309 -0.432819 0.910359 -0.052062 0.838541 0.307063 -0.447047
10004.866618000 -0.164300 -0.425422 0.899583 -0.048942 0.842530 0.308611 -0.438756
10004.899951000 -0.162407 -0.419074 0.890805 -0.046318 0.846361 0.312028 -0.429146
10004.933284000 -0.163323 -0.411609 0.872318 -0.042311 0.848544 0.317867 -0.420885
10004.966617000 -0.165045 -0.400450 0.863040 -0.039091 0.852310 0.321025 -0.411074
10004.999950000 -0.192219 -0.402198 0.860771 -0.037698 0.857520 0.325775 -0.396371
10005.033283000 -0.194279 -0.397325 0.842491 -0.036713 0.860651 0.327033 -0.388563
10005.066616000 -0.195589 -0.390441 0.824649 -0.035986 0.864857 0.326321 -0.379791
10005.099949000 -0.203131 -0.392993 0.808565 -0.033060 0.870540 0.327060 -0.366195
10005.133282000 -0.200936 -0.383347 0.793544 -0.032770 0.874458 0.327692 -0.356183
10005.166615000 -0.221894 -0.384625 0.780569 -0.031946 0.881389 0.323969 -0.342311
10005.199948000 -0.211020 -0.389522 0.735873 -0.031693 0.888193 0.319733 -0.328449
10005.233281000 -0.214409 -0.390641 0.731283 -0.033260 0.892169 0.316905 -0.320154
10005.266614000 -0.205878 -0.387085 0.723157 -0.036104 0.894884 0.314684 -0.314409
10005.299947000 -0.211103 -0.394168 0.720063 -0.036041 0.898171 0.314836 -0.304742
10005.333280000 -0.229232 -0.394530 0.735872 -0.033640 0.902600 0.315529 -0.290901
10005.366613000 -0.211615 -0.390809 0.723616 -0.030095 0.904058 0.315636 -0.286614
10005.399946000 -0.207377 -0.389247 0.722795 -0.027800 0.906244 0.315681 -0.279811
10005.433279000 -0.209867 -0.390950 0.725883 -0.025209 0.907917 0.318230 -0.271625
10005.466612000 -0.208341 -0.391299 0.731863 -0.026023 0.910246 0.318549 -0.263252
10005.499945000 -0.239713 -0.409294 0.750195 -0.024993 0.912736 0.325026 -0.246264
10005.533278000 -0.222615 -0.398682 0.752963 -0.027411 0.913119 0.328128 -0.240405
10005.566611000 -0.223385 -0.401443 0.763123 -0.028792 0.914085 0.332193 -0.230798
10005.599944000 -0.225092 -0.407764 0.770574 -0.025929 0.914851 0.336971 -0.220966
10005.633277000 -0.222461 -0.410484 0.781341 -0.024698 0.915564 0.341262 -0.211359
10005.666610000 -0.251019 -0.423304 0.804593 -0.024513 0.917335 0.346518 -0.194477
10005.699943000 -0.232771 -0.426793 0.800666 -0.024235 0.916990 0.350333 -0.189233
10005.733276000 -0.228667 -0.422390 0.816434 -0.023671 0.919280 0.349238 -0.179993
10005.766609000 -0.223992 -0.427658 0.823931 -0.023724 0.920271 0.351578 -0.170094
10005.799942000 -0.229066 -0.430991 0.830705 -0.022642 0.920882 0.355222 -0.159000
10005.833275000 -0.274559 -0.434239 0.862768 -0.019143 0.924720 0.354267 -0.137919
10005.866608000 -0.254981 -0.432039 0.863758 -0.018997 0.925503 0.354558 -0.131804
10005.899941000 -0.244824 -0.430805 0.870589 -0.019472 0.926531 0.354985 -0.123073
10005.933274000 -0.240555 -0.433065 0.872887 -0.019107 0.926919 0.356529 -0.115515
10005.966607000 -0.247090 -0.433916 0.884673 -0.017637 0.928241 0.356453 -0.104876
10005.999940000 -0.278589 -0.448025 0.898594 -0.014535 0.929411 0.357839 -0.089075
10006.033273000 -0.254778 -0.444745 0.893512 -0.016072 0.929475 0.358972 -0.083409
10006.066606000 -0.247641 -0.444499 0.897887 -0.016840 0.930194 0.358957 -0.074863
10006.099939000 -0.245748 -0.447282 0.898684 -0.015830 0.930585 0.360062 -0.064158
10006.133272000 -0.246491 -0.446254 0.903295 -0.014510 0.931351 0.360164 -0.051550
10006.166605000 -0.269521 -0.443115 0.918832 -0.011994 0.932384 0.359652 -0.034160
10006.199938000 -0.259550 -0.446806 0.917495 -0.010909 0.932131 0.361241 -0.022758
10006.233271000 -0.250039 -0.438890 0.924156 -0.011587 0.932313 0.361305 -0.010825
10006.266604000 -0.242189 -0.444730 0.920880 -0.012284 0.931347 0.363925 -0.000151
10006.299937000 -0.232895 -0.439646 0.925701 -0.012538 0.931492 0.363486 0.006591
10006.333270000 -0.253170 -0.447292 0.917909 -0.011415 0.930078 0.366758 0.017722
10006.366603000 -0.249079 -0.436897 0.927701 -0.010505 0.930294 0.365983 0.022351
10006.399936000 -0.241153 -0.438426 0.925542 -0.010293 0.928732 0.369637 0.026835
10006.433269000 -0.237429 -0.435377 0.931664 -0.010345 0.927365 0.372584 0.032688
10006.466602000 -0.231745 -0.434822 0.931605 -0.010474 0.924405 0.379277 0.038926
10006.499935000 -0.235176 -0.439451 0.923160 -0.011386 0.921072 0.386382 0.046974
10006.533268000 -0.235734 -0.432549 0.932947 -0.010658 0.919411 0.389451 0.053834
10006.566601000 -0.230474 -0.428305 0.937365 -0.012284 0.917150 0.393920 0.059257
10006.599934000 -0.227610 -0.421818 0.944436 -0.012810 0.914991 0.398160 0.064003
10006.633267000 -0.224350 -0.420647 0.946530 -0.012756 0.912698 0.402482 0.069488
10006.666600000 -0.217788 -0.430960 0.930734 -0.013343 0.908255 0.411276 0.075811
10006.699933000 -0.213389 -0.421356 0.945714 -0.012998 0.907113 0.413127 0.079392
10006.733266000 -0.215063 -0.415687 0.951159 -0.012623 0.904758 0.417177 0.084956
10006.766599000 -0.212386 -0.412425 0.956818 -0.013526 0.902034 0.421648 0.091457
10006.799932000 -0.200961 -0.409669 0.963040 -0.014654 0.899341 0.426118 0.096927
10006.833265000 -0.198253 -0.413142 0.952018 -0.016388 0.893843 0.435163 0.106815
10006.866598000 -0.194736 -0.399974 0.974063 -0.014805 0.892404 0.436074 0.115047
10006.899931000 -0.185002 -0.398509 0.978700 -0.015787 0.886866 0.442800 0.130948
10006.933264000 -0.177424 -0.396948 0.983900 -0.017137 0.883309 0.446632 0.141389
10006.966597000 -0.166287 -0.397399 0.988093 -0.018090 0.880000 0.450030 0.150819
10006.999930000 -0.160941 -0.407131 0.975341 -0.020186 0.874116 0.457006 0.163277
10007.033263000 -0.152887 -0.400165 0.991733 -0.020076 0.873098 0.456305 0.170535
10007.066596000 -0.143263 -0.400784 0.995558 -0.019889 0.870380 0.458699 0.177871
10007.099929000 -0.137930 -0.400949 0.997124 -0.019591 0.868041 0.460103 0.185542
10007.133262000 -0.131994 -0.399270 1.001029 -0.019409 0.865893 0.462040 0.190712
10007.166595000 -0.133410 -0.402966 0.996345 -0.020886 0.861872 0.466126 0.198664
10007.199928000 -0.130953 -0.399129 0.999247 -0.020498 0.858688 0.469889 0.203565
10007.233261000 -0.125368 -0.397763 1.001307 -0.022197 0.854713 0.475271 0.207583
10007.266594000 -0.122171 -0.396360 1.004459 -0.023703 0.851942 0.478219 0.211988
10007.299927000 -0.119025 -0.393232 1.008975 -0.024137 0.849933 0.479936 0.216085
10007.333260000 -0.117689 -0.392729 1.010607 -0.025787 0.847624 0.481454 0.221521
10007.366593000 -0.111757 -0.392827 1.013049 -0.026950 0.846558 0.481640 0.225023
10007.399926000 -0.108681 -0.392896 1.014781 -0.025532 0.845178 0.481830 0.229919
10007.433259000 -0.106441 -0.390888 1.013698 -0.024806 0.842996 0.483152 0.235174
10007.466592000 -0.104041 -0.389667 1.008017 -0.025122 0.840584 0.484963 0.239996
10007.499925000 -0.105854 -0.387252 1.000341 -0.023851 0.839277 0.484347 0.245873
10007.533258000 -0.100485 -0.387066 0.993505 -0.023991 0.838188 0.484312 0.249613
10007.566591000 -0.100368 -0.381898 0.983172 -0.023071 0.836924 0.484070 0.254365
10007.599924000 -0.100877 -0.378808 0.966601 -0.022707 0.835525 0.483843 0.259381
10007.633257000 -0.101214 -0.374400 0.951994 -0.023069 0.835990 0.480182 0.264601
10007.666590000 -0.111445 -0.361940 0.929915 -0.020741 0.835172 0.477664 0.271836
10007.699923000 -0.108094 -0.355118 0.911886 -0.020616 0.834487 0.476425 0.276089
10007.733256000 -0.110173 -0.342677 0.889616 -0.020406 0.831779 0.476908 0.283349
10007.766589000 -0.106449 -0.333573 0.862450 -0.024902 0.828308 0.478021 0.291172
10007.799922000 -0.102698 -0.323260 0.839521 -0.024490 0.826023 0.477134 0.299048
10007.833255000 -0.105262 -0.310301 0.811402 -0.023678 0.821041 0.477540 0.311908
10007.866588000 -0.090320 -0.309712 0.788729 -0.026115 0.818635 0.477368 0.318236
10007.899921000 -0.086734 -0.301728 0.766553 -0.023284 0.816930 0.474878 0.326457
10007.933254000 -0.086088 -0.292781 0.749592 -0.021574 0.814291 0.473147 0.335554
10007.966587000 -0.082022 -0.289131 0.731723 -0.023828 0.812310 0.469601 0.345050
10007.999920000 -0.096245 -0.273529 0.717497 -0.021653 0.808530 0.463358 0.362090
10008.033253000 -0.094480 -0.268503 0.705314 -0.022017 0.804392 0.460787 0.374358
10008.066586000 -0.098329 -0.259167 0.693929 -0.019841 0.798204 0.458944 0.389676
10008.099919000 -0.103144 -0.250611 0.681232 -0.020689 0.790099 0.457681 0.407238
10008.133252000 -0.108791 -0.244029 0.669756 -0.022572 0.782822 0.453976 0.424954
10008.166585000 -0.124155 -0.234690 0.652471 -0.025353 0.774763 0.447103 0.446317
10008.199918000 -0.138201 -0.226742 0.645563 -0.027723 0.767014 0.439248 0.466885
10008.233251000 -0.149560 -0.220632 0.634646 -0.035269 0.756482 0.435669 0.486501
10008.266584000 -0.158378 -0.216365 0.624861 -0.042847 0.746207 0.433592 0.503327
10008.299917000 -0.168873 -0.213076 0.612346 -0.045834 0.737744 0.428154 0.519920
10008.333250000 -0.185034 -0.205160 0.592700 -0.047137 0.727996 0.423017 0.537454
10008.366583000 -0.191790 -0.202721 0.581763 -0.048116 0.721646 0.418090 0.549648
10008.399916000 -0.198102 -0.198748 0.568650 -0.046191 0.715010 0.415302 0.560492
10008.433249000 -0.201417 -0.195585 0.554008 -0.045051 0.707301 0.413494 0.571593
10008.466582000 -0.204024 -0.189971 0.541438 -0.043828 0.702178 0.409056 0.581117
10008.499915000 -0.207369 -0.180097 0.525223 -0.041829 0.695433 0.405246 0.591945
10008.533248000 -0.202978 -0.174614 0.513309 -0.043160 0.689959 0.401527 0.600725
10008.566581000 -0.200537 -0.163779 0.500485 -0.044188 0.683866 0.397916 0.609949
10008.599914000 -0.195519 -0.154232 0.486674 -0.047332 0.676313 0.395728 0.619484
10008.633247000 -0.188752 -0.146559 0.472856 -0.047025 0.669050 0.391311 0.630109
10008.666580000 -0.185135 -0.137372 0.452368 -0.046644 0.661150 0.382105 0.643973
10008.699913000 -0.177598 -0.133116 0.436674 -0.047876 0.654480 0.373197 0.655811
10008.733246000 -0.174191 -0.127605 0.421138 -0.047874 0.647082 0.365017 0.667649
10008.766579000 -0.171457 -0.124253 0.405384 -0.048243 0.640259 0.358340 0.677742
10008.799912000 -0.171623 -0.121842 0.394020 -0.043385 0.635580 0.350995 0.686264
10008.833245000 -0.175177 -0.115983 0.381098 -0.040519 0.628945 0.341884 0.697067
10008.866578000 -0.175879 -0.114403 0.372550 -0.041523 0.620618 0.337493 0.706547
10008.899911000 -0.176909 -0.111635 0.361615 -0.045078 0.612091 0.332677 0.715988
10008.933244000 -0.178949 -0.109059 0.350054 -0.046097 0.605108 0.327976 0.723983
10008.966577000 -0.181949 -0.106910 0.338300 -0.043649 0.598858 0.322937 0.731557
10008.999910000 -0.188845 -0.102108 0.322270 -0.040264 0.590772 0.317668 0.740577
10009.033243000 -0.199172 -0.099532 0.311810 -0.037913 0.583590 0.309155 0.749939
10009.066576000 -0.207853 -0.097322 0.299534 -0.043502 0.573194 0.302193 0.760418
10009.099909000 -0.218363 -0.091006 0.287896 -0.053862 0.564376 0.295466 0.768947
10009.133242000 -0.228657 -0.088377 0.281440 -0.064607 0.551157 0.295114 0.777792
10009.166575000 -0.243952 -0.084522 0.266944 -0.072147 0.534356 0.286586 0.791913
10009.199908000 -0.256304 -0.090308 0.261626 -0.077122 0.522276 0.279550 0.801955
10009.233241000 -0.270809 -0.093453 0.255917 -0.075866 0.510083 0.270379 0.812991
10009.266574000 -0.286689 -0.098118 0.252363 -0.074310 0.497514 0.260783 0.823984
10009.299907000 -0.303882 -0.108778 0.260103 -0.073812 0.487713 0.252325 0.832478
10009.333240000 -0.317729 -0.108941 0.252365 -0.070263 0.473795 0.241370 0.843992
10009.366573000 -0.324294 -0.114332 0.247557 -0.067523 0.463385 0.234317 0.851945
10009.399906000 -0.335019 -0.118992 0.250374 -0.064313 0.455115 0.228957 0.858087
10009.433239000 -0.342642 -0.122965 0.250484 -0.062142 0.445295 0.221934 0.865214
10009.466572000 -0.351106 -0.127217 0.254123 -0.061249 0.437529 0.215844 0.870763
10009.499905000 -0.358437 -0.119629 0.241436 -0.056533 0.425594 0.207646 0.878952
10009.533238000 -0.363358 -0.126627 0.241143 -0.055209 0.414967 0.203040 0.885172
10009.566571000 -0.373159 -0.125542 0.244830 -0.052365 0.406403 0.196467 0.890784
10009.599904000 -0.378644 -0.127670 0.245380 -0.050074 0.396467 0.191357 0.896487
10009.633237000 -0.387495 -0.130283 0.247748 -0.046077 0.386512 0.185521 0.902257
10009.666570000 -0.387911 -0.122123 0.236671 -0.041873 0.371261 0.178572 0.910233
10009.699903000 -0.391904 -0.125309 0.240534 -0.041634 0.360362 0.175835 0.915143
10009.733236000 -0.395168 -0.122970 0.241499 -0.039946 0.349558 0.171851 0.920153
10009.766569000 -0.398725 -0.121726 0.244987 -0.037409 0.339741 0.166565 0.924896
10009.799902000 -0.401083 -0.122945 0.248357 -0.034781 0.330581 0.161093 0.929277
10009.833235000 -0.395256 -0.117034 0.241063 -0.033087 0.317422 0.154676 0.934999
10009.866568000 -0.397964 -0.113996 0.247805 -0.035447 0.308801 0.149391 0.938652
10009.899901000 -0.398898 -0.108194 0.249761 -0.035942 0.298632 0.144491 0.942682
10009.933234000 -0.399267 -0.106238 0.250557 -0.035019 0.289613 0.138004 0.946495
10009.966567000 -0.398921 -0.108549 0.255533 -0.034245 0.281362 0.134686 0.949485
10009.999900000 -0.392598 -0.113543 0.258720 -0.036414 0.271346 0.132042 0.952686
10010.033233000 -0.396170 -0.108067 0.264726 -0.035999 0.262858 0.127482 0.955698
10010.066566000 -0.395533 -0.108192 0.270768 -0.037722 0.254747 0.124075 0.958273
10010.099899000 -0.394153 -0.111587 0.277623 -0.039814 0.245429 0.120887 0.961023
10010.133232000 -0.397074 -0.108607 0.285548 -0.039187 0.235833 0.115450 0.964115
10010.166565000 -0.392879 -0.117358 0.290806 -0.041508 0.224720 0.112032 0.967071
10010.199898000 -0.399398 -0.119372 0.301914 -0.041826 0.215744 0.106171 0.969759
10010.233231000 -0.402141 -0.120200 0.309322 -0.040436 0.206538 0.099381 0.972538
10010.266564000 -0.407707 -0.127097 0.317642 -0.039274 0.197735 0.092922 0.975051
10010.299897000 -0.405849 -0.130178 0.325633 -0.037748 0.186912 0.085919 0.977884
10010.333230000 -0.398055 -0.139740 0.330341 -0.037143 0.176220 0.079738 0.980413
10010.366563000 -0.406654 -0.130867 0.340657 -0.031794 0.170265 0.074027 0.982099
10010.399896000 -0.406614 -0.139520 0.349149 -0.031539 0.163144 0.071435 0.983507
10010.433229000 -0.406719 -0.147374 0.358385 -0.030797 0.155601 0.067414 0.985036
10010.466562000 -0.407532 -0.152155 0.368788 -0.029134 0.149290 0.063803 0.986303
10010.499895000 -0.402047 -0.169534 0.378407 -0.032669 0.141735 0.060720 0.987500
10010.533228000 -0.410750 -0.168605 0.389021 -0.030116 0.137943 0.057166 0.988330
10010.566561000 -0.412340 -0.174418 0.401052 -0.029617 0.133198 0.054800 0.989130
10010.599894000 -0.411704 -0.181482 0.410784 -0.029427 0.126788 0.051655 0.990147
10010.633227000 -0.412879 -0.187599 0.422138 -0.029175 0.120441 0.048238 0.991119
10010.666560000 -0.407817 -0.193597 0.432740 -0.027332 0.113125 0.045991 0.992139
10010.699893000 -0.411554 -0.200009 0.443307 -0.025302 0.107786 0.042221 0.992955
10010.733226000 -0.412668 -0.208017 0.455261 -0.022222 0.103142 0.039276 0.993642
10010.766559000 -0.414342 -0.213540 0.464790 -0.018867 0.098073 0.036524 0.994330
10010.799892000 -0.415813 -0.219824 0.474456 -0.012642 0.091919 0.032769 0.995147
10010.833225000 -0.414328 -0.226216 0.478994 -0.005666 0.084809 0.029048 0.995958
10010.866558000 -0.416201 -0.229785 0.485494 0.002703 0.079615 0.024272 0.996527
10010.899891000 -0.416656 -0.234065 0.490865 0.007073 0.075389 0.019061 0.996947
10010.933224000 -0.417842 -0.246417 0.496621 0.013852 0.072156 0.015030 0.997184
10010.966557000 -0.415945 -0.251358 0.497463 0.025231 0.069288 0.014949 0.997166
10010.999890000 -0.416696 -0.263645 0.494958 0.031879 0.067121 0.015686 0.997112
10011.033223000 -0.416377 -0.271255 0.494551 0.038194 0.063480 0.016366 0.997118
10011.066556000 -0.414830 -0.274469 0.490924 0.046349 0.058133 0.015770 0.997108
10011.099889000 -0.410242 -0.278055 0.486075 0.053037 0.052950 0.015384 0.997069
10011.133222000 -0.403119 -0.278198 0.481779 0.058545 0.047385 0.015165 0.997044
10011.166555000 -0.401346 -0.285393 0.473117 0.059721 0.042977 0.012009 0.997217
10011.199888000 -0.386770 -0.285865 0.465901 0.063385 0.036409 0.008130 0.997292
10011.233221000 -0.380046 -0.292915 0.455527 0.068116 0.032544 0.003148 0.997141
10011.266554000 -0.371069 -0.291938 0.443948 0.076936 0.026660 -0.000283 0.996679
10011.299887000 -0.359029 -0.289606 0.431126 0.081998 0.020128 -0.004750 0.996418
10011.333220000 -0.347197 -0.290582 0.420778 0.080674 0.013495 -0.008570 0.996612
10011.366553000 -0.343919 -0.300695 0.408749 0.080587 0.008601 -0.012785 0.996628
10011.399886000 -0.331198 -0.296851 0.395214 0.087055 0.000890 -0.016201 0.996071
10011.433219000 -0.322317 -0.294226 0.385114 0.091582 -0.005155 -0.020101 0.995581
10011.466552000 -0.313650 -0.293100 0.376568 0.093929 -0.011429 -0.022912 0.995250
10011.499885000 -0.296341 -0.282523 0.371461 0.096720 -0.021968 -0.024353 0.994771
10011.533218000 -0.294280 -0.283081 0.368768 0.095525 -0.029316 -0.027224 0.994623
10011.566551000 -0.290283 -0.279393 0.363733 0.094619 -0.039786 -0.030092 0.994263
10011.599884000 -0.281721 -0.276965 0.362570 0.089623 -0.050277 -0.033546 0.994140
10011.633217000 -0.276876 -0.278686 0.367791 0.083115 -0.057489 -0.036409 0.994214
10011.666550000 -0.250563 -0.285317 0.375399 0.080506 -0.073182 -0.038817 0.993306
10011.699883000 -0.249652 -0.280980 0.381731 0.078918 -0.081579 -0.042016 0.992649
10011.733216000 -0.244969 -0.281607 0.393168 0.073843 -0.088719 -0.045776 0.992260
10011.766549000 -0.240172 -0.287471 0.409306 0.068967 -0.095753 -0.048571 0.991824
10011.799882000 -0.234924 -0.293689 0.429514 0.065365 -0.103953 -0.050071 0.991168
10011.833215000 -0.206508 -0.305799 0.464308 0.060346 -0.116847 -0.051730 0.989964
10011.866548000 -0.206382 -0.312287 0.495248 0.055253 -0.119445 -0.054097 0.989825
10011.899881000 -0.206623 -0.324411 0.525146 0.054668 -0.121290 -0.055143 0.989575
10011.933214000 -0.206098 -0.331747 0.556252 0.054755 -0.123788 -0.054057 0.989321
10011.966547000 -0.209021 -0.347906 0.586507 0.055122 -0.127143 -0.054613 0.988845
10011.999880000 -0.212722 -0.359354 0.616839 0.056113 -0.133009 -0.055268 0.987980
10012.033213000 -0.216873 -0.370268 0.647063 0.053060 -0.134517 -0.059007 0.987729
10012.066546000 -0.217029 -0.379342 0.674216 0.053038 -0.137934 -0.059151 0.987250
10012.099879000 -0.213597 -0.385904 0.701828 0.052169 -0.141405 -0.059566 0.986780
10012.133212000 -0.208370 -0.398791 0.731135 0.046656 -0.144260 -0.061692 0.986512
10012.166545000 -0.202351 -0.406365 0.760091 0.046078 -0.149852 -0.061274 0.985732
10012.199878000 -0.199095 -0.419291 0.787774 0.042904 -0.151082 -0.062492 0.985611
10012.233211000 -0.186768 -0.427563 0.817109 0.042534 -0.154302 -0.062904 0.985101
10012.266544000 -0.175795 -0.443140 0.849562 0.043005 -0.157523 -0.065797 0.984382
10012.299877000 -0.163441 -0.453209 0.880200 0.048619 -0.161374 -0.068441 0.983316
10012.333210000 -0.147989 -0.463200 0.914963 0.053022 -0.167954 -0.072287 0.981710
10012.366543000 -0.132092 -0.469338 0.944847 0.058843 -0.173259 -0.076887 0.980106
10012.399876000 -0.116874 -0.475514 0.979774 0.056316 -0.181735 -0.079704 0.978493
10012.433209000 -0.105054 -0.491519 1.011835 0.052870 -0.192103 -0.083463 0.976389
10012.466542000 -0.091563 -0.499906 1.044269 0.054627 -0.204896 -0.084043 0.973638
10012.499875000 -0.081721 -0.511674 1.074992 0.049592 -0.217329 -0.088011 0.970857
10012.533208000 -0.072586 -0.521367 1.105384 0.044999 -0.228051 -0.091913 0.968256
10012.566541000 -0.065843 -0.531854 1.138550 0.042770 -0.234104 -0.098076 0.966306
10012.599874000 -0.061607 -0.541704 1.170709 0.042192 -0.238693 -0.102489 0.964749
10012.633207000 -0.059364 -0.551749 1.204064 0.040126 -0.243358 -0.104737 0.963430
10012.666540000 -0.049064 -0.561103 1.241940 0.038586 -0.250156 -0.105113 0.961709
10012.699873000 -0.052038 -0.578258 1.277313 0.034855 -0.251582 -0.106765 0.961297
10012.733206000 -0.059893 -0.599988 1.313975 0.036675 -0.252251 -0.107422 0.960981
10012.766539000 -0.060417 -0.602774 1.343678 0.044078 -0.255553 -0.106596 0.959889
10012.799872000 -0.066445 -0.616543 1.378066 0.038428 -0.256569 -0.107793 0.959727
10012.833205000 -0.067544 -0.628866 1.408953 0.039361 -0.260866 -0.105858 0.958746
10012.866538000 -0.071627 -0.636351 1.437846 0.036136 -0.264167 -0.103887 0.958184
10012.899871000 -0.071848 -0.644874 1.466315 0.031907 -0.265226 -0.105035 0.957917
10012.933204000 -0.074613 -0.657255 1.494544 0.028145 -0.266815 -0.107439 0.957327
10012.966537000 -0.076003 -0.665576 1.519094 0.027853 -0.271073 -0.108333 0.956037
10012.999870000 -0.064479 -0.672429 1.551078 0.027298 -0.280597 -0.107888 0.953352
10013.033203000 -0.062697 -0.678687 1.576681 0.025066 -0.288259 -0.107768 0.951138
10013.066536000 -0.059043 -0.686145 1.601338 0.028025 -0.298398 -0.110317 0.947630
10013.099869000 -0.053749 -0.694475 1.627661 0.028740 -0.310936 -0.116706 0.942800
10013.133202000 -0.047367 -0.699685 1.651176 0.033238 -0.323405 -0.125985 0.937247
10013.166535000 -0.030551 -0.705690 1.679967 0.028850 -0.338851 -0.137660 0.930267
10013.199868000 -0.027863 -0.715733 1.699634 0.026971 -0.349333 -0.147594 0.924908
10013.233201000 -0.020623 -0.718101 1.718020 0.026244 -0.362432 -0.154590 0.918725
10013.266534000 -0.016291 -0.721990 1.732513 0.023660 -0.373431 -0.164072 0.912727
10013.299867000 -0.012983 -0.728651 1.748317 0.020933 -0.384986 -0.172143 0.906484
10013.333200000 -0.007657 -0.733780 1.762952 0.018901 -0.396304 -0.174369 0.901211
10013.366533000 -0.009456 -0.739961 1.774773 0.016299 -0.402894 -0.177102 0.897801
10013.399866000 -0.009273 -0.745022 1.787387 0.016377 -0.410720 -0.177468 0.894173
10013.433199000 -0.009679 -0.748605 1.799878 0.017412 -0.417980 -0.179243 0.890428
10013.466532000 -0.011233 -0.750239 1.811511 0.016667 -0.423872 -0.180412 0.887415
10013.499865000 -0.009921 -0.752418 1.827893 0.016599 -0.432216 -0.181990 0.883059
10013.533198000 -0.013503 -0.756421 1.843189 0.014618 -0.437607 -0.185792 0.879641
10013.566531000 -0.017128 -0.758550 1.859967 0.012694 -0.442055 -0.186151 0.877368
10013.599864000 -0.024791 -0.766882 1.874153 0.011068 -0.445866 -0.187527 0.875165
10013.633197000 -0.032010 -0.774686 1.892036 0.012158 -0.451268 -0.187240 0.872439
10013.666530000 -0.034682 -0.778560 1.913355 0.013198 -0.455889 -0.185853 0.870316
10013.699863000 -0.043741 -0.785951 1.934334 0.012122 -0.453109 -0.184844 0.871996
10013.733196000 -0.053689 -0.799233 1.955921 0.008562 -0.450973 -0.181113 0.873927
10013.766529000 -0.063317 -0.812366 1.974586 0.007638 -0.451407 -0.178070 0.874336
10013.799862000 -0.072190 -0.824893 1.991186 0.005208 -0.453423 -0.177556 0.873415
10013.833195000 -0.089529 -0.839072 1.998852 0.003316 -0.449257 -0.177292 0.875628
10013.866528000 -0.100373 -0.861511 2.014559 0.002773 -0.447113 -0.175378 0.877112
10013.899861000 -0.109199 -0.878453 2.028241 0.004076 -0.445975 -0.174560 0.877849
10013.933194000 -0.114090 -0.889926 2.039873 0.010161 -0.447355 -0.171250 0.877749
10013.966527000 -0.120923 -0.900328 2.049515 0.015524 -0.449696 -0.170853 0.876551
10013.999860000 -0.129124 -0.907194 2.054156 0.020761 -0.450516 -0.176095 0.874983
10014.033193000 -0.134685 -0.912602 2.063575 0.022061 -0.452509 -0.181380 0.872840
10014.066526000 -0.142403 -0.928375 2.073135 0.021405 -0.454813 -0.187666 0.870327
10014.099859000 -0.148776 -0.943501 2.080033 0.027167 -0.463467 -0.188075 0.865499
10014.133192000 -0.148253 -0.944113 2.092385 0.035562 -0.477930 -0.188014 0.857303
10014.166525000 -0.145841 -0.951151 2.113294 0.036396 -0.492607 -0.192343 0.847949
10014.199858000 -0.147075 -0.957284 2.131023 0.037310 -0.505303 -0.198612 0.838946
10014.233191000 -0.148169 -0.965324 2.150695 0.040535 -0.519128 -0.204571 0.828863
10014.266524000 -0.145537 -0.965394 2.170020 0.046440 -0.531225 -0.214329 0.818356
10014.299857000 -0.144243 -0.963828 2.183934 0.045353 -0.543815 -0.226435 0.806805
10014.333190000 -0.144800 -0.978019 2.196017 0.043091 -0.559918 -0.236526 0.792900
10014.366523000 -0.137945 -0.976813 2.208990 0.049061 -0.576590 -0.240029 0.779437
10014.399856000 -0.137816 -0.982089 2.218139 0.047019 -0.591233 -0.246491 0.766469
10014.433189000 -0.135497 -0.988398 2.228872 0.048043 -0.607055 -0.248182 0.753380
10014.466522000 -0.134646 -0.988963 2.239439 0.050554 -0.620251 -0.251671 0.741212
10014.499855000 -0.135411 -0.989212 2.251319 0.051897 -0.632183 -0.250466 0.731381
10014.533188000 -0.137163 -0.988348 2.257674 0.059954 -0.643852 -0.252457 0.719810
10014.566521000 -0.137378 -0.977624 2.266512 0.063228 -0.655708 -0.249602 0.709753
10014.599854000 -0.145066 -0.975006 2.278555 0.054920 -0.664753 -0.249476 0.702032
10014.633187000 -0.156290 -0.973462 2.284418 0.048466 -0.669308 -0.249724 0.698080
10014.666520000 -0.164044 -0.964287 2.290704 0.043671 -0.672703 -0.240447 0.698390
10014.699853000 -0.174874 -0.960977 2.291439 0.040107 -0.672319 -0.240750 0.698869
10014.733186000 -0.184308 -0.959997 2.294911 0.040762 -0.672326 -0.240226 0.699005
10014.766519000 -0.193536 -0.962299 2.300137 0.040869 -0.674338 -0.234392 0.699041
10014.799852000 -0.201280 -0.964804 2.302568 0.042886 -0.676123 -0.231880 0.698034
10014.833185000 -0.206777 -0.964848 2.310829 0.045587 -0.681824 -0.224147 0.694836
10014.866518000 -0.210366 -0.960030 2.322361 0.044365 -0.686558 -0.221318 0.691150
10014.899851000 -0.219138 -0.967407 2.338878 0.035119 -0.691692 -0.221487 0.686493
10014.933184000 -0.223256 -0.968241 2.355646 0.034299 -0.695877 -0.221956 0.682139
10014.966517000 -0.226182 -0.974633 2.372747 0.034459 -0.700845 -0.223627 0.676476
10014.999850000 -0.227137 -0.982949 2.389989 0.032148 -0.707625 -0.223359 0.669585
10015.033183000 -0.227721 -0.991354 2.411459 0.026900 -0.714486 -0.226197 0.661529
10015.066516000 -0.226999 -0.993892 2.428194 0.024265 -0.718132 -0.229112 0.656662
10015.099849000 -0.227818 -0.999136 2.444737 0.021017 -0.722874 -0.230945 0.650903
10015.133182000 -0.230048 -1.006870 2.461536 0.018041 -0.728837 -0.231754 0.644020
10015.166515000 -0.229988 -1.008942 2.473166 0.014636 -0.733646 -0.228158 0.639916
10015.199848000 -0.233691 -1.014702 2.488038 0.009052 -0.738134 -0.224227 0.636238
10015.233181000 -0.237976 -1.019099 2.495905 0.005836 -0.741204 -0.222760 0.633214
10015.266514000 -0.242664 -1.026148 2.500079 0.004059 -0.743372 -0.219467 0.631836
10015.299847000 -0.245698 -1.032188 2.503851 0.000457 -0.746998 -0.213220 0.629707
10015.333180000 -0.247306 -1.031873 2.508413 -0.001544 -0.753030 -0.205467 0.625081
10015.366513000 -0.249738 -1.030530 2.515322 -0.003477 -0.756950 -0.199949 0.622122
10015.399846000 -0.253749 -1.032249 2.517111 -0.007775 -0.758534 -0.199237 0.620379
10015.433179000 -0.257541 -1.033866 2.516379 -0.011291 -0.759955 -0.199039 0.618647
10015.466512000 -0.258187 -1.034435 2.511811 -0.012948 -0.763083 -0.198488 0.614930
10015.499845000 -0.260071 -1.036753 2.508047 -0.014277 -0.767449 -0.200978 0.608626
10015.533178000 -0.261186 -1.034860 2.503530 -0.013387 -0.771224 -0.204480 0.602679
10015.566511000 -0.263065 -1.033278 2.495354 -0.011642 -0.774459 -0.212179 0.595867
10015.599844000 -0.263937 -1.032850 2.480597 -0.009664 -0.777170 -0.220455 0.589332
10015.633177000 -0.264347 -1.032380 2.467937 -0.007059 -0.781926 -0.226983 0.580534
10015.666510000 -0.268381 -1.039054 2.462701 -0.004177 -0.787317 -0.235194 0.569911
10015.699843000 -0.262439 -1.033533 2.444913 0.005264 -0.791806 -0.241174 0.561115
10015.733176000 -0.257985 -1.032468 2.426900 0.007329 -0.795732 -0.245237 0.553728
10015.766509000 -0.254504 -1.031332 2.411497 0.010936 -0.799042 -0.252810 0.545435
10015.799842000 -0.247503 -1.030033 2.388989 0.018661 -0.801688 -0.260046 0.537889
10015.833175000 -0.250048 -1.038093 2.377575 0.020904 -0.806919 -0.269766 0.525043
10015.866508000 -0.241789 -1.033525 2.354440 0.022443 -0.809030 -0.274373 0.519313
10015.899841000 -0.235551 -1.030426 2.336371 0.022438 -0.813435 -0.277115 0.510908
10015.933174000 -0.229557 -1.026282 2.317046 0.024471 -0.817590 -0.279083 0.503051
10015.966507000 -0.221793 -1.018417 2.298251 -0.027879 0.820296 0.281235 -0.497237
10015.999840000 -0.224900 -1.021939 2.288362 -0.034166 0.823524 0.293625 -0.484175
10016.033173000 -0.220442 -1.012464 2.273463 -0.033461 0.825965 0.297982 -0.477356
10016.066506000 -0.213421 -1.003803 2.254316 -0.035248 0.826701 0.304824 -0.471599
10016.099839000 -0.206634 -0.998911 2.230001 -0.037472 0.828150 0.310315 -0.465261
10016.133172000 -0.196247 -0.991107 2.209240 -0.041806 0.833041 0.309684 -0.456499
10016.166505000 -0.198488 -0.992271 2.204632 -0.041212 0.839119 0.312425 -0.443364
10016.199838000 -0.191004 -0.987060 2.184413 -0.041920 0.844131 0.312210 -0.433832
10016.233171000 -0.179641 -0.977409 2.164037 -0.045686 0.848854 0.312251 -0.424099
10016.266504000 -0.167858 -0.971406 2.145391 -0.050244 0.852979 0.314569 -0.413459
10016.299837000 -0.158232 -0.967274 2.122663 -0.051860 0.858072 0.314924 -0.402301
10016.333170000 -0.154326 -0.966600 2.110587 -0.052298 0.864422 0.314387 -0.388844
10016.366503000 -0.149567 -0.963743 2.096871 -0.051939 0.869353 0.315630 -0.376702
10016.399836000 -0.136785 -0.957997 2.079346 -0.054098 0.873577 0.316740 -0.365530
10016.433169000 -0.127091 -0.952989 2.063303 -0.054482 0.877893 0.317905 -0.353938
10016.466502000 -0.118456 -0.948868 2.050537 -0.054564 0.881734 0.318574 -0.343627
10016.499835000 -0.113291 -0.943181 2.032534 -0.055868 0.885686 0.318322 -0.333332
10016.533168000 -0.106681 -0.939606 2.024281 -0.054318 0.889347 0.318226 -0.323794
10016.566501000 -0.092629 -0.932024 2.008645 -0.052863 0.894830 0.316665 -0.310173
10016.599834000 -0.084542 -0.926113 1.995079 -0.051659 0.897276 0.317902 -0.301936
10016.633167000 -0.074786 -0.920453 1.983179 -0.051270 0.899872 0.318865 -0.293134
10016.666500000 -0.073332 -0.913838 1.966745 -0.049369 0.902773 0.320947 -0.282058
10016.699833000 -0.063265 -0.906547 1.954312 -0.048552 0.905534 0.322238 -0.271689
10016.733166000 -0.055982 -0.900570 1.940981 -0.046459 0.907675 0.324665 -0.261841
10016.766499000 -0.050194 -0.899773 1.926648 -0.043285 0.910068 0.326717 -0.251312
10016.799832000 -0.039487 -0.896031 1.913509 -0.042974 0.913455 0.325472 -0.240460
10016.833165000 -0.031017 -0.888285 1.907337 -0.039467 0.917564 0.324057 -0.226949
10016.866498000 -0.015107 -0.878921 1.891465 -0.037105 0.919751 0.326393 -0.214824
10016.899831000 -0.007531 -0.880500 1.879588 -0.035064 0.922567 0.327973 -0.200187
10016.933164000 0.002493 -0.874460 1.873143 -0.036141 0.925861 0.327125 -0.185647
10016.966497000 0.008067 -0.870786 1.867055 -0.036613 0.928482 0.326858 -0.172467
10016.999830000 -0.004799 -0.870261 1.869567 -0.035784 0.930944 0.327432 -0.157639
10017.033163000 -0.000119 -0.867178 1.855607 -0.034686 0.931825 0.329161 -0.148833
10017.066496000 -0.001918 -0.866797 1.845432 -0.034242 0.933454 0.328541 -0.139828
10017.099829000 -0.005987 -0.865053 1.835956 -0.035917 0.935417 0.326030 -0.131949
10017.133162000 -0.016708 -0.868198 1.816885 -0.036869 0.937599 0.322344 -0.125070
10017.166495000 -0.031330 -0.867238 1.805596 -0.038338 0.942001 0.312694 -0.115698
10017.199828000 -0.040114 -0.866095 1.794279 -0.041207 0.944263 0.308250 -0.107938
10017.233161000 -0.040833 -0.866407 1.774153 -0.042745 0.947482 0.299705 -0.103093
10017.266494000 -0.047902 -0.862194 1.765076 -0.045218 0.950566 0.291154 -0.098027
10017.299827000 -0.047049 -0.855456 1.748459 -0.046343 0.952138 0.286455 -0.096069
10017.333160000 -0.071754 -0.853318 1.732049 -0.045654 0.954307 0.281388 -0.089639
10017.366493000 -0.071609 -0.876188 1.707997 -0.045847 0.954876 0.280182 -0.087221
10017.399826000 -0.081593 -0.867115 1.698857 -0.047652 0.955490 0.278040 -0.086377
10017.433159000 -0.097975 -0.865381 1.686222 -0.048606 0.955990 0.275675 -0.087886
10017.466492000 -0.097393 -0.862231 1.672142 -0.048235 0.957328 0.269502 -0.092545
10017.499825000 -0.056993 -0.843018 1.653789 -0.049183 0.957438 0.265224 -0.102710
10017.533158000 -0.089121 -0.838869 1.652523 -0.050270 0.957242 0.266479 -0.100745
10017.566491000 -0.103589 -0.820898 1.648256 -0.051853 0.957259 0.265298 -0.102875
10017.599824000 -0.096855 -0.803336 1.631368 -0.055327 0.956883 0.262775 -0.110739
10017.633157000 -0.092194 -0.814351 1.598654 -0.056010 0.955326 0.264907 -0.118488
10017.666490000 -0.062382 -0.795948 1.562818 -0.058393 0.954287 0.263722 -0.127970
10017.699823000 -0.070391 -0.802643 1.539990 -0.057957 0.954334 0.262683 -0.129943
10017.733156000 -0.059029 -0.782701 1.514009 -0.057422 0.955920 0.254497 -0.134726
10017.766489000 -0.034017 -0.774760 1.477753 -0.056121 0.957081 0.246418 -0.141860
10017.799822000 -0.026477 -0.773339 1.446931 -0.053169 0.956888 0.244841 -0.146938
10017.833155000 -0.009402 -0.767093 1.409865 -0.049134 0.956676 0.242235 -0.153880
10017.866488000 0.000652 -0.750391 1.390654 -0.046479 0.956058 0.242203 -0.158524
10017.899821000 0.004144 -0.725874 1.376670 -0.045574 0.954477 0.246146 -0.162202
10017.933154000 0.024407 -0.709959 1.351463 -0.042944 0.950517 0.257149 -0.168961
10017.966487000 0.026665 -0.691376 1.330008 -0.041979 0.947185 0.265687 -0.174610
10017.999820000 0.028723 -0.687767 1.296768 -0.040573 0.941020 0.281464 -0.183339
10018.033153000 0.022910 -0.667380 1.283482 -0.041305 0.936595 0.291323 -0.190300
10018.066486000 0.017551 -0.644793 1.280059 -0.045195 0.932305 0.299309 -0.197938
10018.099819000 0.010445 -0.621499 1.262063 -0.047068 0.926011 0.310948 -0.208805
10018.133152000 -0.002402 -0.610723 1.249480 -0.043795 0.921066 0.320225 -0.217200
10018.166485000 0.001509 -0.601814 1.202569 -0.037169 0.915488 0.328775 -0.228926
10018.199818000 -0.014583 -0.575610 1.188080 -0.033310 0.914219 0.329451 -0.233572
10018.233151000 -0.013705 -0.547056 1.164421 -0.030548 0.911779 0.331444 -0.240564
10018.266484000 -0.026349 -0.526484 1.139042 -0.027327 0.908304 0.337551 -0.245552
10018.299817000 -0.043955 -0.509813 1.106897 -0.022729 0.905196 0.343520 -0.249193
10018.333150000 -0.043853 -0.493200 1.058904 -0.024068 0.898017 0.355157 -0.258554
10018.366483000 -0.077859 -0.479694 1.042434 -0.021569 0.896033 0.358548 -0.260966
10018.399816000 -0.085081 -0.465807 1.009773 -0.019379 0.895083 0.356472 -0.267169
10018.433149000 -0.090298 -0.450721 0.976087 -0.018717 0.895061 0.349665 -0.276133
10018.466482000 -0.095194 -0.435386 0.945967 -0.016613 0.894803 0.343301 -0.284949
10018.499815000 -0.095969 -0.423626 0.913792 -0.017326 0.893767 0.335005 -0.297745
10018.533148000 -0.096852 -0.406826 0.888103 -0.014399 0.889762 0.333047 -0.311764
10018.566481000 -0.100927 -0.390092 0.861101 -0.015335 0.882600 0.338174 -0.326220
10018.599814000 -0.111187 -0.370503 0.840453 -0.015287 0.877317 0.338116 -0.340234
10018.633147000 -0.113431 -0.348456 0.815728 -0.012503 0.872228 0.334877 -0.356258
10018.666480000 -0.109722 -0.319557 0.779250 -0.009391 0.865187 0.330856 -0.376692
10018.699813000 -0.109360 -0.296718 0.743789 -0.009298 0.857988 0.326177 -0.396709
10018.733146000 -0.115669 -0.282454 0.724026 -0.007839 0.852971 0.316290 -0.415138
10018.766479000 -0.112877 -0.267652 0.684766 0.001795 0.844984 0.313715 -0.433106
10018.799812000 -0.111771 -0.251578 0.653109 0.006157 0.838415 0.309899 -0.448313
10018.833145000 -0.105855 -0.237454 0.613059 0.006901 0.830745 0.307655 -0.463857
10018.866478000 -0.119567 -0.232881 0.593909 0.007497 0.825805 0.306419 -0.473389
10018.899811000 -0.123958 -0.222280 0.564560 0.008077 0.818725 0.305451 -0.486131
10018.933144000 -0.129087 -0.213334 0.538265 0.007777 0.813774 0.304316 -0.495079
10018.966477000 -0.133159 -0.204238 0.518009 -0.005205 -0.808517 -0.304014 0.503834
10018.999810000 -0.130466 -0.184268 0.491552 0.000117 -0.798575 -0.306502 0.518010
10019.033143000 -0.147359 -0.175227 0.483917 0.002364 -0.791726 -0.308552 0.527220
10019.066476000 -0.160210 -0.166038 0.468551 0.002048 -0.785284 -0.308456 0.536823
10019.099809000 -0.171991 -0.154697 0.454339 0.000670 -0.779054 -0.307686 0.546263
10019.133142000 -0.185589 -0.142568 0.433137 -0.003875 -0.772957 -0.305440 0.556084
10019.166475000 -0.192538 -0.131935 0.405332 -0.007011 -0.766710 -0.301373 0.566816
10019.199808000 -0.215213 -0.137329 0.396551 -0.012494 -0.763253 -0.294274 0.575058
10019.233141000 -0.230833 -0.128837 0.381419 -0.016441 -0.757616 -0.290843 0.584088
10019.266474000 -0.246366 -0.125921 0.367090 -0.017112 -0.751972 -0.288781 0.592327
10019.299807000 -0.259636 -0.117721 0.354274 -0.013909 -0.743862 -0.288583 0.602657
10019.333140000 -0.268609 -0.103789 0.344608 -0.006339 -0.732608 -0.288618 0.616398
10019.366473000 -0.287241 -0.111666 0.343203 -0.006260 -0.724048 -0.285770 0.627734
10019.399806000 -0.299010 -0.111621 0.338363 -0.008331 -0.714469 -0.282403 0.640088
10019.433139000 -0.308780 -0.113002 0.335202 -0.008549 -0.705029 -0.280648 0.651227
10019.466472000 -0.316470 -0.112272 0.333760 -0.006546 -0.694457 -0.280337 0.662644
10019.499805000 -0.315291 -0.098828 0.318495 -0.006231 -0.682288 -0.272223 0.678483
10019.533138000 -0.321406 -0.101282 0.317159 -0.006347 -0.671491 -0.269271 0.690328
10019.566471000 -0.324186 -0.096887 0.312821 -0.006467 -0.660232 -0.264487 0.702922
10019.599804000 -0.325029 -0.094333 0.305290 -0.007893 -0.650272 -0.260394 0.713638
10019.633137000 -0.324701 -0.090800 0.295975 -0.009697 -0.640447 -0.254561 0.724522
10019.666470000 -0.321701 -0.083143 0.269264 -0.011888 -0.627744 -0.248056 0.737743
10019.699803000 -0.319020 -0.075421 0.256783 -0.013110 -0.617804 -0.242585 0.747862
10019.733136000 -0.314637 -0.068555 0.240730 -0.014407 -0.608030 -0.240094 0.756602
10019.766469000 -0.310739 -0.064761 0.228079 -0.015502 -0.598659 -0.235279 0.765514
10019.799802000 -0.302896 -0.057409 0.213866 -0.018647 -0.590625 -0.230212 0.773186
10019.833135000 -0.292788 -0.043370 0.187818 -0.018336 -0.580536 -0.229735 0.780938
10019.866468000 -0.284907 -0.039206 0.177762 -0.020643 -0.572881 -0.225056 0.787865
10019.899801000 -0.276541 -0.034288 0.170130 -0.021842 -0.564626 -0.222020 0.794624
10019.933134000 -0.266252 -0.031945 0.163911 -0.023075 -0.556684 -0.218515 0.801138
10019.966467000 -0.257336 -0.027081 0.159784 -0.022763 -0.547217 -0.214745 0.808653
10019.999800000 -0.250181 -0.020045 0.151785 -0.021711 -0.533808 -0.213746 0.817857
10020.033133000 -0.242476 -0.020666 0.154073 -0.023240 -0.521587 -0.209681 0.826705
10020.066466000 -0.234687 -0.022360 0.157098 -0.024281 -0.507982 -0.204412 0.836409
10020.099799000 -0.226284 -0.020821 0.162555 -0.023595 -0.493223 -0.199598 0.846365
10020.133132000 -0.216707 -0.028233 0.171161 -0.023939 -0.478009 -0.193727 0.856390
10020.166465000 -0.222806 -0.019475 0.161971 -0.019806 -0.457460 -0.180688 0.870454
10020.199798000 -0.207458 -0.021702 0.177511 -0.018653 -0.444907 -0.170893 0.878923
10020.233131000 -0.202688 -0.024224 0.185074 -0.018785 -0.427625 -0.163219 0.888900
10020.266464000 -0.195556 -0.025373 0.194790 -0.017792 -0.411536 -0.155773 0.897806
10020.299797000 -0.189497 -0.026471 0.203642 -0.019235 -0.395443 -0.148305 0.906234
10020.333130000 -0.193793 -0.012233 0.196330 -0.018463 -0.375130 -0.138977 0.916309
10020.366463000 -0.189451 -0.014792 0.208494 -0.023681 -0.360172 -0.135931 0.922626
10020.399796000 -0.185190 -0.014229 0.219124 -0.023117 -0.345388 -0.131152 0.928963
10020.433129000 -0.182828 -0.012175 0.228100 -0.023310 -0.333775 -0.126676 0.933812
10020.466462000 -0.179689 -0.014861 0.241203 -0.024682 -0.324365 -0.126891 0.937058
10020.499795000 -0.181228 -0.012437 0.247495 -0.023135 -0.313305 -0.124141 0.941219
10020.533128000 -0.180144 -0.012829 0.257407 -0.023402 -0.305632 -0.118859 0.944412
10020.566461000 -0.176541 -0.015579 0.269982 -0.024180 -0.301713 -0.113853 0.946268
10020.599794000 -0.173434 -0.015232 0.280753 -0.023137 -0.298363 -0.110321 0.947773
10020.633127000 -0.173556 -0.018251 0.292065 -0.025222 -0.293562 -0.109513 0.949311
10020.666460000 -0.173667 -0.020985 0.303032 -0.025515 -0.289371 -0.108616 0.950692
10020.699793000 -0.168705 -0.020621 0.318322 -0.025007 -0.286390 -0.105253 0.951986
10020.733126000 -0.166000 -0.023181 0.330987 -0.027266 -0.282842 -0.102619 0.953271
10020.766459000 -0.162176 -0.025523 0.345646 -0.029204 -0.279417 -0.098799 0.954627
10020.799792000 -0.158560 -0.030001 0.361056 -0.030944 -0.274900 -0.094270 0.956340
10020.833125000 -0.154247 -0.037367 0.376835 -0.025490 -0.266958 -0.089719 0.959184
10020.866458000 -0.150711 -0.036868 0.387886 -0.022647 -0.258676 -0.085371 0.961918
10020.899791000 -0.144990 -0.037022 0.402609 -0.023738 -0.249459 -0.084730 0.964379
10020.933124000 -0.141099 -0.034715 0.414607 -0.022584 -0.238755 -0.084192 0.967160
10020.966457000 -0.136287 -0.031012 0.424364 -0.024429 -0.232213 -0.081204 0.968961
10020.999790000 -0.135991 -0.026953 0.428854 -0.026894 -0.224842 -0.079307 0.970790
10021.033123000 -0.133428 -0.021162 0.434114 -0.028084 -0.216432 -0.078148 0.972760
10021.066456000 -0.132302 -0.016356 0.435932 -0.027192 -0.206156 -0.078008 0.975026
10021.099789000 -0.131003 -0.012889 0.437185 -0.029186 -0.197284 -0.076852 0.976894
10021.133122000 -0.130898 -0.006483 0.432977 -0.030873 -0.187681 -0.073654 0.978978
10021.166455000 -0.134233 -0.008938 0.428143 -0.032196 -0.176889 -0.072403 0.981036
10021.199788000 -0.132615 -0.001971 0.419734 -0.027409 -0.165355 -0.066907 0.983580
10021.233121000 -0.135989 0.004054 0.409732 -0.024461 -0.155413 -0.061658 0.985620
10021.266454000 -0.139507 0.013762 0.397921 -0.022512 -0.145578 -0.058697 0.987347
10021.299787000 -0.147385 0.029223 0.377030 -0.020678 -0.128053 -0.049972 0.990292
10021.333120000 -0.158625 0.038663 0.357996 -0.018099 -0.113015 -0.042660 0.992512
10021.366453000 -0.164184 0.047119 0.337494 -0.016044 -0.098104 -0.033290 0.994490
10021.399786000 -0.167277 0.058840 0.317265 -0.014131 -0.086167 -0.021994 0.995938
10021.433119000 -0.169540 0.071143 0.296170 -0.012852 -0.076955 -0.010986 0.996891
10021.466452000 -0.170051 0.078813 0.276028 -0.012803 -0.070492 -0.001378 0.997429
10021.499785000 -0.182625 0.088081 0.247510 -0.010682 -0.061349 0.001625 0.998058
10021.533118000 -0.174126 0.089364 0.227800 -0.008460 -0.057954 0.001903 0.998282
10021.566451000 -0.169414 0.098011 0.208511 -0.004341 -0.048937 0.001417 0.998791
10021.599784000 -0.161191 0.107618 0.195717 -0.002996 -0.038522 0.001726 0.999252
