0.000000000000000000e+00 0.000000000000000000e+00 0.000000000000000000e+00 1.000000000000000000e+00 1.355672615059302144e+00 -2.929181914674563458e-01 6.654920734179838870e-01
0.000000000000000000e+00 0.000000000000000000e+00 0.000000000000000000e+00 1.000000000000000000e+00 1.173136288230651747e-01 -3.527305597039991358e-01 9.740855679740245687e-01
0.000000000000000000e+00 0.000000000000000000e+00 0.000000000000000000e+00 1.000000000000000000e+00 -3.206607483480552467e-01 -3.969221693797767569e-01 1.757320125357005436e+00
0.000000000000000000e+00 0.000000000000000000e+00 0.000000000000000000e+00 1.000000000000000000e+00 -5.669154520043985235e-01 -3.619773474049436945e-01 1.533472613234651005e+00
0.000000000000000000e+00 0.000000000000000000e+00 0.000000000000000000e+00 1.000000000000000000e+00 -7.374522751357387440e-01 -3.111517275791436665e-01 1.378412403968941602e+00
0.000000000000000000e+00 0.000000000000000000e+00 0.000000000000000000e+00 1.000000000000000000e+00 -8.812979347976908073e-01 -3.253550196152186214e-01 1.247422915205914196e+00
0.000000000000000000e+00 0.000000000000000000e+00 0.000000000000000000e+00 1.000000000000000000e+00 7.687529348090682557e-01 -3.171638591676183561e-01 7.468536829219589723e-01
0.000000000000000000e+00 0.000000000000000000e+00 0.000000000000000000e+00 1.000000000000000000e+00 -1.967746806930150694e-01 -4.199478659076714138e-01 1.324741378406773640e+00
0.000000000000000000e+00 0.000000000000000000e+00 0.000000000000000000e+00 1.000000000000000000e+00 1.161420786054917498e+00 -3.221543434737447198e-01 2.788850777640012879e-01
0.000000000000000000e+00 0.000000000000000000e+00 0.000000000000000000e+00 1.000000000000000000e+00 -6.050273043592291344e-03 -6.175753174365731235e-01 9.100601266464287686e-01
0.000000000000000000e+00 0.000000000000000000e+00 0.000000000000000000e+00 1.000000000000000000e+00 5.906701322767478057e-01 -4.948347548730647194e-01 8.696011432569943356e-01
0.000000000000000000e+00 0.000000000000000000e+00 0.000000000000000000e+00 1.000000000000000000e+00 4.531322505041666115e-01 -4.487200636354237160e-01 1.016891807853009810e+00
0.000000000000000000e+00 0.000000000000000000e+00 0.000000000000000000e+00 1.000000000000000000e+00 4.208628229185749081e-01 -4.642228301430392223e-01 -7.117456905109098564e-02
0.000000000000000000e+00 0.000000000000000000e+00 0.000000000000000000e+00 1.000000000000000000e+00 -4.904888097170096994e-01 -4.757302322261617311e-01 1.603011143522622417e+00
0.000000000000000000e+00 0.000000000000000000e+00 0.000000000000000000e+00 1.000000000000000000e+00 7.681437936714461401e-01 -4.569135155246699664e-01 6.791912547785627918e-01
0.000000000000000000e+00 0.000000000000000000e+00 0.000000000000000000e+00 1.000000000000000000e+00 5.962236412118169238e-01 -4.663052233612301478e-01 8.634940078052870671e-01
0.000000000000000000e+00 0.000000000000000000e+00 0.000000000000000000e+00 1.000000000000000000e+00 6.651423078663398769e-03 -4.328236100428803912e-01 1.066286108893402362e+00
0.000000000000000000e+00 0.000000000000000000e+00 0.000000000000000000e+00 1.000000000000000000e+00 9.118399365161822256e-01 -4.634893104342336922e-01 5.253134513260901972e-01
0.000000000000000000e+00 0.000000000000000000e+00 0.000000000000000000e+00 1.000000000000000000e+00 -7.209477882897699086e-01 -4.990504630660831387e-01 8.766882505300686024e-01
0.000000000000000000e+00 0.000000000000000000e+00 0.000000000000000000e+00 1.000000000000000000e+00 1.142100490642172117e+00 -5.166117187186566317e-01 2.821107597695198255e-01
0.000000000000000000e+00 0.000000000000000000e+00 0.000000000000000000e+00 1.000000000000000000e+00 1.286772590404467342e+00 -4.684761155624541651e-01 1.269584628081326105e-01
0.000000000000000000e+00 0.000000000000000000e+00 0.000000000000000000e+00 1.000000000000000000e+00 1.061750388161024627e-01 -4.635265844139397906e-01 3.653857225248291485e-02
0.000000000000000000e+00 0.000000000000000000e+00 0.000000000000000000e+00 1.000000000000000000e+00 -8.702296628574969217e-01 -4.991301761769502132e-01 8.755963577506686857e-01
0.000000000000000000e+00 0.000000000000000000e+00 0.000000000000000000e+00 1.000000000000000000e+00 -3.835983023362381505e-01 -4.991143394469025329e-01 8.572947519713343123e-01
0.000000000000000000e+00 0.000000000000000000e+00 0.000000000000000000e+00 1.000000000000000000e+00 -5.147984777018613789e-01 -4.990779231756690137e-01 1.032543437705120359e+00
0.000000000000000000e+00 0.000000000000000000e+00 0.000000000000000000e+00 1.000000000000000000e+00 -6.954728012750617250e-01 -4.991269280072959669e-01 8.962059050358577306e-01
0.000000000000000000e+00 0.000000000000000000e+00 0.000000000000000000e+00 1.000000000000000000e+00 -2.271654291636211465e-01 -4.990355350509954047e-01 7.259730633381569209e-01
0.000000000000000000e+00 0.000000000000000000e+00 0.000000000000000000e+00 1.000000000000000000e+00 1.335222072639864033e+00 -6.093779519878431694e-01 7.169078661153349685e-02
0.000000000000000000e+00 0.000000000000000000e+00 0.000000000000000000e+00 1.000000000000000000e+00 -6.686706139715770103e-01 -4.991599446096355308e-01 5.769009509925007162e-01
0.000000000000000000e+00 0.000000000000000000e+00 0.000000000000000000e+00 1.000000000000000000e+00 -4.811909095649982149e-01 -5.003471572217914609e-01 4.463925724040873622e-01
0.000000000000000000e+00 0.000000000000000000e+00 0.000000000000000000e+00 1.000000000000000000e+00 -2.875872688051585024e-01 -4.635465033903466425e-01 -1.730912684890189013e-01
0.000000000000000000e+00 0.000000000000000000e+00 0.000000000000000000e+00 1.000000000000000000e+00 5.873662464279894024e-02 -4.635544840828040858e-01 6.094876203006327486e-02
0.000000000000000000e+00 0.000000000000000000e+00 0.000000000000000000e+00 1.000000000000000000e+00 -1.574644892293497467e-01 -8.394925860310038512e-01 -2.912972429262923324e-01
0.000000000000000000e+00 0.000000000000000000e+00 0.000000000000000000e+00 1.000000000000000000e+00 -3.720466982394565747e-02 -4.636899345441486409e-01 -1.843839667140323435e-01
0.000000000000000000e+00 0.000000000000000000e+00 0.000000000000000000e+00 1.000000000000000000e+00 1.818270284877865350e-01 -4.643079526551585623e-01 -9.512407124844224349e-02
0.000000000000000000e+00 0.000000000000000000e+00 0.000000000000000000e+00 1.000000000000000000e+00 2.614159958136028639e-01 -4.635784032405867450e-01 -2.167350240306193943e-01
0.000000000000000000e+00 0.000000000000000000e+00 0.000000000000000000e+00 1.000000000000000000e+00 -1.430117510841988349e-02 -8.621507305913336250e-01 1.093635828889822248e+00
0.000000000000000000e+00 0.000000000000000000e+00 0.000000000000000000e+00 1.000000000000000000e+00 1.843390577068355629e-01 -4.635954580450984963e-01 -3.836687673081418115e-01
0.000000000000000000e+00 0.000000000000000000e+00 0.000000000000000000e+00 1.000000000000000000e+00 -1.176680231913418417e-01 -4.635509809510475199e-01 -6.324034322445637457e-02
0.000000000000000000e+00 0.000000000000000000e+00 0.000000000000000000e+00 1.000000000000000000e+00 1.200671435749000926e+00 -8.334173024856725842e-01 2.162282900702257038e-01
0.000000000000000000e+00 0.000000000000000000e+00 0.000000000000000000e+00 1.000000000000000000e+00 1.387024404693270041e+00 -7.521461865084131393e-01 1.640960270301516921e-02
0.000000000000000000e+00 0.000000000000000000e+00 0.000000000000000000e+00 1.000000000000000000e+00 1.326005740016862111e+00 -8.544440343727839338e-01 8.203462181631371308e-02
0.000000000000000000e+00 0.000000000000000000e+00 0.000000000000000000e+00 1.000000000000000000e+00 2.964509168132289929e-03 -4.635946294292052627e-01 -3.585567306412393851e-01
0.000000000000000000e+00 0.000000000000000000e+00 0.000000000000000000e+00 1.000000000000000000e+00 -1.667142510179940862e-01 -4.635003896014320279e-01 -4.248989830925915534e-01
0.000000000000000000e+00 0.000000000000000000e+00 0.000000000000000000e+00 1.000000000000000000e+00 -5.975922003157112528e-01 -8.784514824574882752e-01 3.378711006714893994e-01
0.000000000000000000e+00 0.000000000000000000e+00 0.000000000000000000e+00 1.000000000000000000e+00 -1.332164949067874415e-01 -9.984959936377577616e-01 1.245140471740165067e+00
0.000000000000000000e+00 0.000000000000000000e+00 0.000000000000000000e+00 1.000000000000000000e+00 -9.765361396486083034e-01 -7.982669734673257800e-01 1.161218164596121261e+00
0.000000000000000000e+00 0.000000000000000000e+00 0.000000000000000000e+00 1.000000000000000000e+00 -7.882996025044852750e-01 -9.150411619202256652e-01 1.332428938651457395e+00
0.000000000000000000e+00 0.000000000000000000e+00 0.000000000000000000e+00 1.000000000000000000e+00 1.355024183425564965e+00 -1.011077427639802684e+00 5.405015485622999272e-02
0.000000000000000000e+00 0.000000000000000000e+00 0.000000000000000000e+00 1.000000000000000000e+00 1.232685282995730214e+00 -9.998396591503391218e-01 1.822468955469112029e-01
0.000000000000000000e+00 0.000000000000000000e+00 0.000000000000000000e+00 1.000000000000000000e+00 -6.081557776737549492e-01 -1.077362709591805023e+00 1.496470850805437403e+00
0.000000000000000000e+00 0.000000000000000000e+00 0.000000000000000000e+00 1.000000000000000000e+00 -2.207204027459558349e-01 -4.641779009675507384e-01 -3.280729535291584398e-01
0.000000000000000000e+00 0.000000000000000000e+00 0.000000000000000000e+00 1.000000000000000000e+00 -2.027380160627323402e-02 -4.635611306332378945e-01 -5.230177155091497720e-01
0.000000000000000000e+00 0.000000000000000000e+00 0.000000000000000000e+00 1.000000000000000000e+00 -8.116996289366518180e-02 -1.135703312344873872e+00 1.179096565302760302e+00
0.000000000000000000e+00 0.000000000000000000e+00 0.000000000000000000e+00 1.000000000000000000e+00 1.388176527363399915e+00 -1.009347184322260338e+00 1.940477379659344415e-02
0.000000000000000000e+00 0.000000000000000000e+00 0.000000000000000000e+00 1.000000000000000000e+00 -9.218697044431511944e-01 -1.211169019091343335e+00 1.211490093848552219e+00
0.000000000000000000e+00 0.000000000000000000e+00 0.000000000000000000e+00 1.000000000000000000e+00 -7.686859786950347440e-01 -1.141758338554494490e+00 1.350608461529014148e+00
0.000000000000000000e+00 0.000000000000000000e+00 0.000000000000000000e+00 1.000000000000000000e+00 -5.379668908627694979e-01 -1.270217444959568676e+00 1.201816931199269911e+00
0.000000000000000000e+00 0.000000000000000000e+00 0.000000000000000000e+00 1.000000000000000000e+00 -9.743083488817774196e-01 -1.143402416297875979e+00 1.163434035514066656e+00
0.000000000000000000e+00 0.000000000000000000e+00 0.000000000000000000e+00 1.000000000000000000e+00 1.378693166184806307e+00 -1.218180949732024398e+00 1.074373739044445220e-01
0.000000000000000000e+00 0.000000000000000000e+00 0.000000000000000000e+00 1.000000000000000000e+00 1.599324828669279608e-01 -1.270517222519798484e+00 7.469811226855334052e-01
0.000000000000000000e+00 0.000000000000000000e+00 0.000000000000000000e+00 1.000000000000000000e+00 -1.951601167563419281e-01 -1.270177247424835176e+00 9.354558114502486976e-01
0.000000000000000000e+00 0.000000000000000000e+00 0.000000000000000000e+00 1.000000000000000000e+00 -1.572329778522039145e-01 -8.395074571099654381e-01 -1.010181362621107581e-01
0.000000000000000000e+00 0.000000000000000000e+00 0.000000000000000000e+00 1.000000000000000000e+00 -2.648472413559777028e-02 -8.394873614504340109e-01 -1.105356759098568009e-01
0.000000000000000000e+00 0.000000000000000000e+00 0.000000000000000000e+00 1.000000000000000000e+00 1.047112739180739771e+00 -1.270297793415980481e+00 1.037967431885531422e-01
0.000000000000000000e+00 0.000000000000000000e+00 0.000000000000000000e+00 1.000000000000000000e+00 -2.068579553310526675e-01 -1.270272842848203521e+00 5.906539492674240943e-01
0.000000000000000000e+00 0.000000000000000000e+00 0.000000000000000000e+00 1.000000000000000000e+00 -4.717791694451944906e-02 -8.393501142239419011e-01 -2.659988335897678358e-01
0.000000000000000000e+00 0.000000000000000000e+00 0.000000000000000000e+00 1.000000000000000000e+00 9.700026630520097726e-02 -8.395110672720070832e-01 -2.588344113254006373e-01
0.000000000000000000e+00 0.000000000000000000e+00 0.000000000000000000e+00 1.000000000000000000e+00 -4.144938883830736609e-01 -9.669643663378431064e-01 -2.206761540164892121e-01
0.000000000000000000e+00 0.000000000000000000e+00 0.000000000000000000e+00 1.000000000000000000e+00 1.279366583009384994e+00 -1.270407377079373568e+00 -2.057188921895611866e-01
0.000000000000000000e+00 0.000000000000000000e+00 0.000000000000000000e+00 1.000000000000000000e+00 1.141556328005529641e+00 -1.270379251761023731e+00 -9.233804987169391687e-02
0.000000000000000000e+00 0.000000000000000000e+00 0.000000000000000000e+00 1.000000000000000000e+00 3.565734788758212481e-02 -8.393666536748745077e-01 -4.262782685878880873e-01
0.000000000000000000e+00 0.000000000000000000e+00 0.000000000000000000e+00 1.000000000000000000e+00 -3.820487449316543049e-01 -1.270275591387993508e+00 6.276530920342608955e-01
0.000000000000000000e+00 0.000000000000000000e+00 0.000000000000000000e+00 1.000000000000000000e+00 -8.289156429690716088e-01 -1.057005947681557423e+00 4.878785726992125316e-01
0.000000000000000000e+00 0.000000000000000000e+00 0.000000000000000000e+00 1.000000000000000000e+00 -1.017663234418390461e+00 -4.947691979975874510e-01 -6.238621562780950480e-01
0.000000000000000000e+00 0.000000000000000000e+00 0.000000000000000000e+00 1.000000000000000000e+00 -2.239942264357148716e-01 -8.393684743798469627e-01 -3.287181212887442250e-01
0.000000000000000000e+00 0.000000000000000000e+00 0.000000000000000000e+00 1.000000000000000000e+00 -2.959089322967881630e-01 -8.394368536484599908e-01 -2.170565724687405496e-01
0.000000000000000000e+00 0.000000000000000000e+00 0.000000000000000000e+00 1.000000000000000000e+00 7.631660443966412632e-01 -1.270398136031157810e+00 -1.136515226693788350e-01
0.000000000000000000e+00 0.000000000000000000e+00 0.000000000000000000e+00 1.000000000000000000e+00 9.354884200151396545e-01 -1.270288849292278366e+00 -2.325450844930603278e-01
0.000000000000000000e+00 0.000000000000000000e+00 0.000000000000000000e+00 1.000000000000000000e+00 -8.202457082755254536e-02 -8.393173937611180246e-01 -4.570113219635689727e-01
0.000000000000000000e+00 0.000000000000000000e+00 0.000000000000000000e+00 1.000000000000000000e+00 -1.076009158993970649e+00 -4.946094384549548639e-01 -6.887904221120518811e-01
0.000000000000000000e+00 0.000000000000000000e+00 0.000000000000000000e+00 1.000000000000000000e+00 -8.880060428734335431e-01 -4.944098004712499383e-01 -8.629520783178249443e-01
0.000000000000000000e+00 0.000000000000000000e+00 0.000000000000000000e+00 1.000000000000000000e+00 9.536954346378547775e-01 -1.270322389390913242e+00 -4.670154059526998580e-01
0.000000000000000000e+00 0.000000000000000000e+00 0.000000000000000000e+00 1.000000000000000000e+00 3.226643552320151986e-01 -1.270257370081939063e+00 -3.596238044237334286e-01
0.000000000000000000e+00 0.000000000000000000e+00 0.000000000000000000e+00 1.000000000000000000e+00 -3.473051884968242353e-01 -1.270363771459946056e+00 2.578831218202002340e-01
0.000000000000000000e+00 0.000000000000000000e+00 0.000000000000000000e+00 1.000000000000000000e+00 -4.905888916258205334e-01 -1.270405991897720188e+00 2.983095465202285634e-01
0.000000000000000000e+00 0.000000000000000000e+00 0.000000000000000000e+00 1.000000000000000000e+00 -9.175358273938245546e-01 -4.946535059952490432e-01 -7.242647147980266764e-01
0.000000000000000000e+00 0.000000000000000000e+00 0.000000000000000000e+00 1.000000000000000000e+00 6.147174342456807050e-01 -1.270243650916561995e+00 -3.709615194284880957e-01
0.000000000000000000e+00 0.000000000000000000e+00 0.000000000000000000e+00 1.000000000000000000e+00 7.551326146128836125e-01 -1.270291888574828665e+00 -4.468243700223466508e-01
0.000000000000000000e+00 0.000000000000000000e+00 0.000000000000000000e+00 1.000000000000000000e+00 -9.770044992574866694e-01 -4.945409119066045411e-01 -7.552359341910452883e-01
0.000000000000000000e+00 0.000000000000000000e+00 0.000000000000000000e+00 1.000000000000000000e+00 -1.776852747354460416e-01 -1.132073796411064315e+00 -1.363462593313837790e-01
0.000000000000000000e+00 0.000000000000000000e+00 0.000000000000000000e+00 1.000000000000000000e+00 -2.214754847636116741e-01 -1.132020020105017455e+00 -2.561045798890546621e-01
0.000000000000000000e+00 0.000000000000000000e+00 0.000000000000000000e+00 1.000000000000000000e+00 -4.831155745885540309e-02 -1.132012448770403967e+00 -3.329054918799778662e-01
0.000000000000000000e+00 0.000000000000000000e+00 0.000000000000000000e+00 1.000000000000000000e+00 -4.678288305974785954e-01 -1.270281731791312430e+00 1.136665327933221725e-01
0.000000000000000000e+00 0.000000000000000000e+00 0.000000000000000000e+00 1.000000000000000000e+00 2.913506266400278655e-02 -1.131895261025926080e+00 -3.977978561779356159e-01
0.000000000000000000e+00 0.000000000000000000e+00 0.000000000000000000e+00 1.000000000000000000e+00 -1.088983785821942663e+00 -4.945404737673488871e-01 -7.139397421501002539e-01
0.000000000000000000e+00 0.000000000000000000e+00 0.000000000000000000e+00 1.000000000000000000e+00 6.846153029430281922e-01 -1.270246937509743601e+00 -6.657504037810253461e-01
0.000000000000000000e+00 0.000000000000000000e+00 0.000000000000000000e+00 1.000000000000000000e+00 -1.042829737730497808e+00 -4.944650615092495149e-01 -7.533700921417556540e-01
0.000000000000000000e+00 0.000000000000000000e+00 0.000000000000000000e+00 1.000000000000000000e+00 2.750094534935145774e-01 -1.270225578618789042e+00 -4.607293575976736388e-01
0.000000000000000000e+00 0.000000000000000000e+00 0.000000000000000000e+00 1.000000000000000000e+00 -4.820476994907120227e-01 -1.270256532697667584e+00 -4.365199523274432281e-02
0.000000000000000000e+00 0.000000000000000000e+00 0.000000000000000000e+00 1.000000000000000000e+00 3.960292616496638995e-01 -1.270259191131957399e+00 -5.436496136843227411e-01
0.000000000000000000e+00 0.000000000000000000e+00 0.000000000000000000e+00 1.000000000000000000e+00 -9.812940647028745023e-01 -4.945628000359767462e-01 -7.627572230097310335e-01
0.000000000000000000e+00 0.000000000000000000e+00 0.000000000000000000e+00 1.000000000000000000e+00 5.238520400654327336e-01 -1.270124919098827077e+00 -6.189756282885673366e-01
0.000000000000000000e+00 0.000000000000000000e+00 0.000000000000000000e+00 1.000000000000000000e+00 -1.132114580443994711e-01 -1.131921100253020729e+00 -4.487707749322524808e-01
0.000000000000000000e+00 0.000000000000000000e+00 0.000000000000000000e+00 1.000000000000000000e+00 -5.743019941440545839e-01 -1.270195657366149034e+00 -1.195563283069558391e-01
0.000000000000000000e+00 0.000000000000000000e+00 0.000000000000000000e+00 1.000000000000000000e+00 -8.747598357860468798e-01 -4.944306398556925775e-01 -8.768432328161039901e-01
0.000000000000000000e+00 0.000000000000000000e+00 0.000000000000000000e+00 1.000000000000000000e+00 -3.484389424706160199e-01 -1.270123798895529621e+00 -2.786663538274722907e-01
0.000000000000000000e+00 0.000000000000000000e+00 0.000000000000000000e+00 1.000000000000000000e+00 -9.274582225365441968e-01 -4.943131929149804371e-01 -8.867734367171998811e-01
0.000000000000000000e+00 0.000000000000000000e+00 0.000000000000000000e+00 1.000000000000000000e+00 -9.875013611754734910e-01 -4.941240309671162123e-01 -9.180787254956740417e-01
0.000000000000000000e+00 0.000000000000000000e+00 0.000000000000000000e+00 1.000000000000000000e+00 -2.131437265246243218e-01 -1.270036752083971709e+00 -4.168704634072513127e-01
0.000000000000000000e+00 0.000000000000000000e+00 0.000000000000000000e+00 1.000000000000000000e+00 -9.895280358133583531e-01 -4.943355920748225829e-01 -8.508224474722949626e-01
0.000000000000000000e+00 0.000000000000000000e+00 0.000000000000000000e+00 1.000000000000000000e+00 4.925511078027990930e-01 -1.270178245542384454e+00 -8.112274938691050874e-01
0.000000000000000000e+00 0.000000000000000000e+00 0.000000000000000000e+00 1.000000000000000000e+00 -3.746632279245197816e-01 -1.270001587982459768e+00 -3.667825316904436139e-01
0.000000000000000000e+00 0.000000000000000000e+00 0.000000000000000000e+00 1.000000000000000000e+00 1.231262184535182325e-01 -1.270062445144568342e+00 -6.194337163558137904e-01
0.000000000000000000e+00 0.000000000000000000e+00 0.000000000000000000e+00 1.000000000000000000e+00 3.655486791819215764e-01 -1.270095470788133118e+00 -7.611559710313673399e-01
0.000000000000000000e+00 0.000000000000000000e+00 0.000000000000000000e+00 1.000000000000000000e+00 2.486331435575255266e-01 -1.270078970870414770e+00 -6.926422947582502321e-01
0.000000000000000000e+00 0.000000000000000000e+00 0.000000000000000000e+00 1.000000000000000000e+00 -1.295904428116447793e-01 -1.270086639169815124e+00 -5.418260963353858095e-01
0.000000000000000000e+00 0.000000000000000000e+00 0.000000000000000000e+00 1.000000000000000000e+00 -5.398901018897668269e-01 -1.270058105215321698e+00 -3.087660324660703726e-01
0.000000000000000000e+00 0.000000000000000000e+00 0.000000000000000000e+00 1.000000000000000000e+00 -1.051384996977344777e+00 -4.941406450109766535e-01 -8.627460073828991938e-01
0.000000000000000000e+00 0.000000000000000000e+00 0.000000000000000000e+00 1.000000000000000000e+00 -1.101936754802915086e+00 -4.941407088461349240e-01 -8.536614545182982239e-01
0.000000000000000000e+00 0.000000000000000000e+00 0.000000000000000000e+00 1.000000000000000000e+00 -6.000225426433780651e-01 -1.269960873199907914e+00 -4.006277487424279027e-01
0.000000000000000000e+00 0.000000000000000000e+00 0.000000000000000000e+00 1.000000000000000000e+00 -3.425047415474588020e-01 -1.269977755849937440e+00 -5.167618499114938757e-01
0.000000000000000000e+00 0.000000000000000000e+00 0.000000000000000000e+00 1.000000000000000000e+00 -4.866731886040550625e-01 -1.269939776400492493e+00 -4.544875778274630740e-01
0.000000000000000000e+00 0.000000000000000000e+00 0.000000000000000000e+00 1.000000000000000000e+00 -2.146667141378520993e-01 -1.269933370859634314e+00 -6.397191864067719447e-01
0.000000000000000000e+00 0.000000000000000000e+00 0.000000000000000000e+00 1.000000000000000000e+00 7.883270917662899002e-02 -1.269865199652602250e+00 -7.883993878324542237e-01
0.000000000000000000e+00 0.000000000000000000e+00 0.000000000000000000e+00 1.000000000000000000e+00 -6.462637960629669109e-02 -1.269855858813068616e+00 -7.179277735535163352e-01
0.000000000000000000e+00 0.000000000000000000e+00 0.000000000000000000e+00 1.000000000000000000e+00 2.075360336101159664e-01 -1.269890808244363400e+00 -8.588116333211852638e-01
0.000000000000000000e+00 0.000000000000000000e+00 0.000000000000000000e+00 1.000000000000000000e+00 3.262868058522030434e-01 -1.269986779970833313e+00 -9.237107605163593638e-01
0.000000000000000000e+00 0.000000000000000000e+00 0.000000000000000000e+00 1.000000000000000000e+00 -3.328444011335308650e-01 -1.269824482545122146e+00 -5.987387083064880100e-01
0.000000000000000000e+00 0.000000000000000000e+00 0.000000000000000000e+00 1.000000000000000000e+00 -4.590520869119277814e-01 -1.269842545517931631e+00 -5.257151396769399465e-01
0.000000000000000000e+00 0.000000000000000000e+00 0.000000000000000000e+00 1.000000000000000000e+00 -1.065424768046044246e+00 -4.940140206388939914e-01 -9.088732591665500404e-01
0.000000000000000000e+00 0.000000000000000000e+00 0.000000000000000000e+00 1.000000000000000000e+00 -8.854951126977494980e-01 -5.245232957608105817e-01 -9.758477387876834941e-01
0.000000000000000000e+00 0.000000000000000000e+00 0.000000000000000000e+00 1.000000000000000000e+00 1.935725649246234248e+00 -5.305231762559312059e-02 5.517462118838156737e-01
0.000000000000000000e+00 0.000000000000000000e+00 0.000000000000000000e+00 1.000000000000000000e+00 1.752212093837830942e+00 -1.040534576004844280e-01 7.338598499153439203e-01
0.000000000000000000e+00 0.000000000000000000e+00 0.000000000000000000e+00 1.000000000000000000e+00 2.167219337740086349e+00 -1.149720080284858115e-01 1.401955538673387514e+00
0.000000000000000000e+00 0.000000000000000000e+00 0.000000000000000000e+00 1.000000000000000000e+00 1.928106939657092678e+00 -1.279627495199743004e-01 1.621591992422340534e+00
0.000000000000000000e+00 0.000000000000000000e+00 0.000000000000000000e+00 1.000000000000000000e+00 1.660104301081681388e+00 -1.425256299147828754e-01 1.867799844946563370e+00
0.000000000000000000e+00 0.000000000000000000e+00 0.000000000000000000e+00 1.000000000000000000e+00 1.359946495969471147e+00 -1.523191252057659317e-01 2.143666566071382285e+00
0.000000000000000000e+00 0.000000000000000000e+00 0.000000000000000000e+00 1.000000000000000000e+00 1.214489150196589762e+00 -2.198467244591143233e-01 2.277409510599086140e+00
0.000000000000000000e+00 0.000000000000000000e+00 0.000000000000000000e+00 1.000000000000000000e+00 1.008355584388102688e+00 -1.712673055775536246e-01 2.466813579924715505e+00
0.000000000000000000e+00 0.000000000000000000e+00 0.000000000000000000e+00 1.000000000000000000e+00 8.417644155594695698e-01 -2.346843148535816270e-01 2.619842102787178995e+00
0.000000000000000000e+00 0.000000000000000000e+00 0.000000000000000000e+00 1.000000000000000000e+00 4.241016586960387746e-01 -2.748407026488921545e-01 1.666186084459778227e+00
0.000000000000000000e+00 0.000000000000000000e+00 0.000000000000000000e+00 1.000000000000000000e+00 3.149458137428268190e-01 -1.582306462882875076e-01 2.334866577347546546e+00
0.000000000000000000e+00 0.000000000000000000e+00 0.000000000000000000e+00 1.000000000000000000e+00 -1.205098423687963605e-01 -1.276501582491963160e-01 1.939096308415377168e+00
0.000000000000000000e+00 0.000000000000000000e+00 0.000000000000000000e+00 1.000000000000000000e+00 -3.083232618389787349e-01 -2.044372741449653474e-01 1.768178093344717317e+00
0.000000000000000000e+00 0.000000000000000000e+00 0.000000000000000000e+00 1.000000000000000000e+00 -5.128536830964084414e-01 -9.468802362275161033e-02 1.582655805060800835e+00
0.000000000000000000e+00 0.000000000000000000e+00 0.000000000000000000e+00 1.000000000000000000e+00 -8.106157465409954410e-01 -8.115615784028626378e-02 1.311618033295036900e+00
0.000000000000000000e+00 0.000000000000000000e+00 0.000000000000000000e+00 1.000000000000000000e+00 1.549529777757635340e+00 -2.264837611302020492e-01 1.969735059881519090e+00
0.000000000000000000e+00 0.000000000000000000e+00 0.000000000000000000e+00 1.000000000000000000e+00 -6.216597556567916572e-01 -1.663967842109546902e-01 1.483509205413011456e+00
0.000000000000000000e+00 0.000000000000000000e+00 0.000000000000000000e+00 1.000000000000000000e+00 1.841009386489454336e+00 -2.346365911074855537e-01 1.701723957431638956e+00
0.000000000000000000e+00 0.000000000000000000e+00 0.000000000000000000e+00 1.000000000000000000e+00 1.835875701413611338e+00 -2.868238823347221134e-01 1.706667903445671319e+00
0.000000000000000000e+00 0.000000000000000000e+00 0.000000000000000000e+00 1.000000000000000000e+00 1.876904367631546222e+00 -2.064422399497523875e-01 6.104212110972715433e-01
0.000000000000000000e+00 0.000000000000000000e+00 0.000000000000000000e+00 1.000000000000000000e+00 -8.025506347030862964e-01 -2.368383824943841309e-01 1.319264808174498205e+00
0.000000000000000000e+00 0.000000000000000000e+00 0.000000000000000000e+00 1.000000000000000000e+00 -1.700400354288246207e-01 -4.113256279282072603e-01 1.290673984828492271e+00
0.000000000000000000e+00 0.000000000000000000e+00 0.000000000000000000e+00 1.000000000000000000e+00 -8.960293751811755358e-01 -2.800920215428994720e-01 1.234192459959695620e+00
0.000000000000000000e+00 0.000000000000000000e+00 0.000000000000000000e+00 1.000000000000000000e+00 1.141215749262329382e+00 -2.674384798415631037e-01 9.018190140262378751e-01
0.000000000000000000e+00 0.000000000000000000e+00 0.000000000000000000e+00 1.000000000000000000e+00 1.196511084179020523e-01 -3.243003629129285192e-01 1.391666375170846015e+00
0.000000000000000000e+00 0.000000000000000000e+00 0.000000000000000000e+00 1.000000000000000000e+00 -5.151985286486154836e-01 -3.464545095685674925e-01 1.580317630457940714e+00
0.000000000000000000e+00 0.000000000000000000e+00 0.000000000000000000e+00 1.000000000000000000e+00 -6.605931102592871307e-01 -3.948109426356241070e-01 1.448266921196698087e+00
0.000000000000000000e+00 0.000000000000000000e+00 0.000000000000000000e+00 1.000000000000000000e+00 1.533454783406684285e+00 -2.820662402562978954e-01 4.781658380230664473e-01
0.000000000000000000e+00 0.000000000000000000e+00 0.000000000000000000e+00 1.000000000000000000e+00 5.122160963830130198e-01 -4.587199984216558946e-01 9.535148470285059741e-01
0.000000000000000000e+00 0.000000000000000000e+00 0.000000000000000000e+00 1.000000000000000000e+00 7.419429517033057087e-01 -5.642170803494516163e-01 7.072924846663133369e-01
0.000000000000000000e+00 0.000000000000000000e+00 0.000000000000000000e+00 1.000000000000000000e+00 -1.846012350136766456e-01 -4.183394641209220444e-01 1.309085039908894244e+00
0.000000000000000000e+00 0.000000000000000000e+00 0.000000000000000000e+00 1.000000000000000000e+00 1.237988749406957467e+00 -3.210080239905024335e-01 2.165755074696120719e-01
0.000000000000000000e+00 0.000000000000000000e+00 0.000000000000000000e+00 1.000000000000000000e+00 -4.313440747865356917e-01 -6.679306632627373119e-01 -2.237164377985754182e-01
0.000000000000000000e+00 0.000000000000000000e+00 0.000000000000000000e+00 1.000000000000000000e+00 4.663567420753654824e-01 -4.498355164959004782e-01 1.002620152601686021e+00
0.000000000000000000e+00 0.000000000000000000e+00 0.000000000000000000e+00 1.000000000000000000e+00 5.927572972480515956e-01 -4.872989870699058201e-01 8.671959294733670998e-01
0.000000000000000000e+00 0.000000000000000000e+00 0.000000000000000000e+00 1.000000000000000000e+00 1.947842840112834484e-02 -4.370644143485604705e-01 1.049996178748358711e+00
0.000000000000000000e+00 0.000000000000000000e+00 0.000000000000000000e+00 1.000000000000000000e+00 -8.305305243781938573e-01 -4.581453019608300314e-01 1.293717994895673185e+00
0.000000000000000000e+00 0.000000000000000000e+00 0.000000000000000000e+00 1.000000000000000000e+00 8.152186734930616518e-01 -4.431400629468192909e-01 6.286808809883990268e-01
0.000000000000000000e+00 0.000000000000000000e+00 0.000000000000000000e+00 1.000000000000000000e+00 9.105034342271863812e-01 -4.865748883597313945e-01 5.266726653432229899e-01
0.000000000000000000e+00 0.000000000000000000e+00 0.000000000000000000e+00 1.000000000000000000e+00 1.115469176376768790e+00 -4.483747157888817725e-01 3.068798205165159665e-01
0.000000000000000000e+00 0.000000000000000000e+00 0.000000000000000000e+00 1.000000000000000000e+00 1.268348552251488126e+00 -4.633056978258626168e-01 1.466774722519297303e-01
0.000000000000000000e+00 0.000000000000000000e+00 0.000000000000000000e+00 1.000000000000000000e+00 -6.002677776246208019e-01 -5.000696285476015079e-01 1.017607123816134385e+00
0.000000000000000000e+00 0.000000000000000000e+00 0.000000000000000000e+00 1.000000000000000000e+00 -4.709998165594652120e-01 -4.987920508879261083e-01 9.373208265045944731e-01
0.000000000000000000e+00 0.000000000000000000e+00 0.000000000000000000e+00 1.000000000000000000e+00 1.399982544018804731e+00 -5.954205289899037190e-01 2.023354687664236096e-03
0.000000000000000000e+00 0.000000000000000000e+00 0.000000000000000000e+00 1.000000000000000000e+00 4.602182153411283894e-01 -6.534144814749548447e-01 1.009555183468229922e+00
0.000000000000000000e+00 0.000000000000000000e+00 0.000000000000000000e+00 1.000000000000000000e+00 -3.253006104681296362e-01 -4.987321772289142752e-01 8.035623344094566800e-01
0.000000000000000000e+00 0.000000000000000000e+00 0.000000000000000000e+00 1.000000000000000000e+00 -7.628163249039966454e-01 -4.989633056765098162e-01 8.893984854570280429e-01
0.000000000000000000e+00 0.000000000000000000e+00 0.000000000000000000e+00 1.000000000000000000e+00 1.138888378247759015e+00 -6.368457131534092097e-01 2.842844859909634536e-01
0.000000000000000000e+00 0.000000000000000000e+00 0.000000000000000000e+00 1.000000000000000000e+00 -2.775853779527759357e-01 -4.995581537667944660e-01 6.260024962421668615e-01
0.000000000000000000e+00 0.000000000000000000e+00 0.000000000000000000e+00 1.000000000000000000e+00 4.911365169275473397e-01 -4.585969092465843611e-01 1.368426870378975924e-01
0.000000000000000000e+00 0.000000000000000000e+00 0.000000000000000000e+00 1.000000000000000000e+00 -9.053656644892411620e-01 -4.989340093164768009e-01 7.961130955762396599e-01
0.000000000000000000e+00 0.000000000000000000e+00 0.000000000000000000e+00 1.000000000000000000e+00 -6.429807298979620667e-01 -4.990218214917946371e-01 4.850356484712468053e-01
0.000000000000000000e+00 0.000000000000000000e+00 0.000000000000000000e+00 1.000000000000000000e+00 1.322797675171842879e+00 -6.606607777586600561e-01 8.504094932037831178e-02
0.000000000000000000e+00 0.000000000000000000e+00 0.000000000000000000e+00 1.000000000000000000e+00 -7.012310152385877737e-01 -4.989749009897248566e-01 5.601985864914482693e-01
0.000000000000000000e+00 0.000000000000000000e+00 0.000000000000000000e+00 1.000000000000000000e+00 6.645290959815064458e-02 -4.633206932311312309e-01 7.061080766859628710e-02
0.000000000000000000e+00 0.000000000000000000e+00 0.000000000000000000e+00 1.000000000000000000e+00 4.918013220215600168e-02 -4.633438986850109131e-01 -8.726156111703153861e-02
0.000000000000000000e+00 0.000000000000000000e+00 0.000000000000000000e+00 1.000000000000000000e+00 1.220794019711018752e+00 -7.974662333582007712e-01 1.945047072216483652e-01
0.000000000000000000e+00 0.000000000000000000e+00 0.000000000000000000e+00 1.000000000000000000e+00 -1.699550438331659530e-01 -4.634163527735699617e-01 -9.995704372298486184e-02
0.000000000000000000e+00 0.000000000000000000e+00 0.000000000000000000e+00 1.000000000000000000e+00 -1.528540312148074509e-02 -8.772125865565926217e-01 1.094769869953321928e+00
0.000000000000000000e+00 0.000000000000000000e+00 0.000000000000000000e+00 1.000000000000000000e+00 2.874671493708172987e-01 -4.634824246265877301e-01 -2.099149084750928651e-01
0.000000000000000000e+00 0.000000000000000000e+00 0.000000000000000000e+00 1.000000000000000000e+00 1.791210918931925855e-01 -4.634060659269986227e-01 -1.691115978603916492e-01
0.000000000000000000e+00 0.000000000000000000e+00 0.000000000000000000e+00 1.000000000000000000e+00 1.694050795529041809e-01 -4.634159972985304465e-01 -4.023947495519226702e-01
0.000000000000000000e+00 0.000000000000000000e+00 0.000000000000000000e+00 1.000000000000000000e+00 -6.063456037067050941e-01 -9.952669575237457211e-01 1.497750538189748903e+00
0.000000000000000000e+00 0.000000000000000000e+00 0.000000000000000000e+00 1.000000000000000000e+00 -9.832134580989183581e-01 -7.971551834323725716e-01 1.155127178972872981e+00
0.000000000000000000e+00 0.000000000000000000e+00 0.000000000000000000e+00 1.000000000000000000e+00 -3.528317072905140517e-02 -4.632986921877600972e-01 -3.513277408223196563e-01
0.000000000000000000e+00 0.000000000000000000e+00 0.000000000000000000e+00 1.000000000000000000e+00 -1.380308539490940900e-01 -1.027064642586946963e+00 1.250892149627296002e+00
0.000000000000000000e+00 0.000000000000000000e+00 0.000000000000000000e+00 1.000000000000000000e+00 1.438157181661595452e+00 -9.178185184623016690e-01 -3.454280929035746794e-02
0.000000000000000000e+00 0.000000000000000000e+00 0.000000000000000000e+00 1.000000000000000000e+00 -2.997181983263069727e-01 -4.640948513877337644e-01 -2.207131378721374215e-01
0.000000000000000000e+00 0.000000000000000000e+00 0.000000000000000000e+00 1.000000000000000000e+00 1.330562034029485474e+00 -9.003487264212269858e-01 7.695666738386841566e-02
0.000000000000000000e+00 0.000000000000000000e+00 0.000000000000000000e+00 1.000000000000000000e+00 -8.162305109441573281e-01 -9.205313217072949028e-01 1.307153507791497971e+00
0.000000000000000000e+00 0.000000000000000000e+00 0.000000000000000000e+00 1.000000000000000000e+00 -1.578872979332723858e-01 -4.641641040108022143e-01 -3.421693372609981854e-01
0.000000000000000000e+00 0.000000000000000000e+00 0.000000000000000000e+00 1.000000000000000000e+00 8.995478028548361538e-01 -1.270046230814658506e+00 1.307852598298844260e-01
0.000000000000000000e+00 0.000000000000000000e+00 0.000000000000000000e+00 1.000000000000000000e+00 -6.194831542936204416e-01 -1.078555085469468100e+00 1.485868606664435765e+00
0.000000000000000000e+00 0.000000000000000000e+00 0.000000000000000000e+00 1.000000000000000000e+00 -5.998965797655797516e-02 -4.633917042397434072e-01 -4.763547360271902509e-01
0.000000000000000000e+00 0.000000000000000000e+00 0.000000000000000000e+00 1.000000000000000000e+00 -7.463217616712936042e-02 -1.145249227926353530e+00 1.170529789814858335e+00
0.000000000000000000e+00 0.000000000000000000e+00 0.000000000000000000e+00 1.000000000000000000e+00 -9.706772924343772813e-01 -1.120696633161987199e+00 1.166624322474701492e+00
0.000000000000000000e+00 0.000000000000000000e+00 0.000000000000000000e+00 1.000000000000000000e+00 -1.016369898706857011e-01 -4.634094422013937953e-01 -5.331114221970354450e-01
0.000000000000000000e+00 0.000000000000000000e+00 0.000000000000000000e+00 1.000000000000000000e+00 1.345924511649577937e+00 -1.039237149022655515e+00 6.429225582839825925e-02
0.000000000000000000e+00 0.000000000000000000e+00 0.000000000000000000e+00 1.000000000000000000e+00 -7.832908899999563301e-01 -1.145820545811993663e+00 1.337113971452331684e+00
0.000000000000000000e+00 0.000000000000000000e+00 0.000000000000000000e+00 1.000000000000000000e+00 -8.012498463832624651e-01 -9.621227019645678391e-01 4.970543881209115167e-01
0.000000000000000000e+00 0.000000000000000000e+00 0.000000000000000000e+00 1.000000000000000000e+00 -1.231163493741275206e-01 -5.467452116057688327e-01 -5.162724913570169161e-01
0.000000000000000000e+00 0.000000000000000000e+00 0.000000000000000000e+00 1.000000000000000000e+00 -9.942968106735746714e-01 -1.151076623010528488e+00 1.145503641065660050e+00
0.000000000000000000e+00 0.000000000000000000e+00 0.000000000000000000e+00 1.000000000000000000e+00 1.399594263589936993e+00 -1.215412801665232356e+00 8.473958074261056517e-02
0.000000000000000000e+00 0.000000000000000000e+00 0.000000000000000000e+00 1.000000000000000000e+00 -2.682296836711298704e-01 -1.270217001455366201e+00 1.022080534255272122e+00
0.000000000000000000e+00 0.000000000000000000e+00 0.000000000000000000e+00 1.000000000000000000e+00 1.329026923307877750e-01 -1.270138255391346949e+00 7.074114479206274897e-01
0.000000000000000000e+00 0.000000000000000000e+00 0.000000000000000000e+00 1.000000000000000000e+00 -1.734907823883278244e-01 -1.270200232996869349e+00 8.404566025780570993e-01
0.000000000000000000e+00 0.000000000000000000e+00 0.000000000000000000e+00 1.000000000000000000e+00 -1.510737077496782099e-01 -8.392340693442348343e-01 -1.049412289524926933e-01
0.000000000000000000e+00 0.000000000000000000e+00 0.000000000000000000e+00 1.000000000000000000e+00 -4.157486316482239541e-02 -8.392879527615444424e-01 -1.393641898384021527e-01
0.000000000000000000e+00 0.000000000000000000e+00 0.000000000000000000e+00 1.000000000000000000e+00 1.018384010576389720e+00 -1.270270577199881679e+00 1.319594789162985560e-01
0.000000000000000000e+00 0.000000000000000000e+00 0.000000000000000000e+00 1.000000000000000000e+00 9.723894120233992355e-01 -1.270179746410599053e+00 -3.221050191274610341e-03
0.000000000000000000e+00 0.000000000000000000e+00 0.000000000000000000e+00 1.000000000000000000e+00 -4.376860753644207236e-02 -8.392978481706637739e-01 -2.720800684434430128e-01
0.000000000000000000e+00 0.000000000000000000e+00 0.000000000000000000e+00 1.000000000000000000e+00 1.205979144729981023e+00 -1.270165139766721518e+00 -4.466193659841510843e-02
0.000000000000000000e+00 0.000000000000000000e+00 0.000000000000000000e+00 1.000000000000000000e+00 8.423667011198598953e-02 -8.392622973251270269e-01 -2.789644961966042391e-01
0.000000000000000000e+00 0.000000000000000000e+00 0.000000000000000000e+00 1.000000000000000000e+00 -8.048426317493080351e-01 -1.099324619863863983e+00 4.804786927737869640e-01
0.000000000000000000e+00 0.000000000000000000e+00 0.000000000000000000e+00 1.000000000000000000e+00 -8.834422699997567241e-01 -1.015385076194714298e+00 4.817111560866031983e-01
0.000000000000000000e+00 0.000000000000000000e+00 0.000000000000000000e+00 1.000000000000000000e+00 1.198585983145367351e+00 -1.270179385884193657e+00 -1.653524065656231112e-01
0.000000000000000000e+00 0.000000000000000000e+00 0.000000000000000000e+00 1.000000000000000000e+00 4.896645021165324518e-02 -8.392169169354588565e-01 -4.224871189821306494e-01
0.000000000000000000e+00 0.000000000000000000e+00 0.000000000000000000e+00 1.000000000000000000e+00 -1.056265165972577691e+00 -1.270109556760127933e+00 7.487147898609822771e-01
0.000000000000000000e+00 0.000000000000000000e+00 0.000000000000000000e+00 1.000000000000000000e+00 1.286155177469438637e+00 -1.270224951708990746e+00 -2.645704441983114386e-01
0.000000000000000000e+00 0.000000000000000000e+00 0.000000000000000000e+00 1.000000000000000000e+00 -2.330668767167496380e-01 -1.270241166144022049e+00 5.749562844620996760e-01
0.000000000000000000e+00 0.000000000000000000e+00 0.000000000000000000e+00 1.000000000000000000e+00 -4.299302905828408239e-01 -1.270104726847240739e+00 4.806177339153412387e-01
0.000000000000000000e+00 0.000000000000000000e+00 0.000000000000000000e+00 1.000000000000000000e+00 -2.854924015413370375e-01 -8.391674342196416836e-01 -2.217893256007750225e-01
0.000000000000000000e+00 0.000000000000000000e+00 0.000000000000000000e+00 1.000000000000000000e+00 -1.911193410441840435e-01 -8.391778143605025386e-01 -3.552225994198212611e-01
0.000000000000000000e+00 0.000000000000000000e+00 0.000000000000000000e+00 1.000000000000000000e+00 -8.448984184494859884e-01 -4.945517227493069212e-01 -7.358662348400950570e-01
0.000000000000000000e+00 0.000000000000000000e+00 0.000000000000000000e+00 1.000000000000000000e+00 7.886486783321488003e-01 -1.270166354005459963e+00 -2.407056793800390615e-01
0.000000000000000000e+00 0.000000000000000000e+00 0.000000000000000000e+00 1.000000000000000000e+00 5.010846926739925822e-01 -1.270147554120581113e+00 -2.441467715946368244e-01
0.000000000000000000e+00 0.000000000000000000e+00 0.000000000000000000e+00 1.000000000000000000e+00 1.063816436598287396e+00 -1.270161456970317460e+00 -3.750033233586222980e-01
0.000000000000000000e+00 0.000000000000000000e+00 0.000000000000000000e+00 1.000000000000000000e+00 -9.061300636367453087e-02 -8.391030487023003470e-01 -4.809757125287261736e-01
0.000000000000000000e+00 0.000000000000000000e+00 0.000000000000000000e+00 1.000000000000000000e+00 -3.366642354236516477e-01 -1.270167190892517839e+00 2.527562243579410950e-01
0.000000000000000000e+00 0.000000000000000000e+00 0.000000000000000000e+00 1.000000000000000000e+00 8.672716894622135575e-01 -1.270036385908245968e+00 -3.779497938764835308e-01
0.000000000000000000e+00 0.000000000000000000e+00 0.000000000000000000e+00 1.000000000000000000e+00 -1.053501027753210861e+00 -5.025798641086690610e-01 -6.217746140361727347e-01
0.000000000000000000e+00 0.000000000000000000e+00 0.000000000000000000e+00 1.000000000000000000e+00 -4.528556568775040647e-01 -1.270172536434521549e+00 2.374850419772880361e-01
0.000000000000000000e+00 0.000000000000000000e+00 0.000000000000000000e+00 1.000000000000000000e+00 -9.284111564440473696e-01 -4.944671742038985185e-01 -7.052814033097374313e-01
0.000000000000000000e+00 0.000000000000000000e+00 0.000000000000000000e+00 1.000000000000000000e+00 -1.855587499812311192e-01 -1.131821528564513457e+00 -1.501157877945999974e-01
0.000000000000000000e+00 0.000000000000000000e+00 0.000000000000000000e+00 1.000000000000000000e+00 -9.813391088303875520e-01 -4.944567129327002153e-01 -6.927402457113089884e-01
0.000000000000000000e+00 0.000000000000000000e+00 0.000000000000000000e+00 1.000000000000000000e+00 8.195286904070216982e-01 -1.270114566238462750e+00 -5.723152196842544726e-01
0.000000000000000000e+00 0.000000000000000000e+00 0.000000000000000000e+00 1.000000000000000000e+00 -8.760187921895956631e-02 -1.131814680962624609e+00 -2.524387844784556911e-01
0.000000000000000000e+00 0.000000000000000000e+00 0.000000000000000000e+00 1.000000000000000000e+00 3.252515641991260420e-02 -1.131831795635040327e+00 -3.910373811694165536e-01
0.000000000000000000e+00 0.000000000000000000e+00 0.000000000000000000e+00 1.000000000000000000e+00 5.187110797094102166e-01 -1.270027249286186599e+00 -4.515907941510144408e-01
0.000000000000000000e+00 0.000000000000000000e+00 0.000000000000000000e+00 1.000000000000000000e+00 -1.026020075403238696e+00 -4.943554017037018466e-01 -6.985168840162101489e-01
0.000000000000000000e+00 0.000000000000000000e+00 0.000000000000000000e+00 1.000000000000000000e+00 3.645372035953119427e-01 -1.270000937482214542e+00 -3.887221459598944051e-01
0.000000000000000000e+00 0.000000000000000000e+00 0.000000000000000000e+00 1.000000000000000000e+00 -5.330477266710602624e-01 -1.270183817559702444e+00 9.830531879505843840e-02
0.000000000000000000e+00 0.000000000000000000e+00 0.000000000000000000e+00 1.000000000000000000e+00 -1.214535573747148600e-01 -1.131711441692897946e+00 -3.818369670735697330e-01
0.000000000000000000e+00 0.000000000000000000e+00 0.000000000000000000e+00 1.000000000000000000e+00 6.202221701519271546e-01 -1.270074148435337502e+00 -5.514293270988627205e-01
0.000000000000000000e+00 0.000000000000000000e+00 0.000000000000000000e+00 1.000000000000000000e+00 -2.707109772910558654e-01 -1.131689908299032821e+00 -2.533494072828712529e-01
0.000000000000000000e+00 0.000000000000000000e+00 0.000000000000000000e+00 1.000000000000000000e+00 -4.829683125088179985e-01 -1.270017891251571385e+00 -2.367340223555225442e-02
0.000000000000000000e+00 0.000000000000000000e+00 0.000000000000000000e+00 1.000000000000000000e+00 -8.660484502644026916e-01 -4.942484467770515977e-01 -8.216199216385912107e-01
0.000000000000000000e+00 0.000000000000000000e+00 0.000000000000000000e+00 1.000000000000000000e+00 -9.212870227660630018e-01 -4.942125406309626490e-01 -7.991454533959327922e-01
0.000000000000000000e+00 0.000000000000000000e+00 0.000000000000000000e+00 1.000000000000000000e+00 -5.296119279223676646e-02 -1.131657769795528123e+00 -5.079544373054067918e-01
0.000000000000000000e+00 0.000000000000000000e+00 0.000000000000000000e+00 1.000000000000000000e+00 -5.076792969131184163e-01 -1.269883793863092469e+00 -2.056852488879228336e-01
0.000000000000000000e+00 0.000000000000000000e+00 0.000000000000000000e+00 1.000000000000000000e+00 -9.740284326668634529e-01 -4.941965220165404071e-01 -7.842626433776891393e-01
0.000000000000000000e+00 0.000000000000000000e+00 0.000000000000000000e+00 1.000000000000000000e+00 5.780076590536230574e-01 -1.269959720208589715e+00 -7.408329905516075620e-01
0.000000000000000000e+00 0.000000000000000000e+00 0.000000000000000000e+00 1.000000000000000000e+00 1.861429998081564063e-01 -1.269912610998688018e+00 -5.437835084661196694e-01
0.000000000000000000e+00 0.000000000000000000e+00 0.000000000000000000e+00 1.000000000000000000e+00 3.198663002711056302e-01 -1.270009348367290514e+00 -6.094343764298361110e-01
0.000000000000000000e+00 0.000000000000000000e+00 0.000000000000000000e+00 1.000000000000000000e+00 4.373859479087894853e-01 -1.270023064066567731e+00 -6.858106019881211601e-01
0.000000000000000000e+00 0.000000000000000000e+00 0.000000000000000000e+00 1.000000000000000000e+00 -3.036098309558100672e-01 -1.269855467759664513e+00 -2.995459575764174431e-01
0.000000000000000000e+00 0.000000000000000000e+00 0.000000000000000000e+00 1.000000000000000000e+00 -1.045471304475381391e+00 -4.940875245324113374e-01 -7.654000259560247432e-01
0.000000000000000000e+00 0.000000000000000000e+00 0.000000000000000000e+00 1.000000000000000000e+00 -1.511118685843031439e-01 -1.269854594620576593e+00 -4.305984944101934886e-01
