-3.108853188058402495e-01 6.983065360351816686e-01 5.890260965764216872e-01 -2.622337846912186077e-01 1.355672615059302144e+00 -2.929181914674563458e-01 6.654920734179838870e-01
-1.887929045734134115e-01 8.092417884806757389e-01 5.417657070774906103e-01 -1.263917940143187701e-01 1.173136288230651747e-01 -3.527305597039991358e-01 9.740855679740245687e-01
-1.145437991482601281e-01 8.853878062536453264e-01 4.467963799522198798e-01 -5.780264246236454379e-02 -3.206607483480552467e-01 -3.969221693797767569e-01 1.757320125357005436e+00
-9.784411708896750826e-02 9.251204670521135931e-01 3.648149025596834627e-01 -3.858415559174859649e-02 -5.669154520043985235e-01 -3.619773474049436945e-01 1.533472613234651005e+00
-8.294046314376841977e-02 9.558958468475725612e-01 2.806970400340277894e-01 -2.435531295620285697e-02 -7.374522751357387440e-01 -3.111517275791436665e-01 1.378412403968941602e+00
-8.131315897323737607e-02 9.865478889924443884e-01 1.413355240479063080e-01 -1.164914350707335622e-02 -8.812979347976908073e-01 -3.253550196152186214e-01 1.247422915205914196e+00
-2.635835705287382646e-01 7.400793988818600289e-01 5.828502744589190154e-01 -2.075855059033484828e-01 7.687529348090682557e-01 -3.171638591676183561e-01 7.468536829219589723e-01
-1.451563143208110529e-01 8.675616675367626707e-01 4.691531717688343650e-01 -7.849648943024170600e-02 -1.967746806930150694e-01 -4.199478659076714138e-01 1.324741378406773640e+00
-3.346833072264701059e-01 6.970966599987152845e-01 5.716031003800908783e-01 -2.744325529496373650e-01 1.161420786054917498e+00 -3.221543434737447198e-01 2.788850777640012879e-01
-2.100979577937090448e-01 8.659288284395015856e-01 4.411032140655787304e-01 -1.070236737797835014e-01 -6.050273043592291344e-03 -6.175753174365731235e-01 9.100601266464287686e-01
-2.535279225922013602e-01 7.828957688482042210e-01 5.405178696316746967e-01 -1.750378250393263002e-01 5.906701322767478057e-01 -4.948347548730647194e-01 8.696011432569943356e-01
-2.266928754462692042e-01 7.921427991401821522e-01 5.448046109009839766e-01 -1.559104291998671121e-01 4.531322505041666115e-01 -4.487200636354237160e-01 1.016891807853009810e+00
-3.322634742881661052e-01 7.591686801381121175e-01 5.127415569813214002e-01 -2.244103261788193415e-01 4.208628229185749081e-01 -4.642228301430392223e-01 -7.117456905109098564e-02
-1.155389744877031166e-01 9.281276711427642878e-01 3.511676633265271019e-01 -4.371548543966298495e-02 -4.904888097170096994e-01 -4.757302322261617311e-01 1.603011143522622417e+00
-2.804571482802939442e-01 7.573994578547474932e-01 5.529602685444746646e-01 -2.047554410291511917e-01 7.681437936714461401e-01 -4.569135155246699664e-01 6.791912547785627918e-01
-2.520214677163374883e-01 7.783394204431085539e-01 5.470778733198969901e-01 -1.771404158236268289e-01 5.962236412118169238e-01 -4.663052233612301478e-01 8.634940078052870671e-01
-1.800371550255398800e-01 8.388986613381360646e-01 5.022140507862923320e-01 -1.077808239355045467e-01 6.651423078663398769e-03 -4.328236100428803912e-01 1.066286108893402362e+00
-3.055664584513866355e-01 7.416223989152924689e-01 5.521498742896977507e-01 -2.274991719072284035e-01 9.118399365161822256e-01 -4.634893104342336922e-01 5.253134513260901972e-01
-1.348763191853886434e-01 9.664269105500369328e-01 2.165955775802113903e-01 -3.022847763958212003e-02 -7.209477882897699086e-01 -4.990504630660831387e-01 8.766882505300686024e-01
-3.481445622961886199e-01 7.203690768524345645e-01 5.401170762514659884e-01 -2.610312257181786055e-01 1.142100490642172117e+00 -5.166117187186566317e-01 2.821107597695198255e-01
-3.679161180023028943e-01 6.979225689180303949e-01 5.435439720928655349e-01 -2.865340613443413398e-01 1.286772590404467342e+00 -4.684761155624541651e-01 1.269584628081326105e-01
-2.873485015123389275e-01 8.040894621031881018e-01 4.900985451198213716e-01 -1.751410622459887712e-01 1.061750388161024627e-01 -4.635265844139397906e-01 3.653857225248291485e-02
-1.279710645135170022e-01 9.854826101524527537e-01 1.106391244500304211e-01 -1.436718049293995124e-02 -8.702296628574969217e-01 -4.991301761769502132e-01 8.755963577506686857e-01
-1.630823488822890632e-01 9.070129895675445031e-01 3.821141780289806222e-01 -6.870472464115763567e-02 -3.835983023362381505e-01 -4.991143394469025329e-01 8.572947519713343123e-01
-1.414983689829633628e-01 9.319832387064168611e-01 3.299632960916855651e-01 -5.009668230302114639e-02 -5.147984777018613789e-01 -4.990779231756690137e-01 1.032543437705120359e+00
-1.354247138528530126e-01 9.625106219833354793e-01 2.327257078726674422e-01 -3.274437878920814782e-02 -6.954728012750617250e-01 -4.991269280072959669e-01 8.962059050358577306e-01
-1.873920217806473165e-01 8.789731716078420520e-01 4.288711080488896155e-01 -9.143285212400539819e-02 -2.271654291636211465e-01 -4.990355350509954047e-01 7.259730633381569209e-01
-3.864613220008805694e-01 7.054101945366716420e-01 5.210973633454001330e-01 -2.854849242176175084e-01 1.335222072639864033e+00 -6.093779519878431694e-01 7.169078661153349685e-02
-1.567980980891889309e-01 9.550587951479455606e-01 2.482262209615585802e-01 -4.075288300612942699e-02 -6.686706139715770103e-01 -4.991599446096355308e-01 5.769009509925007162e-01
-1.836672879283714199e-01 9.191471417038731273e-01 3.417194857248234685e-01 -6.828361676565687655e-02 -4.811909095649982149e-01 -5.003471572217914609e-01 4.463925724040873622e-01
-2.702724981086017109e-01 8.594080167527359260e-01 4.140255371088230607e-01 -1.302055764129000093e-01 -2.875872688051585024e-01 -4.635465033903466425e-01 -1.730912684890189013e-01
-2.790661270605850897e-01 8.119046382542665086e-01 4.849243996288638003e-01 -1.666771782614524244e-01 5.873662464279894024e-02 -4.635544840828040858e-01 6.094876203006327486e-02
-3.701056614036387082e-01 8.576108595351662478e-01 3.278779779260223015e-01 -1.414971540189810251e-01 -1.574644892293497467e-01 -8.394925860310038512e-01 -2.912972429262923324e-01
-3.024759904999582694e-01 8.143467771525306764e-01 4.643300729281927275e-01 -1.724679248059040604e-01 -3.720466982394565747e-02 -4.636899345441486409e-01 -1.843839667140323435e-01
-3.130961291378110967e-01 7.871533778753406763e-01 4.937510494204550016e-01 -1.963931638692132386e-01 1.818270284877865350e-01 -4.643079526551585623e-01 -9.512407124844224349e-02
-3.384099446319512872e-01 7.691906744256035156e-01 4.961598321073960594e-01 -2.182884256071437601e-01 2.614159958136028639e-01 -4.635784032405867450e-01 -2.167350240306193943e-01
-2.251048464289783224e-01 8.939024715745659266e-01 3.759060437172383473e-01 -9.466163807964729504e-02 -1.430117510841988349e-02 -8.621507305913336250e-01 1.093635828889822248e+00
-3.579357754101804567e-01 7.674189921943757042e-01 4.820729333890048651e-01 -2.248460762268301438e-01 1.843390577068355629e-01 -4.635954580450984963e-01 -3.836687673081418115e-01
-2.752567846700177401e-01 8.338294757376556454e-01 4.543820742841568339e-01 -1.499967948104787008e-01 -1.176680231913418417e-01 -4.635509809510475199e-01 -6.324034322445637457e-02
-3.824720403759805931e-01 7.418209898235462729e-01 4.895898296996661903e-01 -2.524253474643546880e-01 1.200671435749000926e+00 -8.334173024856725842e-01 2.162282900702257038e-01
-4.048949820816712952e-01 7.110543016905179758e-01 4.995463072135137850e-01 -2.844561837644500879e-01 1.387024404693270041e+00 -7.521461865084131393e-01 1.640960270301516921e-02
-4.032608359748738880e-01 7.269817493475810855e-01 4.860040360121977709e-01 -2.695891527198951976e-01 1.326005740016862111e+00 -8.544440343727839338e-01 8.203462181631371308e-02
-3.355578512368995736e-01 7.965053239982510247e-01 4.635172371699245453e-01 -1.952740847170354177e-01 2.964509168132289929e-03 -4.635946294292052627e-01 -3.585567306412393851e-01
-3.285749794487569653e-01 8.209262689812276692e-01 4.335907325745688712e-01 -1.735442894544750869e-01 -1.667142510179940862e-01 -4.635003896014320279e-01 -4.248989830925915534e-01
-2.565015159109876874e-01 9.465238081938138759e-01 1.888900470456413849e-01 -5.118791834741031471e-02 -5.975922003157112528e-01 -8.784514824574882752e-01 3.378711006714893994e-01
-2.229077305094336603e-01 9.180561975858761992e-01 3.185923539141966021e-01 -7.735550258842278926e-02 -1.332164949067874415e-01 -9.984959936377577616e-01 1.245140471740165067e+00
-1.643178661408921382e-01 9.862453704642551999e-01 1.763726480396329843e-02 -2.938536193873213763e-03 -9.765361396486083034e-01 -7.982669734673257800e-01 1.161218164596121261e+00
-1.758690395928619032e-01 9.787193061577603714e-01 1.040621867988965610e-01 -1.869924986164003822e-02 -7.882996025044852750e-01 -9.150411619202256652e-01 1.332428938651457395e+00
-4.186695117012936840e-01 7.342906510984913426e-01 4.642000155895469327e-01 -2.646722977718268810e-01 1.355024183425564965e+00 -1.011077427639802684e+00 5.405015485622999272e-02
-4.000255649568888461e-01 7.497038433347095188e-01 4.651156765933276427e-01 -2.481755468558866362e-01 1.232685282995730214e+00 -9.998396591503391218e-01 1.822468955469112029e-01
-1.946619945491791515e-01 9.674139166626610775e-01 1.587350810892301789e-01 -3.194050339522873372e-02 -6.081557776737549492e-01 -1.077362709591805023e+00 1.496470850805437403e+00
-3.043167064791349463e-01 8.380022649172457205e-01 4.257256029825369770e-01 -1.546003140889878891e-01 -2.207204027459558349e-01 -4.641779009675507384e-01 -3.280729535291584398e-01
-3.639144673332376234e-01 7.867183641349950740e-01 4.525653546984290676e-01 -2.093443950169391055e-01 -2.027380160627323402e-02 -4.635611306332378945e-01 -5.230177155091497720e-01
-2.470663911432712800e-01 9.165745523750560286e-01 3.035679052350161444e-01 -8.182796109600906642e-02 -8.116996289366518180e-02 -1.135703312344873872e+00 1.179096565302760302e+00
-4.232414244408217452e-01 7.298191487965890456e-01 4.644251749204487689e-01 -2.693324406513945002e-01 1.388176527363399915e+00 -1.009347184322260338e+00 1.940477379659344415e-02
-2.256337555978124854e-01 9.736559576971141050e-01 3.206655133296189980e-02 -7.431060580617323066e-03 -9.218697044431511944e-01 -1.211169019091343335e+00 1.211490093848552219e+00
-2.082906108633752751e-01 9.734795303092821372e-01 9.252409055578307562e-02 -1.979692303886396859e-02 -7.686859786950347440e-01 -1.141758338554494490e+00 1.350608461529014148e+00
-2.422388712426523649e-01 9.563297248160462782e-01 1.585582790850737500e-01 -4.016290360433358991e-02 -5.379668908627694979e-01 -1.270217444959568676e+00 1.201816931199269911e+00
-2.187921437356497023e-01 9.756731546613902628e-01 1.351685710062659751e-02 -3.031119722301776204e-03 -9.743083488817774196e-01 -1.143402416297875979e+00 1.163434035514066656e+00
-4.285705164663934919e-01 7.480537974392210687e-01 4.396554272333352276e-01 -2.518847630500166135e-01 1.378693166184806307e+00 -1.218180949732024398e+00 1.074373739044445220e-01
-3.128157259029287207e-01 8.853751442015825868e-01 3.242426272893914607e-01 -1.145595666294315085e-01 1.599324828669279608e-01 -1.270517222519798484e+00 7.469811226855334052e-01
-2.773820526635827344e-01 9.240479966142538526e-01 2.519421530159774991e-01 -7.562835676513846028e-02 -1.951601167563419281e-01 -1.270177247424835176e+00 9.354558114502486976e-01
-3.384461680009052675e-01 8.705666596227336074e-01 3.328947006034382872e-01 -1.294179308634072489e-01 -1.572329778522039145e-01 -8.395074571099654381e-01 -1.010181362621107581e-01
-3.497279405120594653e-01 8.517118883608837399e-01 3.609801023751083027e-01 -1.482248040618955043e-01 -2.648472413559777028e-02 -8.394873614504340109e-01 -1.105356759098568009e-01
-4.222314480167191353e-01 7.749857592923112826e-01 4.129234338972789242e-01 -2.249709202059318458e-01 1.047112739180739771e+00 -1.270297793415980481e+00 1.037967431885531422e-01
-3.100365555443000964e-01 9.144850037852746416e-01 2.462237244689613191e-01 -8.347688055207322377e-02 -2.068579553310526675e-01 -1.270272842848203521e+00 5.906539492674240943e-01
-3.734289490998807248e-01 8.438310445986619834e-01 3.523922749710728941e-01 -1.559476600863288487e-01 -4.717791694451944906e-02 -8.393501142239419011e-01 -2.659988335897678358e-01
-3.821001428355056961e-01 8.246037699571322488e-01 3.785056565592623823e-01 -1.753897698562056351e-01 9.700026630520097726e-02 -8.395110672720070832e-01 -2.588344113254006373e-01
-3.629666811563976858e-01 8.978390061157101032e-01 2.311086669377290792e-01 -9.342960737223315881e-02 -4.144938883830736609e-01 -9.669643663378431064e-01 -2.206761540164892121e-01
-4.631485008456950325e-01 7.375315529394055325e-01 4.162072055944112670e-01 -2.613660968726919664e-01 1.279366583009384994e+00 -1.270407377079373568e+00 -2.057188921895611866e-01
-4.470838265827402624e-01 7.552473310033246401e-01 4.124404480360359670e-01 -2.441524070008783132e-01 1.141556328005529641e+00 -1.270379251761023731e+00 -9.233804987169391687e-02
-4.073522453984946834e-01 8.189077807368062567e-01 3.619829957586802593e-01 -1.800625047007136381e-01 3.565734788758212481e-02 -8.393666536748745077e-01 -4.262782685878880873e-01
-2.984670622715460131e-01 9.307142286783468554e-01 2.012989085944617562e-01 -6.455375026550863593e-02 -3.820487449316543049e-01 -1.270275591387993508e+00 6.276530920342608955e-01
-2.648401444277458383e-01 9.612595643576485882e-01 7.367319819551612636e-02 -2.029797275785012733e-02 -8.289156429690716088e-01 -1.057005947681557423e+00 4.878785726992125316e-01
-2.993813983029235404e-01 9.541072961032643907e-01 -6.749820411766149948e-03 2.117970045320200553e-03 -1.017663234418390461e+00 -4.947691979975874510e-01 -6.238621562780950480e-01
-3.722081901641146606e-01 8.643032590478052501e-01 3.107048929817655680e-01 -1.338036212188821461e-01 -2.239942264357148716e-01 -8.393684743798469627e-01 -3.287181212887442250e-01
-3.471498333710013595e-01 8.828869292309005079e-01 2.942918227510241125e-01 -1.157151089771628200e-01 -2.959089322967881630e-01 -8.394368536484599908e-01 -2.170565724687405496e-01
-4.385520121344421152e-01 7.842971065258920182e-01 3.829965025702136705e-01 -2.141584935671010381e-01 7.631660443966412632e-01 -1.270398136031157810e+00 -1.136515226693788350e-01
-4.584211780208755083e-01 7.612274795113084247e-01 3.929263961390738746e-01 -2.366254322679053612e-01 9.354884200151396545e-01 -1.270288849292278366e+00 -2.325450844930603278e-01
-4.059861603761620863e-01 8.325677764310778217e-01 3.387123724926934254e-01 -1.651667761748795982e-01 -8.202457082755254536e-02 -8.393173937611180246e-01 -4.570113219635689727e-01
-3.177032518938801009e-01 9.465960670452023829e-01 -5.210304863003988041e-02 1.748719285832209258e-02 -1.076009158993970649e+00 -4.946094384549548639e-01 -6.887904221120518811e-01
-3.756505450395064560e-01 9.215163627464139084e-01 9.117499786028926412e-02 -3.716693378956149180e-02 -8.880060428734335431e-01 -4.944098004712499383e-01 -8.629520783178249443e-01
-4.887294569058507898e-01 7.409263969665399463e-01 3.845057750925878759e-01 -2.536274850073266807e-01 9.536954346378547775e-01 -1.270322389390913242e+00 -4.670154059526998580e-01
-4.594205650477682368e-01 8.055670263633217809e-01 3.250173706956213660e-01 -1.853597021832136260e-01 3.226643552320151986e-01 -1.270257370081939063e+00 -3.596238044237334286e-01
-3.427679968014113454e-01 9.129419922697367129e-01 2.073337345991984049e-01 -7.784434222511395218e-02 -3.473051884968242353e-01 -1.270363771459946056e+00 2.578831218202002340e-01
-3.321461130893326730e-01 9.261810669378722771e-01 1.680363097662291860e-01 -6.026101065880671431e-02 -4.905888916258205334e-01 -1.270405991897720188e+00 2.983095465202285634e-01
-3.287800770635233016e-01 9.414331107307569724e-01 7.069516242124011807e-02 -2.468912627348731834e-02 -9.175358273938245546e-01 -4.946535059952490432e-01 -7.242647147980266764e-01
-4.689200780647592715e-01 7.772652028456896733e-01 3.591874641859157946e-01 -2.166959399819947674e-01 6.147174342456807050e-01 -1.270243650916561995e+00 -3.709615194284880957e-01
-4.826344452462043577e-01 7.585298418944227405e-01 3.693962592404724798e-01 -2.350380285754969378e-01 7.551326146128836125e-01 -1.270291888574828665e+00 -4.468243700223466508e-01
-3.367213571209116685e-01 9.412330390536564062e-01 2.489526561706701530e-02 -8.906155305483814261e-03 -9.770044992574866694e-01 -4.945409119066045411e-01 -7.552359341910452883e-01
-3.873364684900439947e-01 8.750031855551804183e-01 2.655577552984161871e-01 -1.175540898770192216e-01 -1.776852747354460416e-01 -1.132073796411064315e+00 -1.363462593313837790e-01
-4.052556090078403006e-01 8.707285986641234432e-01 2.525531591213190374e-01 -1.175436117104547845e-01 -2.214754847636116741e-01 -1.132020020105017455e+00 -2.561045798890546621e-01
-4.261129994242655594e-01 8.450365065322399394e-01 2.884241722476850733e-01 -1.454390291932708967e-01 -4.831155745885540309e-02 -1.132012448770403967e+00 -3.329054918799778662e-01
-3.576892105290559454e-01 9.152130813918212260e-01 1.728568711320514484e-01 -6.755698648419555807e-02 -4.678288305974785954e-01 -1.270281731791312430e+00 1.136665327933221725e-01
-4.405645297326667986e-01 8.304808856933680872e-01 3.011376080967032576e-01 -1.597514777058084423e-01 2.913506266400278655e-02 -1.131895261025926080e+00 -3.977978561779356159e-01
-3.252943024199359545e-01 9.433418786059724059e-01 -6.191800197706716358e-02 2.135129767601389936e-02 -1.088983785821942663e+00 -4.945404737673488871e-01 -7.139397421501002539e-01
-5.131469782316565587e-01 7.434694659356134716e-01 3.529641005212688643e-01 -2.436178887034877727e-01 6.846153029430281922e-01 -1.270246937509743601e+00 -6.657504037810253461e-01
-3.361329990550218083e-01 9.414037802266420618e-01 -2.619282969357240518e-02 9.352282818025543093e-03 -1.042829737730497808e+00 -4.944650615092495149e-01 -7.533700921417556540e-01
-4.742427091095609004e-01 8.008417678372052873e-01 3.146770586350698951e-01 -1.863455513624756033e-01 2.750094534935145774e-01 -1.270225578618789042e+00 -4.607293575976736388e-01
-3.806271635952260257e-01 9.068033895423561752e-01 1.670710108561411777e-01 -7.012740106017201214e-02 -4.820476994907120227e-01 -1.270256532697667584e+00 -4.365199523274432281e-02
-4.903223625142060782e-01 7.811271137971405043e-01 3.273980098905714398e-01 -2.055114498735533257e-01 3.960292616496638995e-01 -1.270259191131957399e+00 -5.436496136843227411e-01
-3.390386780507600450e-01 9.404934344726949558e-01 2.155249285461632858e-02 -7.769462729130530675e-03 -9.812940647028745023e-01 -4.945628000359767462e-01 -7.627572230097310335e-01
-5.042862744233150840e-01 7.618662701917086055e-01 3.389841230779730985e-01 -2.243767012715113807e-01 5.238520400654327336e-01 -1.270124919098827077e+00 -6.189756282885673366e-01
-4.444516051468871409e-01 8.415065456493444618e-01 2.715789874126441350e-01 -1.434376446668938487e-01 -1.132114580443994711e-01 -1.131921100253020729e+00 -4.487707749322524808e-01
-3.900398535653968324e-01 9.081917293616846854e-01 1.395215822578246279e-01 -5.992014213926209754e-02 -5.743019941440545839e-01 -1.270195657366149034e+00 -1.195563283069558391e-01
-3.813702720911067434e-01 9.179896829573372941e-01 1.005347666303527537e-01 -4.176623334253247444e-02 -8.747598357860468798e-01 -4.944306398556925775e-01 -8.768432328161039901e-01
-4.240288998384940111e-01 8.782266083314871352e-01 1.991726490937064942e-01 -9.616533873139633537e-02 -3.484389424706160199e-01 -1.270123798895529621e+00 -2.786663538274722907e-01
-3.830236110016451700e-01 9.213114769569350493e-01 6.179122273956783040e-02 -2.568892047246528615e-02 -9.274582225365441968e-01 -4.943131929149804371e-01 -8.867734367171998811e-01
-3.939918949832554307e-01 9.189413142825549885e-01 1.637027009235553568e-02 -7.018678597675616013e-03 -9.875013611754734910e-01 -4.941240309671162123e-01 -9.180787254956740417e-01
-4.530588882106368342e-01 8.532162660447528690e-01 2.282019694474050064e-01 -1.211755268621380194e-01 -2.131437265246243218e-01 -1.270036752083971709e+00 -4.168704634072513127e-01
-3.685858816447273867e-01 9.294536668137711732e-01 1.499842444009924676e-02 -5.947803201946440244e-03 -9.895280358133583531e-01 -4.943355920748225829e-01 -8.508224474722949626e-01
-5.348665348314138868e-01 7.432808100012829877e-01 3.261442699964100522e-01 -2.346941468161942990e-01 4.925511078027990930e-01 -1.270178245542384454e+00 -8.112274938691050874e-01
-4.391173679456367163e-01 8.726702745821107721e-01 1.908006156532150721e-01 -9.600861469490047650e-02 -3.746632279245197816e-01 -1.270001587982459768e+00 -3.667825316904436139e-01
-4.982381881345984143e-01 7.990508694387532529e-01 2.855946373602415989e-01 -1.780789685633790975e-01 1.231262184535182325e-01 -1.270062445144568342e+00 -6.194337163558137904e-01
-5.260220787744679383e-01 7.600944014033230722e-01 3.137205814599490772e-01 -2.171098117670936800e-01 3.655486791819215764e-01 -1.270095470788133118e+00 -7.611559710313673399e-01
-5.131172103536542073e-01 7.787469683506667018e-01 3.013801435174913168e-01 -1.985796989042579175e-01 2.486331435575255266e-01 -1.270078970870414770e+00 -6.926422947582502321e-01
-4.786253611701453137e-01 8.322889129033282929e-01 2.424365407110340986e-01 -1.394182657724976071e-01 -1.295904428116447793e-01 -1.270086639169815124e+00 -5.418260963353858095e-01
-4.239091487626631127e-01 8.909222914740002608e-01 1.471589576712838132e-01 -7.001960673363082088e-02 -5.398901018897668269e-01 -1.270058105215321698e+00 -3.087660324660703726e-01
-3.731085190724548473e-01 9.271326074753359903e-01 -3.233871979359829313e-02 1.301415973680930191e-02 -1.051384996977344777e+00 -4.941406450109766535e-01 -8.627460073828991938e-01
-3.710806556756519603e-01 9.254859574362359620e-01 -7.053412963950957126e-02 2.828119742264590536e-02 -1.101936754802915086e+00 -4.941407088461349240e-01 -8.536614545182982239e-01
-4.399065027677064865e-01 8.865129824504101030e-01 1.284964080886736026e-01 -6.376263700533274514e-02 -6.000225426433780651e-01 -1.269960873199907914e+00 -4.006277487424279027e-01
-4.687047095109040939e-01 8.547712380365311002e-01 1.954407304040481075e-01 -1.071678440901322471e-01 -3.425047415474588020e-01 -1.269977755849937440e+00 -5.167618499114938757e-01
-4.529881861832140699e-01 8.731993170502513335e-01 1.595936122475055119e-01 -8.279211805002394120e-02 -4.866731886040550625e-01 -1.269939776400492493e+00 -4.544875778274630740e-01
-4.960151224613972287e-01 8.291006160266302105e-01 2.213985482116411496e-01 -1.324531979366488643e-01 -2.146667141378520993e-01 -1.269933370859634314e+00 -6.397191864067719447e-01
-5.291254669633687069e-01 7.828342219836721405e-01 2.712582103619057827e-01 -1.833461328015176806e-01 7.883270917662899002e-02 -1.269865199652602250e+00 -7.883993878324542237e-01
-5.139871109159127593e-01 8.053344577778135394e-01 2.489963957446763854e-01 -1.589165058582288625e-01 -6.462637960629669109e-02 -1.269855858813068616e+00 -7.179277735535163352e-01
-5.428521148337326352e-01 7.619262512037681123e-01 2.876913137982201052e-01 -2.049723813399519645e-01 2.075360336101159664e-01 -1.269890808244363400e+00 -8.588116333211852638e-01
-5.543424728287733583e-01 7.431047054429866794e-01 3.004449499113424071e-01 -2.241264188785959677e-01 3.262868058522030434e-01 -1.269986779970833313e+00 -9.237107605163593638e-01
-4.854189296398542797e-01 8.446540603157397520e-01 1.956624645600148205e-01 -1.124463476584893484e-01 -3.328444011335308650e-01 -1.269824482545122146e+00 -5.987387083064880100e-01
-4.678821981931505225e-01 8.634891342686401572e-01 1.655949702623130682e-01 -8.972775177036096395e-02 -4.590520869119277814e-01 -1.269842545517931631e+00 -5.257151396769399465e-01
-3.907989736141228576e-01 9.193071587503401920e-01 -4.267748955678823952e-02 1.814227046582771521e-02 -1.065424768046044246e+00 -4.940140206388939914e-01 -9.088732591665500404e-01
-4.308988692376374829e-01 8.972987519127674227e-01 8.637491299350807950e-02 -4.147877422103029427e-02 -8.854951126977494980e-01 -5.245232957608105817e-01 -9.758477387876834941e-01
-3.393618141295588475e-01 6.469605206168184131e-01 6.047009262476741309e-01 -3.171946305805241062e-01 1.935725649246234248e+00 -5.305231762559312059e-02 5.517462118838156737e-01
-3.194977012851614173e-01 6.656353713171880848e-01 6.080134111210564463e-01 -2.918397903334364329e-01 1.752212093837830942e+00 -1.040534576004844280e-01 7.338598499153439203e-01
-2.978476270581906227e-01 6.725042480402152467e-01 6.194759536846917714e-01 -2.743617506689138841e-01 2.167219337740086349e+00 -1.149720080284858115e-01 1.401955538673387514e+00
-2.736559742179092702e-01 6.867353824950285235e-01 6.255889248615777998e-01 -2.492898299064542911e-01 1.928106939657092678e+00 -1.279627495199743004e-01 1.621591992422340534e+00
-2.460098924603987269e-01 7.023608755635041279e-01 6.304066577325977416e-01 -2.208071085262118538e-01 1.660104301081681388e+00 -1.425256299147828754e-01 1.867799844946563370e+00
-2.146207335063532728e-01 7.187221652198316768e-01 6.336941967067130088e-01 -1.892301641682573310e-01 1.359946495969471147e+00 -1.523191252057659317e-01 2.143666566071382285e+00
-2.026273318469529461e-01 7.351069393456411971e-01 6.237016429745477764e-01 -1.719192038875191619e-01 1.214489150196589762e+00 -2.198467244591143233e-01 2.277409510599086140e+00
-1.789116955393551534e-01 7.388773676111443089e-01 6.314077828478442678e-01 -1.528890205032027438e-01 1.008355584388102688e+00 -1.712673055775536246e-01 2.466813579924715505e+00
-1.652291878186495644e-01 7.575447722927602934e-01 6.170200091834068257e-01 -1.345791281440334719e-01 8.417644155594695698e-01 -2.346843148535816270e-01 2.619842102787178995e+00
-1.749149499800114749e-01 7.817631171134707957e-01 5.840989974580933497e-01 -1.306887530087043059e-01 4.241016586960387746e-01 -2.748407026488921545e-01 1.666186084459778227e+00
-1.321739598250875058e-01 7.715030421620082679e-01 6.134080045820471394e-01 -1.050891059700958807e-01 3.149458137428268190e-01 -1.582306462882875076e-01 2.334866577347546546e+00
-1.053233916828642813e-01 7.984742044720138932e-01 5.876541104188147679e-01 -7.751499509819832767e-02 -1.205098423687963605e-01 -1.276501582491963160e-01 1.939096308415377168e+00
-9.925365366065466710e-02 8.465020715430415787e-01 5.194927971215351770e-01 -6.091131953252855447e-02 -3.083232618389787349e-01 -2.044372741449653474e-01 1.768178093344717317e+00
-7.408835205878624985e-02 8.465206489333063633e-01 5.251676781612313327e-01 -4.596321174035550988e-02 -5.128536830964084414e-01 -9.468802362275161033e-02 1.582655805060800835e+00
-4.922192004070814059e-02 9.401067916981765693e-01 3.368462197322474316e-01 -1.763652580758999500e-02 -8.106157465409954410e-01 -8.115615784028626378e-02 1.311618033295036900e+00
-2.383226699393134196e-01 7.179285975120476282e-01 6.207414042744903160e-01 -2.060605320936428897e-01 1.549529777757635340e+00 -2.264837611302020492e-01 1.969735059881519090e+00
-7.375483718547760914e-02 9.022604162790376359e-01 4.234245280590765437e-01 -3.461263130230975149e-02 -6.216597556567916572e-01 -1.663967842109546902e-01 1.483509205413011456e+00
-2.696356337137171266e-01 7.025876372794203073e-01 6.148128936027901226e-01 -2.359498735615003229e-01 1.841009386489454336e+00 -2.346365911074855537e-01 1.701723957431638956e+00
-2.716510242695714950e-01 7.082312886054169532e-01 6.084049843812824321e-01 -2.333613889091653015e-01 1.835875701413611338e+00 -2.868238823347221134e-01 1.706667903445671319e+00
-3.410126197769156042e-01 6.666633615904193899e-01 5.900594595940055198e-01 -3.018280795576791520e-01 1.876904367631546222e+00 -2.064422399497523875e-01 6.104212110972715433e-01
-7.382027937348800695e-02 9.696840320225881271e-01 2.322730563615420796e-01 -1.768252476611220994e-02 -8.025506347030862964e-01 -2.368383824943841309e-01 1.319264808174498205e+00
-1.516849105741864545e-01 8.696063845630712663e-01 4.628795826737890362e-01 -8.073980291642859908e-02 -1.700400354288246207e-01 -4.113256279282072603e-01 1.290673984828492271e+00
-7.923052581920260462e-02 9.900880578880945082e-01 1.155966700031868660e-01 -9.250475121210374393e-03 -8.960293751811755358e-01 -2.800920215428994720e-01 1.234192459959695620e+00
-2.791664794902966595e-01 7.189013186492952956e-01 5.934181666152039680e-01 -2.304383872195519267e-01 1.141215749262329382e+00 -2.674384798415631037e-01 9.018190140262378751e-01
-1.651681529764476575e-01 8.164266213292558083e-01 5.423366138722109930e-01 -1.097180499319468233e-01 1.196511084179020523e-01 -3.243003629129285192e-01 1.391666375170846015e+00
-1.022180234213336397e-01 9.201993861759741877e-01 3.755584864322711880e-01 -4.171796540937183079e-02 -5.151985286486154836e-01 -3.464545095685674925e-01 1.580317630457940714e+00
-1.026671673786627020e-01 9.560057566111833660e-01 2.732242498716085377e-01 -2.934204067234155028e-02 -6.605931102592871307e-01 -3.948109426356241070e-01 1.448266921196698087e+00
-3.387739365791427315e-01 6.844601770023864828e-01 5.785694213460093049e-01 -2.863632495203893291e-01 1.533454783406684285e+00 -2.820662402562978954e-01 4.781658380230664473e-01
-2.403849791587086282e-01 7.924645930892479928e-01 5.364129613530825846e-01 -1.627146747751290479e-01 5.122160963830130198e-01 -4.587199984216558946e-01 9.535148470285059741e-01
-2.883596238241745158e-01 7.782933483144119924e-01 5.230263045553384949e-01 -1.937825483904790924e-01 7.419429517033057087e-01 -5.642170803494516163e-01 7.072924846663133369e-01
-1.502113898308733153e-01 8.732043196206528135e-01 4.569165744486646252e-01 -7.860024526048192683e-02 -1.846012350136766456e-01 -4.183394641209220444e-01 1.309085039908894244e+00
-3.486337851899637408e-01 6.932277671050643963e-01 5.635329474316705944e-01 -2.834084753454257366e-01 1.237988749406957467e+00 -3.210080239905024335e-01 2.165755074696120719e-01
-3.128021346331687491e-01 9.014846604218849091e-01 2.826032820739794449e-01 -9.805925022141871727e-02 -4.313440747865356917e-01 -6.679306632627373119e-01 -2.237164377985754182e-01
-2.319946601920824525e-01 7.965830461747313018e-01 5.359739691880448520e-01 -1.560955878369364169e-01 4.663567420753654824e-01 -4.498355164959004782e-01 1.002620152601686021e+00
-2.563991716346735172e-01 7.868438445304160034e-01 5.337472154128939383e-01 -1.739256713329852544e-01 5.927572972480515956e-01 -4.872989870699058201e-01 8.671959294733670998e-01
-1.861509474018327170e-01 8.449401379485464991e-01 4.896788467435455039e-01 -1.078824133805071778e-01 1.947842840112834484e-02 -4.370644143485604705e-01 1.049996178748358711e+00
-1.097644146389623043e-01 9.848863657136220917e-01 1.331555240034479892e-01 -1.484002485666720966e-02 -8.305305243781938573e-01 -4.581453019608300314e-01 1.293717994895673185e+00
-2.906258602456174289e-01 7.549500160479379884e-01 5.486192190289688186e-01 -2.111966740688809574e-01 8.152186734930616518e-01 -4.431400629468192909e-01 6.286808809883990268e-01
-3.105628253461514277e-01 7.488485757072254057e-01 5.408078997055639769e-01 -2.242841006186846453e-01 9.105034342271863812e-01 -4.865748883597313945e-01 5.266726653432229899e-01
-3.422247708667390254e-01 7.198278391370623863e-01 5.454253154763929468e-01 -2.593093007316793486e-01 1.115469176376768790e+00 -4.483747157888817725e-01 3.068798205165159665e-01
-3.680956646160908341e-01 7.030135699177061381e-01 5.390794369324002355e-01 -2.822602750637205893e-01 1.268348552251488126e+00 -4.633056978258626168e-01 1.466774722519297303e-01
-1.411952957664696917e-01 9.518833708904618218e-01 2.690523927675164129e-01 -3.990922978090077206e-02 -6.002677776246208019e-01 -5.000696285476015079e-01 1.017607123816134385e+00
-1.553536452948560687e-01 9.290817212168798189e-01 3.310706593158815325e-01 -5.535899867616411729e-02 -4.709998165594652120e-01 -4.987920508879261083e-01 9.373208265045944731e-01
-3.989803435649253993e-01 6.988804239152576203e-01 5.155243378673105559e-01 -2.943051062814149854e-01 1.399982544018804731e+00 -5.954205289899037190e-01 2.023354687664236096e-03
-2.496153643457755533e-01 8.234232575155209233e-01 4.876600454992712219e-01 -1.478309469925113973e-01 4.602182153411283894e-01 -6.534144814749548447e-01 1.009555183468229922e+00
-1.768830252028018302e-01 9.026637249335540680e-01 3.849923680482458255e-01 -7.544184269216867855e-02 -3.253006104681296362e-01 -4.987321772289142752e-01 8.035623344094566800e-01
-1.382427055353717127e-01 9.751238354020345112e-01 1.715544826704822057e-01 -2.432117334236895065e-02 -7.628163249039966454e-01 -4.989633056765098162e-01 8.893984854570280429e-01
-3.607098834030820211e-01 7.360831130433003189e-01 5.143374272109513257e-01 -2.520457134684866984e-01 1.138888378247759015e+00 -6.368457131534092097e-01 2.842844859909634536e-01
-1.948884880686309884e-01 8.920736748214102008e-01 3.983101581856090534e-01 -8.701754877668713140e-02 -2.775853779527759357e-01 -4.995581537667944660e-01 6.260024962421668615e-01
-3.162175639095575197e-01 7.668250876730177135e-01 5.163747078988862871e-01 -2.129387194305284448e-01 4.911365169275473397e-01 -4.585969092465843611e-01 1.368426870378975924e-01
-1.384657491113501782e-01 9.878635336743762929e-01 6.969535269194833405e-02 -9.768980118311957478e-03 -9.053656644892411620e-01 -4.989340093164768009e-01 7.961130955762396599e-01
-1.724965028530533462e-01 9.531640792099869142e-01 2.444704516402303740e-01 -4.424243304867127302e-02 -6.429807298979620667e-01 -4.990218214917946371e-01 4.850356484712468053e-01
-3.919981288217474491e-01 7.144422872669990987e-01 5.081183064010301731e-01 -2.787928834548978330e-01 1.322797675171842879e+00 -6.606607777586600561e-01 8.504094932037831178e-02
-1.626290637922017945e-01 9.633385723142368073e-01 2.104018457680697507e-01 -3.551965651620439535e-02 -7.012310152385877737e-01 -4.989749009897248566e-01 5.601985864914482693e-01
-2.839789439714444641e-01 8.171471252057130874e-01 4.738264341377460553e-01 -1.646664673247406341e-01 6.645290959815064458e-02 -4.633206932311312309e-01 7.061080766859628710e-02
-3.036213331511084523e-01 8.119516964951142279e-01 4.669660663279855406e-01 -1.746173574202083134e-01 4.918013220215600168e-02 -4.633438986850109131e-01 -8.726156111703153861e-02
-3.865270609859647877e-01 7.390568943324552498e-01 4.888908814708424200e-01 -2.556901329341456641e-01 1.220794019711018752e+00 -7.974662333582007712e-01 1.945047072216483652e-01
-2.806990967881753396e-01 8.471267793349777087e-01 4.283024526109855956e-01 -1.419198572549480730e-01 -1.699550438331659530e-01 -4.634163527735699617e-01 -9.995704372298486184e-02
-2.310264044441602549e-01 8.985181732497601326e-01 3.614613269506097848e-01 -9.293869973601753820e-02 -1.528540312148074509e-02 -8.772125865565926217e-01 1.094769869953321928e+00
-3.453061012676024166e-01 7.713074467675543611e-01 4.879780947164411575e-01 -2.184625781803294087e-01 2.874671493708172987e-01 -4.634824246265877301e-01 -2.099149084750928651e-01
-3.290429793317648510e-01 7.883928657159988695e-01 4.796754987810761817e-01 -2.001969602909012547e-01 1.791210918931925855e-01 -4.634060659269986227e-01 -1.691115978603916492e-01
-3.661519367958812610e-01 7.728354760603015627e-01 4.684106662866406867e-01 -2.219223599193581309e-01 1.694050795529041809e-01 -4.634159972985304465e-01 -4.023947495519226702e-01
-1.886033284864976067e-01 9.682378352809799527e-01 1.611188954805085893e-01 -3.138439633571400017e-02 -6.063456037067050941e-01 -9.952669575237457211e-01 1.497750538189748903e+00
-1.709478739159429328e-01 9.852540612768040384e-01 7.054155478221032539e-03 -1.223941040863768407e-03 -9.832134580989183581e-01 -7.971551834323725716e-01 1.155127178972872981e+00
-3.370474975989779520e-01 8.085756813025523071e-01 4.451638885861004535e-01 -1.855625615992685107e-01 -3.528317072905140517e-02 -4.632986921877600972e-01 -3.513277408223196563e-01
-2.301466597689574567e-01 9.221685895161816360e-01 3.016146323246672867e-01 -7.527430554036057542e-02 -1.380308539490940900e-01 -1.027064642586946963e+00 1.250892149627296002e+00
-4.275951124791981250e-01 7.191778893174186615e-01 4.707514457828190779e-01 -2.798904421273262777e-01 1.438157181661595452e+00 -9.178185184623016690e-01 -3.454280929035746794e-02
-2.839642024645706586e-01 8.651232233269088301e-01 3.928127737120479801e-01 -1.289351192955867642e-01 -2.997181983263069727e-01 -4.640948513877337644e-01 -2.207131378721374215e-01
-4.110245572556835980e-01 7.320917894222656042e-01 4.736819429762548772e-01 -2.659433061603815318e-01 1.330562034029485474e+00 -9.003487264212269858e-01 7.695666738386841566e-02
-1.833388330805215405e-01 9.794732256539392390e-01 8.234969213236424668e-02 -1.541430236646627178e-02 -8.162305109441573281e-01 -9.205313217072949028e-01 1.307153507791497971e+00
-3.219529841712164830e-01 8.307896850193857707e-01 4.233439315671089775e-01 -1.640569744141991970e-01 -1.578872979332723858e-01 -4.641641040108022143e-01 -3.421693372609981854e-01
-4.180854247900909204e-01 7.901030274520222108e-01 3.962138398840074904e-01 -2.096577608237013002e-01 8.995478028548361538e-01 -1.270046230814658506e+00 1.307852598298844260e-01
-2.001895606658536386e-01 9.683687405459909803e-01 1.458657613141812748e-01 -3.015463165117459113e-02 -6.194831542936204416e-01 -1.078555085469468100e+00 1.485868606664435765e+00
-3.580979502971509687e-01 8.026018007265233178e-01 4.356727946486924075e-01 -1.943847305384852620e-01 -5.998965797655797516e-02 -4.633917042397434072e-01 -4.763547360271902509e-01
-2.537228163303510975e-01 9.178461304235221441e-01 2.942245769684768142e-01 -8.133333663192718332e-02 -7.463217616712936042e-02 -1.145249227926353530e+00 1.170529789814858335e+00
-2.213257093222812666e-01 9.751457593866722506e-01 1.002502543956240548e-02 -2.275347910840116485e-03 -9.706772924343772813e-01 -1.120696633161987199e+00 1.166624322474701492e+00
-3.654649495058829300e-01 8.047200260083705592e-01 4.259561589432684370e-01 -1.934487040071525554e-01 -1.016369898706857011e-01 -4.634094422013937953e-01 -5.331114221970354450e-01
-4.230014920721769101e-01 7.393725898527215845e-01 4.546785690908913824e-01 -2.601255656190883947e-01 1.345924511649577937e+00 -1.039237149022655515e+00 6.429225582839825925e-02
-2.150555946075832225e-01 9.731680843685892590e-01 7.989523597022779589e-02 -1.765565245498004407e-02 -7.832908899999563301e-01 -1.145820545811993663e+00 1.337113971452331684e+00
-2.548190886899604490e-01 9.630447428772176410e-01 8.434448502596168795e-02 -2.231732738203602226e-02 -8.012498463832624651e-01 -9.621227019645678391e-01 4.970543881209115167e-01
-3.745950909527311912e-01 8.186108391354612879e-01 3.958977864649134149e-01 -1.811622326983002296e-01 -1.231163493741275206e-01 -5.467452116057688327e-01 -5.162724913570169161e-01
-2.273768973406813387e-01 9.738063881283514078e-01 9.056906654308312160e-04 -2.114723583318049672e-04 -9.942968106735746714e-01 -1.151076623010528488e+00 1.145503641065660050e+00
-4.348940357706783666e-01 7.468223880169829743e-01 4.347695931398380953e-01 -2.531776042400329385e-01 1.399594263589936993e+00 -1.215412801665232356e+00 8.473958074261056517e-02
-2.717670577709276891e-01 9.331214022213093484e-01 2.260380491691137694e-01 -6.583247948309410569e-02 -2.682296836711298704e-01 -1.270217001455366201e+00 1.022080534255272122e+00
-3.199608373528181615e-01 8.879280274474866674e-01 3.108986263498262348e-01 -1.120309098753102112e-01 1.329026923307877750e-01 -1.270138255391346949e+00 7.074114479206274897e-01
-2.921001187449193681e-01 9.202657415789199380e-01 2.481612620576736372e-01 -7.876848049408687047e-02 -1.734907823883278244e-01 -1.270200232996869349e+00 8.404566025780570993e-01
-3.464426068826963467e-01 8.713521460851546552e-01 3.228685710509031082e-01 -1.283699477162183467e-01 -1.510737077496782099e-01 -8.392340693442348343e-01 -1.049412289524926933e-01
-3.597056487427954252e-01 8.540918010415986528e-01 3.462316012747831961e-01 -1.458174198603937877e-01 -4.157486316482239541e-02 -8.392879527615444424e-01 -1.393641898384021527e-01
-4.221033155256659342e-01 7.805296349889923047e-01 4.055797649712944430e-01 -2.193338418302568649e-01 1.018384010576389720e+00 -1.270270577199881679e+00 1.319594789162985560e-01
-4.359969099507139956e-01 7.757160925397060813e-01 3.977384048253441717e-01 -2.235517828498573834e-01 9.723894120233992355e-01 -1.270179746410599053e+00 -3.221050191274610341e-03
-3.816412903877348661e-01 8.447558745447307782e-01 3.418795280809341919e-01 -1.544533138929343186e-01 -4.376860753644207236e-02 -8.392978481706637739e-01 -2.720800684434430128e-01
-4.473269645473530454e-01 7.551080647673990009e-01 4.123560940896670579e-01 -2.442802672734707969e-01 1.205979144729981023e+00 -1.270165139766721518e+00 -4.466193659841510843e-02
-3.910588499433697018e-01 8.268864957895858403e-01 3.653461049512737313e-01 -1.727828769256992414e-01 8.423667011198598953e-02 -8.392622973251270269e-01 -2.789644961966042391e-01
-2.809001884691167961e-01 9.566906111239931176e-01 7.331298716801734616e-02 -2.152590573512061858e-02 -8.048426317493080351e-01 -1.099324619863863983e+00 4.804786927737869640e-01
-2.647491694137965590e-01 9.630906365582596607e-01 4.688487292483742991e-02 -1.288843510023184730e-02 -8.834422699997567241e-01 -1.015385076194714298e+00 4.817111560866031983e-01
-4.607360343172840489e-01 7.474337065383667156e-01 4.074209562150993835e-01 -2.511440332730901503e-01 1.198585983145367351e+00 -1.270179385884193657e+00 -1.653524065656231112e-01
-4.143353711002086270e-01 8.191782407881219585e-01 3.538851863667074604e-01 -1.789929745680842177e-01 4.896645021165324518e-02 -8.392169169354588565e-01 -4.224871189821306494e-01
-2.793613245986931726e-01 9.599557981134362317e-01 -2.018902617939723546e-02 5.875304995207325000e-03 -1.056265165972577691e+00 -1.270109556760127933e+00 7.487147898609822771e-01
-4.737867074940991796e-01 7.341669226782325808e-01 4.086354423829732796e-01 -2.637084766850444906e-01 1.286155177469438637e+00 -1.270224951708990746e+00 -2.645704441983114386e-01
-3.161524970538666102e-01 9.165642545647959549e-01 2.314787792837427194e-01 -7.984447759233723185e-02 -2.330668767167496380e-01 -1.270241166144022049e+00 5.749562844620996760e-01
-3.187320984402597368e-01 9.287483230029023318e-01 1.790543501611465971e-01 -6.144869104817859279e-02 -4.299302905828408239e-01 -1.270104726847240739e+00 4.806177339153412387e-01
-3.564886198282525842e-01 8.821555204174763576e-01 2.853436494157698400e-01 -1.153104655614977381e-01 -2.854924015413370375e-01 -8.391674342196416836e-01 -2.217893256007750225e-01
-3.871084759491364991e-01 8.585379686215718342e-01 3.065250529030840720e-01 -1.382098991615405836e-01 -1.911193410441840435e-01 -8.391778143605025386e-01 -3.552225994198212611e-01
-3.519091380556624293e-01 9.287896486607117863e-01 1.086912483505178550e-01 -4.118203037294751456e-02 -8.448984184494859884e-01 -4.945517227493069212e-01 -7.358662348400950570e-01
-4.601746120657472239e-01 7.738561838484989686e-01 3.740477515266868447e-01 -2.224279944328211023e-01 7.886486783321488003e-01 -1.270166354005459963e+00 -2.407056793800390615e-01
-4.527092369172958652e-01 7.990386356895130548e-01 3.442968568085191805e-01 -1.950673726612815739e-01 5.010846926739925822e-01 -1.270147554120581113e+00 -2.441467715946368244e-01
-4.830815978915684594e-01 7.414346059309471215e-01 3.902139858884914880e-01 -2.542438595592159678e-01 1.063816436598287396e+00 -1.270161456970317460e+00 -3.750033233586222980e-01
-4.176952937258238130e-01 8.327029639049635668e-01 3.249193967900995128e-01 -1.629840516515173032e-01 -9.061300636367453087e-02 -8.391030487023003470e-01 -4.809757125287261736e-01
-3.502254041679452867e-01 9.113120128094720496e-01 2.020476576253182888e-01 -7.764873233137987996e-02 -3.366642354236516477e-01 -1.270167190892517839e+00 2.527562243579410950e-01
-4.799965904706988140e-01 7.562772355792914958e-01 3.753572359192097196e-01 -2.382329983947223395e-01 8.672716894622135575e-01 -1.270036385908245968e+00 -3.779497938764835308e-01
-3.185142361833874225e-01 9.469096920317353616e-01 -4.143067325774493076e-02 1.393613283114632749e-02 -1.053501027753210861e+00 -5.025798641086690610e-01 -6.217746140361727347e-01
-3.479948198329695930e-01 9.195811638237257890e-01 1.705942806250417276e-01 -6.455757064857220451e-02 -4.528556568775040647e-01 -1.270172536434521549e+00 2.374850419772880361e-01
-3.394218949407269426e-01 9.391309205776952052e-01 4.999405518606722665e-02 -1.806891518020499812e-02 -9.284111564440473696e-01 -4.944671742038985185e-01 -7.052814033097374313e-01
-3.959488455772707249e-01 8.748020546739465608e-01 2.543479026060060932e-01 -1.151217671172297813e-01 -1.855587499812311192e-01 -1.131821528564513457e+00 -1.501157877945999974e-01
-3.349194313221597885e-01 9.421702128746222149e-01 1.131723744824673049e-02 -4.023012698246960540e-03 -9.813391088303875520e-01 -4.944567129327002153e-01 -6.927402457113089884e-01
-5.057371424896615064e-01 7.426721474375945764e-01 3.628071870515903741e-01 -2.470606588482589516e-01 8.195286904070216982e-01 -1.270114566238462750e+00 -5.723152196842544726e-01
-4.172531173186992404e-01 8.562852843383654822e-01 2.736649875056917924e-01 -1.333522498006762536e-01 -8.760187921895956631e-02 -1.131814680962624609e+00 -2.524387844784556911e-01
-4.459398846636568048e-01 8.309252110933116331e-01 2.931660083609993750e-01 -1.573359602169146776e-01 3.252515641991260420e-02 -1.131831795635040327e+00 -3.910373811694165536e-01
-4.836129502657435242e-01 7.793483382952794969e-01 3.385330190156553565e-01 -2.100715996221195481e-01 5.187110797094102166e-01 -1.270027249286186599e+00 -4.515907941510144408e-01
-3.366958790193576023e-01 9.413349824702107460e-01 -2.156069986459735119e-02 7.711812402991065178e-03 -1.026020075403238696e+00 -4.943554017037018466e-01 -6.985168840162101489e-01
-4.704868537074110568e-01 7.993727173253992735e-01 3.220504118397086168e-01 -1.895492324389165539e-01 3.645372035953119427e-01 -1.270000937482214542e+00 -3.887221459598944051e-01
-3.647894083912393559e-01 9.176506989734027897e-01 1.464765091134736796e-01 -5.822812445137880155e-02 -5.330477266710602624e-01 -1.270183817559702444e+00 9.830531879505843840e-02
-4.386544234382743213e-01 8.485263649455063728e-01 2.628965144549058608e-01 -1.359070545551696318e-01 -1.214535573747148600e-01 -1.131711441692897946e+00 -3.818369670735697330e-01
-5.003235696250665221e-01 7.609124120782209122e-01 3.452058525258176469e-01 -2.269835813552565917e-01 6.202221701519271546e-01 -1.270074148435337502e+00 -5.514293270988627205e-01
-4.097826108983447790e-01 8.756332724648761001e-01 2.315268114330738536e-01 -1.083509092966992576e-01 -2.707109772910558654e-01 -1.131689908299032821e+00 -2.533494072828712529e-01
-3.846065598668664820e-01 9.066798572627446928e-01 1.594773787532426379e-01 -6.764906656693876752e-02 -4.829683125088179985e-01 -1.270017891251571385e+00 -2.367340223555225442e-02
-3.790890097535847270e-01 9.198745427474968039e-01 9.302045908737635593e-02 -3.833461204060841648e-02 -8.660484502644026916e-01 -4.942484467770515977e-01 -8.216199216385912107e-01
-3.694507985177182818e-01 9.273961391439957680e-01 5.450691718899379479e-02 -2.171415561294045421e-02 -9.212870227660630018e-01 -4.942125406309626490e-01 -7.991454533959327922e-01
-4.644564212035748874e-01 8.284742738278326746e-01 2.729412139265845472e-01 -1.530153722620541112e-01 -5.296119279223676646e-02 -1.131657769795528123e+00 -5.079544373054067918e-01
-4.138193645260385689e-01 8.951700907233236526e-01 1.503174960619589606e-01 -6.948879474652944199e-02 -5.076792969131184163e-01 -1.269883793863092469e+00 -2.056852488879228336e-01
-3.635437581255006601e-01 9.314084418849566394e-01 1.651377180210022999e-02 -6.445591849707500189e-03 -9.740284326668634529e-01 -4.941965220165404071e-01 -7.842626433776891393e-01
-5.289499902899605921e-01 7.445942870698469829e-01 3.319427142596170222e-01 -2.358077392393115868e-01 5.780076590536230574e-01 -1.269959720208589715e+00 -7.408329905516075620e-01
-4.919427035691176786e-01 8.010134474686413375e-01 2.906864220370652396e-01 -1.785251730787525415e-01 1.861429998081564063e-01 -1.269912610998688018e+00 -5.437835084661196694e-01
-5.053521102339162407e-01 7.814718231616016864e-01 3.072974634895890844e-01 -1.987191566494654060e-01 3.198663002711056302e-01 -1.270009348367290514e+00 -6.094343764298361110e-01
-5.193271070557635705e-01 7.625627639367307253e-01 3.188282335326630412e-01 -2.171311687361055509e-01 4.373859479087894853e-01 -1.270023064066567731e+00 -6.858106019881211601e-01
-4.360779090093364063e-01 8.711288360234813455e-01 2.018842630907121405e-01 -1.010611331756161441e-01 -3.036098309558100672e-01 -1.269855467759664513e+00 -2.995459575764174431e-01
-3.576111242707090132e-01 9.330948392778569689e-01 -3.553615884154891214e-02 1.361932911923926896e-02 -1.045471304475381391e+00 -4.940875245324113374e-01 -7.654000259560247432e-01
-4.639782189041316562e-01 8.449431366697973678e-01 2.332244211770325426e-01 -1.280690342892924494e-01 -1.511118685843031439e-01 -1.269854594620576593e+00 -4.305984944101934886e-01
