10000.000000000 0.000000 0.000000 0.000000 0.000000 0.000000 0.000000 1.000000
10000.033333000 0.002198 -0.001591 0.000675 0.002161 0.003471 -0.001235 0.999991
10000.066666000 -0.005531 -0.002631 -0.000728 0.001950 0.008097 -0.000852 0.999965
10000.099999000 -0.002664 -0.000482 0.000306 0.002349 0.010327 -0.000246 0.999944
10000.133332000 -0.008790 -0.004211 0.004879 0.001207 0.013172 0.001704 0.999911
10000.166665000 -0.017222 -0.002559 0.006807 0.002593 0.015015 0.003956 0.999876
10000.199998000 -0.014985 0.006371 0.008839 0.004241 0.014889 0.004378 0.999871
10000.233331000 -0.009090 0.014606 0.008573 0.003563 0.014840 0.004941 0.999871
10000.266664000 -0.017115 0.015744 0.014197 -0.001823 0.016752 0.007342 0.999831
10000.299997000 -0.018952 0.015506 0.018939 -0.006527 0.017288 0.009638 0.999783
10000.333330000 -0.012691 0.003298 0.025048 -0.011115 0.017945 0.010767 0.999719
10000.366663000 0.009270 0.018735 0.026217 -0.011633 0.017737 0.011202 0.999712
10000.399996000 0.022656 0.023647 0.032900 -0.018487 0.019638 0.011375 0.999572
10000.433329000 0.038127 0.031899 0.032403 -0.030561 0.022068 0.013814 0.999194
10000.466662000 0.039051 0.025721 0.036410 -0.042119 0.025864 0.019687 0.998584
10000.499995000 0.061431 0.020520 0.034371 -0.044027 0.027554 0.023523 0.998373
10000.533328000 0.086105 0.017801 0.024733 -0.042151 0.028299 0.028188 0.998313
10000.566661000 0.105401 0.015239 0.009820 -0.035883 0.026778 0.031286 0.998507
10000.599994000 0.138428 0.019822 -0.007527 -0.028222 0.021907 0.030243 0.998904
10000.633327000 0.172933 0.025589 -0.024038 -0.021603 0.017942 0.027195 0.999236
10000.666660000 0.213570 0.032077 -0.032364 -0.015022 0.016733 0.024226 0.999454
10000.699993000 0.280413 0.042236 -0.046648 -0.010308 0.019555 0.024557 0.999454
10000.733326000 0.326476 0.053873 -0.053578 -0.008948 0.032997 0.028310 0.999014
10000.766659000 0.359749 0.063695 -0.063318 -0.014832 0.049195 0.037307 0.997982
10000.799992000 0.391071 0.058244 -0.066701 -0.020817 0.061031 0.051130 0.996608
10000.833325000 0.407671 0.048752 -0.061895 -0.018360 0.076383 0.064337 0.994831
10000.866658000 0.403308 0.055068 -0.070272 -0.010888 0.091925 0.071316 0.993149
10000.899991000 0.424215 0.059416 -0.077775 -0.007160 0.096210 0.074416 0.992550
10000.933324000 0.454394 0.067272 -0.076521 -0.008461 0.096830 0.072729 0.992604
10000.966657000 0.459273 0.069231 -0.072718 -0.012635 0.097544 0.069368 0.992730
10000.999990000 0.475592 0.063934 -0.057978 -0.015037 0.095356 0.064984 0.993206
10001.033323000 0.491990 0.061991 -0.049106 -0.019971 0.091213 0.055244 0.994097
10001.066656000 0.508160 0.067613 -0.044052 -0.028288 0.085654 0.045391 0.994888
10001.099989000 0.521610 0.056729 -0.034112 -0.040179 0.081185 0.041877 0.995008
10001.133322000 0.540880 0.042840 -0.027525 -0.041477 0.072729 0.039165 0.995719
10001.166655000 0.576872 0.040432 -0.033560 -0.036029 0.064634 0.038509 0.996515
10001.199988000 0.575651 0.038015 -0.036731 -0.027678 0.060831 0.039004 0.997002
10001.233321000 0.603550 0.037349 -0.046978 -0.017268 0.052779 0.036745 0.997781
10001.266654000 0.626042 0.039948 -0.054820 -0.008313 0.045844 0.032636 0.998381
10001.299987000 0.649782 0.044941 -0.065375 -0.003855 0.040993 0.030445 0.998688
10001.333320000 0.706699 0.043995 -0.082278 -0.001499 0.032995 0.028552 0.999046
10001.366653000 0.733772 0.045652 -0.096124 0.000905 0.028598 0.022868 0.999329
10001.399986000 0.772170 0.066270 -0.116406 0.004533 0.018072 0.013756 0.999732
10001.433319000 0.804490 0.083154 -0.132697 0.002983 0.008695 0.007180 0.999932
10001.466652000 0.828420 0.095479 -0.145808 -0.002230 0.006633 0.003575 0.999969
10001.499985000 0.860849 0.101458 -0.164068 -0.005085 0.003886 0.001488 0.999978
10001.533318000 0.871221 0.111393 -0.182438 -0.007688 0.001643 -0.000791 0.999969
10001.566651000 0.883035 0.115755 -0.196162 -0.010643 -0.002575 0.000441 0.999940
10001.599984000 0.883849 0.120803 -0.213105 -0.010830 -0.005207 -0.000063 0.999928
10001.633317000 0.890293 0.124730 -0.229179 -0.009823 -0.008005 -0.000600 0.999920
10001.666650000 0.896237 0.145297 -0.259313 -0.008327 -0.007233 -0.002179 0.999937
10001.699983000 0.885762 0.159262 -0.282092 -0.010373 -0.006322 -0.004004 0.999918
10001.733316000 0.872789 0.168347 -0.303783 -0.012862 -0.009569 -0.004719 0.999860
10001.766649000 0.852055 0.177574 -0.328073 -0.009696 -0.015459 -0.008184 0.999800
10001.799982000 0.836154 0.196039 -0.353664 -0.006324 -0.022385 -0.013245 0.999642
10001.833315000 0.809435 0.218458 -0.384350 -0.007072 -0.026520 -0.016503 0.999487
10001.866648000 0.797846 0.244371 -0.413813 -0.012827 -0.030325 -0.016420 0.999323
10001.899981000 0.773985 0.262442 -0.438483 -0.022636 -0.029915 -0.016051 0.999167
10001.933314000 0.762274 0.269541 -0.458175 -0.030355 -0.031793 -0.014507 0.998928
10001.966647000 0.746404 0.284694 -0.486810 -0.032970 -0.031142 -0.014860 0.998861
10001.999980000 0.731108 0.291233 -0.511927 -0.038006 -0.031431 -0.015551 0.998662
10002.033313000 0.725650 0.294782 -0.536526 -0.038261 -0.032630 -0.016610 0.998597
10002.066646000 0.717929 0.303795 -0.560513 -0.036576 -0.034255 -0.019318 0.998557
10002.099979000 0.711811 0.323788 -0.597636 -0.036201 -0.036563 -0.023423 0.998401
10002.133312000 0.716064 0.339697 -0.625354 -0.035782 -0.037231 -0.024659 0.998361
10002.166645000 0.720921 0.354944 -0.653735 -0.037605 -0.036420 -0.022560 0.998374
10002.199978000 0.735841 0.376323 -0.681224 -0.038739 -0.035577 -0.016700 0.998476
10002.233311000 0.751971 0.401669 -0.711421 -0.040063 -0.032657 -0.015894 0.998537
10002.266644000 0.770785 0.424000 -0.740112 -0.047465 -0.022674 -0.015756 0.998491
10002.299977000 0.785116 0.443973 -0.766985 -0.055852 -0.012163 -0.012052 0.998292
10002.333310000 0.792408 0.449163 -0.788643 -0.071637 -0.001600 -0.001627 0.997428
10002.366643000 0.790478 0.447788 -0.808630 -0.079643 0.005798 0.009263 0.996764
10002.399976000 0.789272 0.453899 -0.829488 -0.074089 0.016199 0.018114 0.996956
10002.433309000 0.798255 0.463089 -0.858531 -0.067683 0.029971 0.026086 0.996915
10002.466642000 0.801101 0.472856 -0.879654 -0.063945 0.045781 0.036626 0.996230
10002.499975000 0.805254 0.489064 -0.903316 -0.063041 0.059528 0.044104 0.995257
10002.533308000 0.790515 0.493793 -0.928447 -0.064409 0.083398 0.059210 0.992668
10002.566641000 0.778176 0.496842 -0.945951 -0.062692 0.094911 0.067313 0.991227
10002.599974000 0.772773 0.499650 -0.963529 -0.059046 0.100329 0.071455 0.990627
10002.633307000 0.777107 0.507708 -0.982492 -0.053427 0.108236 0.075158 0.989839
10002.666640000 0.784845 0.517363 -0.999937 -0.047496 0.120799 0.081391 0.988194
10002.699973000 0.799946 0.523564 -1.014547 -0.046462 0.136265 0.089271 0.985548
10002.733306000 0.809983 0.527670 -1.028196 -0.048032 0.151641 0.101553 0.982031
10002.766639000 0.819999 0.531228 -1.040083 -0.049338 0.162359 0.117575 0.978459
10002.799972000 0.841445 0.537396 -1.057949 -0.045740 0.165953 0.129126 0.976573
10002.833305000 0.866784 0.549171 -1.080625 -0.039157 0.168804 0.135241 0.975542
10002.866638000 0.889194 0.553080 -1.101130 -0.037477 0.168979 0.135993 0.975473
10002.899971000 0.910457 0.569008 -1.121583 -0.038401 0.168284 0.132671 0.976014
10002.933304000 0.930148 0.580917 -1.137935 -0.042355 0.171834 0.132722 0.975225
10002.966637000 0.950227 0.600054 -1.154921 -0.042324 0.177390 0.132935 0.974202
10002.999970000 0.964240 0.613384 -1.163050 -0.047211 0.188178 0.139020 0.971099
10003.033303000 0.980245 0.619046 -1.173021 -0.053355 0.197815 0.151550 0.966982
10003.066636000 0.998381 0.624644 -1.188631 -0.052718 0.205711 0.163710 0.963381
10003.099969000 1.010399 0.630097 -1.202672 -0.048055 0.214335 0.171761 0.960338
10003.133302000 1.018705 0.630081 -1.213829 -0.045413 0.225435 0.177380 0.956898
10003.166635000 1.016009 0.636627 -1.226463 -0.040389 0.239188 0.184562 0.952415
10003.199968000 1.019188 0.637343 -1.235246 -0.038012 0.251755 0.192246 0.947743
10003.233301000 1.015680 0.639672 -1.240335 -0.033998 0.263619 0.197257 0.943631
10003.266634000 1.012272 0.632375 -1.241922 -0.031428 0.275662 0.198660 0.939977
10003.299967000 0.996750 0.630260 -1.242240 -0.026337 0.288050 0.198697 0.936404
10003.333300000 0.979417 0.624287 -1.236620 -0.025362 0.298988 0.199308 0.932866
10003.366633000 0.961496 0.622632 -1.233871 -0.019951 0.305697 0.199243 0.930835
10003.399966000 0.952154 0.615483 -1.233186 -0.018746 0.311457 0.200213 0.928740
10003.433299000 0.937760 0.606594 -1.225298 -0.016806 0.320302 0.200640 0.925671
10003.466632000 0.927485 0.604104 -1.222856 -0.013448 0.328708 0.198993 0.923132
10003.499965000 0.915952 0.599662 -1.219474 -0.012870 0.337385 0.199839 0.919820
10003.533298000 0.907972 0.606706 -1.223557 -0.012910 0.346819 0.200436 0.916174
10003.566631000 0.908078 0.608970 -1.224307 -0.014460 0.356077 0.203066 0.912011
10003.599964000 0.910728 0.613241 -1.229659 -0.015431 0.364417 0.206269 0.907973
10003.633297000 0.914817 0.618605 -1.233477 -0.017480 0.373572 0.209987 0.903352
10003.666630000 0.924858 0.628632 -1.246171 -0.021679 0.379777 0.214700 0.899557
10003.699963000 0.936678 0.637126 -1.255680 -0.028316 0.385315 0.224071 0.894719
10003.733296000 0.953976 0.637200 -1.267732 -0.033046 0.392785 0.234543 0.888604
10003.766629000 0.970595 0.644987 -1.291916 -0.031435 0.406095 0.243476 0.880238
10003.799962000 0.993481 0.659102 -1.323250 -0.029339 0.420782 0.252826 0.870724
10003.833295000 1.008081 0.671144 -1.352594 -0.026531 0.433439 0.261559 0.861983
10003.866628000 1.020416 0.681024 -1.374678 -0.025669 0.443263 0.267974 0.855014
10003.899961000 1.043576 0.692764 -1.402980 -0.025595 0.448120 0.271231 0.851450
10003.933294000 1.065662 0.706672 -1.436919 -0.023220 0.451985 0.273543 0.848731
10003.966627000 1.086193 0.721152 -1.464700 -0.021689 0.456215 0.275147 0.845986
10003.999960000 1.098224 0.740720 -1.484230 -0.018762 0.463334 0.279565 0.840722
10004.033293000 1.115719 0.771037 -1.517417 -0.021400 0.467872 0.283180 0.836927
10004.066626000 1.140090 0.777550 -1.538497 -0.032217 0.474272 0.298207 0.827708
10004.099959000 1.160712 0.788551 -1.559870 -0.035783 0.482195 0.311459 0.818047
10004.133292000 1.181652 0.806240 -1.589387 -0.034013 0.491789 0.318605 0.809615
10004.166625000 1.201206 0.819369 -1.605412 -0.031524 0.508053 0.325479 0.796839
10004.199958000 1.225252 0.837451 -1.635973 -0.033510 0.521720 0.335939 0.783473
10004.233291000 1.247831 0.853739 -1.658087 -0.035490 0.533384 0.348828 0.769779
10004.266624000 1.270595 0.866671 -1.679624 -0.035965 0.544120 0.357304 0.758270
10004.299957000 1.292294 0.888376 -1.705019 -0.036270 0.551835 0.357167 0.752725
10004.333290000 1.316907 0.898392 -1.711862 -0.039377 0.562666 0.354115 0.745962
10004.366623000 1.342861 0.907331 -1.717550 -0.044074 0.567764 0.352201 0.742736
10004.399956000 1.372804 0.919772 -1.731864 -0.047490 0.566791 0.349449 0.744565
10004.433289000 1.405517 0.929774 -1.751934 -0.046562 0.560723 0.343498 0.751952
10004.466622000 1.437575 0.934634 -1.778497 -0.043921 0.553251 0.334268 0.761741
10004.499955000 1.472416 0.940757 -1.818391 -0.041871 0.550561 0.328772 0.766184
10004.533288000 1.500542 0.948027 -1.841062 -0.040742 0.555458 0.329237 0.762502
10004.566621000 1.525615 0.954547 -1.863958 -0.039854 0.558089 0.335661 0.757813
10004.599954000 1.550008 0.964924 -1.888713 -0.034934 0.556136 0.334878 0.759835
10004.633287000 1.574370 0.977708 -1.919193 -0.030701 0.553324 0.326477 0.765704
10004.666620000 1.605177 0.992667 -1.957144 -0.025626 0.548279 0.320270 0.772115
10004.699953000 1.625578 1.009704 -1.984053 -0.024129 0.539418 0.315560 0.780300
10004.733286000 1.645826 1.026209 -2.013279 -0.027082 0.528397 0.304455 0.792067
10004.766619000 1.665845 1.044069 -2.042831 -0.030677 0.517159 0.289840 0.804735
10004.799952000 1.691502 1.056171 -2.071394 -0.037569 0.504837 0.282757 0.814725
10004.833285000 1.715534 1.060374 -2.095111 -0.044348 0.496813 0.273383 0.822479
10004.866618000 1.733763 1.073717 -2.114741 -0.045381 0.486584 0.262648 0.831981
10004.899951000 1.754119 1.082239 -2.132353 -0.043992 0.473107 0.260786 0.840372
10004.933284000 1.777094 1.087376 -2.145426 -0.039529 0.456595 0.256320 0.851034
10004.966617000 1.799903 1.095460 -2.161382 -0.032883 0.440851 0.250218 0.861371
10004.999950000 1.831241 1.103185 -2.176037 -0.032244 0.428485 0.243518 0.869517
10005.033283000 1.857063 1.109496 -2.175576 -0.035587 0.420658 0.237006 0.874990
10005.066616000 1.889454 1.111436 -2.174453 -0.040704 0.412001 0.223078 0.882516
10005.099949000 1.922526 1.115784 -2.172779 -0.040132 0.402752 0.205403 0.891061
10005.133282000 1.967274 1.122532 -2.168833 -0.044766 0.386372 0.191109 0.901216
10005.166615000 2.006356 1.117639 -2.171851 -0.056053 0.366785 0.187469 0.909495
10005.199948000 2.038360 1.116113 -2.176084 -0.057287 0.351976 0.183293 0.916098
10005.233281000 2.069331 1.121087 -2.183504 -0.057227 0.337703 0.184246 0.921268
10005.266614000 2.098413 1.119812 -2.187509 -0.056017 0.320144 0.185079 0.927424
10005.299947000 2.119427 1.119189 -2.191012 -0.050322 0.301332 0.184069 0.934230
10005.333280000 2.150851 1.129534 -2.203884 -0.049250 0.279852 0.177421 0.942220
10005.366613000 2.196657 1.148144 -2.221171 -0.055347 0.250214 0.165056 0.952411
10005.399946000 2.234609 1.155955 -2.239448 -0.057664 0.232399 0.154190 0.958588
10005.433279000 2.267462 1.162923 -2.260137 -0.055754 0.214042 0.138081 0.965407
10005.466612000 2.305447 1.180437 -2.288519 -0.051143 0.192345 0.114393 0.973294
10005.499945000 2.339481 1.195890 -2.312340 -0.053916 0.177965 0.098730 0.977586
10005.533278000 2.377109 1.203316 -2.333437 -0.054320 0.165142 0.088279 0.980808
10005.566611000 2.412672 1.208731 -2.352439 -0.053187 0.153739 0.079702 0.983455
10005.599944000 2.451256 1.208624 -2.367295 -0.053065 0.140627 0.076940 0.985641
10005.633277000 2.488976 1.210908 -2.378887 -0.045543 0.129384 0.074780 0.987721
10005.666610000 2.536129 1.216136 -2.387740 -0.039536 0.113133 0.069183 0.990380
10005.699943000 2.585076 1.227744 -2.388537 -0.036022 0.100661 0.056306 0.992673
10005.733276000 2.627079 1.235547 -2.384441 -0.039003 0.092636 0.041181 0.994083
10005.766609000 2.660614 1.241930 -2.377921 -0.043812 0.090173 0.022126 0.994716
10005.799942000 2.687428 1.257825 -2.373132 -0.052482 0.088673 0.014070 0.994578
10005.833275000 2.740470 1.246999 -2.364314 -0.071785 0.076771 0.007457 0.994433
10005.866608000 2.772061 1.242211 -2.361831 -0.078732 0.071209 0.009920 0.994300
10005.899941000 2.810994 1.231855 -2.362450 -0.080805 0.061527 0.014551 0.994723
10005.933274000 2.851645 1.228607 -2.366280 -0.074839 0.050759 0.014784 0.995793
10005.966607000 2.886562 1.229281 -2.370605 -0.067598 0.041761 0.011813 0.996768
10005.999940000 2.933624 1.232997 -2.377484 -0.065134 0.029218 0.009634 0.997402
10006.033273000 2.977913 1.236328 -2.383998 -0.065482 0.015640 0.008277 0.997697
10006.066606000 3.024602 1.235176 -2.391128 -0.064272 0.006094 0.004346 0.997904
10006.099939000 3.078052 1.242764 -2.403118 -0.056642 -0.002209 -0.004269 0.998383
10006.133272000 3.139609 1.246023 -2.416802 -0.050080 -0.010000 -0.015396 0.998576
10006.166605000 3.197595 1.247436 -2.425241 -0.047700 -0.004608 -0.013840 0.998755
10006.199938000 3.278956 1.230130 -2.426698 -0.043489 0.004812 -0.000933 0.999042
10006.233271000 3.336971 1.232520 -2.429991 -0.035855 0.006612 0.007990 0.999303
10006.266604000 3.386740 1.229612 -2.426563 -0.034881 0.009318 0.018713 0.999173
10006.299937000 3.430096 1.228204 -2.416889 -0.033343 0.009610 0.027519 0.999019
10006.333270000 3.473780 1.227901 -2.408002 -0.032370 0.008004 0.031621 0.998944
10006.366603000 3.508877 1.215657 -2.389318 -0.033246 0.011744 0.033941 0.998802
10006.399936000 3.552626 1.212666 -2.368670 -0.026727 0.013677 0.031661 0.999048
10006.433269000 3.591716 1.211607 -2.346003 -0.023619 0.014902 0.025734 0.999279
10006.466602000 3.634035 1.202166 -2.318241 -0.023403 0.013494 0.018385 0.999466
10006.499935000 3.656776 1.200237 -2.293796 -0.030205 0.011861 0.019009 0.999293
10006.533268000 3.690483 1.172454 -2.263941 -0.033540 0.004157 0.015067 0.999315
10006.566601000 3.729649 1.160140 -2.244849 -0.025802 0.000403 0.009685 0.999620
10006.599934000 3.758093 1.149399 -2.226196 -0.025651 -0.003298 0.011235 0.999602
10006.633267000 3.794230 1.130581 -2.204778 -0.024771 -0.015054 0.012763 0.999498
10006.666600000 3.832946 1.116058 -2.185681 -0.022013 -0.029038 0.008516 0.999300
10006.699933000 3.868230 1.114803 -2.167556 -0.018272 -0.044066 0.003207 0.998856
10006.733266000 3.929397 1.112369 -2.139331 -0.023871 -0.068506 -0.008585 0.997328
10006.766599000 3.969781 1.103647 -2.118894 -0.032339 -0.080721 -0.017000 0.996067
10006.799932000 4.014062 1.092710 -2.099339 -0.040202 -0.091031 -0.020926 0.994816
10006.833265000 4.054457 1.068022 -2.072803 -0.050130 -0.100888 -0.022687 0.993375
10006.866598000 4.088890 1.074766 -2.055093 -0.048413 -0.113375 -0.028859 0.991952
10006.899931000 4.121997 1.069426 -2.033320 -0.062933 -0.127945 -0.030685 0.989307
10006.933264000 4.155542 1.056143 -2.002558 -0.074741 -0.140785 -0.032831 0.986669
10006.966597000 4.181318 1.048685 -1.972504 -0.081263 -0.145962 -0.038718 0.985186
10006.999930000 4.208433 1.036805 -1.934323 -0.088403 -0.147351 -0.045447 0.984077
10007.033263000 4.236316 1.023923 -1.891391 -0.092298 -0.147577 -0.057327 0.983064
10007.066596000 4.254879 1.010522 -1.849458 -0.092755 -0.147909 -0.073465 0.981897
10007.099929000 4.269551 1.001150 -1.814838 -0.094179 -0.155107 -0.086553 0.979582
10007.133262000 4.284312 0.971795 -1.778472 -0.099952 -0.165540 -0.098525 0.976165
10007.166595000 4.317178 0.943289 -1.741917 -0.082762 -0.174578 -0.103920 0.975640
10007.199928000 4.345453 0.930075 -1.722120 -0.077438 -0.180730 -0.099615 0.975406
10007.233261000 4.374089 0.911371 -1.697474 -0.076337 -0.188966 -0.095769 0.974317
10007.266594000 4.407171 0.897936 -1.674652 -0.073840 -0.201671 -0.092616 0.972265
10007.299927000 4.441672 0.890626 -1.653452 -0.072055 -0.213007 -0.090307 0.970196
10007.333260000 4.488301 0.874223 -1.625039 -0.073537 -0.225605 -0.093093 0.966969
10007.366593000 4.531227 0.863526 -1.602667 -0.070204 -0.233701 -0.097223 0.964885
10007.399926000 4.582415 0.853294 -1.582823 -0.064327 -0.245269 -0.103117 0.961807
10007.433259000 4.638888 0.845196 -1.560359 -0.061814 -0.253922 -0.110840 0.958862
10007.466592000 4.691836 0.829746 -1.534253 -0.066653 -0.252068 -0.112703 0.958810
10007.499925000 4.730889 0.799988 -1.506768 -0.068012 -0.248992 -0.107682 0.960095
10007.533258000 4.782304 0.790718 -1.484273 -0.068401 -0.251046 -0.102868 0.960060
10007.566591000 4.823074 0.775086 -1.453947 -0.074102 -0.252491 -0.098080 0.959759
10007.599924000 4.861474 0.763048 -1.424793 -0.075446 -0.254967 -0.095494 0.959261
10007.633257000 4.899585 0.752046 -1.390735 -0.076489 -0.259328 -0.097407 0.957815
10007.666590000 4.927976 0.740841 -1.362830 -0.074509 -0.263460 -0.103807 0.956170
10007.699923000 4.961779 0.730324 -1.329278 -0.067563 -0.270166 -0.122318 0.952619
10007.733256000 4.995699 0.720750 -1.295262 -0.056944 -0.274158 -0.143659 0.949188
10007.766589000 5.031083 0.706723 -1.260741 -0.036392 -0.277800 -0.161688 0.946235
10007.799922000 5.081269 0.689415 -1.223666 -0.030853 -0.281146 -0.175982 0.942887
10007.833255000 5.110574 0.652152 -1.192307 -0.036016 -0.290365 -0.171242 0.940780
10007.866588000 5.143651 0.624558 -1.166475 -0.033107 -0.302067 -0.162802 0.938699
10007.899921000 5.172654 0.604870 -1.139829 -0.026613 -0.308775 -0.163070 0.936674
10007.933254000 5.204820 0.593193 -1.111570 -0.021720 -0.320841 -0.164136 0.932550
10007.966587000 5.240638 0.577531 -1.078794 -0.020247 -0.336079 -0.165326 0.926989
10007.999920000 5.273326 0.563087 -1.051120 -0.021011 -0.346521 -0.167559 0.922717
10008.033253000 5.302954 0.552766 -1.022734 -0.019500 -0.355660 -0.172115 0.918424
10008.066586000 5.340301 0.534827 -0.986910 -0.021399 -0.361396 -0.175380 0.915520
10008.099919000 5.365745 0.506837 -0.951316 -0.026536 -0.369527 -0.178238 0.911579
10008.133252000 5.390802 0.481844 -0.914256 -0.022040 -0.385582 -0.179217 0.904833
10008.166585000 5.411621 0.461425 -0.883353 -0.024623 -0.398129 -0.177955 0.899566
10008.199918000 5.424099 0.451027 -0.855272 -0.024778 -0.410120 -0.176234 0.894500
10008.233251000 5.438315 0.439843 -0.819378 -0.021775 -0.422281 -0.177814 0.888587
10008.266584000 5.440182 0.426034 -0.784466 -0.021312 -0.429867 -0.181403 0.884225
10008.299917000 5.441146 0.412554 -0.748585 -0.020559 -0.434703 -0.184814 0.881167
10008.333250000 5.434668 0.395054 -0.712901 -0.017967 -0.437505 -0.195369 0.877552
10008.366583000 5.426445 0.392788 -0.677814 -0.016119 -0.439344 -0.206696 0.874068
10008.399916000 5.416192 0.385855 -0.647490 -0.021009 -0.440375 -0.219015 0.870437
10008.433249000 5.400103 0.355648 -0.609388 -0.029682 -0.445423 -0.231323 0.864411
10008.466582000 5.392130 0.339508 -0.578861 -0.024077 -0.451708 -0.236513 0.859908
10008.499915000 5.383747 0.302672 -0.529099 -0.025394 -0.461573 -0.238151 0.854160
10008.533248000 5.377807 0.287345 -0.501992 -0.025547 -0.474016 -0.237106 0.847607
10008.566581000 5.375715 0.274380 -0.467575 -0.025606 -0.485809 -0.238527 0.840499
10008.599914000 5.372268 0.254672 -0.427330 -0.030788 -0.495553 -0.241223 0.833841
10008.633247000 5.365619 0.223607 -0.375321 -0.030832 -0.505234 -0.243449 0.827357
10008.666580000 5.367690 0.191889 -0.320239 -0.023735 -0.511895 -0.242345 0.823814
10008.699913000 5.379264 0.175327 -0.271766 -0.012561 -0.511448 -0.239266 0.825237
10008.733246000 5.381319 0.157973 -0.230749 -0.017147 -0.504597 -0.239243 0.829368
10008.766579000 5.370665 0.117102 -0.181064 -0.017983 -0.503276 -0.239779 0.829998
10008.799912000 5.370320 0.107865 -0.143661 -0.009311 -0.508776 -0.239549 0.826847
10008.833245000 5.355688 0.082732 -0.099047 -0.015895 -0.514821 -0.239713 0.822948
10008.866578000 5.331461 0.058039 -0.060001 -0.026029 -0.520386 -0.240853 0.818847
10008.899911000 5.314074 0.046530 -0.026415 -0.025067 -0.524758 -0.241182 0.815985
10008.933244000 5.294737 0.035541 0.007414 -0.022190 -0.527290 -0.241045 0.814476
10008.966577000 5.269203 0.023345 0.041791 -0.022445 -0.525574 -0.239174 0.816128
10008.999910000 5.240424 0.009709 0.075903 -0.019614 -0.521077 -0.238928 0.819150
10009.033243000 5.203557 -0.000304 0.103735 -0.010135 -0.513577 -0.241846 0.823193
10009.066576000 5.166269 -0.016800 0.127757 -0.009534 -0.509340 -0.245186 0.824843
10009.099909000 5.131192 -0.040883 0.159465 -0.005004 -0.507981 -0.245079 0.825752
10009.133242000 5.115289 -0.055401 0.194714 -0.002302 -0.504894 -0.242729 0.828348
10009.166575000 5.087586 -0.079980 0.236992 -0.010762 -0.502097 -0.240420 0.830651
10009.199908000 5.062378 -0.097369 0.269288 -0.016179 -0.503766 -0.237066 0.830516
10009.233241000 5.046078 -0.108767 0.301157 -0.018288 -0.505483 -0.234899 0.830045
10009.266574000 5.031642 -0.119639 0.339759 -0.021617 -0.509386 -0.235763 0.827329
10009.299907000 5.010816 -0.142953 0.383942 -0.025845 -0.513459 -0.241472 0.823033
10009.333240000 5.003308 -0.167354 0.435820 -0.025461 -0.517303 -0.238840 0.821404
10009.366573000 4.997242 -0.183636 0.478011 -0.025251 -0.515962 -0.234168 0.823596
10009.399906000 4.985618 -0.213764 0.528752 -0.033226 -0.509726 -0.233552 0.827363
10009.433239000 4.972755 -0.253184 0.586323 -0.034739 -0.502450 -0.236853 0.830805
10009.466572000 4.966760 -0.269847 0.627346 -0.029304 -0.496503 -0.237718 0.834336
10009.499905000 4.956379 -0.300613 0.692634 -0.037788 -0.499631 -0.236069 0.832594
10009.533238000 4.931268 -0.321757 0.724931 -0.045674 -0.493549 -0.232309 0.836872
10009.566571000 4.922871 -0.339343 0.775856 -0.046285 -0.486822 -0.231688 0.840941
10009.599904000 4.903399 -0.359282 0.821553 -0.047730 -0.478913 -0.229213 0.846065
10009.633237000 4.888125 -0.379881 0.867775 -0.042769 -0.474255 -0.229493 0.848873
10009.666570000 4.879266 -0.388084 0.914770 -0.032233 -0.472299 -0.231001 0.850020
10009.699903000 4.852382 -0.405870 0.958108 -0.027253 -0.467701 -0.232271 0.852387
10009.733236000 4.832038 -0.421173 0.992200 -0.024989 -0.464618 -0.234739 0.853465
10009.766569000 4.808938 -0.456870 1.042866 -0.026040 -0.464849 -0.243033 0.850983
10009.799902000 4.788409 -0.496737 1.094461 -0.021511 -0.461499 -0.235343 0.855085
10009.833235000 4.773716 -0.524783 1.138420 -0.022558 -0.459753 -0.226570 0.858361
10009.866568000 4.759827 -0.546483 1.177162 -0.023806 -0.463151 -0.218925 0.858485
10009.899901000 4.751480 -0.555167 1.206090 -0.023104 -0.464959 -0.216599 0.858117
10009.933234000 4.734630 -0.572000 1.247892 -0.026964 -0.467856 -0.221336 0.855216
10009.966567000 4.721820 -0.585391 1.286030 -0.029489 -0.476418 -0.226293 0.849086
10009.999900000 4.701044 -0.626433 1.342753 -0.029423 -0.482592 -0.233737 0.843567
10010.033233000 4.690489 -0.639148 1.371872 -0.023866 -0.486709 -0.233465 0.841451
10010.066566000 4.674860 -0.660303 1.409643 -0.026408 -0.489723 -0.234176 0.839426
10010.099899000 4.658206 -0.686738 1.453909 -0.022848 -0.503277 -0.237932 0.830409
10010.133232000 4.647422 -0.697338 1.487134 -0.017916 -0.517357 -0.238724 0.821603
10010.166565000 4.620466 -0.721599 1.527303 -0.029541 -0.522911 -0.238188 0.817898
10010.199898000 4.596079 -0.737067 1.554116 -0.036085 -0.528525 -0.234590 0.815063
10010.233231000 4.558817 -0.750546 1.597228 -0.036695 -0.534669 -0.232757 0.811546
10010.266564000 4.525588 -0.757314 1.617990 -0.034548 -0.532660 -0.232804 0.812946
10010.299897000 4.491340 -0.761426 1.640901 -0.027685 -0.530490 -0.236783 0.813479
10010.333230000 4.437074 -0.780874 1.681794 -0.020341 -0.529112 -0.247239 0.811480
10010.366563000 4.337426 -0.792316 1.708550 -0.010601 -0.513275 -0.259664 0.817931
10010.399896000 4.290970 -0.809592 1.731583 -0.006088 -0.521275 -0.261329 0.812369
10010.433229000 4.258052 -0.808308 1.743007 -0.011566 -0.520476 -0.261667 0.812713
10010.466562000 4.212489 -0.825329 1.763541 -0.023073 -0.516711 -0.263932 0.814136
10010.499895000 4.165042 -0.848442 1.797878 -0.028053 -0.516627 -0.264131 0.813968
10010.533228000 4.133077 -0.850496 1.817649 -0.027361 -0.518715 -0.266911 0.811754
10010.566561000 4.095420 -0.853253 1.835456 -0.026235 -0.520678 -0.272151 0.808789
10010.599894000 4.048009 -0.870457 1.862624 -0.024306 -0.523209 -0.274451 0.806436
10010.633227000 4.007409 -0.887444 1.890219 -0.019101 -0.525060 -0.270561 0.806687
10010.666560000 3.957129 -0.905350 1.918737 -0.016157 -0.528592 -0.265383 0.806165
10010.699893000 3.912942 -0.924395 1.928783 -0.023146 -0.531350 -0.262001 0.805287
10010.733226000 3.867090 -0.944138 1.949041 -0.020614 -0.539771 -0.260395 0.800261
10010.766559000 3.845654 -0.935309 1.960585 -0.018643 -0.546611 -0.263004 0.794794
10010.799892000 3.805585 -0.939114 1.968445 -0.031244 -0.550045 -0.270426 0.789522
10010.833225000 3.755585 -0.953507 1.984241 -0.038715 -0.554159 -0.274007 0.785066
10010.866558000 3.725914 -0.960877 2.008578 -0.040232 -0.555734 -0.274654 0.783649
10010.899891000 3.689812 -0.963958 2.022609 -0.040897 -0.551361 -0.273846 0.786980
10010.933224000 3.648944 -0.971669 2.040301 -0.039968 -0.547417 -0.272079 0.790386
10010.966557000 3.613836 -0.967868 2.046489 -0.036771 -0.542950 -0.268924 0.794691
10010.999890000 3.555984 -0.965280 2.041663 -0.038921 -0.537612 -0.267998 0.798521
10011.033223000 3.503068 -0.974753 2.044948 -0.040670 -0.542980 -0.271392 0.793641
10011.066556000 3.472785 -0.978920 2.060249 -0.039620 -0.551511 -0.280486 0.784597
10011.099889000 3.425058 -0.989738 2.059453 -0.036223 -0.547202 -0.287195 0.785351
10011.133222000 3.409847 -0.975926 2.072473 -0.033843 -0.544074 -0.283668 0.788905
10011.166555000 3.353860 -0.983715 2.070895 -0.046953 -0.537592 -0.285235 0.792105
10011.199888000 3.315331 -0.991544 2.082379 -0.052723 -0.539678 -0.281850 0.791535
10011.233221000 3.286542 -0.993931 2.096101 -0.054281 -0.539755 -0.282027 0.791315
10011.266554000 3.249145 -0.994087 2.102002 -0.053688 -0.538080 -0.284661 0.791553
10011.299887000 3.215921 -0.993809 2.110981 -0.052759 -0.538928 -0.286532 0.790362
10011.333220000 3.181257 -0.995686 2.115696 -0.054124 -0.538553 -0.286422 0.790565
10011.366553000 3.149480 -1.008286 2.132982 -0.058041 -0.537992 -0.282756 0.791988
10011.399886000 3.115891 -1.024236 2.148910 -0.062390 -0.536101 -0.278749 0.794356
10011.433219000 3.084801 -1.038934 2.166609 -0.060972 -0.539092 -0.278380 0.792570
10011.466552000 3.065042 -1.036038 2.171237 -0.055297 -0.540862 -0.277471 0.792098
10011.499885000 3.029212 -1.032376 2.163378 -0.058067 -0.533662 -0.280084 0.795855
10011.533218000 2.999032 -1.038810 2.165119 -0.061121 -0.529297 -0.281005 0.798214
10011.566551000 2.979659 -1.035616 2.162641 -0.058391 -0.529378 -0.279361 0.798941
10011.599884000 2.958787 -1.034394 2.159476 -0.057363 -0.529872 -0.279690 0.798573
10011.633217000 2.933979 -1.032276 2.142325 -0.058588 -0.530423 -0.276942 0.799076
10011.666550000 2.914668 -1.033274 2.126522 -0.053520 -0.536323 -0.273753 0.796588
10011.699883000 2.893926 -1.023256 2.103412 -0.045942 -0.543198 -0.270436 0.793529
10011.733216000 2.869484 -1.006341 2.063653 -0.042432 -0.546993 -0.269727 0.791357
10011.766549000 2.839167 -0.993988 2.025055 -0.042636 -0.555472 -0.269685 0.785432
10011.799882000 2.820103 -0.969095 1.988353 -0.038703 -0.567917 -0.272935 0.775551
10011.833215000 2.794370 -0.951080 1.964848 -0.037431 -0.577725 -0.282335 0.764931
10011.866548000 2.771958 -0.925997 1.941931 -0.035094 -0.586283 -0.290317 0.755484
10011.899881000 2.748434 -0.905142 1.913874 -0.036771 -0.590414 -0.299010 0.748767
10011.933214000 2.724282 -0.893573 1.899347 -0.040929 -0.593180 -0.310467 0.741669
10011.966547000 2.699937 -0.876263 1.881722 -0.038986 -0.595981 -0.317218 0.736654
10011.999880000 2.669645 -0.869117 1.868810 -0.040932 -0.596620 -0.323291 0.733384
10012.033213000 2.642525 -0.857994 1.865012 -0.041521 -0.595994 -0.328978 0.731328
10012.066546000 2.612489 -0.850109 1.857363 -0.042871 -0.596599 -0.332409 0.729202
10012.099879000 2.577331 -0.838347 1.847715 -0.044723 -0.598299 -0.331584 0.728073
10012.133212000 2.540128 -0.832214 1.840237 -0.047087 -0.599457 -0.328928 0.728176
10012.166545000 2.493632 -0.826817 1.826546 -0.049771 -0.598644 -0.323052 0.731290
10012.199878000 2.449630 -0.833867 1.814545 -0.057594 -0.595579 -0.315179 0.736635
10012.233211000 2.394657 -0.843520 1.783169 -0.063335 -0.594699 -0.311252 0.738542
10012.266544000 2.370741 -0.831419 1.781324 -0.052010 -0.603947 -0.308322 0.733131
10012.299877000 2.344290 -0.820496 1.773014 -0.049809 -0.603366 -0.318739 0.729297
10012.333210000 2.301631 -0.807649 1.749678 -0.054194 -0.598472 -0.323804 0.730784
10012.366543000 2.273645 -0.795105 1.739296 -0.052251 -0.596787 -0.325780 0.731425
10012.399876000 2.243363 -0.781541 1.720381 -0.050613 -0.592505 -0.326928 0.734503
10012.433209000 2.206857 -0.767301 1.695374 -0.048386 -0.586007 -0.321965 0.742019
10012.466542000 2.174246 -0.751104 1.671041 -0.042994 -0.578598 -0.315548 0.750870
10012.499875000 2.135869 -0.728372 1.642472 -0.040359 -0.569042 -0.307813 0.761455
10012.533208000 2.096190 -0.717132 1.610007 -0.045676 -0.554366 -0.296044 0.776499
10012.566541000 2.055539 -0.710842 1.572756 -0.049878 -0.550680 -0.283298 0.783585
10012.599874000 2.023091 -0.701769 1.544584 -0.052884 -0.545347 -0.275502 0.789873
10012.633207000 1.983311 -0.686165 1.515110 -0.053084 -0.534317 -0.272224 0.798487
10012.666540000 1.938037 -0.671236 1.485388 -0.056555 -0.518159 -0.272412 0.808767
10012.699873000 1.899308 -0.660987 1.466590 -0.067150 -0.504499 -0.274605 0.815820
10012.733206000 1.858483 -0.651427 1.451233 -0.073362 -0.498262 -0.273634 0.819437
10012.766539000 1.818383 -0.634239 1.435380 -0.074782 -0.492800 -0.275663 0.821928
10012.799872000 1.762371 -0.609218 1.415238 -0.076827 -0.491917 -0.277676 0.821591
10012.833205000 1.686319 -0.599814 1.406169 -0.096987 -0.490289 -0.288174 0.816802
10012.866538000 1.667891 -0.595654 1.410876 -0.100345 -0.485772 -0.290965 0.818105
10012.899871000 1.650837 -0.589850 1.415052 -0.102186 -0.481376 -0.292930 0.819773
10012.933204000 1.635934 -0.582663 1.419102 -0.103203 -0.477697 -0.294207 0.821339
10012.966537000 1.621191 -0.574363 1.422459 -0.103020 -0.474708 -0.294722 0.822908
10012.999870000 1.607767 -0.564999 1.425901 -0.101775 -0.472189 -0.294621 0.824547
10013.033203000 1.595825 -0.554893 1.428420 -0.099510 -0.470132 -0.293869 0.826265
10013.066536000 1.583906 -0.542650 1.430775 -0.096338 -0.468012 -0.292689 0.828261
10013.099869000 1.572941 -0.530497 1.432466 -0.092819 -0.466783 -0.291219 0.829873
10013.133202000 1.563786 -0.518203 1.434567 -0.088111 -0.466199 -0.289228 0.831410
10013.166535000 1.546207 -0.493443 1.436079 -0.077869 -0.466000 -0.284262 0.834251
10013.199868000 1.539190 -0.481147 1.436095 -0.072324 -0.466579 -0.281435 0.835385
10013.233201000 1.531495 -0.467575 1.436375 -0.066092 -0.467389 -0.278398 0.836465
10013.266534000 1.525378 -0.455863 1.434467 -0.060783 -0.467968 -0.275671 0.837447
10013.299867000 1.519149 -0.443023 1.434101 -0.055033 -0.469958 -0.272389 0.837804
10013.333200000 1.512944 -0.431241 1.433595 -0.050552 -0.471596 -0.269858 0.837985
10013.366533000 1.507458 -0.421065 1.430496 -0.046704 -0.473193 -0.267547 0.838049
10013.399866000 1.502088 -0.409633 1.428058 -0.042756 -0.474838 -0.265152 0.838090
10013.433199000 1.496575 -0.400579 1.425327 -0.040492 -0.477277 -0.263332 0.837391
10013.466532000 1.491110 -0.392282 1.422183 -0.039648 -0.479272 -0.262151 0.836662
10013.499865000 1.479622 -0.379164 1.413222 -0.042728 -0.482855 -0.262404 0.834368
10013.533198000 1.474367 -0.374647 1.408597 -0.045847 -0.485327 -0.262986 0.832583
10013.566531000 1.468169 -0.370599 1.404015 -0.049876 -0.487490 -0.264368 0.830648
10013.599864000 1.461872 -0.366826 1.398382 -0.054250 -0.489778 -0.266170 0.828449
10013.633197000 1.456037 -0.364589 1.392831 -0.060047 -0.492279 -0.268149 0.825925
10013.666530000 1.449873 -0.361756 1.387113 -0.065337 -0.495219 -0.269959 0.823172
10013.699863000 1.444132 -0.360019 1.381451 -0.070810 -0.498611 -0.271749 0.820076
10013.733196000 1.437301 -0.358306 1.375587 -0.076178 -0.502417 -0.273525 0.816675
10013.766529000 1.431295 -0.356184 1.369750 -0.080672 -0.506762 -0.274858 0.813103
10013.799862000 1.425038 -0.354570 1.363236 -0.085239 -0.511061 -0.275751 0.809637
10013.833195000 1.411931 -0.350395 1.351465 -0.090819 -0.522949 -0.276366 0.801185
10013.866528000 1.405936 -0.347598 1.345939 -0.092927 -0.529534 -0.275827 0.796792
10013.899861000 1.399987 -0.344991 1.340515 -0.094022 -0.536629 -0.274632 0.792317
10013.933194000 1.393763 -0.342101 1.334591 -0.094435 -0.543078 -0.273502 0.788254
10013.966527000 1.387950 -0.337821 1.331247 -0.094487 -0.549664 -0.271869 0.784238
10013.999860000 1.381284 -0.335070 1.325183 -0.094328 -0.555032 -0.270449 0.780960
10014.033193000 1.375300 -0.331297 1.320289 -0.093719 -0.559312 -0.268708 0.778578
10014.066526000 1.369112 -0.328433 1.314467 -0.093500 -0.562463 -0.267273 0.776826
10014.099859000 1.362464 -0.325243 1.307886 -0.093262 -0.563773 -0.266618 0.776129
10014.133192000 1.356628 -0.322965 1.301930 -0.093517 -0.563325 -0.265986 0.776641
10014.166525000 1.345225 -0.318603 1.288429 -0.093888 -0.556167 -0.265954 0.781749
10014.199858000 1.339144 -0.317584 1.281804 -0.094779 -0.548847 -0.267357 0.786323
10014.233191000 1.333953 -0.316425 1.274553 -0.095145 -0.539402 -0.268951 0.792249
10014.266524000 1.327911 -0.315387 1.267823 -0.095324 -0.528212 -0.271571 0.798846
10014.299857000 1.322809 -0.313280 1.261248 -0.094974 -0.515554 -0.274217 0.806219
10014.333190000 1.316729 -0.312375 1.254436 -0.093983 -0.500743 -0.278054 0.814316
10014.366523000 1.310167 -0.309447 1.248148 -0.092796 -0.484815 -0.281998 0.822691
10014.399856000 1.304146 -0.305321 1.242836 -0.089840 -0.468392 -0.285337 0.831337
10014.433189000 1.297455 -0.302228 1.237967 -0.087636 -0.450866 -0.289154 0.839899
10014.466522000 1.291297 -0.295748 1.233682 -0.082559 -0.433653 -0.291636 0.848574
10014.499855000 1.276824 -0.281925 1.227895 -0.072801 -0.399665 -0.294322 0.865068
10014.533188000 1.269700 -0.272454 1.227901 -0.066416 -0.383516 -0.293180 0.873241
10014.566521000 1.263010 -0.261520 1.226712 -0.059554 -0.368006 -0.290494 0.881271
10014.599854000 1.256887 -0.249549 1.230178 -0.053011 -0.354063 -0.285772 0.888911
10014.633187000 1.250947 -0.236515 1.232181 -0.047015 -0.339212 -0.278688 0.897250
10014.666520000 1.244097 -0.224150 1.232092 -0.041787 -0.324123 -0.270182 0.905649
10014.699853000 1.237054 -0.211996 1.229622 -0.037961 -0.307902 -0.258815 0.914751
10014.733186000 1.231023 -0.200282 1.228645 -0.035384 -0.292642 -0.245903 0.923385
10014.766519000 1.226264 -0.187735 1.226130 -0.033087 -0.276349 -0.230783 0.932349
10014.799852000 1.222385 -0.176727 1.222013 -0.033030 -0.259179 -0.214285 0.941179
10014.833185000 1.216209 -0.158284 1.208834 -0.036707 -0.219537 -0.178595 0.958415
10014.866518000 1.214007 -0.149793 1.200779 -0.039676 -0.197321 -0.161036 0.966208
10014.899851000 1.213326 -0.142203 1.190519 -0.043170 -0.173433 -0.143839 0.973328
10014.933184000 1.213590 -0.137310 1.179874 -0.047751 -0.149671 -0.128158 0.979231
10014.966517000 1.213723 -0.130358 1.166281 -0.050192 -0.124384 -0.114159 0.984366
10014.999850000 1.214610 -0.124937 1.153169 -0.053392 -0.099337 -0.101237 0.988450
10015.033183000 1.214992 -0.120443 1.139683 -0.056342 -0.074046 -0.089482 0.991633
10015.066516000 1.216353 -0.115649 1.125624 -0.057776 -0.050805 -0.080429 0.993787
10015.099849000 1.216928 -0.112450 1.112629 -0.059341 -0.028368 -0.072239 0.995216
10015.133182000 1.218387 -0.107576 1.099233 -0.059474 -0.008419 -0.065780 0.996025
10015.166515000 1.222420 -0.098521 1.074965 -0.056380 0.021601 -0.056832 0.996557
10015.199848000 1.224911 -0.094116 1.063649 -0.054302 0.032525 -0.052811 0.996596
10015.233181000 1.227919 -0.089331 1.053515 -0.051180 0.040424 -0.050187 0.996608
10015.266514000 1.230375 -0.084373 1.043872 -0.047611 0.046705 -0.047002 0.996666
10015.299847000 1.233151 -0.080224 1.035124 -0.044199 0.052046 -0.043465 0.996719
10015.333180000 1.236063 -0.076597 1.027776 -0.041278 0.055510 -0.041034 0.996760
10015.366513000 1.239388 -0.072743 1.019804 -0.037184 0.058499 -0.037990 0.996871
10015.399846000 1.242693 -0.067686 1.012436 -0.033622 0.061327 -0.034932 0.996939
10015.433179000 1.246608 -0.064348 1.005275 -0.030649 0.064222 -0.031423 0.996970
10015.466512000 1.250618 -0.060243 0.999703 -0.027452 0.067172 -0.027816 0.996976
10015.499845000 1.262091 -0.052655 0.986942 -0.022713 0.075072 -0.021299 0.996692
10015.533178000 1.267254 -0.049615 0.981296 -0.021233 0.080748 -0.017268 0.996359
10015.566511000 1.272169 -0.046922 0.975666 -0.020083 0.086823 -0.014111 0.995921
10015.599844000 1.277313 -0.043481 0.969558 -0.018851 0.094225 -0.009683 0.995325
10015.633177000 1.281531 -0.040027 0.963324 -0.017930 0.102257 -0.005233 0.994583
10015.666510000 1.285450 -0.036453 0.956108 -0.016834 0.110768 -0.001278 0.993703
10015.699843000 1.288270 -0.032219 0.948262 -0.015476 0.120297 0.003990 0.992609
10015.733176000 1.289644 -0.027439 0.939257 -0.014271 0.130853 0.008871 0.991259
10015.766509000 1.290156 -0.022128 0.928530 -0.012465 0.141155 0.013944 0.989811
10015.799842000 1.289034 -0.016997 0.917035 -0.010787 0.152818 0.020437 0.987984
10015.833175000 1.282808 -0.004126 0.887814 -0.006079 0.176364 0.032264 0.983777
10015.866508000 1.276710 0.003822 0.870773 -0.003031 0.188479 0.038757 0.981307
10015.899841000 1.268745 0.011662 0.853800 0.000681 0.201191 0.045309 0.978503
10015.933174000 1.260300 0.019804 0.835284 0.003769 0.213453 0.051643 0.975580
10015.966507000 1.250735 0.028353 0.816684 0.006617 0.226354 0.058408 0.972270
10015.999840000 1.242303 0.037314 0.797402 0.009863 0.237767 0.064008 0.969161
10016.033173000 1.233159 0.046439 0.778420 0.012244 0.249312 0.069733 0.965832
10016.066506000 1.229882 0.055099 0.758425 0.014183 0.259737 0.075808 0.962595
10016.099839000 1.227299 0.064027 0.738526 0.015633 0.268676 0.081586 0.959642
10016.133172000 1.224967 0.072013 0.721714 0.015968 0.277531 0.086606 0.956672
10016.166505000 1.229716 0.088516 0.691158 0.014398 0.291150 0.095012 0.951839
10016.199838000 1.237037 0.096181 0.678425 0.012267 0.296709 0.098996 0.949744
10016.233171000 1.245766 0.102358 0.666192 0.009143 0.301396 0.102943 0.947882
10016.266504000 1.257919 0.108731 0.654866 0.005972 0.305043 0.106396 0.946358
10016.299837000 1.271196 0.114661 0.643513 0.002533 0.308119 0.109538 0.945017
10016.333170000 1.286315 0.119585 0.633230 -0.001403 0.310860 0.112782 0.943739
10016.366503000 1.301846 0.124390 0.623612 -0.005297 0.313513 0.115980 0.942460
10016.399836000 1.318544 0.129364 0.614591 -0.008971 0.315823 0.118809 0.941307
10016.433169000 1.335790 0.134073 0.604845 -0.012067 0.318354 0.121707 0.940049
10016.466502000 1.351662 0.137773 0.595735 -0.015007 0.320986 0.124544 0.938739
10016.499835000 1.383367 0.144990 0.575178 -0.019475 0.326402 0.129995 0.936047
10016.533168000 1.397504 0.148156 0.564767 -0.021207 0.329755 0.132931 0.934420
10016.566501000 1.411071 0.151366 0.553392 -0.022147 0.333229 0.135627 0.932777
10016.599834000 1.424433 0.154956 0.542610 -0.022985 0.336803 0.138285 0.931081
10016.633167000 1.437262 0.158813 0.530799 -0.023149 0.340435 0.140749 0.929386
10016.666500000 1.450048 0.163573 0.519667 -0.022989 0.344216 0.143133 0.927632
10016.699833000 1.461723 0.169077 0.508532 -0.022192 0.348033 0.145312 0.925886
10016.733166000 1.473843 0.174669 0.496784 -0.021751 0.351473 0.147369 0.924270
10016.766499000 1.485949 0.182265 0.484770 -0.020280 0.354841 0.148872 0.922775
10016.799832000 1.498668 0.191733 0.474837 -0.018503 0.358135 0.150206 0.921322
10016.833165000 1.524553 0.214828 0.453744 -0.014255 0.363142 0.151394 0.919241
10016.866498000 1.537587 0.228065 0.443553 -0.012003 0.365508 0.151781 0.918271
10016.899831000 1.551836 0.242777 0.433977 -0.009487 0.367183 0.151581 0.917666
10016.933164000 1.564655 0.259211 0.425251 -0.006614 0.369672 0.151676 0.916675
10016.966497000 1.578166 0.274413 0.416712 -0.003918 0.372070 0.151797 0.915700
10016.999830000 1.591784 0.289844 0.409911 -0.001508 0.375173 0.152483 0.914326
10017.033163000 1.605223 0.304408 0.402642 0.000778 0.378226 0.153254 0.912939
10017.066496000 1.617890 0.319036 0.397742 0.003382 0.383154 0.154984 0.910583
10017.099829000 1.630655 0.331793 0.391793 0.005532 0.388320 0.157088 0.908020
10017.133162000 1.641510 0.342422 0.388209 0.007147 0.394890 0.160238 0.904618
10017.166495000 1.664282 0.357604 0.382326 0.010100 0.411961 0.169396 0.895260
10017.199828000 1.673398 0.361320 0.381744 0.010991 0.422634 0.175654 0.889047
10017.233161000 1.681547 0.362103 0.382297 0.011562 0.434637 0.182807 0.881781
10017.266494000 1.689157 0.362169 0.384724 0.012592 0.446971 0.189894 0.874070
10017.299827000 1.696066 0.360303 0.388821 0.013519 0.460364 0.198053 0.865250
10017.333160000 1.703070 0.357073 0.393705 0.014659 0.473244 0.205818 0.856425
10017.366493000 1.709569 0.351553 0.401090 0.015226 0.486186 0.214128 0.847078
10017.399826000 1.713801 0.344954 0.410174 0.016343 0.499025 0.222087 0.837487
10017.433159000 1.717342 0.337369 0.421418 0.017449 0.511511 0.229724 0.827816
10017.466492000 1.719717 0.329220 0.434582 0.018588 0.523376 0.236939 0.818286
10017.499825000 1.720581 0.308746 0.469391 0.020410 0.544875 0.250143 0.800077
10017.533158000 1.718673 0.298435 0.490660 0.021806 0.554654 0.255895 0.791455
10017.566491000 1.717311 0.286910 0.512314 0.022302 0.563246 0.261496 0.783503
10017.599824000 1.715311 0.275282 0.536524 0.022996 0.571375 0.266594 0.775841
10017.633157000 1.712327 0.263176 0.560859 0.023530 0.579016 0.271615 0.768383
10017.666490000 1.710102 0.251571 0.586317 0.024013 0.586482 0.276454 0.760944
10017.699823000 1.708788 0.240088 0.610808 0.024316 0.592929 0.281095 0.754208
10017.733156000 1.707449 0.229527 0.635718 0.024732 0.599530 0.285758 0.747191
10017.766489000 1.708193 0.217956 0.659888 0.024485 0.605530 0.290540 0.740487
10017.799822000 1.709443 0.206605 0.681977 0.023745 0.611264 0.295363 0.733862
10017.833155000 1.717808 0.187475 0.720850 0.022195 0.622057 0.305423 0.720603
10017.866488000 1.724985 0.179140 0.738217 0.021509 0.627620 0.310545 0.713577
10017.899821000 1.732935 0.171697 0.753642 0.020332 0.632833 0.316075 0.706544
10017.933154000 1.743705 0.164010 0.767409 0.019062 0.638254 0.322098 0.698943
10017.966487000 1.755988 0.158391 0.779170 0.017513 0.642885 0.327893 0.692010
10017.999820000 1.769034 0.152128 0.789871 0.015933 0.648009 0.334265 0.684177
10018.033153000 1.782751 0.147122 0.800440 0.014580 0.653138 0.340467 0.676226
10018.066486000 1.798031 0.143412 0.808406 0.013050 0.657891 0.346783 0.668394
10018.099819000 1.813866 0.140305 0.817334 0.012130 0.663203 0.352946 0.659881
10018.133152000 1.831282 0.136932 0.824848 0.010554 0.668300 0.360040 0.650872
10018.166485000 1.867486 0.133087 0.839932 0.008148 0.678792 0.373838 0.631997
10018.199818000 1.886367 0.131396 0.848134 0.007491 0.685048 0.381229 0.620740
10018.233151000 1.905900 0.130676 0.854739 0.006304 0.690525 0.388997 0.609768
10018.266484000 1.924771 0.129840 0.861802 0.005729 0.696565 0.396592 0.597895
10018.299817000 1.944355 0.129069 0.868305 0.004875 0.702468 0.404875 0.585313
10018.333150000 1.963896 0.126801 0.875681 0.004026 0.708697 0.413991 0.571266
10018.366483000 1.983456 0.124222 0.881335 0.002952 0.714800 0.424046 0.556091
10018.399816000 2.002311 0.120344 0.887215 0.001670 0.720506 0.434773 0.540223
10018.433149000 2.021859 0.115961 0.892010 0.000592 0.726428 0.446281 0.522624
10018.466482000 2.039986 0.110003 0.897592 -0.000417 0.732100 0.458410 0.503875
10018.499815000 2.076097 0.093747 0.906610 -0.001885 0.742698 0.485045 0.461657
10018.533148000 2.093564 0.083132 0.910701 -0.002448 0.747060 0.499514 0.438613
10018.566481000 2.110284 0.071817 0.913576 -0.002315 0.751068 0.513912 0.414470
10018.599814000 2.127620 0.059319 0.916706 -0.001678 0.754607 0.528860 0.388423
10018.633147000 2.145814 0.047036 0.919308 -0.000103 0.758084 0.543349 0.360668
10018.666480000 2.162989 0.033653 0.921690 0.002382 0.761071 0.557619 0.331401
10018.699813000 2.181636 0.020913 0.923105 0.005793 0.763805 0.571224 0.300452
10018.733146000 2.201178 0.009267 0.924270 0.010322 0.766577 0.583814 0.267236
10018.766479000 2.222237 -0.001518 0.926073 0.016116 0.769674 0.594949 0.231038
10018.799812000 2.243388 -0.011910 0.927187 0.022850 0.772458 0.604256 0.194062
10018.833145000 2.292235 -0.025577 0.929146 0.038879 0.778579 0.616346 0.111451
10018.866478000 2.317945 -0.030360 0.930334 0.047190 0.781615 0.618099 0.069314
10018.899811000 2.345839 -0.033398 0.931345 0.055133 0.784719 0.616822 0.026577
10018.933144000 2.373529 -0.034879 0.931858 0.062205 0.787751 0.612693 -0.013625
10018.966477000 2.402419 -0.036452 0.932958 0.067856 0.790445 0.606599 -0.051293
10018.999810000 2.430609 -0.035901 0.934343 0.072035 0.793301 0.598607 -0.084589
10019.033143000 2.458915 -0.034393 0.936081 0.074856 0.796239 0.589273 -0.114701
10019.066476000 2.485673 -0.032745 0.937728 0.076407 0.799014 0.579925 -0.139378
10019.099809000 2.511110 -0.031117 0.939502 0.076999 0.801661 0.571104 -0.158909
10019.133142000 2.534950 -0.029206 0.942842 0.076843 0.804492 0.562664 -0.174059
10019.166475000 2.575568 -0.025153 0.951035 0.075282 0.810384 0.549183 -0.189755
10019.199808000 2.593722 -0.024621 0.955078 0.074425 0.812925 0.544477 -0.192766
10019.233141000 2.608374 -0.023762 0.960103 0.073414 0.815888 0.540678 -0.191322
10019.266474000 2.621653 -0.022987 0.963293 0.072499 0.818563 0.537829 -0.188250
10019.299807000 2.634123 -0.022602 0.967141 0.071624 0.821248 0.535193 -0.184362
10019.333140000 2.645250 -0.023295 0.968816 0.070944 0.823468 0.533634 -0.179170
10019.366473000 2.655766 -0.023747 0.969789 0.070273 0.825586 0.532269 -0.173662
10019.399806000 2.666378 -0.024412 0.969019 0.069609 0.827682 0.530836 -0.168258
10019.433139000 2.676320 -0.025182 0.965973 0.069148 0.829276 0.529888 -0.163520
10019.466472000 2.686309 -0.026396 0.959467 0.068813 0.830460 0.529058 -0.160308
10019.499805000 2.709479 -0.030869 0.939279 0.068347 0.831950 0.527140 -0.159093
10019.533138000 2.721191 -0.032687 0.924681 0.068206 0.832381 0.525830 -0.161223
10019.566471000 2.735165 -0.034420 0.907847 0.068204 0.832337 0.524462 -0.165838
10019.599804000 2.749130 -0.036435 0.889321 0.068228 0.832118 0.523082 -0.171199
10019.633137000 2.764585 -0.038742 0.869133 0.068296 0.831539 0.521560 -0.178473
10019.666470000 2.781438 -0.041086 0.849039 0.068306 0.830992 0.519695 -0.186290
10019.699803000 2.799091 -0.042159 0.828648 0.068158 0.830689 0.517214 -0.194421
10019.733136000 2.817368 -0.043057 0.807749 0.067952 0.830281 0.514656 -0.202841
10019.766469000 2.837106 -0.043545 0.788656 0.067628 0.830105 0.511649 -0.211111
10019.799802000 2.857446 -0.043668 0.770742 0.067199 0.830144 0.508622 -0.218286
10019.833135000 2.902071 -0.041742 0.742114 0.065731 0.831712 0.501423 -0.229151
10019.866468000 2.925861 -0.040375 0.730345 0.064969 0.832723 0.498430 -0.232205
10019.899801000 2.949495 -0.036929 0.721213 0.063978 0.834519 0.494685 -0.234033
10019.933134000 2.973010 -0.034742 0.714559 0.063087 0.836473 0.491660 -0.233673
10019.966467000 2.995778 -0.031957 0.708996 0.062210 0.838791 0.488637 -0.231937
10019.999800000 3.017824 -0.028514 0.704418 0.061523 0.840860 0.486455 -0.229196
10020.033133000 3.037616 -0.025124 0.702218 0.060913 0.843292 0.484328 -0.224887
10020.066466000 3.056007 -0.021694 0.699889 0.060466 0.845451 0.483016 -0.219661
10020.099799000 3.070737 -0.019189 0.699430 0.060258 0.847799 0.482303 -0.212106
10020.133132000 3.083295 -0.016947 0.699667 0.060138 0.850034 0.481748 -0.204314
10020.166465000 3.097257 -0.013829 0.700253 0.060374 0.853701 0.483270 -0.184391
10020.199798000 3.099834 -0.013143 0.700752 0.060643 0.855379 0.484338 -0.173397
10020.233131000 3.099816 -0.013775 0.701988 0.060905 0.856420 0.486202 -0.162614
10020.266464000 3.097752 -0.013994 0.702548 0.061087 0.857421 0.487949 -0.151669
10020.299797000 3.094272 -0.014228 0.703040 0.061256 0.858181 0.489752 -0.141123
10020.333130000 3.090789 -0.014460 0.703573 0.061472 0.858370 0.491850 -0.132308
10020.366463000 3.087460 -0.014646 0.704012 0.061491 0.858566 0.493481 -0.124740
10020.399796000 3.086144 -0.015470 0.703502 0.061635 0.858146 0.495445 -0.119668
10020.433129000 3.085473 -0.015935 0.702506 0.061860 0.857404 0.497416 -0.116657
10020.466462000 3.087542 -0.015705 0.701973 0.062061 0.856650 0.498853 -0.115950
10020.499795000 3.101810 -0.014351 0.696965 0.062718 0.853477 0.501872 -0.125570
10020.533128000 3.113938 -0.012312 0.692916 0.063091 0.851475 0.502732 -0.135168
10020.566461000 3.128858 -0.010368 0.689005 0.063573 0.848902 0.503434 -0.147916
10020.599794000 3.146697 -0.007782 0.683936 0.064038 0.845984 0.503661 -0.162896
10020.633127000 3.167334 -0.005279 0.678946 0.064441 0.842731 0.503127 -0.180319
10020.666460000 3.188679 -0.002387 0.673371 0.064771 0.839284 0.501941 -0.198652
10020.699793000 3.211498 0.000423 0.667804 0.064915 0.835666 0.499896 -0.218063
10020.733126000 3.234996 0.003550 0.661650 0.064989 0.831605 0.497591 -0.237932
10020.766459000 3.259288 0.006936 0.654894 0.064794 0.827521 0.494541 -0.257757
10020.799792000 3.283501 0.009715 0.649411 0.064330 0.823748 0.490861 -0.276326
10020.833125000 3.329239 0.016939 0.637480 0.062892 0.816736 0.483254 -0.308954
10020.866458000 3.351313 0.019390 0.632568 0.062008 0.813998 0.479546 -0.321867
10020.899791000 3.371307 0.022243 0.626891 0.061241 0.811269 0.476466 -0.333275
10020.933124000 3.391996 0.024746 0.621898 0.060254 0.809168 0.473013 -0.343330
10020.966457000 3.411259 0.027235 0.616900 0.059414 0.807486 0.470231 -0.351170
10020.999790000 3.430501 0.029828 0.611840 0.058618 0.805786 0.467711 -0.358496
10021.033123000 3.448338 0.032368 0.606762 0.057834 0.804820 0.465447 -0.363702
10021.066456000 3.466858 0.034635 0.602341 0.056960 0.804088 0.463078 -0.368452
10021.099789000 3.484703 0.037157 0.597322 0.056310 0.803528 0.461329 -0.371951
10021.133122000 3.502616 0.039654 0.592224 0.055685 0.803221 0.459737 -0.374668
10021.166455000 3.538237 0.043282 0.582940 0.054474 0.803548 0.456825 -0.377696
10021.199788000 3.556063 0.045788 0.577866 0.053926 0.803783 0.455576 -0.378781
10021.233121000 3.574579 0.047956 0.573464 0.053242 0.804519 0.454089 -0.379101
10021.266454000 3.592468 0.050477 0.568373 0.052780 0.805273 0.453124 -0.378718
10021.299787000 3.610959 0.052681 0.563956 0.052166 0.806254 0.451796 -0.378303
10021.333120000 3.630180 0.055271 0.558908 0.051513 0.807225 0.450479 -0.377893
10021.366453000 3.649355 0.057841 0.553879 0.050926 0.808315 0.449238 -0.377120
10021.399786000 3.669188 0.060778 0.548313 0.050320 0.809283 0.447931 -0.376678
10021.433119000 3.689909 0.063193 0.543306 0.049547 0.810419 0.446261 -0.376322
