10000.000000000 0.000000 0.000000 0.000000 0.000000 0.000000 0.000000 1.000000
10000.033333000 0.002180 -0.001619 0.000662 0.002160 0.003471 -0.001225 0.999991
10000.066666000 -0.005576 -0.002714 -0.000665 0.001928 0.008109 -0.000847 0.999965
10000.099999000 -0.003409 -0.000358 0.000437 0.002367 0.010464 -0.000237 0.999942
10000.133332000 -0.008751 -0.004014 0.004946 0.001236 0.013165 0.001730 0.999911
10000.166665000 -0.016176 -0.002275 0.006926 0.002639 0.014822 0.003958 0.999879
10000.199998000 -0.014989 0.006002 0.008800 0.004180 0.014885 0.004379 0.999871
10000.233331000 -0.009628 0.014345 0.008607 0.003530 0.014930 0.004957 0.999870
10000.266664000 -0.017406 0.015128 0.014181 -0.001933 0.016797 0.007342 0.999830
10000.299997000 -0.019107 0.014879 0.018956 -0.006643 0.017309 0.009647 0.999782
10000.333330000 -0.012894 0.003129 0.025053 -0.011157 0.017984 0.010778 0.999718
10000.366663000 0.008463 0.018367 0.026073 -0.011681 0.017875 0.011190 0.999709
10000.399996000 0.022495 0.023588 0.032911 -0.018499 0.019667 0.011395 0.999570
10000.433329000 0.037293 0.031766 0.032513 -0.030558 0.022226 0.013840 0.999190
10000.466662000 0.038721 0.025318 0.036431 -0.042185 0.025905 0.019760 0.998578
10000.499995000 0.060016 0.019475 0.034691 -0.044257 0.027838 0.023549 0.998355
10000.533328000 0.084641 0.016532 0.025103 -0.042431 0.028572 0.028207 0.998292
10000.566661000 0.103830 0.014172 0.010348 -0.036105 0.027089 0.031343 0.998489
10000.599994000 0.137289 0.018201 -0.007252 -0.028575 0.022104 0.030274 0.998889
10000.633327000 0.171860 0.024678 -0.023650 -0.021792 0.018150 0.027279 0.999225
10000.666660000 0.210913 0.031327 -0.032075 -0.015143 0.017286 0.024217 0.999443
10000.699993000 0.276619 0.040746 -0.046877 -0.010552 0.020281 0.024521 0.999438
10000.733326000 0.322680 0.052790 -0.053478 -0.009115 0.033763 0.028277 0.998988
10000.766659000 0.355718 0.062041 -0.064048 -0.015097 0.049941 0.037123 0.997948
10000.799992000 0.385585 0.056141 -0.066978 -0.021170 0.062085 0.050962 0.996544
10000.833325000 0.403931 0.048757 -0.062224 -0.018301 0.077058 0.064149 0.994792
10000.866658000 0.399315 0.053539 -0.070762 -0.011103 0.092669 0.071239 0.993083
10000.899991000 0.420241 0.058150 -0.078185 -0.007320 0.096940 0.074293 0.992487
10000.933324000 0.449662 0.065725 -0.077206 -0.008653 0.097689 0.072613 0.992527
10000.966657000 0.455424 0.067787 -0.072949 -0.012830 0.098228 0.069273 0.992667
10000.999990000 0.470875 0.063481 -0.058355 -0.015010 0.096214 0.064882 0.993130
10001.033323000 0.487291 0.061107 -0.049583 -0.020060 0.092075 0.055102 0.994024
10001.066656000 0.503408 0.066429 -0.044997 -0.028414 0.086498 0.045330 0.994814
10001.099989000 0.516946 0.055813 -0.034593 -0.040289 0.082040 0.041785 0.994937
10001.133322000 0.535962 0.041717 -0.028458 -0.041629 0.073595 0.039049 0.995654
10001.166655000 0.571854 0.039332 -0.034381 -0.036154 0.065592 0.038483 0.996449
10001.199988000 0.570530 0.036809 -0.037616 -0.027860 0.061776 0.038884 0.996943
10001.233321000 0.598572 0.036191 -0.047798 -0.017422 0.053737 0.036719 0.997728
10001.266654000 0.621260 0.038925 -0.055639 -0.008445 0.046753 0.032580 0.998339
10001.299987000 0.644946 0.044049 -0.066136 -0.003956 0.041941 0.030438 0.998649
10001.333320000 0.701508 0.042844 -0.083392 -0.001653 0.033989 0.028472 0.999015
10001.366653000 0.728355 0.044466 -0.097352 0.000752 0.029617 0.022791 0.999301
10001.399986000 0.767532 0.064981 -0.117452 0.004336 0.018947 0.013730 0.999717
10001.433319000 0.799102 0.082003 -0.134449 0.002843 0.009690 0.007114 0.999924
10001.466652000 0.822551 0.094287 -0.147278 -0.002399 0.007738 0.003422 0.999961
10001.499985000 0.854940 0.100229 -0.165653 -0.005282 0.004991 0.001332 0.999973
10001.533318000 0.865401 0.110764 -0.183735 -0.007753 0.002706 -0.000901 0.999966
10001.566651000 0.876905 0.115106 -0.197575 -0.010732 -0.001447 0.000279 0.999941
10001.599984000 0.877859 0.120244 -0.214234 -0.010897 -0.004115 -0.000218 0.999932
10001.633317000 0.884199 0.124043 -0.230386 -0.009926 -0.006900 -0.000772 0.999927
10001.666650000 0.889862 0.144455 -0.260918 -0.008449 -0.006086 -0.002360 0.999943
10001.699983000 0.879436 0.159218 -0.283181 -0.010345 -0.005172 -0.004198 0.999924
10001.733316000 0.866142 0.167669 -0.305032 -0.012959 -0.008378 -0.004894 0.999869
10001.766649000 0.845421 0.177143 -0.328970 -0.009759 -0.014289 -0.008347 0.999815
10001.799982000 0.829475 0.195656 -0.354453 -0.006389 -0.021212 -0.013391 0.999665
10001.833315000 0.802419 0.218076 -0.385293 -0.007129 -0.025300 -0.016657 0.999516
10001.866648000 0.790969 0.244053 -0.414444 -0.012871 -0.029119 -0.016542 0.999356
10001.899981000 0.766815 0.261936 -0.439356 -0.022733 -0.028656 -0.016269 0.999198
10001.933314000 0.755345 0.269345 -0.458353 -0.030396 -0.030586 -0.014598 0.998963
10001.966647000 0.739065 0.284504 -0.487036 -0.033035 -0.029879 -0.015023 0.998894
10001.999980000 0.724210 0.290766 -0.511940 -0.038124 -0.030267 -0.015706 0.998691
10002.033313000 0.718550 0.294512 -0.536693 -0.038339 -0.031431 -0.016778 0.998629
10002.066646000 0.710923 0.303228 -0.560437 -0.036714 -0.033090 -0.019448 0.998588
10002.099979000 0.704834 0.323730 -0.597980 -0.036251 -0.035422 -0.023552 0.998437
10002.133312000 0.709173 0.339583 -0.625534 -0.035850 -0.036120 -0.024767 0.998397
10002.166645000 0.713866 0.354796 -0.653937 -0.037662 -0.035290 -0.022652 0.998410
10002.199978000 0.728562 0.376123 -0.681603 -0.038802 -0.034401 -0.016842 0.998513
10002.233311000 0.744696 0.401355 -0.711558 -0.040177 -0.031494 -0.016080 0.998567
10002.266644000 0.763330 0.424030 -0.740553 -0.047469 -0.021441 -0.015857 0.998517
10002.299977000 0.777432 0.443902 -0.768082 -0.055892 -0.010907 -0.012180 0.998303
10002.333310000 0.784799 0.448909 -0.789603 -0.071689 -0.000371 -0.001714 0.997426
10002.366643000 0.782664 0.447735 -0.809671 -0.079657 0.007056 0.009190 0.996755
10002.399976000 0.781270 0.453706 -0.830685 -0.074136 0.017475 0.018062 0.996931
10002.433309000 0.790528 0.463021 -0.859830 -0.067705 0.031183 0.026047 0.996878
10002.466642000 0.792969 0.472606 -0.881301 -0.063976 0.047055 0.036531 0.996172
10002.499975000 0.797672 0.489014 -0.904316 -0.062982 0.060663 0.044068 0.995194
10002.533308000 0.782226 0.494520 -0.929398 -0.064227 0.084665 0.059265 0.992570
10002.566641000 0.770255 0.497548 -0.946970 -0.062514 0.096071 0.067329 0.991125
10002.599974000 0.764857 0.500447 -0.964362 -0.058834 0.101474 0.071481 0.990521
10002.633307000 0.769110 0.508526 -0.983327 -0.053202 0.109392 0.075175 0.989723
10002.666640000 0.776863 0.518210 -1.000838 -0.047271 0.121933 0.081374 0.988067
10002.699973000 0.791861 0.524534 -1.015559 -0.046190 0.137399 0.089276 0.985402
10002.733306000 0.801995 0.528669 -1.029336 -0.047742 0.152727 0.101558 0.981876
10002.766639000 0.811746 0.532054 -1.041147 -0.049045 0.163445 0.117643 0.978285
10002.799972000 0.834171 0.538509 -1.058839 -0.045433 0.166907 0.129163 0.976419
10002.833305000 0.859236 0.550263 -1.081527 -0.038839 0.169779 0.135276 0.975380
10002.866638000 0.881966 0.554337 -1.102130 -0.037135 0.169869 0.136031 0.975326
10002.899971000 0.903123 0.570385 -1.122348 -0.038034 0.169218 0.132720 0.975861
10002.933304000 0.922653 0.582461 -1.138759 -0.041941 0.172796 0.132757 0.975068
10002.966637000 0.942424 0.601190 -1.155700 -0.042020 0.178446 0.132983 0.974016
10002.999970000 0.956405 0.614523 -1.163848 -0.046890 0.189221 0.139072 0.970905
10003.033303000 0.972293 0.620254 -1.173961 -0.052992 0.198851 0.151605 0.966781
10003.066636000 0.990577 0.625848 -1.189671 -0.052354 0.206695 0.163749 0.963183
10003.099969000 1.002734 0.631431 -1.203881 -0.047665 0.215261 0.171837 0.960137
10003.133302000 1.010969 0.631362 -1.215281 -0.045038 0.226340 0.177416 0.956695
10003.166635000 1.008375 0.638008 -1.227938 -0.039966 0.240057 0.184644 0.952199
10003.199968000 1.011522 0.638767 -1.236679 -0.037571 0.252613 0.192319 0.947517
10003.233301000 1.007988 0.641143 -1.241766 -0.033545 0.264476 0.197329 0.943392
10003.266634000 1.004760 0.633748 -1.243398 -0.031014 0.276485 0.198736 0.939733
10003.299967000 0.988998 0.631595 -1.243578 -0.025920 0.288918 0.198772 0.936133
10003.333300000 0.971865 0.625555 -1.238080 -0.024947 0.299809 0.199416 0.932591
10003.366633000 0.954035 0.623868 -1.235454 -0.019531 0.306477 0.199379 0.930558
10003.399966000 0.944520 0.616837 -1.234648 -0.018309 0.312274 0.200299 0.928456
10003.433299000 0.930377 0.607909 -1.226883 -0.016389 0.321065 0.200747 0.925392
10003.466632000 0.920385 0.605261 -1.224471 -0.013072 0.329440 0.199117 0.922849
10003.499965000 0.908230 0.600824 -1.220922 -0.012469 0.338196 0.199952 0.919504
10003.533298000 0.900153 0.607718 -1.224938 -0.012527 0.347645 0.200566 0.915838
10003.566631000 0.900569 0.610073 -1.225816 -0.014074 0.356851 0.203201 0.911684
10003.599964000 0.903075 0.614612 -1.231420 -0.014985 0.365147 0.206382 0.907661
10003.633297000 0.907194 0.619802 -1.235217 -0.017057 0.374309 0.210142 0.903019
10003.666630000 0.917418 0.629777 -1.247982 -0.021268 0.380492 0.214887 0.899220
10003.699963000 0.929120 0.638541 -1.257582 -0.027852 0.386010 0.224212 0.894399
10003.733296000 0.946334 0.637932 -1.269569 -0.032716 0.393520 0.234752 0.888236
10003.766629000 0.963052 0.645723 -1.293807 -0.031107 0.406796 0.243693 0.879865
10003.799962000 0.985776 0.660391 -1.325656 -0.028919 0.421407 0.252979 0.870391
10003.833295000 1.000456 0.672534 -1.354874 -0.026088 0.434032 0.261719 0.861649
10003.866628000 1.012975 0.682634 -1.377556 -0.025200 0.443752 0.268142 0.854721
10003.899961000 1.036132 0.694425 -1.405710 -0.025115 0.448615 0.271407 0.851148
10003.933294000 1.058365 0.708033 -1.440150 -0.022790 0.452386 0.273789 0.848450
10003.966627000 1.078830 0.723647 -1.467449 -0.021065 0.456638 0.275272 0.845732
10003.999960000 1.091011 0.742804 -1.487586 -0.018208 0.463648 0.279757 0.840497
10004.033293000 1.108058 0.773297 -1.520052 -0.020754 0.468288 0.283357 0.836651
10004.066626000 1.133064 0.780381 -1.542115 -0.031527 0.474483 0.298373 0.827554
10004.099959000 1.153507 0.791434 -1.563608 -0.035068 0.482378 0.311648 0.817898
10004.133292000 1.174687 0.809486 -1.593459 -0.033266 0.491876 0.318771 0.809529
10004.166625000 1.194367 0.822594 -1.609458 -0.030791 0.508090 0.325675 0.796763
10004.199958000 1.218183 0.840405 -1.639435 -0.032842 0.521833 0.336108 0.783354
10004.233291000 1.240885 0.857386 -1.662061 -0.034715 0.533365 0.348956 0.769771
10004.266624000 1.263931 0.869935 -1.683766 -0.035268 0.544053 0.357533 0.758243
10004.299957000 1.285845 0.892142 -1.709415 -0.035509 0.551653 0.357366 0.752799
10004.333290000 1.310090 0.901822 -1.715896 -0.038628 0.562566 0.354356 0.745962
10004.366623000 1.336389 0.911003 -1.722169 -0.043302 0.567538 0.352474 0.742824
10004.399956000 1.366433 0.923403 -1.736414 -0.046740 0.566563 0.349704 0.744667
10004.433289000 1.399090 0.933478 -1.756383 -0.045806 0.560515 0.343700 0.752060
10004.466622000 1.431053 0.938517 -1.783207 -0.043069 0.553009 0.334566 0.761835
10004.499955000 1.465915 0.944532 -1.822874 -0.041093 0.550369 0.328985 0.766272
10004.533288000 1.493653 0.951678 -1.845128 -0.039984 0.555400 0.329344 0.762538
10004.566621000 1.518869 0.958390 -1.867908 -0.039069 0.558012 0.335767 0.757863
10004.599954000 1.543246 0.968665 -1.892828 -0.034163 0.556032 0.335017 0.759885
10004.633287000 1.567505 0.981391 -1.923343 -0.029944 0.553233 0.326603 0.765746
10004.666620000 1.598319 0.996477 -1.961041 -0.024851 0.548224 0.320356 0.772143
10004.699953000 1.618771 1.013451 -1.988198 -0.023374 0.539332 0.315656 0.780344
10004.733286000 1.638957 1.029758 -2.017413 -0.026365 0.528329 0.304515 0.792113
10004.766619000 1.659192 1.047425 -2.046799 -0.030026 0.517119 0.289905 0.804762
10004.799952000 1.684586 1.059977 -2.075001 -0.036798 0.504872 0.282793 0.814726
10004.833285000 1.708450 1.063826 -2.098972 -0.043662 0.496863 0.273409 0.822477
10004.866618000 1.726773 1.077311 -2.118564 -0.044673 0.486635 0.262660 0.831986
10004.899951000 1.747049 1.085684 -2.136404 -0.043318 0.473142 0.260793 0.840385
10004.933284000 1.770093 1.090850 -2.149264 -0.038836 0.456652 0.256340 0.851029
10004.966617000 1.792826 1.098978 -2.165294 -0.032200 0.440916 0.250187 0.861372
10004.999950000 1.824159 1.106674 -2.179983 -0.031570 0.428551 0.243453 0.869528
10005.033283000 1.849946 1.112741 -2.179406 -0.034952 0.420784 0.236965 0.874967
10005.066616000 1.882147 1.114856 -2.178429 -0.040042 0.412133 0.222964 0.882514
10005.099949000 1.915065 1.119136 -2.176432 -0.039493 0.402981 0.205257 0.891020
10005.133282000 1.959811 1.125815 -2.172707 -0.044123 0.386584 0.190965 0.901187
10005.166615000 1.998779 1.120834 -2.175551 -0.055444 0.367068 0.187249 0.909464
10005.199948000 2.030947 1.119709 -2.178889 -0.056617 0.352458 0.183075 0.915997
10005.233281000 2.061743 1.124885 -2.185986 -0.056514 0.338286 0.183971 0.921153
10005.266614000 2.090823 1.123409 -2.190293 -0.055341 0.320687 0.184811 0.927331
10005.299947000 2.111917 1.122818 -2.193776 -0.049641 0.301857 0.183817 0.934146
10005.333280000 2.143276 1.133066 -2.206766 -0.048601 0.280386 0.177109 0.942154
10005.366613000 2.189327 1.152010 -2.223986 -0.054610 0.250775 0.164780 0.952353
10005.399946000 2.227405 1.159967 -2.242113 -0.056947 0.232979 0.153816 0.958550
10005.433279000 2.259871 1.166594 -2.262968 -0.055143 0.214680 0.137652 0.965362
10005.466612000 2.298164 1.184343 -2.291509 -0.050479 0.192918 0.114006 0.973261
10005.499945000 2.331454 1.199514 -2.314421 -0.053376 0.178823 0.098220 0.977510
10005.533278000 2.369048 1.206684 -2.336257 -0.053852 0.165971 0.087732 0.980743
10005.566611000 2.404748 1.212219 -2.355060 -0.052679 0.154544 0.079219 0.983395
10005.599944000 2.442812 1.211905 -2.369706 -0.052638 0.141558 0.076292 0.985581
10005.633277000 2.480451 1.214074 -2.381269 -0.045145 0.130347 0.074132 0.987662
10005.666610000 2.527609 1.219006 -2.390428 -0.039208 0.114074 0.068518 0.990331
10005.699943000 2.576516 1.230613 -2.391289 -0.035691 0.101635 0.055617 0.992624
10005.733276000 2.618383 1.238342 -2.387134 -0.038688 0.093646 0.040465 0.994030
10005.766609000 2.652564 1.244681 -2.380925 -0.043526 0.091061 0.021452 0.994662
10005.799942000 2.677873 1.260583 -2.375447 -0.052158 0.089932 0.013300 0.994492
10005.833275000 2.730588 1.249675 -2.366805 -0.071498 0.078175 0.006762 0.994350
10005.866608000 2.761791 1.244741 -2.364525 -0.078470 0.072725 0.009236 0.994217
10005.899941000 2.800795 1.234208 -2.365478 -0.080575 0.062996 0.013834 0.994660
10005.933274000 2.841162 1.230987 -2.369100 -0.074619 0.052360 0.014072 0.995737
10005.966607000 2.876525 1.231380 -2.373943 -0.067463 0.043202 0.011068 0.996725
10005.999940000 2.922651 1.235358 -2.380297 -0.064902 0.030949 0.008884 0.997372
10006.033273000 2.966730 1.238627 -2.386944 -0.065251 0.017429 0.007542 0.997688
10006.066606000 3.013723 1.237441 -2.394273 -0.064038 0.007774 0.003583 0.997911
10006.099939000 3.066978 1.244809 -2.406528 -0.056480 -0.000466 -0.005011 0.998391
10006.133272000 3.129157 1.248090 -2.420369 -0.049911 -0.008439 -0.016117 0.998588
10006.166605000 3.185448 1.249279 -2.429047 -0.047560 -0.002590 -0.014673 0.998757
10006.199938000 3.266399 1.232512 -2.429806 -0.043198 0.006990 -0.001888 0.999040
10006.233271000 3.324198 1.234645 -2.433291 -0.035579 0.008827 0.007037 0.999303
10006.266604000 3.374106 1.231752 -2.429951 -0.034549 0.011466 0.017719 0.999180
10006.299937000 3.417426 1.230186 -2.420533 -0.033006 0.011789 0.026549 0.999033
10006.333270000 3.460962 1.229883 -2.411679 -0.032007 0.010225 0.030657 0.998965
10006.366603000 3.496529 1.217402 -2.393363 -0.032915 0.013854 0.032980 0.998818
10006.399936000 3.540384 1.214303 -2.372841 -0.026403 0.015770 0.030678 0.999056
10006.433269000 3.579404 1.213069 -2.350451 -0.023324 0.017020 0.024757 0.999276
10006.466602000 3.622374 1.203817 -2.322483 -0.023056 0.015494 0.017378 0.999463
10006.499935000 3.644537 1.201524 -2.298429 -0.029945 0.014010 0.017998 0.999291
10006.533268000 3.677879 1.173706 -2.268805 -0.033281 0.006393 0.014044 0.999327
10006.566601000 3.717406 1.161202 -2.250083 -0.025597 0.002574 0.008640 0.999632
10006.599934000 3.745683 1.150390 -2.231465 -0.025438 -0.001068 0.010178 0.999624
10006.633267000 3.782168 1.131609 -2.210295 -0.024532 -0.012906 0.011737 0.999547
10006.666600000 3.820574 1.116851 -2.191341 -0.021832 -0.026798 0.007475 0.999374
10006.699933000 3.856036 1.115414 -2.173527 -0.018153 -0.041851 0.002141 0.998957
10006.733266000 3.917300 1.113077 -2.145444 -0.023737 -0.066280 -0.009654 0.997472
10006.766599000 3.957446 1.104196 -2.125392 -0.032245 -0.078388 -0.018072 0.996237
10006.799932000 4.001968 1.093088 -2.105892 -0.040150 -0.088739 -0.022017 0.995002
10006.833265000 4.041915 1.068572 -2.079713 -0.050049 -0.098471 -0.023779 0.993596
10006.866598000 4.076498 1.075183 -2.062259 -0.048365 -0.110982 -0.029923 0.992194
10006.899931000 4.109651 1.069856 -2.040610 -0.062874 -0.125542 -0.031742 0.989585
10006.933264000 4.142921 1.056501 -2.009970 -0.074707 -0.138239 -0.033826 0.986998
10006.966597000 4.168517 1.049151 -1.980044 -0.081220 -0.143286 -0.039594 0.985548
10006.999930000 4.195746 1.037033 -1.942003 -0.088417 -0.144651 -0.046345 0.984434
10007.033263000 4.223769 1.024324 -1.899086 -0.092286 -0.144864 -0.058246 0.983415
10007.066596000 4.242408 1.010851 -1.857454 -0.092788 -0.145178 -0.074318 0.982238
10007.099929000 4.257178 1.001640 -1.822691 -0.094205 -0.152379 -0.087429 0.979930
10007.133262000 4.272333 0.971997 -1.786790 -0.100059 -0.162822 -0.099398 0.976523
10007.166595000 4.305286 0.943574 -1.750542 -0.082852 -0.171862 -0.104839 0.976016
10007.199928000 4.333541 0.930415 -1.730820 -0.077481 -0.178007 -0.100535 0.975809
10007.233261000 4.362107 0.911296 -1.706298 -0.076486 -0.186228 -0.096680 0.974742
10007.266594000 4.395135 0.898229 -1.683842 -0.073868 -0.198893 -0.093519 0.972748
10007.299927000 4.429914 0.890182 -1.662423 -0.072266 -0.210332 -0.091221 0.970678
10007.333260000 4.475624 0.875225 -1.634984 -0.073357 -0.222520 -0.093994 0.967610
10007.366593000 4.518846 0.864678 -1.612828 -0.069953 -0.230679 -0.098157 0.965536
10007.399926000 4.570199 0.853935 -1.593338 -0.064220 -0.242304 -0.104068 0.962463
10007.433259000 4.626223 0.846117 -1.571507 -0.061603 -0.250781 -0.111878 0.959582
10007.466592000 4.679476 0.831321 -1.546293 -0.066248 -0.248841 -0.113633 0.959571
10007.499925000 4.718236 0.801509 -1.519462 -0.067589 -0.245640 -0.108646 0.960879
10007.533258000 4.770342 0.791717 -1.496715 -0.068065 -0.247931 -0.103839 0.960789
10007.566591000 4.811073 0.776323 -1.466687 -0.073658 -0.249357 -0.098997 0.960518
10007.599924000 4.849911 0.763745 -1.437659 -0.075088 -0.251911 -0.096437 0.960001
10007.633257000 4.888365 0.752409 -1.403555 -0.076197 -0.256348 -0.098368 0.958542
10007.666590000 4.915619 0.741841 -1.377228 -0.074079 -0.259935 -0.104643 0.957077
10007.699923000 4.949672 0.730847 -1.343827 -0.067288 -0.266647 -0.123212 0.953515
10007.733256000 4.983955 0.721567 -1.309970 -0.056592 -0.270707 -0.144614 0.950054
10007.766589000 5.019204 0.707448 -1.276260 -0.036154 -0.274236 -0.162726 0.947105
10007.799922000 5.069632 0.690042 -1.239605 -0.030625 -0.277585 -0.177038 0.943751
10007.833255000 5.098456 0.652889 -1.208581 -0.035747 -0.286681 -0.172340 0.941719
10007.866588000 5.131641 0.624894 -1.182837 -0.032870 -0.298431 -0.163919 0.939675
10007.899921000 5.160968 0.605258 -1.156415 -0.026341 -0.305193 -0.164242 0.937650
10007.933254000 5.193029 0.593539 -1.128578 -0.021439 -0.317215 -0.165330 0.933585
10007.966587000 5.229036 0.577713 -1.096048 -0.019987 -0.332483 -0.166564 0.928069
10007.999920000 5.261923 0.563267 -1.068516 -0.020748 -0.342955 -0.168787 0.923830
10008.033253000 5.291681 0.552849 -1.040566 -0.019268 -0.352045 -0.173323 0.919593
10008.066586000 5.329447 0.534585 -1.005012 -0.021209 -0.357836 -0.176631 0.916682
10008.099919000 5.354278 0.507094 -0.970323 -0.026276 -0.365683 -0.179387 0.912911
10008.133252000 5.379793 0.481739 -0.933204 -0.021858 -0.381866 -0.180416 0.906174
10008.166585000 5.400166 0.461624 -0.903060 -0.024355 -0.394213 -0.179186 0.901053
10008.199918000 5.413303 0.450805 -0.874875 -0.024557 -0.406375 -0.177524 0.895959
10008.233251000 5.427581 0.439776 -0.839343 -0.021552 -0.418463 -0.179056 0.890148
10008.266584000 5.428955 0.426534 -0.805434 -0.020972 -0.425764 -0.182655 0.885958
10008.299917000 5.429974 0.413198 -0.769676 -0.020222 -0.430566 -0.186019 0.882950
10008.333250000 5.423871 0.395718 -0.733499 -0.017652 -0.433446 -0.196579 0.879301
10008.366583000 5.415997 0.393148 -0.698891 -0.015876 -0.435215 -0.207949 0.875838
10008.399916000 5.405648 0.386477 -0.669079 -0.020749 -0.436104 -0.220271 0.872275
10008.433249000 5.389822 0.355983 -0.630698 -0.029518 -0.441188 -0.232548 0.866258
10008.466582000 5.381994 0.339795 -0.600014 -0.023955 -0.447511 -0.237774 0.861756
10008.499915000 5.373259 0.303726 -0.550409 -0.025164 -0.457265 -0.239399 0.856133
10008.533248000 5.367596 0.288298 -0.523330 -0.025324 -0.469760 -0.238380 0.849623
10008.566581000 5.365931 0.275058 -0.489073 -0.025425 -0.481577 -0.239820 0.842570
10008.599914000 5.362250 0.255359 -0.448726 -0.030613 -0.491291 -0.242568 0.835976
10008.633247000 5.355813 0.224583 -0.397343 -0.030601 -0.500879 -0.244807 0.829610
10008.666580000 5.358455 0.192484 -0.342150 -0.023552 -0.507622 -0.243734 0.826050
10008.699913000 5.369829 0.176653 -0.294417 -0.012167 -0.506980 -0.240695 0.827580
10008.733246000 5.372037 0.159128 -0.253946 -0.016738 -0.500053 -0.240662 0.831714
10008.766579000 5.361909 0.118025 -0.204287 -0.017612 -0.498755 -0.241146 0.832335
10008.799912000 5.362048 0.108306 -0.166755 -0.008965 -0.504310 -0.241040 0.829150
10008.833245000 5.347839 0.083117 -0.122794 -0.015540 -0.510273 -0.241188 0.825353
10008.866578000 5.323833 0.058440 -0.083404 -0.025686 -0.515892 -0.242247 0.821287
10008.899911000 5.306709 0.046711 -0.049420 -0.024727 -0.520311 -0.242620 0.818413
10008.933244000 5.286787 0.036130 -0.015529 -0.021820 -0.522723 -0.242446 0.817010
10008.966577000 5.261257 0.024731 0.018489 -0.021919 -0.520872 -0.240524 0.818755
10008.999910000 5.232906 0.010912 0.053080 -0.019061 -0.516421 -0.240299 0.821707
10009.033243000 5.196459 0.000689 0.081054 -0.009610 -0.508886 -0.243243 0.825697
10009.066576000 5.159424 -0.016152 0.105472 -0.009049 -0.504653 -0.246596 0.827305
10009.099909000 5.124576 -0.040021 0.137200 -0.004482 -0.503253 -0.246481 0.828229
10009.133242000 5.109166 -0.054970 0.172795 -0.001789 -0.500211 -0.244163 0.830765
10009.166575000 5.081450 -0.079224 0.215251 -0.010155 -0.497369 -0.241778 0.833105
10009.199908000 5.056623 -0.096893 0.247744 -0.015582 -0.499070 -0.238400 0.832978
10009.233241000 5.040478 -0.108451 0.280157 -0.017682 -0.500849 -0.236226 0.832487
10009.266574000 5.026475 -0.119351 0.318629 -0.020981 -0.504732 -0.237089 0.829816
10009.299907000 5.006055 -0.143049 0.362975 -0.025285 -0.508811 -0.242789 0.825545
10009.333240000 4.998390 -0.167328 0.414474 -0.024866 -0.512564 -0.240193 0.823994
10009.366573000 4.992991 -0.183941 0.457419 -0.024627 -0.511359 -0.235509 0.826100
10009.399906000 4.981705 -0.214028 0.507817 -0.032535 -0.505052 -0.234839 0.829888
10009.433239000 4.969270 -0.253977 0.566126 -0.034097 -0.497882 -0.238136 0.833212
10009.466572000 4.963908 -0.271219 0.607202 -0.028754 -0.491979 -0.238986 0.836670
10009.499905000 4.953830 -0.302050 0.672763 -0.037170 -0.495163 -0.237312 0.834934
10009.533238000 4.929377 -0.323319 0.704992 -0.045012 -0.489088 -0.233520 0.839187
10009.566571000 4.921047 -0.341166 0.755522 -0.045658 -0.482212 -0.232891 0.843297
10009.599904000 4.902310 -0.361051 0.801345 -0.046994 -0.474364 -0.230397 0.848344
10009.633237000 4.887331 -0.381749 0.847681 -0.041973 -0.469694 -0.230725 0.851112
10009.666570000 4.878810 -0.390371 0.894672 -0.031539 -0.467734 -0.232244 0.852228
10009.699903000 4.852097 -0.408045 0.938193 -0.026481 -0.463127 -0.233551 0.854556
10009.733236000 4.831823 -0.423256 0.972390 -0.024193 -0.460043 -0.236021 0.855610
10009.766569000 4.809327 -0.459502 1.023725 -0.025336 -0.460376 -0.244317 0.853065
10009.799902000 4.788861 -0.499127 1.074672 -0.020701 -0.456887 -0.236645 0.857219
10009.833235000 4.774808 -0.527453 1.118628 -0.021696 -0.455183 -0.227867 0.860474
10009.866568000 4.761246 -0.549649 1.157844 -0.022932 -0.458727 -0.220272 0.860537
10009.899901000 4.752905 -0.557815 1.186735 -0.022167 -0.460489 -0.217854 0.860232
10009.933234000 4.736518 -0.574904 1.228508 -0.026083 -0.463365 -0.222537 0.857374
10009.966567000 4.723652 -0.588099 1.266207 -0.028605 -0.471876 -0.227534 0.851318
10009.999900000 4.703750 -0.630176 1.323619 -0.028690 -0.478162 -0.234958 0.845774
10010.033233000 4.693065 -0.642027 1.352174 -0.023058 -0.482182 -0.234698 0.843733
10010.066566000 4.677725 -0.663934 1.390448 -0.025685 -0.485281 -0.235425 0.841676
10010.099899000 4.661481 -0.690399 1.434757 -0.022140 -0.498869 -0.239229 0.832712
10010.133232000 4.651049 -0.701018 1.467811 -0.017226 -0.512959 -0.240048 0.823986
10010.166565000 4.624684 -0.725833 1.508150 -0.028863 -0.518546 -0.239521 0.820309
10010.199898000 4.600070 -0.740552 1.535067 -0.035265 -0.524196 -0.235918 0.817507
10010.233231000 4.562102 -0.754424 1.577577 -0.036041 -0.530126 -0.233993 0.814196
10010.266564000 4.529409 -0.760718 1.600677 -0.033744 -0.528329 -0.233996 0.815460
10010.299897000 4.495331 -0.766364 1.624853 -0.027072 -0.526258 -0.238090 0.815863
10010.333230000 4.442004 -0.786384 1.666129 -0.019915 -0.524837 -0.248463 0.813889
10010.366563000 4.342037 -0.796777 1.692509 -0.009972 -0.508719 -0.260945 0.820374
10010.399896000 4.296896 -0.814943 1.716001 -0.005561 -0.516867 -0.262668 0.814753
10010.433229000 4.263585 -0.814455 1.728749 -0.011191 -0.516197 -0.262958 0.815027
10010.466562000 4.217859 -0.831203 1.749658 -0.022645 -0.512383 -0.265149 0.816485
10010.499895000 4.171063 -0.854862 1.783777 -0.027668 -0.512230 -0.265374 0.816353
10010.533228000 4.139612 -0.857272 1.804022 -0.027027 -0.514378 -0.268176 0.814105
10010.566561000 4.100801 -0.858909 1.821622 -0.025856 -0.516154 -0.273348 0.811294
10010.599894000 4.053443 -0.876114 1.849057 -0.023927 -0.518654 -0.275693 0.808962
10010.633227000 4.013503 -0.893628 1.877223 -0.018758 -0.520597 -0.271855 0.809148
10010.666560000 3.963239 -0.911426 1.905715 -0.015790 -0.524040 -0.266642 0.808724
10010.699893000 3.918942 -0.930314 1.916146 -0.022715 -0.526797 -0.263241 0.807882
10010.733226000 3.873511 -0.950149 1.936924 -0.020192 -0.535280 -0.261636 0.802878
10010.766559000 3.852157 -0.941390 1.948488 -0.018258 -0.542101 -0.264285 0.797462
10010.799892000 3.811996 -0.945127 1.956741 -0.030888 -0.545538 -0.271651 0.792237
10010.833225000 3.762301 -0.959695 1.973389 -0.038401 -0.549748 -0.275219 0.787755
10010.866558000 3.732748 -0.966814 1.997932 -0.039914 -0.551274 -0.275787 0.786413
10010.899891000 3.696400 -0.969907 2.011858 -0.040616 -0.546779 -0.274985 0.789789
10010.933224000 3.655506 -0.977452 2.030174 -0.039652 -0.542842 -0.273189 0.793170
10010.966557000 3.620356 -0.974310 2.036538 -0.036512 -0.538328 -0.270134 0.797432
10010.999890000 3.562514 -0.971493 2.032495 -0.038631 -0.533004 -0.269142 0.801235
10011.033223000 3.509363 -0.981079 2.036686 -0.040449 -0.538458 -0.272526 0.796340
10011.066556000 3.479133 -0.984843 2.051583 -0.039405 -0.546894 -0.281617 0.787430
10011.099889000 3.431612 -0.995726 2.051389 -0.036036 -0.542598 -0.288327 0.788135
10011.133222000 3.415599 -0.982358 2.063672 -0.033714 -0.539253 -0.285011 0.791731
10011.166555000 3.359781 -0.990419 2.062976 -0.046886 -0.532811 -0.286475 0.794888
10011.199888000 3.321233 -0.997967 2.074591 -0.052563 -0.534851 -0.283079 0.794379
10011.233221000 3.292602 -1.000903 2.088511 -0.054289 -0.534892 -0.283176 0.794201
10011.266554000 3.255461 -1.000475 2.094722 -0.053606 -0.533200 -0.285752 0.794462
10011.299887000 3.221732 -0.999688 2.103896 -0.052550 -0.533989 -0.287690 0.793302
10011.333220000 3.186845 -1.001809 2.108466 -0.053982 -0.533549 -0.287569 0.793546
10011.366553000 3.155351 -1.014190 2.126616 -0.057786 -0.533060 -0.283884 0.794933
10011.399886000 3.121817 -1.030330 2.142889 -0.062170 -0.531153 -0.279841 0.797308
10011.433219000 3.091111 -1.044893 2.160858 -0.060709 -0.534174 -0.279442 0.795540
10011.466552000 3.071274 -1.041945 2.165733 -0.055010 -0.535951 -0.278589 0.795059
10011.499885000 3.035545 -1.038554 2.158130 -0.057791 -0.528724 -0.281207 0.798770
10011.533218000 3.005305 -1.044878 2.160185 -0.060855 -0.524333 -0.282071 0.801129
10011.566551000 2.985980 -1.041895 2.158159 -0.058163 -0.524448 -0.280458 0.801820
10011.599884000 2.964692 -1.040068 2.154422 -0.056999 -0.524780 -0.280822 0.801558
10011.633217000 2.940300 -1.039358 2.137868 -0.058439 -0.525537 -0.278235 0.801861
10011.666550000 2.919837 -1.040758 2.122532 -0.053465 -0.531488 -0.275129 0.799354
10011.699883000 2.899783 -1.030668 2.099729 -0.045952 -0.538399 -0.271757 0.796343
10011.733216000 2.875062 -1.013643 2.060603 -0.042431 -0.542285 -0.271084 0.794129
10011.766549000 2.844396 -1.001404 2.021584 -0.042731 -0.550674 -0.271080 0.788319
10011.799882000 2.824960 -0.975809 1.985225 -0.038742 -0.563165 -0.274317 0.778521
10011.833215000 2.798919 -0.957844 1.962729 -0.037585 -0.573121 -0.283755 0.767856
10011.866548000 2.776765 -0.933072 1.939632 -0.035254 -0.581612 -0.291877 0.758481
10011.899881000 2.752853 -0.912461 1.912834 -0.037112 -0.585874 -0.300516 0.751708
10011.933214000 2.728396 -0.900702 1.898106 -0.041281 -0.588563 -0.312017 0.744671
10011.966547000 2.704093 -0.883333 1.881377 -0.039442 -0.591472 -0.318717 0.739611
10011.999880000 2.673506 -0.876168 1.868355 -0.041442 -0.592026 -0.324838 0.736389
10012.033213000 2.646307 -0.864929 1.865000 -0.042037 -0.591424 -0.330534 0.734300
10012.066546000 2.616512 -0.857250 1.856875 -0.043430 -0.591856 -0.333980 0.732310
10012.099879000 2.580780 -0.845294 1.848123 -0.045263 -0.593681 -0.333235 0.731060
10012.133212000 2.543497 -0.839306 1.840975 -0.047651 -0.594810 -0.330576 0.731197
10012.166545000 2.497179 -0.833750 1.828080 -0.050261 -0.594062 -0.324650 0.734280
10012.199878000 2.452769 -0.840655 1.816844 -0.058056 -0.591039 -0.316763 0.739570
10012.233211000 2.397477 -0.850794 1.785238 -0.063868 -0.590009 -0.312871 0.741567
10012.266544000 2.373655 -0.838357 1.784176 -0.052511 -0.599388 -0.309934 0.736150
10012.299877000 2.347023 -0.827487 1.776220 -0.050408 -0.598809 -0.320364 0.732293
10012.333210000 2.304405 -0.814643 1.753267 -0.054831 -0.593882 -0.325395 0.733768
10012.366543000 2.275921 -0.801883 1.743353 -0.052909 -0.592201 -0.327414 0.734369
10012.399876000 2.245612 -0.788175 1.724691 -0.051255 -0.587865 -0.328534 0.737464
10012.433209000 2.208681 -0.773699 1.700310 -0.048999 -0.581383 -0.323571 0.744912
10012.466542000 2.175865 -0.757418 1.676603 -0.043535 -0.573981 -0.317195 0.753683
10012.499875000 2.137398 -0.734834 1.648686 -0.040883 -0.564429 -0.309448 0.764192
10012.533208000 2.097765 -0.723892 1.618308 -0.046179 -0.549998 -0.297582 0.778983
10012.566541000 2.056253 -0.718484 1.580075 -0.050480 -0.546065 -0.284989 0.786159
10012.599874000 2.023472 -0.709344 1.552299 -0.053401 -0.540693 -0.277244 0.792424
10012.633207000 1.983488 -0.693343 1.523092 -0.053544 -0.529589 -0.273899 0.801029
10012.666540000 1.937925 -0.678418 1.493850 -0.057018 -0.513386 -0.274034 0.811227
10012.699873000 1.900676 -0.666342 1.478775 -0.067307 -0.500369 -0.275832 0.817934
10012.733206000 1.857684 -0.656358 1.461072 -0.073383 -0.493659 -0.275129 0.821717
10012.766539000 1.817366 -0.639158 1.445773 -0.074879 -0.488153 -0.277116 0.824200
10012.799872000 1.761161 -0.613943 1.426038 -0.076903 -0.487201 -0.279195 0.823876
10012.833205000 1.685466 -0.604171 1.418540 -0.097116 -0.485756 -0.289407 0.819056
10012.866538000 1.667147 -0.600156 1.423129 -0.100454 -0.481136 -0.292290 0.820356
10012.899871000 1.650151 -0.594297 1.427514 -0.102236 -0.476741 -0.294274 0.821991
10012.933204000 1.635407 -0.586935 1.432229 -0.103326 -0.473162 -0.295426 0.823508
10012.966537000 1.620784 -0.578246 1.435890 -0.103077 -0.470183 -0.295886 0.825078
10012.999870000 1.607428 -0.569094 1.439283 -0.101888 -0.467633 -0.295777 0.826713
10013.033203000 1.595382 -0.558135 1.441693 -0.099473 -0.465527 -0.294949 0.828489
10013.066536000 1.582375 -0.545570 1.443809 -0.096296 -0.463249 -0.293940 0.830498
10013.099869000 1.571813 -0.533460 1.446156 -0.092806 -0.462171 -0.292341 0.832059
10013.133202000 1.562801 -0.521166 1.448524 -0.088089 -0.461611 -0.290363 0.833573
10013.166535000 1.545276 -0.496520 1.450036 -0.077795 -0.461353 -0.285537 0.836403
10013.199868000 1.538316 -0.484245 1.450206 -0.072274 -0.461962 -0.282677 0.837533
10013.233201000 1.530708 -0.470590 1.450852 -0.065959 -0.462832 -0.279707 0.838570
10013.266534000 1.524534 -0.458850 1.449505 -0.060670 -0.463511 -0.276942 0.839512
10013.299867000 1.518486 -0.446058 1.448742 -0.054902 -0.465426 -0.273701 0.839912
10013.333200000 1.512151 -0.434397 1.449503 -0.050464 -0.467319 -0.271178 0.839958
10013.366533000 1.506818 -0.424005 1.446722 -0.046546 -0.468957 -0.268877 0.840011
10013.399866000 1.500802 -0.413053 1.443577 -0.042690 -0.470400 -0.266603 0.840134
10013.433199000 1.495967 -0.402948 1.442869 -0.040259 -0.473285 -0.264499 0.839298
10013.466532000 1.490291 -0.394926 1.439759 -0.039490 -0.475267 -0.263328 0.838582
10013.499865000 1.478950 -0.381114 1.431082 -0.042425 -0.478894 -0.263501 0.836318
10013.533198000 1.473824 -0.377760 1.426748 -0.045763 -0.481456 -0.264245 0.834434
10013.566531000 1.466872 -0.372590 1.423662 -0.049638 -0.483836 -0.265405 0.832466
10013.599864000 1.460410 -0.368559 1.417071 -0.053938 -0.485890 -0.267255 0.830408
10013.633197000 1.455447 -0.366366 1.412999 -0.059795 -0.488775 -0.269020 0.827739
10013.666530000 1.449460 -0.363316 1.408265 -0.065051 -0.491938 -0.270793 0.824886
10013.699863000 1.443204 -0.361730 1.401707 -0.070610 -0.495088 -0.272599 0.821944
10013.733196000 1.436662 -0.360022 1.396577 -0.075957 -0.499085 -0.274351 0.818460
10013.766529000 1.430559 -0.358071 1.390573 -0.080517 -0.503379 -0.275705 0.814931
10013.799862000 1.424532 -0.355912 1.384694 -0.085032 -0.507832 -0.276403 0.811466
10013.833195000 1.410908 -0.351935 1.372447 -0.090653 -0.519632 -0.277188 0.803076
10013.866528000 1.405285 -0.349558 1.368034 -0.092869 -0.526484 -0.276536 0.798572
10013.899861000 1.398909 -0.347177 1.362380 -0.094042 -0.533517 -0.275478 0.794121
10013.933194000 1.393347 -0.344269 1.357977 -0.094387 -0.540362 -0.274252 0.789864
10013.966527000 1.386781 -0.340338 1.352618 -0.094517 -0.546441 -0.272804 0.786159
10013.999860000 1.380386 -0.337932 1.348285 -0.094414 -0.552208 -0.271362 0.782633
10014.033193000 1.373868 -0.334453 1.342537 -0.093886 -0.556251 -0.269742 0.780390
10014.066526000 1.367783 -0.331448 1.336853 -0.093608 -0.559434 -0.268295 0.778645
10014.099859000 1.360790 -0.328709 1.330234 -0.093487 -0.560682 -0.267690 0.777970
10014.133192000 1.355118 -0.326007 1.324364 -0.093669 -0.560268 -0.266995 0.778485
10014.166525000 1.343743 -0.321592 1.311357 -0.094001 -0.553174 -0.266936 0.783523
10014.199858000 1.337816 -0.320610 1.304553 -0.094885 -0.545815 -0.268324 0.788089
10014.233191000 1.332547 -0.319594 1.297533 -0.095275 -0.536374 -0.269940 0.793951
10014.266524000 1.326406 -0.318557 1.291227 -0.095464 -0.525233 -0.272524 0.800467
10014.299857000 1.321491 -0.316244 1.284747 -0.095072 -0.512580 -0.275099 0.807802
10014.333190000 1.315177 -0.315805 1.277691 -0.094150 -0.497666 -0.279030 0.815847
10014.366523000 1.308852 -0.312429 1.271210 -0.092848 -0.481656 -0.282853 0.824246
10014.399856000 1.302708 -0.308700 1.266823 -0.090024 -0.465435 -0.286227 0.832670
10014.433189000 1.296091 -0.306016 1.261895 -0.087884 -0.447901 -0.290092 0.841135
10014.466522000 1.290235 -0.299389 1.258076 -0.082783 -0.430798 -0.292464 0.849720
10014.499855000 1.272477 -0.284102 1.245794 -0.072679 -0.394740 -0.295673 0.866877
10014.533188000 1.269516 -0.275690 1.255897 -0.066496 -0.381380 -0.293975 0.873903
10014.566521000 1.263486 -0.264621 1.255104 -0.059537 -0.366041 -0.291246 0.881842
10014.599854000 1.255970 -0.251950 1.257603 -0.052972 -0.351658 -0.286646 0.889587
10014.633187000 1.250565 -0.240197 1.261498 -0.047339 -0.337294 -0.279507 0.897701
10014.666520000 1.243931 -0.227641 1.260952 -0.041891 -0.322113 -0.271173 0.906065
10014.699853000 1.237454 -0.214218 1.259350 -0.037611 -0.306096 -0.259667 0.915130
10014.733186000 1.231112 -0.202828 1.258232 -0.035116 -0.290765 -0.246820 0.923744
10014.766519000 1.226712 -0.190041 1.256828 -0.032667 -0.274671 -0.231671 0.932640
10014.799852000 1.222559 -0.179095 1.252878 -0.032578 -0.257462 -0.215153 0.941468
10014.833185000 1.216071 -0.161881 1.238480 -0.036571 -0.217642 -0.179346 0.958712
10014.866518000 1.213722 -0.152366 1.229970 -0.039043 -0.195381 -0.162214 0.966431
10014.899851000 1.213371 -0.142897 1.222766 -0.042111 -0.171938 -0.144933 0.973478
10014.933184000 1.215033 -0.138807 1.212386 -0.046761 -0.148596 -0.129325 0.979289
10014.966517000 1.215295 -0.131998 1.198772 -0.049223 -0.123352 -0.115205 0.984423
10014.999850000 1.216272 -0.126657 1.185636 -0.052439 -0.098363 -0.102315 0.988487
10015.033183000 1.217031 -0.121343 1.172125 -0.055090 -0.073166 -0.090385 0.991687
10015.066516000 1.217285 -0.118077 1.158340 -0.056968 -0.049676 -0.081564 0.993798
10015.099849000 1.218320 -0.115463 1.145497 -0.058720 -0.027402 -0.073372 0.995197
10015.133182000 1.219267 -0.111596 1.132049 -0.059120 -0.007321 -0.067115 0.995965
10015.166515000 1.223151 -0.100270 1.107060 -0.055219 0.022781 -0.057950 0.996531
10015.199848000 1.225884 -0.096837 1.095969 -0.053451 0.033578 -0.054005 0.996543
10015.233181000 1.229012 -0.092021 1.085856 -0.050306 0.041432 -0.051370 0.996551
10015.266514000 1.231578 -0.087279 1.076323 -0.046800 0.047660 -0.048218 0.996601
10015.299847000 1.234456 -0.082733 1.067485 -0.043238 0.052981 -0.044630 0.996660
10015.333180000 1.237281 -0.079525 1.060116 -0.040458 0.056450 -0.042247 0.996690
10015.366513000 1.240723 -0.075566 1.052194 -0.036329 0.059392 -0.039192 0.996803
10015.399846000 1.243855 -0.070200 1.044662 -0.032659 0.062278 -0.036113 0.996870
10015.433179000 1.247720 -0.067025 1.037641 -0.029722 0.065173 -0.032596 0.996898
10015.466512000 1.251409 -0.062553 1.032054 -0.026405 0.068220 -0.028938 0.996901
10015.499845000 1.262876 -0.054600 1.019130 -0.021548 0.076116 -0.022404 0.996614
10015.533178000 1.268324 -0.052108 1.013352 -0.020208 0.081678 -0.018426 0.996284
10015.566511000 1.273128 -0.048568 1.008076 -0.018866 0.087791 -0.015314 0.995842
10015.599844000 1.278061 -0.045870 1.001814 -0.017829 0.095206 -0.011014 0.995237
10015.633177000 1.282396 -0.042066 0.995589 -0.016809 0.103246 -0.006434 0.994493
10015.666510000 1.286018 -0.038490 0.988230 -0.015703 0.111830 -0.002543 0.993600
10015.699843000 1.287682 -0.034004 0.980934 -0.014300 0.121652 0.002676 0.992466
10015.733176000 1.289622 -0.028605 0.972037 -0.012886 0.132100 0.007771 0.991122
10015.766509000 1.289266 -0.024283 0.961358 -0.011341 0.142586 0.012697 0.989636
10015.799842000 1.287904 -0.018636 0.949541 -0.009479 0.154273 0.019273 0.987795
10015.833175000 1.281495 -0.006578 0.920975 -0.004980 0.177864 0.031044 0.983553
10015.866508000 1.277225 0.001586 0.903131 -0.001878 0.189468 0.037623 0.981164
10015.899841000 1.269892 0.010469 0.887110 0.002051 0.202044 0.044085 0.978382
10015.933174000 1.259512 0.018837 0.869073 0.005246 0.214790 0.050518 0.975339
10015.966507000 1.253237 0.024646 0.846762 0.007485 0.226695 0.057524 0.972237
10015.999840000 1.244917 0.033934 0.827653 0.010831 0.238076 0.063189 0.969128
10016.033173000 1.236274 0.042851 0.808339 0.013172 0.249441 0.068950 0.965842
10016.066506000 1.234328 0.051264 0.787481 0.015024 0.259546 0.075032 0.962694
10016.099839000 1.232754 0.059969 0.766914 0.016420 0.268262 0.080896 0.959803
10016.133172000 1.229951 0.068438 0.751274 0.016841 0.277272 0.085854 0.956800
10016.166505000 1.234836 0.085424 0.720871 0.015377 0.290870 0.094220 0.951988
10016.199838000 1.241736 0.092974 0.708663 0.013243 0.296554 0.098234 0.949858
10016.233171000 1.250237 0.099185 0.696390 0.010145 0.301279 0.102212 0.947988
10016.266504000 1.262495 0.105431 0.685232 0.006922 0.304943 0.105657 0.946466
10016.299837000 1.275913 0.111275 0.673743 0.003461 0.307969 0.108804 0.945148
10016.333170000 1.291476 0.117215 0.663914 -0.000248 0.310641 0.111944 0.943912
10016.366503000 1.306862 0.121776 0.654007 -0.004195 0.313304 0.115175 0.942633
10016.399836000 1.323643 0.126440 0.645004 -0.007934 0.315620 0.118022 0.941484
10016.433169000 1.340815 0.131148 0.635430 -0.011038 0.318184 0.120903 0.940223
10016.466502000 1.356804 0.135240 0.626320 -0.013874 0.320771 0.123706 0.938941
10016.499835000 1.388751 0.141539 0.605510 -0.018537 0.326144 0.129291 0.936253
10016.533168000 1.403456 0.145150 0.595220 -0.020183 0.329376 0.132130 0.934690
10016.566501000 1.416414 0.148413 0.584003 -0.021089 0.332999 0.134850 0.932997
10016.599834000 1.430059 0.151879 0.572821 -0.021955 0.336444 0.137520 0.931350
10016.633167000 1.443047 0.156033 0.561087 -0.022049 0.340069 0.139961 0.929665
10016.666500000 1.455430 0.160489 0.550273 -0.021949 0.343968 0.142373 0.927865
10016.699833000 1.467101 0.165751 0.539100 -0.021207 0.347782 0.144555 0.926122
10016.733166000 1.479254 0.171469 0.527461 -0.020719 0.351232 0.146605 0.924507
10016.766499000 1.491274 0.179099 0.515578 -0.019242 0.354626 0.148101 0.923004
10016.799832000 1.503703 0.188256 0.505624 -0.017535 0.357966 0.149463 0.921528
10016.833165000 1.530156 0.212427 0.485152 -0.013063 0.362925 0.150473 0.919496
10016.866498000 1.542404 0.224435 0.475249 -0.011043 0.365511 0.150996 0.918412
10016.899831000 1.556973 0.239105 0.465531 -0.008536 0.367107 0.150813 0.917832
10016.933164000 1.569789 0.255794 0.456933 -0.005606 0.369608 0.150876 0.916840
10016.966497000 1.583404 0.271008 0.448478 -0.002904 0.372004 0.151002 0.915862
10016.999830000 1.597015 0.286520 0.441655 -0.000464 0.375093 0.151683 0.914493
10017.033163000 1.610601 0.300937 0.434331 0.001795 0.378120 0.152471 0.913112
10017.066496000 1.623240 0.315551 0.429487 0.004409 0.383058 0.154202 0.910752
10017.099829000 1.635969 0.328452 0.423620 0.006588 0.388229 0.156251 0.908196
10017.133162000 1.646768 0.338621 0.420145 0.008104 0.394858 0.159465 0.904761
10017.166495000 1.669264 0.353954 0.414424 0.011133 0.411983 0.168610 0.895387
10017.199828000 1.678898 0.357919 0.413696 0.012072 0.422519 0.174872 0.889242
10017.233161000 1.687501 0.358844 0.413569 0.012675 0.434307 0.182046 0.882086
10017.266494000 1.694900 0.358749 0.416421 0.013668 0.446748 0.189123 0.874335
10017.299827000 1.701792 0.357101 0.420595 0.014678 0.460146 0.197330 0.865512
10017.333160000 1.708778 0.353487 0.425436 0.015727 0.473026 0.205133 0.856691
10017.366493000 1.715554 0.348403 0.432785 0.016401 0.485886 0.213383 0.847416
10017.399826000 1.719928 0.341756 0.441612 0.017501 0.498654 0.221360 0.837877
10017.433159000 1.723787 0.334591 0.452973 0.018717 0.511068 0.229083 0.828239
10017.466492000 1.726221 0.326218 0.465969 0.019836 0.522902 0.236349 0.818730
10017.499825000 1.726841 0.305595 0.500666 0.021629 0.544425 0.249560 0.800533
10017.533158000 1.724529 0.294915 0.521864 0.022942 0.554216 0.255212 0.791951
10017.566491000 1.723561 0.283582 0.543223 0.023522 0.562679 0.260967 0.784050
10017.599824000 1.721649 0.272276 0.567396 0.024270 0.570722 0.266015 0.776482
10017.633157000 1.719045 0.260377 0.591636 0.024873 0.578264 0.271157 0.769068
10017.666490000 1.716828 0.248852 0.616664 0.025388 0.585598 0.276053 0.761725
10017.699823000 1.715475 0.237212 0.641399 0.025590 0.592084 0.280500 0.755051
10017.733156000 1.713851 0.226353 0.666072 0.025954 0.598673 0.285109 0.748084
10017.766489000 1.715182 0.215354 0.690062 0.025791 0.604521 0.289869 0.741528
10017.799822000 1.717241 0.204585 0.712225 0.025127 0.610125 0.294743 0.735012
10017.833155000 1.725468 0.185198 0.751312 0.023529 0.621005 0.304853 0.721709
10017.866488000 1.732550 0.177383 0.768235 0.023002 0.626425 0.309967 0.714831
10017.899821000 1.740512 0.169790 0.783623 0.021816 0.631635 0.315557 0.707803
10017.933154000 1.751307 0.161935 0.797487 0.020494 0.637079 0.321608 0.700200
10017.966487000 1.763451 0.156494 0.809217 0.018996 0.641699 0.327366 0.693321
10017.999820000 1.776493 0.149936 0.819879 0.017378 0.646813 0.333830 0.685484
10018.033153000 1.790157 0.145040 0.830450 0.016050 0.651941 0.339999 0.677581
10018.066486000 1.805468 0.141117 0.838476 0.014486 0.656704 0.346382 0.669738
10018.099819000 1.821213 0.138161 0.847390 0.013609 0.662008 0.352509 0.661285
10018.133152000 1.838661 0.134612 0.854930 0.012013 0.667108 0.359658 0.652280
10018.166485000 1.874761 0.130612 0.870053 0.009568 0.677611 0.373463 0.633464
10018.199818000 1.893532 0.128652 0.878443 0.008899 0.683919 0.380918 0.622156
10018.233151000 1.913215 0.128211 0.884779 0.007728 0.689311 0.388675 0.611328
10018.266484000 1.931957 0.127236 0.892330 0.007144 0.695461 0.396252 0.599389
10018.299817000 1.951570 0.126283 0.898540 0.006277 0.701285 0.404641 0.586878
10018.333150000 1.971102 0.123925 0.905803 0.005444 0.707464 0.413842 0.572887
10018.366483000 1.990590 0.121313 0.911613 0.004357 0.713613 0.423887 0.557725
10018.399816000 2.009440 0.117466 0.917468 0.003054 0.719302 0.434630 0.541934
10018.433149000 2.028978 0.113022 0.922347 0.001946 0.725246 0.446156 0.524365
10018.466482000 2.047018 0.106986 0.927904 0.000943 0.730916 0.458340 0.505655
10018.499815000 2.083026 0.090596 0.937065 -0.000594 0.741570 0.485031 0.463485
10018.533148000 2.100282 0.079870 0.941190 -0.001179 0.745945 0.499527 0.440497
10018.566481000 2.116984 0.068615 0.944070 -0.001023 0.749962 0.513972 0.416399
10018.599814000 2.134265 0.056074 0.947225 -0.000428 0.753518 0.528959 0.390401
10018.633147000 2.152345 0.043699 0.949822 0.001097 0.756997 0.543514 0.362695
10018.666480000 2.169405 0.030393 0.952376 0.003589 0.760047 0.557777 0.333467
10018.699813000 2.188041 0.017639 0.953660 0.006955 0.762746 0.571492 0.302600
10018.733146000 2.207617 0.005938 0.955031 0.011450 0.765602 0.584106 0.269335
10018.766479000 2.228615 -0.004932 0.957174 0.017255 0.768824 0.595223 0.233070
10018.799812000 2.250009 -0.015562 0.958490 0.023793 0.771686 0.604571 0.196033
10018.833145000 2.297922 -0.029406 0.960825 0.040004 0.777909 0.616694 0.113784
10018.866478000 2.324191 -0.034449 0.961758 0.048131 0.780912 0.618674 0.071433
10018.899811000 2.352003 -0.037380 0.962725 0.056069 0.784030 0.617517 0.028757
10018.933144000 2.380018 -0.038780 0.962767 0.062883 0.786978 0.613661 -0.011478
10018.966477000 2.408547 -0.040695 0.964509 0.068844 0.789847 0.607438 -0.049200
10018.999810000 2.436664 -0.040304 0.965914 0.073023 0.792726 0.599540 -0.082488
10019.033143000 2.464854 -0.039049 0.967621 0.075883 0.795671 0.590319 -0.112572
10019.066476000 2.491651 -0.037538 0.969133 0.077439 0.798434 0.581084 -0.137285
10019.099809000 2.517097 -0.036132 0.971279 0.077995 0.801171 0.572242 -0.156786
10019.133142000 2.540574 -0.034304 0.974594 0.077972 0.804012 0.563861 -0.171892
10019.166475000 2.581162 -0.030530 0.982854 0.076400 0.809918 0.550461 -0.187587
10019.199808000 2.599375 -0.030181 0.987053 0.075586 0.812485 0.545727 -0.190622
10019.233141000 2.613727 -0.029578 0.992153 0.074611 0.815444 0.541991 -0.189024
10019.266474000 2.627095 -0.028657 0.995500 0.073772 0.818173 0.539012 -0.186058
10019.299807000 2.639533 -0.028356 0.999451 0.072919 0.820868 0.536355 -0.182161
10019.333140000 2.650605 -0.029061 1.001113 0.072256 0.823080 0.534793 -0.176959
10019.366473000 2.661219 -0.029546 1.002104 0.071574 0.825202 0.533397 -0.171485
10019.399806000 2.671735 -0.030285 1.001414 0.070970 0.827298 0.531947 -0.166054
10019.433139000 2.681642 -0.031110 0.998354 0.070498 0.828884 0.531002 -0.161300
10019.466472000 2.691690 -0.032382 0.991840 0.070151 0.830061 0.530173 -0.158094
10019.499805000 2.714892 -0.036880 0.971734 0.069710 0.831559 0.528235 -0.156899
10019.533138000 2.726632 -0.038728 0.957144 0.069579 0.831988 0.526934 -0.159046
10019.566471000 2.740703 -0.040524 0.940332 0.069541 0.831951 0.525580 -0.163668
10019.599804000 2.754640 -0.042658 0.921883 0.069586 0.831738 0.524216 -0.169019
10019.633137000 2.770142 -0.044964 0.901716 0.069665 0.831174 0.522695 -0.176316
10019.666470000 2.786902 -0.047351 0.881604 0.069695 0.830627 0.520873 -0.184102
10019.699803000 2.804629 -0.048597 0.861369 0.069520 0.830346 0.518403 -0.192226
10019.733136000 2.823065 -0.049445 0.840376 0.069319 0.829940 0.515860 -0.200704
10019.766469000 2.842546 -0.050065 0.821543 0.069034 0.829812 0.512846 -0.208889
10019.799802000 2.863033 -0.050198 0.803482 0.068585 0.829830 0.509868 -0.216131
10019.833135000 2.907676 -0.048481 0.775199 0.067197 0.831473 0.502614 -0.226974
10019.866468000 2.931554 -0.047342 0.763290 0.066385 0.832444 0.499712 -0.230038
10019.899801000 2.955263 -0.043868 0.754216 0.065413 0.834261 0.495937 -0.231897
10019.933134000 2.978747 -0.041866 0.747630 0.064540 0.836218 0.492919 -0.231525
10019.966467000 3.001534 -0.039142 0.742109 0.063678 0.838537 0.489890 -0.229802
10019.999800000 3.023591 -0.035822 0.737597 0.063011 0.840608 0.487700 -0.227058
10020.033133000 3.043460 -0.032501 0.735403 0.062397 0.843035 0.485561 -0.222779
10020.066466000 3.061831 -0.029244 0.733153 0.061981 0.845184 0.484253 -0.217535
10020.099799000 3.076586 -0.026766 0.732768 0.061778 0.847533 0.483503 -0.209989
10020.133132000 3.089223 -0.024502 0.733028 0.061633 0.849775 0.482905 -0.202203
10020.166465000 3.103196 -0.021489 0.733518 0.061848 0.853381 0.484457 -0.182256
10020.199798000 3.105808 -0.020770 0.734077 0.062095 0.855063 0.485472 -0.171254
10020.233131000 3.105779 -0.021393 0.735294 0.062374 0.856087 0.487313 -0.160471
10020.266464000 3.103740 -0.021634 0.735812 0.062558 0.857062 0.489050 -0.149537
10020.299797000 3.100222 -0.021870 0.736319 0.062750 0.857808 0.490830 -0.138974
10020.333130000 3.096681 -0.022122 0.736882 0.063004 0.857991 0.492895 -0.130140
10020.366463000 3.093519 -0.022161 0.737219 0.062928 0.858173 0.494515 -0.122612
10020.399796000 3.092196 -0.022978 0.736719 0.063084 0.857749 0.496458 -0.117541
10020.433129000 3.091484 -0.023493 0.735712 0.063336 0.856994 0.498433 -0.114519
10020.466462000 3.093568 -0.023256 0.735217 0.063528 0.856247 0.499852 -0.113807
10020.499795000 3.107938 -0.021878 0.730196 0.064123 0.853079 0.502895 -0.123454
10020.533128000 3.120005 -0.020066 0.726213 0.064525 0.851076 0.503796 -0.133027
10020.566461000 3.134975 -0.018128 0.722322 0.064985 0.848518 0.504519 -0.145790
10020.599794000 3.152854 -0.015581 0.717268 0.065424 0.845611 0.504786 -0.160788
10020.633127000 3.173487 -0.013279 0.712453 0.065846 0.842390 0.504270 -0.178200
10020.666460000 3.194799 -0.010430 0.706857 0.066160 0.838957 0.503146 -0.196515
10020.699793000 3.217590 -0.007779 0.701369 0.066308 0.835363 0.501148 -0.215923
10020.733126000 3.241139 -0.004762 0.695294 0.066357 0.831328 0.498886 -0.235804
10020.766459000 3.265477 -0.001452 0.688558 0.066148 0.827264 0.495881 -0.255660
10020.799792000 3.289816 0.001267 0.683064 0.065625 0.823504 0.492257 -0.274259
10020.833125000 3.335386 0.008089 0.671413 0.064248 0.816553 0.484726 -0.306844
10020.866458000 3.357478 0.010520 0.666571 0.063337 0.813851 0.481024 -0.319767
10020.899791000 3.377494 0.013216 0.660959 0.062589 0.811131 0.477975 -0.331194
10020.933124000 3.398244 0.015529 0.655964 0.061587 0.809032 0.474573 -0.341256
10020.966457000 3.417457 0.018050 0.651091 0.060750 0.807394 0.471773 -0.349078
10020.999790000 3.436769 0.020543 0.646033 0.059916 0.805698 0.469282 -0.356420
10021.033123000 3.454548 0.023006 0.641000 0.059171 0.804746 0.467029 -0.361617
10021.066456000 3.473112 0.025141 0.636733 0.058273 0.804036 0.464665 -0.366357
10021.099789000 3.490972 0.027573 0.631697 0.057628 0.803471 0.462937 -0.369869
10021.133122000 3.508822 0.030035 0.626692 0.057008 0.803184 0.461345 -0.372568
10021.166455000 3.544573 0.033408 0.617472 0.055799 0.803512 0.458439 -0.375618
10021.199788000 3.562334 0.035875 0.612507 0.055249 0.803770 0.457194 -0.376663
10021.233121000 3.580926 0.037859 0.608078 0.054606 0.804478 0.455726 -0.377025
10021.266454000 3.598829 0.040282 0.603047 0.054149 0.805237 0.454767 -0.376628
10021.299787000 3.617278 0.042406 0.598659 0.053541 0.806219 0.453455 -0.376195
10021.333120000 3.636542 0.044846 0.593613 0.052921 0.807177 0.452142 -0.375808
10021.366453000 3.655690 0.047369 0.588743 0.052328 0.808297 0.450871 -0.375011
10021.399786000 3.675537 0.050136 0.583229 0.051749 0.809262 0.449570 -0.374572
10021.433119000 3.696283 0.052429 0.578242 0.050989 0.810391 0.447914 -0.374219
